136
166    0.023539
1157    0.014986
1451    0.010035
1699    0.005006
2419    0.042160
2567    0.024422
2710    0.015613
2737    0.072391
2819    0.013370
2928    0.035542
3571    0.015540
3743    0.012610
3911    0.015540
4141    0.017911
4258    0.011700
4317    0.021875
4448    0.027190
4450    0.022875
4707    0.028289
5992    0.029633
6174    0.026262
6372    0.010035
6461    0.027190
6655    0.016314
6758    0.009194
6769    0.021671
6955    0.025846
7048    0.015762
7166    0.017297
8019    0.010152
8025    0.011549
8116    0.009144
8252    0.025846
8446    0.022875
8496    0.025457
8500    0.009271
8533    0.013954
8809    0.033809
8971    0.025457
9152    0.020407
9160    0.020407
9454    0.012221
9490    0.025846
9518    0.008971
9664    0.014124
9798    0.011817
9980    0.017699
10493    0.028923
10578    0.036948
10646    0.022086
10774    0.021096
11051    0.020742
11108    0.030437
11181    0.011662
11207    0.015120
11334    0.012745
11420    0.027715
11667    0.055429
11750    0.011292
11757    0.014124
11782    0.010457
11858    0.023015
12005    0.008479
12307    0.076471
12326    0.020407
12551    0.010978
12865    0.024113
12898    0.018966
12900    0.018019
12987    0.006051
12999    0.006940
13434    0.003828
13501    0.053559
13545    0.023015
13590    0.028289
14065    0.009962
14130    0.017911
14406    0.012791
14478    0.031366
14604    0.009020
14742    0.004303
14745    0.009668
14754    0.033660
15016    0.017395
15127    0.025846
15204    0.014010
15299    0.032962
15343    0.022533
15488    0.016232
15710    0.035608
15974    0.033809
16217    0.029633
16300    0.030437
16729    0.006871
16734    0.008457
17047    0.042160
17074    0.015762
17077    0.021096
17079    0.020742
17386    0.032464
17395    0.022533
17439    0.025092
17643    0.026051
18038    0.027190
18186    0.015838
18247    0.015613
18307    0.022769
18324    0.037984
18411    0.070385
18451    0.021096
18713    0.017596
18965    0.037984
19177    0.012097
19266    0.012221
19278    0.015127
19309    0.016566
19366    0.011719
19370    0.013421
19444    0.040180
19453    0.014181
19772    0.014358
19852    0.032464
20458    0.027190
20673    0.018593
20776    0.019502
20818    0.029633
20844    0.008802
20868    0.009296
20946    0.011365
21111    0.017596
21115    0.029673
21120    0.013524
21122    0.013844
21135    0.021875
21247    0.006112
21307    0.013735
