77
1066    0.044947
1214    0.054125
1278    0.036792
1486    0.042720
3251    0.069411
3297    0.031386
3472    0.048331
3734    0.037293
3888    0.045970
4150    0.035626
4317    0.042720
4450    0.022337
4486    0.041200
4767    0.053101
5043    0.012115
5975    0.025253
6489    0.048331
6758    0.035912
8025    0.022554
8027    0.049003
8260    0.044005
9664    0.027583
9873    0.025626
10281    0.074181
10593    0.043561
10942    0.027809
11103    0.009341
11178    0.029931
11181    0.022775
11396    0.074181
11744    0.024626
11747    0.030636
12307    0.074672
12309    0.060983
12332    0.051288
12865    0.047091
13357    0.011528
13370    0.038086
13501    0.083678
13547    0.047091
13691    0.044466
14604    0.017615
14683    0.044947
14742    0.008404
14745    0.018881
15663    0.069411
15697    0.044466
15944    0.038363
16234    0.054125
16510    0.083124
16732    0.020483
16772    0.033407
17337    0.056486
17643    0.025438
18247    0.030492
18416    0.040849
18619    0.021177
18885    0.050476
18977    0.061256
19042    0.052160
19265    0.046517
19410    0.015232
19756    0.044466
19844    0.007702
20214    0.055246
20464    0.024714
20601    0.028515
20620    0.024539
20627    0.033045
20745    0.036312
20848    0.021373
21115    0.019317
21120    0.026411
21150    0.009388
21306    0.032353
21307    0.026824
21308    0.052160
