253
523    0.008902
556    0.013455
1091    0.020069
1184    0.005935
1204    0.006945
1328    0.036134
1416    0.009210
1419    0.013757
1595    0.010609
1691    0.006383
1816    0.010123
1862    0.004087
1966    0.013757
2058    0.010034
2102    0.005019
2192    0.012491
2235    0.014919
2275    0.013757
2297    0.008623
2528    0.018067
2589    0.009949
2598    0.013455
2601    0.012294
2693    0.012933
2856    0.016905
3455    0.014095
3472    0.011771
3503    0.011935
3567    0.009436
3574    0.008136
3575    0.009866
3599    0.015441
3617    0.012294
3618    0.006945
3619    0.015598
3632    0.008227
3647    0.005658
3922    0.012491
4023    0.005004
4141    0.008519
4142    0.009412
4143    0.012294
4260    0.007257
4324    0.027899
4328    0.039463
4344    0.012491
4354    0.010830
4488    0.009785
4810    0.008419
4851    0.016905
4870    0.006195
5018    0.011616
5043    0.002951
5063    0.013455
5075    0.003489
5079    0.013117
5084    0.018687
5096    0.026271
5327    0.013455
5529    0.015441
5556    0.007533
5567    0.022557
5636    0.014919
5717    0.007799
5776    0.015441
5856    0.019297
5976    0.019732
6406    0.013757
6451    0.012294
6655    0.007759
6697    0.010034
6758    0.008746
6761    0.005493
6788    0.014095
6844    0.007799
7270    0.011935
7271    0.013182
7363    0.015441
7387    0.012491
7460    0.008731
7558    0.014095
7679    0.011935
7709    0.009146
7716    0.009707
7748    0.009343
7802    0.002658
7833    0.005142
7974    0.018067
8025    0.005493
8078    0.008066
8107    0.004586
8218    0.009743
8219    0.009630
8428    0.009630
8442    0.007607
8816    0.048533
8982    0.016081
9002    0.009276
9005    0.010609
9068    0.012109
9229    0.012491
9640    0.018067
9664    0.006718
9765    0.012933
9811    0.009707
9922    0.018067
9947    0.004678
10096    0.009630
10150    0.012491
10175    0.007799
10190    0.016905
10261    0.005019
10452    0.016905
10454    0.070296
10671    0.012109
10701    0.067177
10794    0.008227
10892    0.004484
10916    0.012933
10917    0.016905
11103    0.002275
11112    0.005565
11138    0.010405
11180    0.035969
11181    0.005547
11527    0.010718
11569    0.005696
11591    0.009785
11729    0.006585
11744    0.005998
11779    0.018067
11830    0.011935
11841    0.003309
12087    0.012933
12122    0.005034
12283    0.015795
12307    0.006062
12618    0.008419
12861    0.041272
12864    0.006241
12949    0.008787
12987    0.002878
13014    0.004410
13036    0.016905
13061    0.015441
13125    0.009210
13151    0.010830
13319    0.006533
13357    0.002808
13434    0.007283
13501    0.025475
13533    0.010123
13584    0.092767
13585    0.023232
13591    0.009630
13866    0.008321
13892    0.010405
13899    0.008048
14012    0.007880
14014    0.009866
14065    0.007107
14439    0.009658
14441    0.011935
14485    0.007392
14604    0.008580
14681    0.012704
14734    0.014477
14742    0.004094
14745    0.009197
14780    0.010214
14906    0.011616
14944    0.016273
15019    0.008468
15063    0.005734
15168    0.018067
15212    0.009949
15342    0.010718
15478    0.009785
15660    0.010505
15710    0.008468
15751    0.014095
15764    0.009343
15818    0.006106
15821    0.008677
15889    0.010505
15925    0.014919
15947    0.011616
16047    0.010947
16321    0.007392
16485    0.006508
16490    0.017574
16501    0.011787
16509    0.013831
16585    0.005829
16660    0.018067
16705    0.010508
16732    0.004989
16941    0.003748
16977    0.013182
17074    0.007497
17144    0.009043
17313    0.009083
17451    0.008321
17484    0.006686
17643    0.006195
17669    0.004759
18091    0.011329
18138    0.008321
18167    0.003086
18179    0.007160
18247    0.007426
18282    0.003109
18333    0.012704
18383    0.012483
18486    0.016905
18509    0.011771
18541    0.016905
18589    0.011469
18655    0.019224
18668    0.018042
18703    0.010405
18846    0.013757
18987    0.007497
19050    0.011935
19234    0.015441
19271    0.007426
19274    0.010718
19277    0.018042
19333    0.036134
19343    0.011329
19474    0.012704
19563    0.014477
19835    0.014477
20071    0.011935
20150    0.023870
20214    0.013455
20228    0.009556
20251    0.008227
20260    0.001705
20275    0.009830
20288    0.011935
20385    0.014095
20534    0.013381
20673    0.008844
20742    0.018420
20827    0.010307
20848    0.005206
20881    0.012933
20901    0.006218
20946    0.005406
21023    0.016081
21290    0.007290
21307    0.006533
