56
1    0.055097
431    0.065619
1288    0.096720
2173    0.034194
2867    0.046809
3468    0.176691
3593    0.033031
3743    0.034315
3881    0.049036
3944    0.036383
4240    0.023508
4245    0.039235
4501    0.043734
4729    0.037377
4743    0.055983
5426    0.067347
5567    0.032263
5719    0.032588
5750    0.071466
5770    0.069277
6319    0.054671
7224    0.078710
7356    0.076982
7750    0.061961
7892    0.044620
8078    0.023074
8170    0.045557
8269    0.051965
8270    0.056920
8534    0.036944
8630    0.019712
9518    0.024412
9999    0.058972
10261    0.028713
10333    0.049955
10714    0.039734
11415    0.047885
11889    0.049955
12300    0.029418
12522    0.037673
13862    0.094677
13910    0.031530
14742    0.011711
14809    0.071466
15672    0.061318
16205    0.238112
16213    0.071466
16585    0.006669
16734    0.023013
17531    0.032698
17826    0.096720
18549    0.064819
18799    0.064819
18972    0.058435
20714    0.037822
21264    0.047338
