313
147    0.004863
164    0.017009
298    0.009847
303    0.009584
397    0.011629
566    0.016545
680    0.016545
722    0.011945
773    0.006605
898    0.014906
917    0.011945
961    0.010670
974    0.007945
1017    0.008667
1021    0.009584
1240    0.010494
1335    0.012309
1350    0.016545
1378    0.013948
1384    0.009712
1425    0.007884
1426    0.010876
1436    0.005960
1472    0.047314
1477    0.005960
1490    0.008891
1504    0.014906
1853    0.009847
1927    0.012740
2048    0.006640
2093    0.004949
2102    0.012422
2216    0.007824
2252    0.010481
2292    0.006713
2344    0.003996
2387    0.013268
2432    0.002857
2452    0.013268
2460    0.007884
2706    0.009213
2710    0.006127
2717    0.013948
2768    0.008427
2829    0.033090
2841    0.033116
2943    0.008427
3050    0.004592
3100    0.013948
3126    0.008140
3162    0.008753
3327    0.007344
3348    0.014906
3397    0.026852
3410    0.009712
3451    0.006276
3543    0.013268
3647    0.004668
3766    0.009712
3823    0.014906
3842    0.005369
3854    0.009584
3883    0.012740
4028    0.006676
4033    0.012309
4040    0.011101
4130    0.007599
4132    0.009712
4137    0.012094
4138    0.023258
4258    0.004592
4324    0.005755
4390    0.013210
4393    0.013268
4488    0.008073
4511    0.011351
4578    0.008504
4629    0.010876
4668    0.016545
4697    0.012140
4718    0.009990
4810    0.006946
4815    0.013948
4860    0.009463
5043    0.004869
5149    0.010143
5415    0.005987
5495    0.003174
5501    0.003284
5515    0.017954
5521    0.007159
5535    0.008008
5563    0.006640
5684    0.019694
5916    0.008667
6251    0.008008
6313    0.007653
6429    0.006676
6430    0.014408
6495    0.009347
6610    0.008584
6613    0.038029
6618    0.011351
6628    0.005112
6707    0.005611
6844    0.006435
6908    0.004091
7039    0.008427
7048    0.006186
7188    0.005855
7325    0.007344
7330    0.004949
7408    0.008753
7463    0.009463
7600    0.007443
7605    0.011629
7642    0.006676
7650    0.006186
7709    0.007546
7753    0.004518
8007    0.010670
8019    0.003984
8200    0.006713
8218    0.032155
8228    0.010143
8275    0.006276
8406    0.010143
8442    0.006276
8446    0.004489
8500    0.003638
8534    0.005328
8568    0.003689
8840    0.047304
8918    0.005476
9039    0.009990
9160    0.008008
9164    0.014906
9179    0.007029
9209    0.003773
9294    0.011945
9301    0.007766
9364    0.016628
9402    0.008935
9411    0.006282
9424    0.014143
9486    0.019694
9523    0.006788
9624    0.012309
9811    0.008008
9812    0.005779
9824    0.008352
9881    0.008008
9947    0.003859
9984    0.033941
9985    0.037215
9989    0.015768
10105    0.004715
10222    0.009847
10290    0.005730
10396    0.013268
10739    0.013948
10754    0.014906
10761    0.016545
10794    0.006788
10892    0.003699
10957    0.016545
11035    0.016545
11045    0.016545
11093    0.006245
11103    0.001877
11112    0.004592
11334    0.005002
11367    0.010876
11401    0.008935
11567    0.007204
11689    0.013268
11702    0.014906
11709    0.015648
11750    0.004432
11826    0.016545
11841    0.010922
12071    0.006015
12084    0.006750
12162    0.015532
12245    0.004362
12283    0.006516
12300    0.004242
12345    0.009035
12591    0.014741
12659    0.005588
12668    0.007115
12684    0.003482
12722    0.023889
12758    0.013268
12800    0.016545
12855    0.003827
12864    0.005149
12904    0.004335
12962    0.011629
12987    0.004750
12999    0.002724
13050    0.008357
13157    0.007029
13228    0.010614
13300    0.011101
13351    0.003882
13355    0.007697
13357    0.004633
13514    0.021752
13647    0.004390
13791    0.034670
13793    0.012309
13825    0.010143
13841    0.010143
13877    0.006946
13909    0.006535
13982    0.016545
14012    0.006501
14065    0.015637
14073    0.011460
14155    0.013268
14594    0.008667
14719    0.008753
14749    0.011316
14796    0.005287
14971    0.010876
15140    0.004532
15344    0.006042
15601    0.006042
15712    0.005287
15792    0.005855
15887    0.011945
15907    0.014951
15910    0.005987
15919    0.009990
15927    0.006905
15952    0.010996
16034    0.006186
16265    0.007945
16302    0.008279
16393    0.013948
16461    0.006788
16487    0.009032
16493    0.013948
16568    0.011351
16585    0.005771
16767    0.009584
16973    0.012740
17033    0.007546
17117    0.004043
17144    0.003730
17146    0.012740
17166    0.016545
17254    0.011101
17313    0.014988
17345    0.007443
17366    0.006307
17478    0.009584
17484    0.002758
17581    0.016545
17868    0.006605
17870    0.005169
18098    0.006605
18167    0.010184
18182    0.005105
18282    0.002565
18383    0.005149
18437    0.011101
18446    0.015091
18489    0.013948
18649    0.007709
18706    0.009584
18758    0.011629
18903    0.007824
18913    0.016545
18992    0.007204
19037    0.006827
19044    0.013268
19056    0.011629
19095    0.008753
19124    0.008843
19266    0.004796
19366    0.004599
19410    0.003061
19426    0.003249
19433    0.006245
19460    0.003837
19464    0.004622
19475    0.013268
19546    0.008008
19578    0.010670
19662    0.009238
19676    0.021341
19715    0.021752
19736    0.006676
19766    0.019694
19773    0.004153
19792    0.012309
20123    0.013268
20260    0.002813
20288    0.009847
20321    0.020962
20460    0.011762
20717    0.004216
20776    0.007653
20868    0.003648
20902    0.010909
20907    0.016545
21085    0.006501
21146    0.006866
21150    0.001887
21195    0.007766
21247    0.002399
