364
190    0.007377
218    0.008185
219    0.003232
313    0.011645
332    0.011645
342    0.011645
384    0.008967
460    0.004725
464    0.006836
469    0.007249
526    0.007655
540    0.007989
615    0.011645
689    0.005878
702    0.004333
704    0.011645
773    0.004649
776    0.008967
780    0.007655
782    0.011645
851    0.010271
855    0.005274
923    0.006042
924    0.005986
927    0.006428
937    0.011645
971    0.008663
978    0.004725
1213    0.014754
1351    0.006579
1430    0.020954
1446    0.006746
1451    0.002772
1466    0.010077
1707    0.008585
1712    0.004103
1804    0.010407
1862    0.002373
1946    0.005878
2050    0.013003
2096    0.013861
2102    0.002914
2334    0.009104
2432    0.002011
2455    0.009817
2499    0.006289
2573    0.011645
2610    0.007031
2678    0.005777
2723    0.006506
2768    0.011862
2806    0.008206
2819    0.022157
2857    0.004439
2861    0.005549
2947    0.004195
3144    0.011645
3187    0.008185
3238    0.021362
3354    0.010491
3567    0.002740
3583    0.005107
3641    0.008185
3667    0.010491
3688    0.005348
3820    0.006579
3824    0.007031
3897    0.005169
3903    0.017583
3959    0.008185
4207    0.218540
4258    0.003232
4260    0.004214
4431    0.011645
4447    0.010491
4452    0.007139
4500    0.005169
4637    0.005729
4690    0.005827
4922    0.023290
4980    0.006579
4982    0.007655
5043    0.001713
5044    0.005008
5059    0.011645
5093    0.004805
5096    0.003051
5115    0.005729
5130    0.007655
5132    0.007031
5200    0.011645
5303    0.011645
5457    0.008407
5495    0.002234
5533    0.011645
5626    0.004947
5639    0.007814
5650    0.011645
5773    0.007510
5853    0.008185
5975    0.014286
5986    0.006428
5991    0.004272
5995    0.006357
6024    0.011645
6030    0.007989
6241    0.009817
6374    0.011645
6394    0.007377
6448    0.009338
6495    0.013158
6497    0.006161
6594    0.010491
6598    0.003004
6602    0.009338
6790    0.006224
6908    0.011518
6918    0.009297
6928    0.008663
6936    0.010491
7055    0.009338
7077    0.011971
7162    0.011645
7168    0.002317
7188    0.012363
7194    0.004417
7311    0.006502
7456    0.007866
7486    0.004214
7497    0.007031
7524    0.003330
7530    0.008967
7531    0.003023
7581    0.009338
7588    0.007254
7631    0.004624
7644    0.005592
7704    0.017332
7705    0.010491
7712    0.011654
7736    0.006845
7744    0.004649
7770    0.011756
7802    0.006175
7822    0.008407
7824    0.013861
7852    0.011645
7861    0.010491
7912    0.011645
7916    0.011645
8012    0.011645
8021    0.004417
8036    0.044262
8107    0.002663
8116    0.002526
8119    0.009817
8131    0.010077
8200    0.004725
8205    0.016370
8218    0.008487
8220    0.016647
8224    0.017327
8362    0.009894
8363    0.006746
8542    0.008967
8557    0.010491
8568    0.007789
8572    0.011645
8581    0.002582
8596    0.003090
8769    0.159404
8770    0.069869
8779    0.007655
8795    0.008967
8907    0.007139
8933    0.009338
8984    0.004576
9118    0.011037
9183    0.007377
9204    0.007139
9210    0.004354
9361    0.004103
9364    0.003901
9368    0.007814
9798    0.009791
9873    0.003624
10175    0.004529
10525    0.005204
10657    0.011645
10723    0.012084
10773    0.007931
10794    0.004778
10892    0.005207
11103    0.002642
11141    0.015310
11218    0.002491
11271    0.004103
11280    0.011645
11334    0.003520
11355    0.006789
11386    0.011848
11486    0.010491
11503    0.002716
11530    0.005592
11566    0.010851
11683    0.008774
11744    0.006966
11757    0.007802
11786    0.005729
11841    0.003843
11966    0.075113
12045    0.004977
12182    0.009338
12367    0.007989
12434    0.006502
12684    0.004902
12876    0.006224
12965    0.009817
12974    0.017669
13014    0.002561
13050    0.011763
13060    0.020237
13078    0.006660
13228    0.003735
13466    0.010897
13493    0.011645
13735    0.011645
13826    0.011645
13836    0.006660
13906    0.005729
13930    0.006660
13958    0.008967
14339    0.008967
14340    0.018695
14342    0.013003
14375    0.009817
14406    0.021198
14412    0.032540
14414    0.008967
14523    0.004674
14771    0.009338
14789    0.007655
14796    0.003721
14885    0.011645
14939    0.009817
15081    0.008315
15095    0.008185
15137    0.006579
15193    0.007377
15216    0.004439
15325    0.006428
15343    0.006224
15344    0.008505
15466    0.004103
15497    0.003901
15503    0.004649
16073    0.011645
16101    0.007510
16130    0.006502
16177    0.011645
16237    0.003200
16259    0.005549
16299    0.005549
16349    0.013158
16391    0.006579
16432    0.004506
16501    0.006845
16585    0.004739
16672    0.011645
16717    0.014507
16742    0.011645
16828    0.008407
16831    0.008967
16892    0.005729
16899    0.014063
16907    0.006485
17017    0.006746
17101    0.021461
17103    0.008505
17111    0.004918
17117    0.014228
17181    0.007510
17296    0.007655
17311    0.007139
17313    0.005274
17331    0.004312
17346    0.007655
17347    0.009664
17438    0.005311
17484    0.001941
17529    0.004461
17613    0.007510
17661    0.012447
17668    0.009338
17669    0.002764
17685    0.006836
17711    0.009817
17712    0.008663
17763    0.010491
17830    0.004085
17951    0.006579
17974    0.009817
18159    0.022305
18282    0.003611
18426    0.010491
18561    0.013861
18619    0.002995
18863    0.008967
18882    0.002512
18888    0.007802
18905    0.008185
19177    0.003341
19226    0.008291
19228    0.006357
19232    0.010954
19282    0.011645
19346    0.008185
19351    0.006502
19372    0.010491
19373    0.007377
19389    0.006502
19394    0.005637
19416    0.003966
19503    0.005039
19518    0.005878
19698    0.008967
19718    0.004439
19844    0.007625
19858    0.011645
19865    0.010491
20046    0.010491
20056    0.015020
20233    0.005729
20235    0.009817
20260    0.000990
20281    0.004214
20288    0.006931
20464    0.006991
20555    0.015978
20609    0.015310
20688    0.005466
20771    0.004977
20776    0.005387
20778    0.005466
20803    0.004622
20829    0.008663
20868    0.002568
20894    0.003211
20934    0.011645
20969    0.010697
20980    0.010491
20986    0.006746
21008    0.010491
21016    0.004417
21018    0.019981
21057    0.003949
21087    0.006774
21094    0.005387
21192    0.011645
21243    0.002640
21247    0.001688
21261    0.006289
21266    0.003149
21269    0.006224
