275
161    0.007334
164    0.008926
297    0.011001
298    0.010336
303    0.010060
314    0.007248
359    0.017366
370    0.006970
479    0.007920
481    0.007334
527    0.015646
638    0.010060
744    0.009188
786    0.006789
813    0.015646
898    0.015646
899    0.015646
900    0.017366
927    0.019171
974    0.008340
1335    0.012920
1384    0.020388
1424    0.011001
1425    0.008275
1472    0.029797
1658    0.015646
1848    0.011652
1862    0.003539
1940    0.005939
2102    0.004346
2120    0.005507
2174    0.008151
2252    0.011001
2396    0.004681
2473    0.015646
2537    0.026745
2745    0.005158
2803    0.014640
2835    0.034732
2841    0.017380
2864    0.011652
2957    0.017366
2960    0.015646
3083    0.026745
3126    0.017088
3238    0.006371
3298    0.007659
3327    0.007709
3396    0.011635
3397    0.035231
3521    0.017690
3551    0.014640
3576    0.014640
3583    0.003808
3647    0.014699
3790    0.006860
3824    0.010486
3842    0.005636
3854    0.010060
4023    0.004333
4028    0.014015
4130    0.007976
4137    0.012694
4229    0.011200
4258    0.004820
4324    0.006040
4390    0.027730
4406    0.008766
4474    0.013926
4488    0.008474
4512    0.008845
4637    0.008544
4810    0.007290
4997    0.011001
5043    0.002555
5075    0.006044
5260    0.014092
5262    0.010646
5414    0.012400
5415    0.006284
5495    0.009994
5515    0.009423
5532    0.004346
5535    0.008406
5544    0.007812
5684    0.031007
5826    0.010817
5923    0.011200
5956    0.029280
5977    0.009392
5995    0.009480
6001    0.013372
6192    0.010817
6212    0.017366
6380    0.017366
6613    0.011405
6628    0.005365
6809    0.007422
6844    0.013508
6953    0.012920
7039    0.026535
7168    0.003456
7311    0.009696
7330    0.005194
7465    0.009586
7475    0.021635
7524    0.004966
7600    0.007812
7602    0.009281
7650    0.012985
7696    0.010817
7748    0.008091
7779    0.013865
7892    0.013508
7926    0.010194
8218    0.004219
8408    0.009379
8568    0.003872
8774    0.007468
8840    0.033101
8842    0.012920
8865    0.015646
8918    0.005748
8941    0.015646
9049    0.011001
9200    0.009453
9209    0.003960
9294    0.037612
9332    0.013926
9364    0.011635
9411    0.003297
9424    0.007422
9484    0.013439
9518    0.003695
9523    0.014250
9664    0.023271
9798    0.004867
9984    0.049875
9989    0.024826
10027    0.010646
10106    0.016066
10697    0.008151
10837    0.013664
10840    0.005914
11093    0.006555
11201    0.008219
11367    0.011416
11578    0.013372
11689    0.013926
11709    0.008212
11716    0.046938
11782    0.004307
11841    0.008598
12085    0.006040
12110    0.004696
12273    0.016397
12283    0.003420
12300    0.004453
12304    0.009480
12345    0.018967
12722    0.012537
12817    0.005914
12836    0.009480
12904    0.004550
12962    0.012206
12987    0.007478
13076    0.017366
13154    0.006555
13215    0.015646
13219    0.007760
13355    0.004039
13434    0.001577
13462    0.015318
13466    0.004063
13666    0.012920
13679    0.013926
13791    0.027293
13819    0.021635
13825    0.010646
13827    0.012537
13841    0.031939
13961    0.011200
14065    0.022568
14073    0.006014
14140    0.009932
14250    0.012537
14329    0.012537
14425    0.016344
14467    0.015646
14548    0.015646
14604    0.003715
14607    0.005890
14623    0.013926
14633    0.017366
14749    0.005939
14796    0.005549
15038    0.008926
15061    0.017366
15135    0.008275
15160    0.024912
15216    0.006620
15341    0.014640
15594    0.010817
15687    0.012537
15783    0.007709
15807    0.009188
15907    0.015694
15912    0.004480
15927    0.021744
15983    0.006789
16034    0.006493
16256    0.017366
16337    0.009480
16521    0.007920
16585    0.011105
16703    0.014640
16791    0.008033
16842    0.015646
17117    0.004244
17313    0.007866
17531    0.004949
17583    0.013926
17870    0.005425
17874    0.011652
17875    0.007085
18114    0.014640
18131    0.013926
18167    0.013361
18182    0.002679
18186    0.006524
18282    0.002692
18383    0.010810
18411    0.007248
18446    0.007920
18462    0.008091
18489    0.014640
18650    0.011914
18669    0.014640
18713    0.007248
18757    0.023828
18758    0.024412
18888    0.005818
18983    0.012206
19052    0.011001
19155    0.013926
19278    0.003115
19283    0.013926
19291    0.012920
19309    0.006824
19433    0.013111
19474    0.011001
19543    0.018437
19640    0.014331
19662    0.009696
19707    0.005680
19766    0.010336
19773    0.004359
19844    0.003249
20277    0.013372
20295    0.013926
20321    0.022003
20410    0.015646
20522    0.015646
20666    0.012920
20673    0.007659
20782    0.009480
20803    0.003447
20901    0.005385
20902    0.011450
20956    0.006896
20983    0.005425
20984    0.012920
21120    0.005571
21132    0.007709
21157    0.009932
