99
103    0.020974
198    0.048992
806    0.037347
974    0.030554
978    0.025815
1423    0.026554
1425    0.030318
1472    0.036389
1824    0.033661
2120    0.020176
2344    0.030732
2396    0.017150
2432    0.010987
2745    0.018896
2886    0.053635
3297    0.024253
3396    0.021314
3397    0.025815
4137    0.015502
4390    0.025398
4450    0.017260
5075    0.011071
5147    0.048992
5149    0.078008
5515    0.017260
5532    0.015923
5821    0.044719
5975    0.039027
5998    0.033661
6430    0.027702
6613    0.020891
6707    0.021578
6984    0.018962
7048    0.023786
7168    0.012661
7559    0.035522
7600    0.028621
7802    0.008434
8116    0.013799
8307    0.047334
8500    0.027980
8596    0.016880
8786    0.028430
8918    0.021058
8984    0.025000
9039    0.038417
9179    0.054057
9267    0.048992
9364    0.042628
9510    0.022715
9984    0.078310
10140    0.020176
10445    0.027029
11201    0.015056
11340    0.030796
11342    0.035522
11355    0.012365
11468    0.022320
11570    0.019876
11709    0.030088
11786    0.031301
11841    0.010500
12300    0.016314
12911    0.020487
12928    0.023235
13163    0.053635
13382    0.044719
13434    0.005777
14065    0.015033
14233    0.034731
14607    0.021578
15080    0.030088
15160    0.022817
15952    0.021143
15981    0.041033
15983    0.024871
16237    0.017485
16697    0.053635
16729    0.020738
16766    0.024744
17366    0.024253
17525    0.038417
17585    0.039631
17669    0.015100
17782    0.022320
18340    0.025958
18446    0.029017
18450    0.043648
19278    0.022827
19366    0.008842
19426    0.012495
19433    0.024016
19464    0.017773
19640    0.026251
19707    0.020809
19820    0.021489
19844    0.005951
20902    0.020974
21247    0.009223
