77
103    0.027143
198    0.063401
288    0.032868
974    0.039540
1614    0.034364
1920    0.066026
2344    0.019885
2432    0.014218
2928    0.069411
3096    0.038086
3397    0.033407
3559    0.041936
3786    0.222542
3903    0.031080
3980    0.057871
4218    0.074181
4390    0.032868
5119    0.074181
5220    0.035406
5840    0.047091
5998    0.043561
6135    0.057871
6613    0.027036
6937    0.044466
7599    0.082335
7618    0.050476
7628    0.057871
7753    0.022481
7996    0.034978
8596    0.021845
9130    0.074181
9143    0.032022
9984    0.033781
10331    0.044466
10773    0.028040
10837    0.012957
11154    0.040849
11468    0.028885
11591    0.040176
11680    0.066026
11683    0.015510
11709    0.038937
11958    0.033225
12005    0.016559
12040    0.066026
12045    0.035190
12294    0.082335
12365    0.030782
13357    0.011528
14065    0.009727
14604    0.035229
15160    0.029528
15182    0.082335
15952    0.027361
15974    0.066026
16461    0.033781
16489    0.041200
16729    0.013419
16734    0.016515
16885    0.037816
17797    0.054125
18005    0.020983
18105    0.086266
18182    0.012701
18334    0.147010
18451    0.041200
18650    0.056486
18717    0.030069
19151    0.028760
19204    0.032694
19278    0.029541
19464    0.046002
20528    0.059442
20673    0.036312
20902    0.027143
20927    0.019944
21120    0.026411
