267
169    0.017913
246    0.006857
344    0.017913
749    0.011372
1095    0.020439
1204    0.006886
1221    0.012823
1250    0.010126
1255    0.009332
1646    0.007295
1676    0.024011
1677    0.016224
1699    0.004722
1780    0.011233
1949    0.013321
1951    0.009068
2113    0.008067
2187    0.015944
2224    0.008250
2343    0.010519
2353    0.035826
2432    0.003433
2460    0.009474
2508    0.008446
2699    0.015310
2737    0.006828
2981    0.019096
3200    0.017913
3396    0.006661
3632    0.008157
3847    0.012823
3888    0.011101
3925    0.009782
4031    0.015310
4267    0.010036
4283    0.015944
4319    0.019728
4389    0.010416
4620    0.010519
4625    0.015310
4723    0.015944
4792    0.016761
4889    0.012595
4899    0.017653
4904    0.011233
4932    0.012595
5018    0.011517
5043    0.005851
5047    0.009264
5074    0.006607
5079    0.006503
5172    0.014354
5211    0.008826
5212    0.013772
5239    0.012005
5614    0.013656
5617    0.015944
5719    0.011295
5739    0.009402
5773    0.012823
5779    0.013341
5794    0.015310
5829    0.017913
5856    0.006378
5977    0.005377
6042    0.009864
6141    0.013341
6291    0.011833
6343    0.013341
6502    0.016761
6637    0.015310
6707    0.006743
6756    0.007505
6761    0.005446
6762    0.007693
6908    0.004917
6984    0.005926
7097    0.007655
7144    0.014354
7168    0.011870
7408    0.010519
7421    0.012189
7423    0.024378
7456    0.006715
7524    0.005686
7569    0.010316
7619    0.031172
7716    0.009624
8019    0.009576
8068    0.007937
8218    0.004830
8323    0.007162
8342    0.009864
8630    0.006832
8684    0.012823
8790    0.017913
8899    0.019898
9118    0.006281
9209    0.004534
9280    0.009132
9411    0.003775
9533    0.006188
9947    0.004638
9999    0.020439
10016    0.013640
10095    0.008826
10099    0.014354
10219    0.013975
10261    0.004976
10377    0.012385
10714    0.006886
10920    0.015944
10942    0.033576
10943    0.009474
11103    0.002256
11112    0.005518
11180    0.004458
11181    0.011000
11203    0.007005
11213    0.006329
11220    0.011372
11224    0.012823
11239    0.011671
11289    0.007505
11355    0.003864
11434    0.005464
11468    0.006975
11569    0.005647
11607    0.012005
11747    0.007398
11786    0.009782
11897    0.013070
11958    0.016046
12005    0.003999
12064    0.007895
12110    0.005377
12266    0.013341
12307    0.054095
12309    0.044178
12314    0.027280
12542    0.010974
12551    0.005177
12657    0.016761
12684    0.004185
12961    0.014354
12975    0.012189
12987    0.005708
12995    0.009864
13308    0.017913
13388    0.007505
13434    0.003611
13501    0.015155
13527    0.017913
13670    0.013070
13877    0.016694
13910    0.038248
14323    0.006945
14339    0.007655
14359    0.009548
14425    0.014034
14439    0.014363
14442    0.010738
14445    0.008498
14526    0.012823
14535    0.014354
14539    0.008826
14571    0.013640
14604    0.012761
14611    0.021475
14690    0.013975
14719    0.010519
14732    0.013640
14741    0.007099
14742    0.006088
14745    0.009119
14749    0.006799
14842    0.025645
14961    0.011517
14994    0.011517
15003    0.010974
15023    0.009548
15050    0.017913
15216    0.007579
15294    0.011372
15344    0.007261
15410    0.008112
15677    0.022466
15711    0.027280
15760    0.016761
15818    0.012108
15822    0.005905
15907    0.005989
15927    0.016596
15986    0.016761
16034    0.007433
16076    0.013640
16079    0.014354
16271    0.016761
16371    0.008298
16485    0.012904
16509    0.006857
16553    0.017913
16585    0.003467
16892    0.009782
17037    0.006281
17074    0.014866
17075    0.007733
17077    0.009949
17182    0.026140
17412    0.017913
17447    0.009702
17484    0.003314
17643    0.006143
17670    0.010738
17757    0.009782
17758    0.013070
17912    0.016761
17947    0.011101
17958    0.015944
17963    0.010316
18083    0.016761
18167    0.006119
18182    0.003067
18197    0.015944
18203    0.019821
18282    0.006165
18336    0.011101
18435    0.007036
18476    0.011372
18526    0.012189
18711    0.012595
18728    0.010854
18774    0.012385
19043    0.005500
19096    0.013640
19226    0.004719
19261    0.005947
19327    0.004691
19366    0.002763
19416    0.006771
19426    0.003905
19693    0.010416
19741    0.009332
19745    0.017913
19830    0.008347
19894    0.010316
19899    0.016761
20013    0.016761
20117    0.017913
20187    0.017913
20275    0.004873
20415    0.014792
20463    0.013640
20464    0.011936
20535    0.010220
20555    0.013640
20601    0.006886
20620    0.005926
20642    0.010220
20717    0.010134
21058    0.005823
21129    0.004483
21247    0.002882
21307    0.006477
21310    0.032268
21322    0.014792
21348    0.011372
