66
103    0.064088
1430    0.043727
1691    0.030942
1712    0.034249
1804    0.043435
1918    0.040806
2051    0.058693
2096    0.057851
2334    0.037998
2675    0.040569
2723    0.027154
3635    0.040569
4207    0.053653
4301    0.043435
4975    0.077947
5485    0.044643
6372    0.023136
6401    0.057057
6460    0.049507
6808    0.048224
7644    0.046679
7709    0.044331
8205    0.068320
8500    0.021374
8581    0.021552
8769    0.057851
9047    0.097202
9129    0.057057
9336    0.045967
9803    0.054270
10554    0.081943
10704    0.081943
10892    0.021733
11207    0.034859
11355    0.018891
11383    0.045624
11569    0.027609
11928    0.045967
11984    0.039658
12005    0.019549
12098    0.050921
12127    0.048224
12578    0.077947
12983    0.056546
13466    0.022739
13513    0.060548
14339    0.074846
14343    0.040106
15342    0.051950
15497    0.097690
16899    0.058693
17080    0.049507
17122    0.047050
17484    0.016203
17521    0.051426
18018    0.050434
18888    0.032563
19394    0.094100
19416    0.033103
19844    0.009092
20803    0.019292
20868    0.021433
20994    0.041799
21058    0.028469
21086    0.045624
21242    0.061577
