168
103    0.033763
164    0.017548
481    0.014417
621    0.011977
689    0.017233
806    0.020040
974    0.016395
1069    0.016024
1072    0.016525
1469    0.030758
1490    0.009173
1646    0.012525
1925    0.017233
1926    0.016658
2047    0.019394
2283    0.013702
2396    0.027608
2537    0.026288
2658    0.018437
2684    0.011484
2690    0.020319
2744    0.009144
2857    0.013014
3396    0.011437
3397    0.027704
3451    0.012950
4055    0.017233
4137    0.016636
4202    0.014503
4390    0.013628
4505    0.016658
5010    0.019526
5075    0.005940
5171    0.019776
5532    0.008544
5826    0.021266
5851    0.017884
6085    0.013485
6518    0.022907
6610    0.017713
6613    0.033630
6618    0.023421
6704    0.034139
6937    0.018437
7039    0.017388
7087    0.014086
7173    0.014007
7486    0.012354
7509    0.036124
7531    0.017724
7579    0.021266
7650    0.025527
7726    0.017713
7753    0.009322
7802    0.004526
8125    0.026288
8281    0.016525
8500    0.007507
8596    0.009058
8774    0.014681
9002    0.015792
9003    0.012525
9005    0.018062
9055    0.025399
9242    0.016658
9402    0.018437
9517    0.007964
9518    0.007264
9946    0.019288
9963    0.017548
9984    0.028013
9985    0.015358
9989    0.016268
10140    0.010826
10222    0.020319
10361    0.034139
10837    0.005372
10897    0.009964
11355    0.006635
11358    0.011531
11390    0.015358
11503    0.007964
11570    0.010665
11782    0.008467
11841    0.005634
12005    0.006866
12258    0.019061
12273    0.010745
12300    0.008754
12365    0.012763
12613    0.015570
12659    0.011531
12926    0.068278
12962    0.023995
12983    0.019860
12987    0.004900
12992    0.034139
12999    0.005620
13162    0.020319
13361    0.028013
13388    0.012887
13393    0.023421
13434    0.006200
13451    0.015155
13470    0.015792
13791    0.017884
13921    0.016796
14065    0.024199
14305    0.015570
14586    0.068278
14607    0.011578
14955    0.028780
15160    0.024487
15166    0.022018
15278    0.022907
15470    0.019061
15497    0.011437
15712    0.021818
15910    0.012354
15927    0.014249
15952    0.022690
15955    0.015155
16214    0.024647
16333    0.016937
16461    0.042020
16585    0.001985
16735    0.020319
16968    0.028780
17183    0.028780
17313    0.015463
17484    0.005691
17516    0.034139
17585    0.021266
17616    0.019061
17994    0.019288
18282    0.010585
18383    0.010626
18569    0.018636
18717    0.012468
18992    0.014865
19112    0.018437
19118    0.034139
19120    0.034139
19177    0.009795
19212    0.013929
19266    0.009896
19278    0.006124
19401    0.034139
19410    0.012631
19411    0.017083
19453    0.045934
19640    0.014086
19648    0.018062
19707    0.011166
19741    0.016024
19773    0.008570
19844    0.006387
20202    0.018636
20450    0.034139
20460    0.012135
20902    0.011254
20956    0.027112
21108    0.034139
21120    0.010951
21220    0.034139
21247    0.014847
21279    0.012243
21346    0.018437
