208
103    0.018025
164    0.014052
166    0.015264
481    0.011545
632    0.016508
724    0.019737
744    0.028927
786    0.010687
851    0.012057
927    0.015090
974    0.026257
985    0.016760
1007    0.024630
1425    0.026054
1646    0.020060
1668    0.030527
1698    0.007417
1741    0.005123
1762    0.007010
1926    0.013340
2047    0.007765
2093    0.008177
2102    0.006842
2396    0.007369
2430    0.017971
2745    0.008119
3396    0.009158
3397    0.022185
3451    0.020740
3542    0.027338
3571    0.010077
3733    0.010913
3824    0.016508
3842    0.017743
4028    0.011032
4135    0.011545
4390    0.021827
5043    0.004023
5074    0.009085
5075    0.009514
5414    0.009761
5439    0.014464
5495    0.005244
5501    0.005426
5515    0.007417
5532    0.013683
5851    0.014322
5869    0.015090
5975    0.008385
5977    0.007393
6085    0.010798
6576    0.017971
6596    0.006883
6598    0.007053
6613    0.008977
6908    0.006760
7039    0.027848
7048    0.010221
7173    0.011216
7192    0.011684
7325    0.012136
7523    0.010525
7531    0.007097
7600    0.012298
7650    0.010221
7714    0.011903
7910    0.016760
7985    0.013450
7996    0.011614
8107    0.006251
8116    0.005929
8125    0.021051
8275    0.010370
8281    0.013233
8500    0.006011
8596    0.007253
8747    0.016760
8774    0.023512
8788    0.023046
8840    0.013027
9177    0.013924
9179    0.011614
9209    0.012467
9357    0.015264
9364    0.009158
9402    0.014764
9411    0.010380
9486    0.016271
9510    0.009761
9518    0.005817
9664    0.009158
9947    0.012754
9984    0.022433
9989    0.052109
10025    0.019215
10105    0.015583
10140    0.008669
10341    0.014464
10838    0.017631
10888    0.015836
10898    0.014184
11093    0.010320
11109    0.020339
11181    0.015124
11201    0.006469
11390    0.012298
11434    0.007513
11499    0.029528
11709    0.012928
11744    0.008177
11750    0.007322
11841    0.013535
11958    0.022063
12005    0.005498
12054    0.020339
12273    0.008604
12300    0.007010
12415    0.008415
12591    0.008119
12659    0.009234
12855    0.006323
12898    0.012298
12900    0.011684
12928    0.009984
12949    0.011979
12962    0.019215
12999    0.004500
13154    0.010320
13350    0.018755
13484    0.010687
13647    0.007253
13729    0.023046
13791    0.014322
13825    0.016760
13886    0.006821
14065    0.006459
14093    0.011614
14200    0.011684
14279    0.020339
14489    0.021051
14515    0.016271
14604    0.005849
14979    0.024630
15080    0.012928
15160    0.039217
15271    0.010077
15801    0.011092
15912    0.014106
15952    0.018169
15983    0.010687
16214    0.039473
16385    0.031272
16461    0.022433
16705    0.007163
16713    0.013027
16735    0.032541
16791    0.012646
16807    0.019215
16880    0.009388
16919    0.039473
17105    0.007925
17141    0.014052
17144    0.006164
17185    0.034058
17313    0.012382
17529    0.010473
17654    0.014611
17918    0.027338
18038    0.017631
18158    0.010221
18159    0.010473
18167    0.008414
18190    0.012556
18282    0.012715
18416    0.013563
18435    0.009675
18462    0.012738
18689    0.014924
18759    0.024630
18983    0.019215
18992    0.011903
19095    0.014464
19155    0.021923
19204    0.010855
19266    0.015849
19309    0.010742
19410    0.005058
19416    0.009310
19426    0.005369
19433    0.020639
19453    0.027587
19455    0.013800
19773    0.013725
19844    0.002557
20260    0.002324
20460    0.009717
20673    0.012057
20745    0.012057
20785    0.009272
20803    0.005426
20868    0.006028
20902    0.009012
20916    0.013563
20969    0.012556
21129    0.006164
21150    0.006234
21290    0.009938
21346    0.014764
