35
724    0.114832
731    0.094666
749    0.090972
786    0.062178
834    0.097510
999    0.134089
1425    0.075794
3790    0.062827
3845    0.173657
4265    0.082528
5414    0.113577
5416    0.122479
6613    0.104456
6618    0.109120
7061    0.143304
8716    0.127550
9282    0.047574
9411    0.030196
10106    0.147150
10509    0.129790
11031    0.118335
11201    0.037640
11434    0.043712
11744    0.047574
12054    0.236670
12191    0.078912
12356    0.089863
13367    0.111797
15160    0.114085
16214    0.114832
16735    0.094666
17313    0.072042
17875    0.064895
19225    0.053503
19410    0.088277
