246
103    0.021297
232    0.016021
358    0.021534
377    0.021534
403    0.014773
469    0.006702
632    0.013003
717    0.016021
760    0.013003
1017    0.011281
1095    0.011069
1594    0.021534
1690    0.010261
1691    0.006855
1747    0.009376
1806    0.017268
1862    0.004389
1968    0.014773
1989    0.012816
2266    0.021534
2691    0.011509
2732    0.021534
2809    0.016021
2857    0.041043
2861    0.010261
3092    0.013888
3113    0.016021
3126    0.010594
3297    0.008209
3396    0.007214
3397    0.008737
3398    0.016021
3559    0.021936
3718    0.016582
3790    0.008506
3853    0.016582
3951    0.019401
3962    0.019401
4456    0.008835
4461    0.016025
4505    0.010508
4628    0.017268
4629    0.014156
4817    0.011630
4899    0.012746
5009    0.021534
5043    0.003169
5075    0.003747
5093    0.008885
5130    0.014156
5289    0.021534
5440    0.008375
5487    0.009204
5532    0.005389
5550    0.011069
5602    0.010033
5803    0.028311
5843    0.018154
5916    0.011281
5977    0.005823
6372    0.020502
6392    0.021534
6610    0.022346
6613    0.042425
6618    0.059093
6619    0.021534
6632    0.010775
6665    0.017268
6937    0.023259
7044    0.012816
7061    0.019401
7079    0.019401
7117    0.009622
7168    0.004285
7181    0.007185
7194    0.008168
7308    0.021534
7351    0.007426
7466    0.015175
7524    0.006158
7579    0.067068
7631    0.008551
7636    0.008885
7650    0.008051
7905    0.021534
8031    0.017268
8032    0.019401
8068    0.008596
8116    0.004670
8159    0.020847
8473    0.014156
8568    0.004801
8595    0.033164
8693    0.019401
8714    0.012816
8895    0.038802
9002    0.019922
9152    0.010423
9363    0.021534
9364    0.007214
9631    0.008209
9644    0.009040
9683    0.019401
9795    0.021534
9803    0.012023
9947    0.005023
9984    0.026505
9989    0.010261
10207    0.016021
10436    0.019401
10627    0.013642
10693    0.014156
10836    0.011393
10892    0.019259
11031    0.016021
11087    0.007522
11103    0.002443
11355    0.016740
11386    0.014606
11390    0.019375
11534    0.012816
11570    0.013454
11600    0.012474
11624    0.021534
11691    0.013414
11709    0.010183
11750    0.005768
12005    0.004331
12006    0.020523
12190    0.017268
12298    0.019401
12356    0.024332
12365    0.008051
12421    0.008737
12613    0.009821
12649    0.019401
12659    0.014546
12661    0.021936
12842    0.021534
12898    0.019375
12900    0.009204
12911    0.006934
12948    0.013642
12987    0.006182
12999    0.007090
13014    0.004735
13125    0.009890
13219    0.009622
13313    0.017268
13361    0.008835
13368    0.021534
13434    0.011732
13451    0.019118
13466    0.005038
13538    0.014449
13606    0.014156
13638    0.019401
13647    0.005713
13939    0.006329
13994    0.017268
14065    0.005088
14334    0.017268
14406    0.006533
14681    0.027283
14769    0.020067
14857    0.008885
15160    0.023168
15166    0.041664
15428    0.016582
15555    0.007426
15818    0.006557
15906    0.007426
15919    0.013003
16269    0.010261
16272    0.012816
16321    0.015875
16492    0.021534
16511    0.013414
16649    0.026505
16692    0.011173
16734    0.004319
16800    0.019401
16807    0.030271
16944    0.017414
16959    0.006487
17181    0.013888
17185    0.013414
17328    0.021534
17347    0.008936
17407    0.006934
17438    0.009821
17443    0.015136
17531    0.006137
17695    0.011630
17741    0.014449
17788    0.013201
17830    0.007555
17846    0.009687
17870    0.006727
17994    0.012166
18160    0.011886
18282    0.003338
18411    0.017975
18446    0.019642
18450    0.014773
18670    0.007490
18709    0.016021
18757    0.014773
18852    0.015546
18887    0.009890
19177    0.012357
19211    0.013642
19223    0.007793
19266    0.006242
19366    0.005985
19373    0.013642
19381    0.011886
19410    0.007968
19433    0.008129
19453    0.028974
19503    0.009318
19676    0.013888
19844    0.004028
20110    0.021534
20115    0.016021
20226    0.011069
20260    0.001831
20274    0.007490
20481    0.010183
20607    0.021534
20732    0.021534
20745    0.009497
20768    0.005067
20803    0.004274
20844    0.004496
20868    0.004748
20901    0.006678
20910    0.009559
21076    0.016582
21088    0.012640
21129    0.004855
21133    0.012023
21243    0.009765
21250    0.015546
21279    0.007723
21296    0.010775
