232
102    0.028936
113    0.020584
122    0.020584
123    0.020584
125    0.020584
126    0.020584
127    0.020584
128    0.020584
129    0.020584
130    0.020584
131    0.020584
132    0.020584
133    0.020584
134    0.020584
136    0.020584
137    0.020584
138    0.020584
139    0.020584
170    0.041168
171    0.020584
172    0.020584
178    0.020584
179    0.020584
180    0.020584
185    0.020584
190    0.026080
241    0.020584
305    0.018545
327    0.020584
338    0.020584
339    0.020584
386    0.020584
479    0.009388
488    0.020584
495    0.020584
500    0.020584
512    0.020584
513    0.020584
514    0.020584
515    0.020584
516    0.020584
518    0.020584
533    0.020584
535    0.020584
545    0.020584
583    0.011362
587    0.020584
590    0.012822
602    0.020584
610    0.007770
635    0.020584
643    0.020584
656    0.017353
658    0.020584
685    0.018545
723    0.020584
759    0.041168
772    0.020584
875    0.020584
880    0.020584
932    0.020584
933    0.020584
934    0.020584
935    0.020584
939    0.020584
960    0.020584
967    0.020584
988    0.014468
995    0.020584
1004    0.020584
1011    0.020584
1026    0.020584
1027    0.020584
1040    0.020584
1049    0.020584
1050    0.020584
1051    0.020584
1161    0.013275
1352    0.020584
1435    0.021567
1436    0.007415
1477    0.007415
1622    0.041168
1740    0.007517
1741    0.007715
1747    0.008963
1821    0.016507
2093    0.006157
2216    0.019468
2262    0.015314
2373    0.086763
2414    0.020584
2515    0.034705
2558    0.011237
3028    0.020584
3129    0.012619
3152    0.012429
3187    0.101275
3308    0.020584
3352    0.020584
3517    0.041168
3686    0.009521
3783    0.014861
3977    0.012429
4029    0.015850
4080    0.023546
4099    0.009809
4319    0.010212
4433    0.012822
4501    0.023539
4636    0.019043
4894    0.013275
5507    0.013040
5769    0.005808
5924    0.019468
6042    0.010212
6085    0.016261
6250    0.015314
6313    0.009521
6364    0.014468
6486    0.019468
6583    0.014121
6613    0.040553
6628    0.012719
6800    0.018545
6844    0.008005
7495    0.020584
7930    0.021360
7989    0.007190
7996    0.008745
8199    0.018545
8288    0.047091
8328    0.037090
8674    0.008398
8723    0.020584
9539    0.020584
9540    0.020584
9542    0.020584
9544    0.020584
9547    0.020584
9552    0.020584
9553    0.020584
9555    0.020584
9556    0.020584
9559    0.020584
9560    0.020584
9564    0.020584
9566    0.020584
9578    0.020584
9583    0.020584
9584    0.020584
9595    0.020584
9596    0.020584
9610    0.020584
9611    0.020584
9612    0.020584
9613    0.020584
9668    0.013531
9772    0.017353
9984    0.067562
10236    0.020584
10261    0.020606
10401    0.011924
10569    0.026551
10614    0.010580
10726    0.018545
10987    0.015850
11065    0.037090
11561    0.012619
11648    0.020584
11663    0.020584
11843    0.014861
11889    0.017925
12038    0.045942
12104    0.020584
12110    0.005566
12184    0.018545
12192    0.018545
12903    0.020584
12987    0.020682
13154    0.015540
13240    0.020584
13241    0.080448
13351    0.004829
13388    0.007770
13482    0.007885
13747    0.020584
13953    0.020584
14248    0.020584
14393    0.144087
15395    0.016507
15674    0.020584
15688    0.015314
15801    0.108574
16026    0.008907
16193    0.016507
16212    0.017353
16290    0.041168
16299    0.009809
16396    0.018396
16636    0.020584
16678    0.011629
16821    0.018545
16861    0.020584
16893    0.013812
17105    0.017900
17108    0.007925
17465    0.014861
17603    0.020584
17870    0.006430
18041    0.012429
18082    0.008798
18207    0.020584
18382    0.031232
18862    0.020584
19232    0.006454
20067    0.020584
20090    0.006985
20260    0.001750
20271    0.016507
20305    0.030900
20556    0.013812
20649    0.037090
20768    0.004843
20803    0.004085
20901    0.006383
20919    0.020584
21058    0.006029
21129    0.037129
21133    0.011493
21167    0.020584
21279    0.051674
