216
29    0.024470
66    0.018843
288    0.009769
430    0.019623
445    0.024470
1097    0.008198
1184    0.007242
1247    0.013078
1255    0.011486
1451    0.005824
1741    0.004586
1853    0.014564
2224    0.010154
2298    0.017200
2390    0.024470
2400    0.034399
2622    0.015002
2976    0.024470
3044    0.013358
3063    0.019623
3468    0.037686
3473    0.008622
3483    0.009875
3743    0.007319
3842    0.007941
3881    0.020917
3931    0.016086
3944    0.007760
3951    0.044093
4206    0.012463
4240    0.030084
4245    0.016737
4302    0.022047
4381    0.024470
4492    0.008815
4501    0.009328
4536    0.010213
4538    0.020629
4650    0.011572
4673    0.013078
4690    0.012245
4729    0.015944
4730    0.035254
4732    0.011402
4777    0.009717
4881    0.019623
4890    0.015243
4946    0.015243
5227    0.013216
5230    0.011486
5426    0.014364
5718    0.010154
5719    0.013901
5750    0.015243
5769    0.006904
6066    0.020629
6323    0.011319
6364    0.017200
6495    0.013825
6756    0.018474
6758    0.005336
6984    0.007293
7152    0.024470
7224    0.016788
7476    0.027325
7619    0.015346
7720    0.013358
7750    0.026431
7802    0.003244
8078    0.009843
8170    0.009717
8218    0.017834
8269    0.033250
8281    0.023689
8417    0.008198
8476    0.007819
8500    0.005381
8513    0.016788
8596    0.006492
8630    0.008409
8639    0.028263
8688    0.012697
8714    0.014564
8719    0.014564
8991    0.014776
9155    0.011319
9156    0.016788
9361    0.008622
9411    0.004646
9517    0.005708
9518    0.010413
9894    0.020629
10000    0.013507
10130    0.013358
10290    0.008475
10291    0.014776
10331    0.013216
10406    0.014776
10495    0.011402
10714    0.008475
10897    0.007142
10992    0.014776
11036    0.019623
11103    0.008328
11160    0.020791
11161    0.012697
11255    0.016788
11303    0.019623
11334    0.007398
11445    0.019858
11503    0.005708
11528    0.024298
11530    0.011751
11531    0.008265
11854    0.013507
11889    0.010655
11984    0.009984
12109    0.010935
12162    0.022972
12245    0.006452
12300    0.006274
12360    0.024470
12627    0.018843
12660    0.008815
12920    0.012578
12927    0.016530
12940    0.014564
12987    0.003512
13050    0.006180
13070    0.011845
13198    0.012140
13241    0.013662
13296    0.014776
13351    0.005741
13434    0.002222
13586    0.015502
13862    0.030290
13863    0.012245
13864    0.015243
13906    0.012039
13910    0.006725
14065    0.002891
14130    0.010396
14266    0.020629
14323    0.008548
14439    0.011785
14741    0.008737
14742    0.004996
14745    0.005611
14746    0.009769
14749    0.008368
14750    0.016788
14917    0.012039
14954    0.019623
15063    0.006998
15225    0.032172
15251    0.020629
15376    0.014175
15497    0.008198
15551    0.008855
15591    0.020917
15596    0.014564
15672    0.013078
15695    0.009149
15874    0.011572
15906    0.008439
15910    0.008855
15912    0.006313
16024    0.013078
16205    0.088876
16206    0.024470
16213    0.045729
16585    0.009958
16705    0.006412
16734    0.004908
17033    0.011160
17035    0.020629
17407    0.007880
17826    0.020629
18282    0.015175
18488    0.022047
18512    0.048941
18652    0.006352
18799    0.013825
18882    0.005278
18972    0.024927
19048    0.013662
19096    0.016788
19098    0.024470
19112    0.013216
19275    0.015782
19426    0.004806
19460    0.005676
19507    0.014364
19535    0.008896
19760    0.014776
19820    0.008265
20260    0.006241
20336    0.032839
20338    0.016086
20540    0.010097
20542    0.020629
20714    0.008067
20901    0.015176
20927    0.005927
20956    0.009717
21036    0.103145
21078    0.020629
21150    0.002790
21152    0.010935
21184    0.017666
21200    0.048941
21243    0.005548
21247    0.003547
21261    0.013216
21279    0.008776
