214
35    0.021894
68    0.021894
147    0.007142
219    0.006744
244    0.014897
314    0.010142
412    0.016671
425    0.021894
449    0.011670
450    0.010859
453    0.011670
457    0.009860
568    0.009356
611    0.018712
613    0.020486
654    0.024300
857    0.011406
858    0.010581
1199    0.015137
1490    0.006530
1816    0.012267
2081    0.016305
2334    0.028498
2392    0.021894
2447    0.030274
2567    0.014077
2610    0.014673
2675    0.010142
2706    0.006766
2723    0.013577
2855    0.014897
2857    0.009263
2914    0.015137
3013    0.011670
3069    0.024300
3238    0.008916
3435    0.024300
3659    0.133757
3660    0.050013
3667    0.021894
3688    0.011161
3843    0.019487
3896    0.016671
3897    0.032361
3900    0.017080
4026    0.011241
4075    0.012056
4175    0.024300
4202    0.010323
4229    0.015672
4281    0.024300
4313    0.015672
4452    0.014897
4576    0.012160
4980    0.013729
5096    0.006367
5207    0.016671
5260    0.009860
5480    0.011241
5485    0.011161
5495    0.004662
5626    0.010323
5695    0.014463
6399    0.016305
6421    0.014077
6495    0.013729
6507    0.011670
6891    0.012267
7000    0.012056
7044    0.014463
7053    0.022481
7097    0.009356
7202    0.040972
7508    0.010859
7530    0.018712
7571    0.018999
7588    0.015137
7642    0.009806
7736    0.021426
7802    0.022550
7822    0.017544
7823    0.024300
7826    0.019487
8078    0.004887
8101    0.010450
8127    0.016305
8200    0.009860
8254    0.014077
8362    0.010323
8617    0.024300
8622    0.007294
8674    0.039658
8753    0.019487
8754    0.024300
8984    0.009549
9085    0.020486
9118    0.007677
9200    0.006614
9336    0.091934
9364    0.024422
9461    0.018079
9679    0.017544
9892    0.020486
9947    0.005669
9963    0.012491
10439    0.018079
10495    0.011322
10545    0.011241
10653    0.015672
11178    0.008834
11218    0.005199
11383    0.011406
11503    0.005669
11567    0.010581
11569    0.006902
11605    0.019487
11743    0.018079
11841    0.004010
11928    0.011492
11966    0.010450
12086    0.012267
12098    0.012730
12122    0.006100
12215    0.016305
12245    0.006407
12365    0.009085
12505    0.008794
12522    0.007979
12526    0.012267
12817    0.008276
12994    0.024300
13014    0.005343
13078    0.027797
13361    0.009970
13434    0.002207
13449    0.021894
13466    0.034109
13632    0.024300
13871    0.011670
13939    0.007142
14085    0.015672
14131    0.011580
14342    0.013568
14343    0.020053
14406    0.022118
14412    0.019402
14754    0.009701
14781    0.012857
14835    0.016305
14865    0.009403
14887    0.024300
15273    0.036158
15282    0.014897
15368    0.011580
15386    0.017080
15387    0.015137
15551    0.008794
15623    0.009309
15889    0.012730
16034    0.009085
16116    0.007217
16237    0.006678
16437    0.010142
16458    0.021894
16705    0.006367
16907    0.013532
16946    0.035287
16988    0.012491
17101    0.017914
17117    0.011877
17141    0.012491
17185    0.015137
17347    0.010084
17351    0.013568
17359    0.019487
17407    0.007825
17484    0.016203
17531    0.006926
17547    0.012267
17574    0.019487
17588    0.042593
17663    0.024300
18158    0.018170
18233    0.018712
18657    0.018712
18824    0.017544
19316    0.020486
19339    0.021894
19366    0.010132
19394    0.023525
19396    0.024300
19464    0.013577
19467    0.014463
19523    0.012857
19529    0.033248
19740    0.021894
19795    0.018712
19972    0.024300
20047    0.020486
20116    0.013124
20166    0.015672
20233    0.011955
20271    0.019487
20778    0.011406
20803    0.004823
20830    0.010932
20848    0.006308
20946    0.006550
21005    0.007765
21016    0.027653
21019    0.009753
21085    0.009549
21086    0.022812
21087    0.014137
