503
63    0.009099
147    0.005936
161    0.004265
164    0.015573
166    0.022554
181    0.010099
219    0.002803
231    0.005850
270    0.008514
272    0.008514
273    0.007776
288    0.004031
303    0.005850
309    0.007513
397    0.007098
469    0.003143
539    0.004370
543    0.010099
575    0.006776
633    0.005850
638    0.005850
744    0.005343
786    0.003948
813    0.009099
829    0.010099
834    0.006191
868    0.005928
870    0.013857
917    0.007291
957    0.010099
974    0.009700
999    0.008514
1008    0.007776
1010    0.007513
1184    0.005978
1240    0.006405
1335    0.007513
1413    0.010581
1424    0.006398
1425    0.009625
1472    0.017328
1477    0.003638
1490    0.005427
1658    0.009099
1699    0.001199
1846    0.003528
1859    0.004215
1862    0.002058
1926    0.009856
1940    0.003454
1942    0.004888
2093    0.003021
2102    0.007582
2182    0.007513
2204    0.009099
2206    0.005776
2216    0.009552
2252    0.006398
2267    0.008514
2268    0.006398
2302    0.009099
2319    0.005053
2375    0.006291
2396    0.005445
2473    0.009099
2537    0.015553
2576    0.010099
2604    0.003512
2626    0.009099
2681    0.007776
2706    0.002812
2711    0.004265
2745    0.002999
2827    0.009099
2841    0.015160
2842    0.008098
2864    0.006776
2872    0.004543
2900    0.009099
2943    0.010287
2960    0.018197
3050    0.005605
3083    0.015553
3126    0.009937
3244    0.007513
3327    0.004483
3340    0.005850
3348    0.009099
3396    0.006766
3397    0.020488
3451    0.003831
3473    0.007117
3485    0.004343
3543    0.008098
3551    0.017027
3600    0.008514
3602    0.008514
3603    0.005706
3647    0.011398
3685    0.006398
3733    0.004031
3790    0.003989
3826    0.006098
3842    0.003277
4033    0.007513
4037    0.005144
4130    0.004638
4137    0.002461
4258    0.002803
4260    0.003655
4277    0.005706
4325    0.006776
4390    0.012094
4474    0.008098
4488    0.004928
4512    0.005144
4637    0.004968
4656    0.004850
4662    0.003574
4669    0.006291
4697    0.007410
4810    0.004240
4899    0.002989
4955    0.007098
4997    0.006398
5043    0.004458
5055    0.004888
5075    0.001757
5079    0.003303
5115    0.004968
5135    0.007513
5143    0.008514
5196    0.007513
5201    0.010099
5262    0.006191
5408    0.005191
5415    0.003655
5480    0.004671
5495    0.001937
5515    0.008219
5532    0.002527
5544    0.004543
5563    0.004053
5684    0.018032
5769    0.002849
5826    0.012581
5920    0.006011
5943    0.010099
5956    0.017027
6227    0.006398
6233    0.009099
6244    0.006398
6313    0.004671
6328    0.005574
6558    0.006639
6613    0.013264
6628    0.006240
6707    0.003425
6728    0.010099
6809    0.004316
6844    0.007855
7039    0.020574
7051    0.006513
7108    0.010099
7168    0.002010
7248    0.008098
7311    0.005638
7351    0.003483
7402    0.005928
7475    0.012581
7524    0.002888
7531    0.002622
7642    0.004075
7650    0.007551
7714    0.004397
7748    0.004705
7837    0.008514
7926    0.005928
7964    0.005098
7996    0.004290
8007    0.006513
8019    0.004864
8087    0.006639
8116    0.002190
8132    0.010099
8218    0.004907
8219    0.009700
8365    0.010099
8402    0.006639
8407    0.004370
8408    0.005454
8442    0.003831
8473    0.006639
8534    0.003252
8568    0.002252
8630    0.001735
8638    0.004191
8668    0.008514
8774    0.008685
8840    0.014437
8841    0.009099
8842    0.015027
8865    0.009099
8918    0.003343
8941    0.009099
8945    0.008514
9049    0.006398
9207    0.010099
9261    0.009099
9293    0.006928
9294    0.014582
9332    0.008098
9364    0.013533
9402    0.005454
9411    0.001917
9418    0.005638
9484    0.015631
9517    0.002356
9523    0.004143
9533    0.003143
9631    0.003850
9647    0.005144
9664    0.003383
9798    0.002831
9812    0.003528
9946    0.005706
9984    0.016574
9985    0.004543
9989    0.014437
10105    0.011513
10106    0.004671
10140    0.003203
10146    0.004850
10179    0.005776
10234    0.010099
10261    0.002527
10376    0.006291
10484    0.010099
10568    0.008514
10794    0.004143
10837    0.011125
11026    0.006098
11052    0.006398
11093    0.003812
11112    0.005605
11117    0.002505
11201    0.009559
11334    0.003053
11355    0.001963
11358    0.003411
11367    0.006639
11390    0.004543
11420    0.006639
11434    0.002775
11445    0.004098
11531    0.003411
11588    0.005454
11604    0.008514
11683    0.001902
11689    0.008098
11709    0.019103
11716    0.009099
11729    0.003316
11782    0.007514
11841    0.005000
11958    0.004075
12005    0.002031
12006    0.004812
12050    0.007098
12052    0.009099
12054    0.007513
12074    0.006398
12084    0.004120
12110    0.002731
12167    0.010196
12175    0.008098
12273    0.019071
12300    0.002589
12304    0.005513
12345    0.005515
12415    0.003109
12548    0.003265
12644    0.006291
12654    0.006291
12684    0.002126
12722    0.007291
12758    0.008098
12817    0.003439
12836    0.005513
12853    0.003215
12855    0.002336
12864    0.003143
12911    0.003252
12927    0.003411
12928    0.003688
12932    0.004343
12962    0.007098
12987    0.004349
12999    0.001662
13014    0.002221
13050    0.002550
13055    0.010099
13154    0.011436
13156    0.007513
13215    0.009099
13351    0.002369
13355    0.007047
13357    0.001414
13434    0.002751
13451    0.004483
13462    0.004454
13466    0.002363
13647    0.002679
13679    0.008098
13691    0.005454
13757    0.006776
13791    0.005290
13792    0.007098
13793    0.007513
13819    0.012581
13825    0.006191
13827    0.007291
13854    0.010099
13951    0.006776
13961    0.006513
14033    0.009099
14065    0.017896
14077    0.008514
14140    0.005776
14155    0.008098
14200    0.004316
14203    0.008514
14249    0.020329
14250    0.007291
14251    0.007098
14319    0.005513
14332    0.007291
14391    0.004265
14425    0.007128
14439    0.002432
14485    0.003722
14548    0.009099
14607    0.006850
14623    0.008098
14683    0.005513
14701    0.005513
14742    0.001031
14796    0.003227
14811    0.005144
15032    0.004483
15054    0.008098
15081    0.003606
15135    0.004812
15160    0.032596
15239    0.005098
15338    0.008098
15344    0.003688
15353    0.008514
15430    0.009099
15455    0.008098
15627    0.008514
15783    0.008966
15807    0.005343
15907    0.006084
15927    0.004215
15952    0.006712
15983    0.007896
16034    0.003776
16295    0.009099
16358    0.008098
16396    0.009025
16404    0.007776
16447    0.010099
16461    0.012430
16487    0.005513
16521    0.004606
16585    0.008806
16692    0.005240
16695    0.006398
16703    0.008514
16705    0.002646
16732    0.002512
16763    0.006639
16823    0.009099
16828    0.007291
16842    0.009099
16844    0.010099
16880    0.003468
16882    0.005776
16885    0.009277
16969    0.009099
16971    0.008514
16974    0.009099
17033    0.004606
17051    0.002958
17095    0.005191
17117    0.004936
17144    0.002277
17174    0.008098
17185    0.006291
17313    0.009148
17451    0.004191
17484    0.001683
17531    0.002878
17583    0.008098
17585    0.006291
17616    0.005638
17617    0.006098
17622    0.014196
17773    0.010099
17782    0.003543
17870    0.003155
17916    0.003688
18005    0.002574
18034    0.007291
18096    0.018197
18114    0.008514
18115    0.009099
18131    0.008098
18167    0.007770
18182    0.003116
18282    0.003131
18314    0.020329
18317    0.004053
18382    0.003831
18383    0.006286
18411    0.004215
18437    0.006776
18446    0.004606
18489    0.008514
18592    0.008098
18619    0.002597
18656    0.005706
18669    0.008514
18680    0.008098
18706    0.005850
18713    0.004215
18717    0.011064
18757    0.013857
18759    0.009099
18888    0.003383
18898    0.003831
18987    0.003776
19048    0.005638
19052    0.006398
19056    0.007098
19095    0.016029
19106    0.004483
19177    0.002898
19262    0.003425
19265    0.005706
19278    0.001812
19291    0.007513
19327    0.002383
19366    0.001404
19433    0.003812
19455    0.005098
19464    0.002821
19469    0.010099
19474    0.006398
19503    0.004370
19527    0.009099
19541    0.006513
19543    0.010722
19640    0.004167
19676    0.006513
19707    0.003303
19773    0.002535
19817    0.003948
19841    0.006191
19905    0.004888
20090    0.005140
20260    0.000858
20275    0.004950
20277    0.007776
20295    0.008098
20321    0.012795
20335    0.007776
20366    0.005638
20410    0.009099
20522    0.009099
20666    0.007513
20673    0.004454
20700    0.005397
20717    0.002574
20768    0.002376
20782    0.005513
20803    0.002004
20839    0.006776
20901    0.006263
20902    0.003329
20983    0.003155
20984    0.007513
20998    0.005343
21120    0.009718
21129    0.002277
21132    0.004483
21146    0.004191
21147    0.005397
21157    0.005776
21164    0.006513
21247    0.001464
21250    0.007291
