260
523    0.008678
556    0.013117
1091    0.019564
1184    0.005786
1204    0.006770
1328    0.035225
1416    0.008979
1419    0.013411
1595    0.010343
1691    0.006223
1816    0.009868
1862    0.003984
1966    0.013411
2058    0.009782
2102    0.004892
2192    0.012177
2235    0.014544
2275    0.013411
2297    0.008406
2528    0.017613
2589    0.009699
2598    0.013117
2601    0.011985
2693    0.012608
2856    0.016480
3087    0.017613
3455    0.013740
3472    0.011475
3503    0.011635
3567    0.009199
3574    0.007932
3575    0.009618
3599    0.015053
3617    0.011985
3618    0.006770
3619    0.015206
3632    0.008021
3647    0.005516
3922    0.012177
4023    0.004878
4141    0.008305
4142    0.009176
4143    0.011985
4260    0.007074
4324    0.027197
4328    0.038471
4344    0.012177
4354    0.010558
4488    0.009539
4801    0.013117
4810    0.008207
4851    0.016480
4870    0.006040
5018    0.011324
5043    0.002877
5063    0.013117
5075    0.003402
5079    0.012788
5084    0.018217
5096    0.025611
5327    0.013117
5529    0.015053
5556    0.007344
5567    0.021990
5636    0.014544
5717    0.007603
5776    0.015053
5856    0.018812
5976    0.019236
6406    0.013411
6451    0.011985
6655    0.007564
6697    0.009782
6758    0.008526
6761    0.005355
6788    0.013740
6844    0.007603
6850    0.015677
7211    0.019549
7270    0.011635
7271    0.012851
7363    0.015053
7387    0.012177
7460    0.008512
7558    0.013740
7679    0.011635
7709    0.008916
7716    0.009463
7748    0.009108
7802    0.002592
7833    0.005013
7974    0.017613
8025    0.005355
8078    0.011795
8107    0.004470
8218    0.009498
8219    0.009388
8428    0.009388
8442    0.007415
8816    0.047313
8982    0.015677
9002    0.009043
9005    0.010343
9068    0.011804
9137    0.010143
9229    0.012177
9640    0.017613
9664    0.006549
9765    0.012608
9811    0.009463
9922    0.017613
9947    0.004560
10096    0.009388
10150    0.012177
10175    0.007603
10190    0.016480
10261    0.004892
10452    0.016480
10454    0.068529
10671    0.011804
10701    0.065488
10794    0.008021
10892    0.004371
10916    0.012608
10917    0.016480
11103    0.002218
11112    0.005425
11138    0.010143
11180    0.035065
11181    0.005408
11527    0.010448
11569    0.005553
11591    0.009539
11729    0.006419
11744    0.005847
11779    0.017613
11830    0.011635
11841    0.003226
12087    0.012608
12122    0.004907
12283    0.015398
12307    0.005910
12345    0.005338
12618    0.008207
12861    0.040234
12864    0.006084
12949    0.008566
12987    0.002806
13014    0.004299
13036    0.016480
13061    0.015053
13125    0.008979
13151    0.010558
13319    0.006369
13357    0.002737
13434    0.007100
13501    0.024835
13533    0.009868
13584    0.090435
13585    0.022648
13591    0.009388
13866    0.008112
13892    0.010143
13899    0.007846
13910    0.005372
14012    0.007682
14014    0.009618
14065    0.006929
14439    0.009415
14441    0.011635
14485    0.007206
14604    0.008365
14681    0.012384
14734    0.014113
14742    0.003991
14745    0.008966
14780    0.009957
14906    0.011324
14944    0.015864
15019    0.008255
15063    0.005590
15168    0.017613
15212    0.009699
15342    0.010448
15478    0.009539
15660    0.010241
15710    0.008255
15751    0.013740
15764    0.009108
15818    0.005952
15821    0.008459
15889    0.010241
15925    0.014544
15947    0.011324
16047    0.010672
16321    0.007206
16485    0.006344
16490    0.025698
16501    0.011491
16509    0.013483
16585    0.005682
16660    0.017613
16705    0.010244
16732    0.004863
16941    0.003654
16977    0.012851
17074    0.007309
17144    0.008816
17313    0.008854
17451    0.008112
17484    0.006517
17643    0.006040
17669    0.004640
18091    0.011045
18138    0.008112
18167    0.003008
18179    0.006980
18247    0.007240
18282    0.003031
18333    0.012384
18383    0.012169
18486    0.016480
18509    0.011475
18541    0.016480
18589    0.011181
18655    0.018740
18668    0.017589
18703    0.010143
18846    0.013411
18987    0.007309
19050    0.011635
19234    0.015053
19271    0.007240
19274    0.010448
19277    0.017589
19333    0.035225
19343    0.011045
19474    0.012384
19563    0.014113
19835    0.014113
20071    0.011635
20150    0.023270
20214    0.013117
20228    0.009315
20251    0.008021
20260    0.001662
20275    0.009583
20288    0.011635
20385    0.013740
20534    0.013045
20673    0.008621
20742    0.017957
20827    0.010048
20848    0.005075
20881    0.012608
20901    0.006062
20946    0.005270
21023    0.015677
21290    0.007107
21307    0.006369
