377
63    0.012243
147    0.007988
161    0.005739
164    0.006985
166    0.022762
231    0.007872
270    0.011456
273    0.010464
279    0.013589
288    0.010850
303    0.007872
309    0.010110
397    0.009552
469    0.004230
527    0.012243
539    0.005880
559    0.027179
633    0.007872
786    0.005312
799    0.007977
828    0.008331
834    0.008331
868    0.007977
950    0.013589
974    0.013052
999    0.011456
1008    0.010464
1240    0.004309
1413    0.014238
1424    0.008609
1425    0.006476
1472    0.007772
1477    0.009791
1490    0.003651
1699    0.004841
1859    0.005672
1862    0.002770
1926    0.006631
1927    0.010464
1940    0.004647
1942    0.006578
2064    0.010464
2093    0.004065
2102    0.017005
2182    0.010110
2206    0.007772
2216    0.006426
2252    0.008609
2267    0.011456
2292    0.005514
2319    0.006800
2344    0.003282
2375    0.008465
2396    0.007326
2432    0.002347
2537    0.020928
2626    0.012243
2723    0.003796
2745    0.004036
2756    0.009118
2827    0.012243
2841    0.027200
2861    0.006476
2864    0.009118
2943    0.006921
3050    0.003771
3099    0.008933
3126    0.006686
3142    0.010464
3315    0.006426
3327    0.006032
3340    0.015744
3353    0.010898
3396    0.009105
3397    0.027569
3451    0.005155
3473    0.009576
3485    0.005844
3543    0.010898
3551    0.011456
3583    0.002980
3600    0.011456
3602    0.011456
3647    0.011503
3685    0.008609
3826    0.008206
3842    0.004410
4012    0.010110
4033    0.010110
4130    0.006241
4137    0.003311
4277    0.007678
4325    0.009118
4390    0.016275
4393    0.010898
4488    0.006631
4512    0.006921
4656    0.013052
4662    0.004809
4669    0.008465
4697    0.004986
4899    0.004022
5043    0.002000
5115    0.006686
5132    0.008206
5143    0.011456
5196    0.010110
5259    0.010110
5355    0.008088
5389    0.009118
5408    0.006985
5414    0.004852
5480    0.006286
5495    0.002607
5515    0.007373
5532    0.003401
5544    0.012227
5563    0.005454
5670    0.008331
5684    0.024264
5769    0.003834
5852    0.009811
5865    0.006113
5915    0.007678
5918    0.008206
6227    0.008609
6244    0.008609
6313    0.006286
6500    0.012243
6538    0.007678
6557    0.008609
6613    0.017849
6782    0.013589
6844    0.010570
7039    0.006921
7050    0.009118
7051    0.008764
7248    0.010898
7351    0.004686
7441    0.006526
7484    0.013589
7531    0.003528
7571    0.005312
7642    0.005484
7650    0.010161
7802    0.001801
7837    0.011456
7882    0.007587
7926    0.007977
7930    0.007051
7964    0.006860
7996    0.011546
8007    0.008764
8019    0.003272
8125    0.010464
8131    0.005880
8167    0.008206
8219    0.013052
8395    0.006113
8407    0.005880
8442    0.005155
8473    0.008933
8630    0.002335
8668    0.011456
8774    0.005844
8840    0.025903
8842    0.010110
8907    0.008331
9049    0.008609
9148    0.010110
9152    0.006578
9261    0.012243
9293    0.009323
9294    0.019622
9364    0.009105
9411    0.002580
9418    0.007587
9484    0.010517
9486    0.008088
9517    0.003170
9518    0.005783
9523    0.005575
9531    0.011456
9631    0.005180
9664    0.004553
9777    0.006286
9984    0.033453
9989    0.006476
10105    0.003873
10140    0.004309
10151    0.010898
10207    0.010110
10261    0.003401
10475    0.009552
10493    0.009323
10568    0.011456
10837    0.004277
10888    0.007872
11117    0.003371
11201    0.006432
11218    0.002907
11334    0.004108
11355    0.002641
11358    0.009180
11390    0.006113
11434    0.007469
11439    0.005544
11531    0.009180
11588    0.007339
11604    0.011456
11683    0.002560
11709    0.025706
11729    0.004462
11782    0.003371
11841    0.002243
12006    0.006476
12052    0.012243
12054    0.010110
12071    0.004940
12084    0.005544
12167    0.006860
12273    0.012831
12345    0.007421
12548    0.004393
12613    0.006198
12644    0.025395
12659    0.004590
12722    0.009811
12758    0.010898
12855    0.003143
12864    0.008459
12911    0.004376
12927    0.004590
12928    0.009926
12949    0.005955
12962    0.009552
12978    0.005844
12987    0.005852
13014    0.002988
13050    0.003432
13156    0.010110
13219    0.006072
13355    0.003161
13357    0.003806
13434    0.002468
13451    0.006032
13466    0.003179
13647    0.003606
13757    0.009118
13791    0.007119
13793    0.010110
13819    0.025395
13827    0.009811
13951    0.009118
14065    0.016055
14077    0.011456
14155    0.010898
14200    0.005808
14223    0.013589
14249    0.018237
14279    0.010110
14329    0.009811
14604    0.002907
14607    0.009218
14717    0.005672
14742    0.001387
14796    0.004342
14811    0.006921
14955    0.011456
15032    0.006032
15135    0.006476
15160    0.043862
15344    0.004963
15353    0.011456
15455    0.010898
15601    0.004963
15623    0.005206
15716    0.007190
15820    0.004706
15848    0.006860
15907    0.004094
15927    0.005672
15952    0.013548
15983    0.015937
16337    0.007418
16396    0.006072
16404    0.010464
16461    0.016726
16487    0.007418
16501    0.003994
16575    0.005955
16585    0.013430
16633    0.008933
16703    0.011456
16705    0.003561
16831    0.010464
16882    0.015545
16907    0.003784
16944    0.003663
16969    0.012243
16971    0.011456
16974    0.012243
17033    0.006198
17051    0.003980
17105    0.003939
17144    0.003064
17145    0.007772
17172    0.012243
17174    0.021795
17313    0.006155
17430    0.013589
17451    0.005639
17484    0.002265
17616    0.007587
17622    0.019103
17670    0.007339
17863    0.008331
18096    0.012243
18113    0.011456
18115    0.012243
18146    0.007263
18167    0.008365
18182    0.002096
18190    0.006241
18283    0.013589
18314    0.018237
18382    0.005155
18383    0.004230
18411    0.005672
18446    0.012396
18569    0.007418
18592    0.010898
18619    0.003495
18650    0.009323
18674    0.007418
18680    0.010898
18706    0.007872
18717    0.019851
18888    0.004553
18898    0.005155
18987    0.005081
19043    0.011277
19052    0.017218
19056    0.009552
19095    0.021569
19266    0.003939
19366    0.001889
19433    0.005130
19455    0.006860
19464    0.003796
19541    0.008764
19543    0.004809
19675    0.008764
19817    0.005312
19841    0.008331
19844    0.001271
20090    0.006917
20260    0.002310
20275    0.003331
20321    0.017218
20335    0.010464
20672    0.006921
20673    0.005993
20717    0.003463
20768    0.003197
20776    0.006286
20785    0.004609
20839    0.009118
20902    0.004480
20998    0.007190
21120    0.013077
21129    0.003064
21146    0.005639
21147    0.007263
21150    0.001550
21164    0.008764
21247    0.001970
