333
35    0.012339
68    0.012339
115    0.005854
120    0.013696
147    0.004025
219    0.007602
314    0.005716
319    0.009626
425    0.012339
447    0.006080
448    0.006629
449    0.006577
450    0.006120
453    0.006577
455    0.004588
457    0.005557
460    0.005557
477    0.009190
556    0.009190
611    0.010546
613    0.011546
666    0.005854
690    0.010189
695    0.011546
775    0.012339
853    0.014080
857    0.006428
858    0.005963
887    0.009888
1272    0.005002
1490    0.003680
1707    0.010097
1862    0.002791
1919    0.009609
2081    0.009190
2173    0.004082
2334    0.026769
2392    0.012339
2396    0.003692
2432    0.007095
2447    0.017062
2499    0.007397
2666    0.010189
2676    0.006976
2678    0.020384
2706    0.003813
2744    0.003668
2748    0.010983
2826    0.006629
2909    0.012857
2968    0.006428
3238    0.005025
3326    0.004868
3338    0.005963
3583    0.003003
3659    0.102798
3660    0.009396
3843    0.010983
3879    0.009003
3896    0.009396
3897    0.018239
3901    0.010189
3913    0.010983
4075    0.006795
4188    0.008270
4229    0.008833
4313    0.008833
4402    0.009003
4450    0.007431
4452    0.025189
4778    0.007246
5044    0.011779
5093    0.005651
5260    0.005557
5485    0.018871
5515    0.003716
5602    0.006381
5608    0.011546
5626    0.005818
5975    0.004201
5988    0.011114
6086    0.008396
6365    0.004515
6372    0.003260
6398    0.013696
6401    0.008039
6466    0.009888
6495    0.007738
6507    0.006577
6598    0.007067
6604    0.010546
6875    0.011546
7044    0.008151
7053    0.006335
7097    0.005273
7168    0.002725
7176    0.006976
7179    0.031638
7181    0.004570
7188    0.004847
7456    0.004626
7571    0.010708
7709    0.006246
7736    0.004025
7802    0.014525
7807    0.010983
7833    0.010535
7935    0.006428
8036    0.017352
8105    0.006246
8116    0.002970
8200    0.005557
8323    0.004934
8343    0.007106
8362    0.011637
8568    0.003054
8573    0.006738
8581    0.003037
8585    0.008531
8622    0.004111
8661    0.013696
8674    0.027939
8711    0.004743
8964    0.005410
8984    0.005382
8986    0.012339
9002    0.006335
9003    0.015075
9146    0.009396
9301    0.006428
9336    0.097152
9364    0.013764
9368    0.009190
9406    0.010546
9411    0.002600
9783    0.007320
9798    0.007677
10439    0.010189
10495    0.006381
10545    0.006335
10653    0.008833
10691    0.009626
10693    0.009003
10695    0.013696
10773    0.009328
10794    0.005619
10803    0.010935
10822    0.009888
10859    0.013696
10881    0.011779
10892    0.003062
10898    0.007106
11103    0.006215
11117    0.003397
11178    0.004979
11213    0.004360
11286    0.009190
11334    0.020702
11352    0.021966
11355    0.005324
11383    0.012857
11386    0.013935
11434    0.007528
11525    0.013696
11566    0.006381
11569    0.007780
11606    0.013696
11683    0.002580
11743    0.010189
11841    0.002260
11928    0.006477
11966    0.011779
11968    0.020927
12006    0.013053
12061    0.009626
12122    0.003438
12131    0.010546
12245    0.003611
12365    0.010241
12411    0.008151
12522    0.004497
12526    0.006913
12660    0.004934
12684    0.002883
12974    0.010390
12983    0.007967
12987    0.001966
13014    0.003012
13070    0.006629
13078    0.015666
13347    0.006335
13366    0.008531
13409    0.009626
13449    0.012339
13466    0.019224
13492    0.006629
13494    0.009190
13581    0.007647
13939    0.008050
14131    0.006526
14202    0.010546
14339    0.010546
14341    0.006203
14342    0.015293
14343    0.005651
14406    0.012466
14412    0.010935
14538    0.005588
14591    0.012339
14780    0.006976
14781    0.007246
14835    0.009190
14865    0.005300
14920    0.007106
15026    0.008396
15192    0.007738
15212    0.013590
15278    0.009190
15282    0.008396
15384    0.009626
15386    0.019253
15468    0.005410
15470    0.007647
15488    0.005273
15492    0.008151
15497    0.004588
15524    0.010983
15551    0.004956
15555    0.004723
15604    0.006161
15667    0.009888
15904    0.011546
16023    0.007738
16071    0.010983
16116    0.008135
16237    0.003764
16299    0.006526
16458    0.012339
16509    0.004723
16585    0.008758
16705    0.003589
16724    0.004764
16907    0.011440
16945    0.007040
16958    0.005818
16988    0.014080
17008    0.009396
17017    0.023801
17019    0.022940
17080    0.006976
17101    0.005048
17103    0.005002
17105    0.003970
17117    0.010041
17119    0.013696
17122    0.006629
17141    0.007040
17303    0.007476
17331    0.005072
17347    0.005683
17368    0.008833
17484    0.006849
17496    0.006738
17521    0.014492
17574    0.010983
17588    0.030007
17589    0.010189
17635    0.008396
17659    0.012339
17685    0.008039
17814    0.004462
17830    0.004805
17949    0.005926
17974    0.011546
18047    0.012339
18142    0.007738
18158    0.010241
18159    0.005247
18233    0.010546
18235    0.013696
18282    0.006370
18328    0.008833
18340    0.005588
18657    0.010546
18888    0.004588
18962    0.006428
19106    0.006080
19212    0.005588
19226    0.006501
19262    0.004645
19278    0.004914
19292    0.012339
19296    0.008270
19316    0.011546
19327    0.003232
19366    0.009517
19394    0.013259
19397    0.007320
19410    0.002534
19426    0.002690
19460    0.003177
19464    0.011478
19516    0.010546
19518    0.006913
19523    0.007246
19529    0.024985
19707    0.008959
19740    0.012339
19744    0.010983
19757    0.006795
19844    0.002562
20166    0.008833
20409    0.013366
20464    0.004111
20778    0.006428
20803    0.002718
20848    0.003555
20868    0.006040
20894    0.011328
20994    0.005889
21003    0.015119
21016    0.025976
21018    0.015666
21019    0.021987
21040    0.010189
21058    0.004011
21085    0.005382
21087    0.015935
21141    0.007175
21150    0.003123
21152    0.006120
21153    0.013696
21247    0.009927
