325
34    0.017584
1097    0.005891
1139    0.017584
1242    0.012612
1490    0.004725
1651    0.017584
1699    0.002088
1712    0.006196
1746    0.005393
1823    0.014101
1918    0.007382
1958    0.031685
1959    0.017584
2074    0.009212
2138    0.015843
2243    0.013540
2333    0.010186
2522    0.011341
2551    0.017584
2696    0.013082
2723    0.004912
2773    0.012695
2867    0.057394
2894    0.014824
2908    0.015843
3104    0.017584
3110    0.010186
3111    0.017584
3235    0.015843
3393    0.008193
3403    0.017584
3468    0.013540
3477    0.035168
3504    0.013540
3593    0.005063
3635    0.007339
3686    0.008134
3736    0.011799
3862    0.007470
3883    0.013540
3903    0.006638
3907    0.015843
3925    0.008651
3932    0.025390
4012    0.013082
4037    0.008956
4202    0.007470
4240    0.025221
4244    0.017584
4245    0.036080
4262    0.008651
4298    0.017584
4354    0.009497
4476    0.017584
4504    0.011559
4611    0.011341
4701    0.017302
4896    0.017584
5043    0.007762
5075    0.003060
5170    0.009497
5189    0.017584
5190    0.017584
5214    0.010618
5243    0.017584
5325    0.017584
5426    0.010322
5487    0.007516
5494    0.017584
5495    0.003373
5501    0.003490
5523    0.007020
5537    0.007516
5643    0.017584
5691    0.017584
5719    0.004995
5750    0.010953
5834    0.014101
5856    0.005641
5934    0.017584
5962    0.008580
5986    0.009706
6031    0.017584
6077    0.013082
6108    0.015843
6233    0.015843
6267    0.014101
6372    0.004185
6403    0.008580
6561    0.017584
6646    0.014101
6719    0.011830
6758    0.003835
6867    0.017584
6889    0.017584
6947    0.017584
6972    0.012695
6984    0.010482
7015    0.027081
7016    0.017584
7042    0.014824
7063    0.035168
7087    0.007255
7168    0.006999
7311    0.009818
7330    0.005259
7356    0.011799
7523    0.006770
7559    0.009818
7589    0.014101
7632    0.016507
7693    0.008580
7725    0.009599
7736    0.010336
7779    0.007020
7802    0.004662
8019    0.004234
8054    0.017584
8104    0.014824
8135    0.013082
8224    0.013082
8329    0.017584
8427    0.017584
8500    0.003867
8511    0.011799
8513    0.012064
8533    0.005820
8573    0.008651
8575    0.017584
8577    0.008799
8596    0.023327
8623    0.011559
8646    0.017584
8650    0.017584
8918    0.005820
9023    0.013211
9113    0.017584
9143    0.006839
9156    0.012064
9160    0.008512
9183    0.011140
9225    0.017584
9319    0.009398
9320    0.036696
9321    0.017584
9454    0.005097
9502    0.007135
9507    0.015843
9518    0.011225
9947    0.004102
10064    0.008076
10581    0.011799
10669    0.013082
10719    0.017584
10765    0.017584
10805    0.017584
11039    0.017584
11103    0.007979
11128    0.015843
11178    0.006392
11218    0.003762
11289    0.006638
11308    0.013082
11314    0.017584
11334    0.015948
11344    0.008316
11355    0.003417
11380    0.012695
11439    0.007174
11444    0.006223
11503    0.004102
11519    0.007135
11547    0.015843
11570    0.005493
11587    0.009706
11830    0.010466
11841    0.002902
11847    0.017584
11854    0.009706
12006    0.016759
12156    0.015843
12161    0.010466
12184    0.015843
12369    0.014824
12453    0.017584
12591    0.005222
12599    0.015843
12684    0.007402
12710    0.017584
12765    0.005493
12987    0.005048
13060    0.010186
13145    0.016507
13171    0.035168
13310    0.010780
13351    0.004125
13388    0.006638
13408    0.017584
13422    0.017584
13434    0.006387
13451    0.007806
13525    0.017584
13580    0.004284
13583    0.013540
13608    0.017584
13865    0.007964
13870    0.014824
13900    0.017584
13921    0.008651
14014    0.008651
14065    0.008310
14066    0.010186
14088    0.011799
14131    0.008379
14141    0.012695
14303    0.005063
14354    0.010953
14430    0.006874
14439    0.004234
14466    0.015843
14473    0.012359
14475    0.009599
14488    0.017584
14579    0.008316
14741    0.006278
14745    0.004032
14769    0.008193
14788    0.017584
14997    0.008020
15044    0.012064
15055    0.017584
15140    0.004817
15144    0.011799
15410    0.007174
15493    0.010466
15669    0.012064
15705    0.011341
15804    0.012359
15903    0.010322
16001    0.011140
16116    0.005222
16205    0.009124
16213    0.010953
16237    0.004833
16364    0.014824
16432    0.006804
16611    0.012359
16705    0.004607
16724    0.006116
16892    0.008651
16919    0.012695
16958    0.007470
17001    0.015843
17027    0.011687
17029    0.015510
17031    0.013082
17044    0.007705
17059    0.008379
17355    0.011140
17484    0.002931
17508    0.014824
17527    0.009599
17669    0.008347
17745    0.017584
17811    0.007858
17864    0.014824
17969    0.017584
17997    0.017584
18040    0.015843
18047    0.015843
18167    0.005412
18266    0.011799
18268    0.014824
18282    0.002726
18310    0.013082
18315    0.017584
18410    0.015843
18423    0.017584
18823    0.017584
18865    0.015843
18898    0.006670
18970    0.017584
19046    0.006770
19048    0.009818
19200    0.021236
19212    0.007174
19225    0.011830
19226    0.012520
19229    0.011140
19261    0.005259
19296    0.010618
19352    0.014824
19416    0.005988
19460    0.004078
19535    0.006392
19562    0.007806
19567    0.010322
19651    0.017584
19743    0.017584
19811    0.017584
19844    0.001645
20031    0.017584
20104    0.014824
20342    0.017584
20350    0.017584
20572    0.017584
20695    0.007656
20701    0.013540
20713    0.004755
20715    0.011799
20716    0.006946
20771    0.007516
20803    0.003490
20821    0.010780
20923    0.022681
20927    0.004259
20946    0.009480
21088    0.010322
21115    0.004125
21118    0.006804
21119    0.008580
21126    0.018993
21186    0.014101
21197    0.017584
21247    0.007648
