205
103    0.016539
199    0.021147
301    0.016490
648    0.025084
786    0.029418
927    0.013846
966    0.020115
1240    0.015910
1422    0.015625
1425    0.011953
1454    0.021147
1472    0.057387
1646    0.027610
1699    0.005957
1919    0.008800
2047    0.007125
2093    0.007503
2102    0.006278
2221    0.017209
2287    0.012046
2291    0.016490
2322    0.022600
2323    0.025084
2432    0.017327
2565    0.013406
2837    0.050169
2838    0.025084
2886    0.042293
2933    0.013015
3229    0.025084
3245    0.013846
3397    0.010178
3451    0.009515
4026    0.023207
4137    0.018336
4152    0.014172
4250    0.017631
4301    0.011209
4378    0.011603
4390    0.010014
4450    0.006805
4456    0.020583
5043    0.007382
5106    0.021147
5147    0.019316
5149    0.015378
5191    0.025084
5495    0.004812
5532    0.006278
5544    0.011284
5565    0.022600
5578    0.009515
5628    0.007173
5759    0.021147
5915    0.014172
5976    0.012341
6085    0.009908
6197    0.017209
6313    0.011603
6372    0.005971
6405    0.018662
6406    0.017209
6613    0.016473
6808    0.012445
6809    0.010721
6908    0.006203
7048    0.009378
7097    0.009658
7168    0.009984
7194    0.019030
7276    0.025084
7482    0.015891
7523    0.019315
7524    0.007173
7531    0.006512
7559    0.014005
7605    0.017631
7633    0.017209
7753    0.006849
7754    0.010721
7802    0.003325
7882    0.014005
7923    0.022600
7996    0.010656
8007    0.016178
8052    0.017209
8090    0.025084
8301    0.014929
8505    0.010068
8573    0.024682
8630    0.004310
8918    0.008302
8984    0.009857
9026    0.018662
9099    0.025084
9179    0.021313
9183    0.015891
9217    0.025084
9242    0.012240
9282    0.015005
9312    0.025084
9364    0.008403
9381    0.022600
9411    0.004762
9454    0.014543
9510    0.008956
9664    0.008403
9984    0.051458
9985    0.045138
10105    0.007149
10612    0.013015
10837    0.003948
10838    0.016178
11196    0.012142
11201    0.005936
11326    0.017631
11342    0.014005
11444    0.008877
11569    0.007125
11588    0.013547
11841    0.016559
12110    0.006783
12300    0.006432
12345    0.013698
12999    0.004129
13050    0.006335
13058    0.025084
13179    0.009334
13355    0.005835
13357    0.003512
13434    0.006833
13451    0.011135
13640    0.017209
13647    0.006655
13670    0.016490
13866    0.020818
13951    0.033663
14065    0.014817
14104    0.017209
14343    0.010350
14489    0.019316
14607    0.008507
14639    0.019316
14796    0.008016
14946    0.014531
15155    0.017209
15160    0.017992
15484    0.010787
15801    0.030534
15906    0.008651
15907    0.007556
15952    0.016672
15983    0.009806
16267    0.021147
16461    0.051458
16523    0.018110
16697    0.042293
16715    0.025084
16729    0.008176
16734    0.005032
16767    0.014531
16791    0.011603
16907    0.006984
16958    0.010656
17056    0.014725
17209    0.015378
17273    0.018110
17622    0.017631
17695    0.013547
17843    0.022600
17963    0.013015
18142    0.014172
18282    0.003889
18340    0.010234
18383    0.007807
18446    0.011440
18462    0.011688
18717    0.018322
19095    0.013271
19173    0.011953
19266    0.036357
19433    0.009469
19464    0.007007
19640    0.010350
19675    0.016178
19736    0.010122
19844    0.002346
19923    0.025084
19986    0.018110
20260    0.002132
20281    0.009077
20671    0.012240
20672    0.012776
20713    0.020350
20717    0.006393
20839    0.033663
20902    0.041347
20964    0.015331
21039    0.013406
21115    0.005885
21120    0.024139
21146    0.010409
21247    0.003636
21264    0.031050
21346    0.013547
