56
191    0.050431
556    0.083856
1262    0.051275
2334    0.048854
2723    0.034912
2744    0.033474
3467    0.083856
3635    0.052160
3659    0.062536
3660    0.085737
3901    0.092978
3903    0.047175
4301    0.055845
4461    0.046501
6093    0.096233
7555    0.096233
7744    0.049890
7802    0.016567
8078    0.025134
8674    0.050989
9106    0.063085
9129    0.073360
9336    0.059101
10545    0.057809
10720    0.100218
11928    0.059101
12042    0.056221
12505    0.045225
13466    0.029236
13939    0.036730
14916    0.124973
15140    0.034234
15218    0.077847
15229    0.056997
15497    0.041867
16766    0.048604
16945    0.064238
16946    0.060493
17500    0.080600
17588    0.054762
17939    0.100218
18018    0.064843
18167    0.019231
18282    0.019375
18898    0.047405
19019    0.112596
19226    0.029660
19394    0.060493
19464    0.034912
19742    0.075463
20233    0.061485
20697    0.105355
21005    0.039935
21086    0.058660
21247    0.018117
21266    0.033796
