240
288    0.009100
314    0.019029
319    0.032046
677    0.012184
744    0.012061
806    0.013382
975    0.017554
1335    0.016960
1423    0.019029
1451    0.005426
1692    0.010863
1707    0.008403
1733    0.016458
1762    0.017536
1847    0.010545
2102    0.005705
2109    0.014986
2173    0.006794
2432    0.007873
2584    0.022796
2836    0.022796
2839    0.022796
3050    0.025306
3053    0.019254
3132    0.020539
3297    0.008690
3341    0.007312
3396    0.015274
3470    0.015296
3567    0.005364
3583    0.004999
3635    0.009515
3686    0.010545
3726    0.007963
3733    0.009100
3884    0.022796
4028    0.018398
4137    0.005554
4176    0.024122
4260    0.008250
4390    0.009100
4450    0.006185
4456    0.009353
4474    0.018281
4656    0.021895
4721    0.017554
4729    0.007427
4789    0.022796
4810    0.009570
4870    0.007043
4873    0.012583
4940    0.020539
4969    0.016023
5043    0.003354
5155    0.014986
5208    0.015296
5495    0.008746
5515    0.012369
5544    0.020511
6372    0.010852
6478    0.020539
6480    0.019218
6488    0.016458
6503    0.019218
6557    0.014442
6596    0.005740
6613    0.007485
6633    0.014702
6707    0.007731
7243    0.019218
7416    0.026077
7441    0.010948
7479    0.019218
7510    0.013205
7574    0.015639
7788    0.018281
7882    0.012728
7987    0.009052
7996    0.009685
8107    0.005213
8125    0.017554
8144    0.018281
8167    0.013765
8218    0.016614
8364    0.016458
8366    0.022796
8533    0.007545
8726    0.013038
8747    0.013975
8840    0.010863
9118    0.007202
9151    0.020539
9152    0.022069
9402    0.024623
9454    0.013216
9456    0.014442
9484    0.008821
9510    0.008139
9517    0.005318
9623    0.020539
9624    0.016960
9985    0.010255
9989    0.010863
10105    0.012994
10106    0.010545
10156    0.014702
10624    0.018281
10794    0.009353
10837    0.003587
10892    0.005097
10905    0.022796
10994    0.015639
10995    0.019218
11066    0.022796
11117    0.016962
11180    0.005111
11183    0.008777
11196    0.011035
11201    0.005395
11271    0.008032
11503    0.005318
11570    0.007122
11720    0.022796
11754    0.013765
11945    0.014986
12093    0.038436
12300    0.005845
12415    0.014035
12591    0.006770
12621    0.059943
12661    0.011611
12684    0.004798
12807    0.022796
12831    0.020539
12855    0.010545
12951    0.012444
12999    0.007505
13067    0.022796
13179    0.008482
13357    0.003192
13434    0.002070
13484    0.008911
13501    0.005792
13818    0.022796
13866    0.009460
13910    0.006265
13951    0.015296
13952    0.041077
14221    0.035108
14425    0.016091
14604    0.004877
14617    0.013568
14635    0.045593
14716    0.011828
15081    0.008139
15103    0.012583
15105    0.013205
15307    0.022796
15353    0.019218
15494    0.014986
15623    0.008733
15820    0.007895
15849    0.010863
15912    0.005881
15927    0.009515
15953    0.012312
15955    0.010120
16437    0.009515
16461    0.009353
16585    0.013252
16705    0.017919
16720    0.022796
16721    0.022796
16791    0.063270
16792    0.022796
16794    0.013038
16882    0.013038
16941    0.004261
17051    0.006677
17358    0.013205
17455    0.013382
17484    0.007600
17511    0.022796
17519    0.012312
17524    0.008958
17531    0.006497
17574    0.018281
17585    0.014200
17705    0.022796
17814    0.007427
17819    0.014200
17821    0.040161
17827    0.019218
17829    0.011407
17830    0.007997
17857    0.012184
17976    0.022796
18167    0.003508
18282    0.007068
18462    0.010622
18677    0.020539
18703    0.011828
18747    0.019218
18802    0.020539
18882    0.004917
18982    0.031279
19022    0.061616
19089    0.031279
19133    0.012879
19210    0.022796
19213    0.011310
19261    0.006818
19274    0.012184
19278    0.004090
19361    0.017554
19410    0.004217
19640    0.009406
19733    0.022796
19903    0.022796
20197    0.019218
20488    0.013568
20557    0.015090
20666    0.016960
20667    0.019218
20671    0.011124
20672    0.023222
20673    0.010054
20713    0.006165
20785    0.007731
20851    0.014442
20898    0.018281
20902    0.007515
20939    0.022796
20964    0.006966
21057    0.007731
21085    0.008958
21120    0.007312
21150    0.002599
21247    0.003305
21290    0.008287
