369
115    0.005854
191    0.005527
319    0.009626
449    0.006577
556    0.009190
760    0.008270
857    0.006428
858    0.005963
1028    0.010546
1198    0.013696
1262    0.011238
1331    0.013696
1423    0.005716
1451    0.016299
1466    0.005926
1681    0.005619
1690    0.006526
1698    0.003716
1699    0.003252
1712    0.014477
1820    0.010189
1862    0.005583
1919    0.024024
2050    0.007647
2102    0.006855
2113    0.005557
2260    0.012339
2283    0.005497
2292    0.005557
2334    0.016062
2394    0.008270
2396    0.003692
2432    0.002365
2434    0.010546
2447    0.008531
2564    0.013696
2567    0.007934
2588    0.012339
2676    0.006976
2742    0.008531
2744    0.003668
2768    0.006976
2819    0.004343
2909    0.006428
2947    0.004934
3053    0.005784
3304    0.012339
3365    0.013696
3644    0.007934
3659    0.150771
3660    0.018792
3688    0.006290
3842    0.004444
3897    0.006080
3911    0.010097
3945    0.010546
3959    0.009626
4109    0.008833
4113    0.012339
4185    0.012339
4188    0.008270
4216    0.010983
4273    0.009888
4450    0.007431
4452    0.008396
4456    0.011238
4458    0.008396
4532    0.008151
4578    0.007040
4801    0.009190
4803    0.009190
4942    0.010546
4980    0.007738
4992    0.020379
5043    0.004031
5044    0.005889
5093    0.005651
5096    0.007177
5225    0.006683
5328    0.012339
5399    0.007106
5458    0.007833
5485    0.012581
5495    0.002627
5501    0.008155
5515    0.003716
5615    0.005818
5616    0.008396
5767    0.009626
5855    0.011546
5936    0.012339
5988    0.005557
5991    0.015075
6093    0.010546
6365    0.004515
6394    0.008676
6401    0.008039
6403    0.006683
6497    0.007246
6507    0.006577
6547    0.010189
6598    0.003533
6620    0.008270
6632    0.006853
6719    0.004607
6808    0.013590
6908    0.003387
6984    0.004082
7087    0.005651
7181    0.009139
7188    0.009694
7192    0.005854
7344    0.010983
7356    0.009190
7456    0.009252
7520    0.010983
7524    0.003916
7531    0.003555
7571    0.005354
7575    0.010983
7705    0.012339
7736    0.008050
7769    0.008151
7802    0.001816
7829    0.013696
7873    0.013696
7926    0.008039
8001    0.006976
8021    0.005195
8037    0.011546
8107    0.003132
8261    0.010189
8319    0.013696
8383    0.009003
8500    0.006023
8505    0.005497
8515    0.013696
8533    0.004533
8542    0.010546
8558    0.011546
8568    0.006107
8573    0.006738
8581    0.018220
8585    0.008531
8596    0.007267
8711    0.004743
8777    0.005889
8907    0.008396
8977    0.008676
9003    0.005025
9006    0.010983
9170    0.012339
9179    0.005818
9209    0.003123
9218    0.009396
9336    0.058291
9364    0.004588
9367    0.013696
9517    0.003195
9649    0.010983
9715    0.012339
9777    0.006335
9798    0.019193
9825    0.013696
9892    0.011546
9945    0.005854
10043    0.013696
10121    0.007738
10545    0.012670
10548    0.013696
10653    0.008833
10693    0.009003
10794    0.005619
10822    0.009888
10881    0.005889
10892    0.009187
10898    0.007106
11103    0.001554
11112    0.003801
11141    0.009003
11207    0.004912
11218    0.002930
11279    0.005002
11285    0.008833
11286    0.009190
11334    0.016561
11355    0.007985
11383    0.012857
11386    0.004645
11425    0.009888
11434    0.003764
11503    0.003195
11519    0.005557
11541    0.013696
11683    0.002580
11744    0.004096
11753    0.013053
11841    0.004520
11879    0.010546
11928    0.006477
11966    0.017668
11984    0.005588
11993    0.013696
12042    0.024645
12061    0.009626
12219    0.013696
12388    0.009626
12434    0.007647
12505    0.009912
12508    0.006913
12526    0.013827
12684    0.002883
12817    0.004664
12983    0.007967
12987    0.001966
13014    0.006023
13179    0.015288
13366    0.008531
13434    0.004974
13466    0.009612
13580    0.006674
13581    0.007647
13647    0.003634
13955    0.008396
14012    0.005382
14065    0.001618
14099    0.006629
14130    0.005818
14131    0.006526
14207    0.008676
14340    0.005497
14341    0.012407
14343    0.005651
14354    0.008531
14365    0.008270
14385    0.009003
14406    0.012466
14414    0.010546
14425    0.003222
14533    0.009626
14537    0.003851
14769    0.006381
14838    0.010546
14911    0.012339
15063    0.003916
15081    0.004890
15097    0.013696
15174    0.012339
15204    0.004551
15468    0.005410
15474    0.008151
15484    0.005889
15497    0.009176
15522    0.013696
15551    0.004956
15604    0.006161
15736    0.011546
15785    0.009888
15818    0.004170
15849    0.006526
15906    0.004723
15973    0.010983
16034    0.005120
16116    0.004068
16237    0.003764
16299    0.006526
16349    0.007738
16437    0.005716
16552    0.010983
16585    0.007962
16685    0.012339
16705    0.010766
16724    0.004764
16766    0.005327
16891    0.013696
16914    0.010189
16955    0.005354
16958    0.011637
16988    0.014080
17008    0.009396
17034    0.007040
17080    0.006976
17082    0.013696
17104    0.007934
17115    0.006795
17210    0.007833
17248    0.009396
17304    0.008531
17347    0.005683
17480    0.006203
17521    0.007246
17531    0.003903
17659    0.012339
17669    0.003250
17685    0.008039
17692    0.013696
17808    0.007647
17814    0.004462
17830    0.004805
17849    0.010546
17892    0.008833
17894    0.011546
17951    0.007738
18142    0.007738
18273    0.010189
18282    0.002123
18340    0.011176
18396    0.008396
18432    0.009190
18436    0.008151
18459    0.009396
18475    0.011546
18736    0.009190
18877    0.012339
18882    0.002954
19084    0.006526
19106    0.006080
19177    0.007859
19204    0.005438
19228    0.007476
19262    0.009290
19278    0.004914
19309    0.005382
19347    0.007476
19366    0.007614
19370    0.008719
19389    0.007647
19394    0.006629
19433    0.005170
19464    0.003826
19467    0.008151
19523    0.021738
19529    0.006246
19535    0.004979
19649    0.007833
19673    0.009626
19820    0.004626
19841    0.008396
19946    0.013696
19973    0.011546
19997    0.006246
20140    0.012339
20185    0.010189
20226    0.007040
20409    0.006683
20464    0.004111
20686    0.007738
20713    0.011111
20714    0.004515
20716    0.005410
20771    0.011707
20778    0.006428
20803    0.002718
20844    0.002859
20915    0.007246
20944    0.013696
20994    0.005889
21016    0.010390
21019    0.005497
21087    0.007967
21129    0.003088
21150    0.006247
21152    0.006120
21158    0.013696
21242    0.008676
21247    0.009927
21266    0.003704
21296    0.006853
21299    0.016303
