412
147    0.003774
161    0.005423
267    0.005627
301    0.008441
303    0.007439
319    0.009026
469    0.003997
558    0.011569
604    0.006426
670    0.007999
896    0.007754
917    0.009271
946    0.010825
974    0.006167
1007    0.011569
1191    0.011569
1240    0.016289
1245    0.009839
1274    0.006216
1384    0.007538
1423    0.016079
1456    0.005857
1472    0.007345
1477    0.004626
1498    0.012841
1646    0.009423
1671    0.011569
1733    0.009271
1823    0.010298
1862    0.002617
1919    0.004505
1949    0.004302
2015    0.005898
2047    0.003647
2048    0.010308
2084    0.004486
2102    0.003214
2173    0.003827
2432    0.002218
2565    0.006863
2639    0.012841
2669    0.008810
2706    0.003576
2723    0.014349
2745    0.003814
2747    0.005898
2764    0.009888
2801    0.007170
2841    0.006426
2915    0.008616
2933    0.006663
2934    0.007538
2943    0.006540
3050    0.003564
3053    0.010846
3112    0.009026
3198    0.007872
3236    0.012841
3341    0.004119
3396    0.012906
3397    0.010421
3410    0.007538
3445    0.011569
3451    0.009742
3543    0.010298
3635    0.005360
3726    0.004486
3836    0.021651
3999    0.010825
4026    0.005940
4028    0.010364
4137    0.009386
4141    0.005455
4176    0.006794
4182    0.011569
4202    0.005455
4236    0.009888
4258    0.003564
4277    0.007255
4278    0.012841
4390    0.005126
4450    0.003484
4505    0.006266
4573    0.009554
4598    0.019776
4611    0.008282
4656    0.006167
4739    0.008135
4817    0.020805
4871    0.010719
4918    0.007999
5020    0.005239
5043    0.003779
5044    0.005522
5075    0.002234
5115    0.012635
5149    0.007872
5272    0.010825
5280    0.016270
5287    0.007643
5293    0.015745
5352    0.004690
5414    0.004585
5482    0.008135
5495    0.002463
5515    0.010451
5532    0.003214
5684    0.007643
5851    0.006727
5877    0.007754
5918    0.015508
6296    0.012841
6310    0.008616
6313    0.011880
6376    0.006601
6403    0.006266
6430    0.005591
6441    0.017233
6466    0.009271
6480    0.010825
6481    0.009271
6558    0.016883
6613    0.025299
6618    0.008810
6633    0.016564
6705    0.013065
6719    0.004319
6843    0.010825
6908    0.003176
6951    0.008616
6955    0.007872
7039    0.013081
7088    0.005857
7097    0.004944
7117    0.005738
7297    0.009271
7325    0.005700
7330    0.003841
7416    0.007345
7441    0.006167
7456    0.008674
7460    0.005591
7523    0.004944
7537    0.007754
7560    0.012841
7569    0.013326
7571    0.015060
7636    0.005298
7833    0.003293
7883    0.012841
7890    0.010825
7892    0.004994
7931    0.009026
7948    0.005898
7996    0.005455
8019    0.006185
8077    0.007643
8097    0.010298
8107    0.002936
8116    0.005570
8125    0.009888
8218    0.015598
8220    0.006119
8223    0.005663
8233    0.004919
8347    0.025683
8348    0.012841
8473    0.008441
8530    0.009271
8622    0.003854
8638    0.010657
8705    0.012841
8711    0.004447
8785    0.008135
8840    0.006119
8984    0.010092
9153    0.009467
9203    0.007345
9209    0.002928
9241    0.012841
9282    0.003841
9402    0.006935
9411    0.002438
9454    0.003722
9499    0.008135
9517    0.002995
9631    0.004895
9663    0.007255
9865    0.012841
9882    0.012841
9984    0.021074
9985    0.005777
9989    0.006119
10011    0.007345
10105    0.003660
10156    0.008282
10195    0.008810
10332    0.008135
10408    0.007345
10474    0.012841
10521    0.012841
10794    0.005269
10837    0.002021
10858    0.012841
10881    0.005522
10892    0.002871
10896    0.012841
10988    0.019107
11007    0.006482
11103    0.001457
11218    0.002747
11271    0.004525
11335    0.012841
11341    0.006318
11355    0.017470
11386    0.008710
11387    0.007872
11445    0.005210
11528    0.004250
11567    0.005591
11661    0.006167
11683    0.002419
11709    0.006073
11750    0.003440
11782    0.003185
11786    0.006318
11827    0.008441
11841    0.012715
12071    0.004668
12083    0.012841
12110    0.003473
12230    0.007964
12272    0.007872
12364    0.007999
12400    0.012841
12415    0.003953
12456    0.010825
12591    0.007628
12613    0.005857
12855    0.002970
12873    0.007439
12897    0.012841
12904    0.003365
12947    0.005700
12949    0.005627
12987    0.001843
13014    0.005647
13125    0.005898
13179    0.004778
13183    0.009888
13228    0.004119
13357    0.001798
13388    0.004847
13434    0.004664
13451    0.005700
13580    0.006258
13665    0.012841
13791    0.006727
13827    0.009271
13841    0.007872
13856    0.009271
13866    0.005329
13882    0.012841
13897    0.006027
13909    0.005072
13926    0.006935
14032    0.012841
14065    0.009102
14078    0.012841
14104    0.008810
14130    0.005455
14221    0.009888
14256    0.009554
14303    0.003697
14353    0.007999
14404    0.012841
14425    0.003021
14440    0.008282
14475    0.007010
14607    0.004355
14626    0.012841
14701    0.007010
14762    0.007255
14780    0.006540
14824    0.006073
14834    0.012841
15081    0.004585
15140    0.003518
15160    0.004605
15166    0.008282
15273    0.009554
15324    0.010825
15393    0.019776
15432    0.008616
15466    0.004525
15801    0.005210
15820    0.004447
15844    0.007754
15907    0.003868
15927    0.005360
15952    0.008535
15955    0.005700
15983    0.005020
16302    0.006426
16308    0.009888
16391    0.007255
16394    0.012841
16461    0.010537
16482    0.008282
16585    0.005972
16659    0.017233
16705    0.020188
16713    0.018358
16791    0.053460
16793    0.012841
16794    0.007345
16803    0.008282
16807    0.009026
16862    0.004505
16944    0.010385
16958    0.005455
17185    0.007999
17216    0.008135
17242    0.008441
17308    0.012841
17313    0.005816
17369    0.010198
17480    0.005816
17484    0.002141
17496    0.006318
17527    0.007010
17616    0.007170
17620    0.012841
17625    0.012841
17721    0.012841
17782    0.004505
17821    0.027148
17829    0.012851
17844    0.012841
18003    0.004895
18095    0.009888
18113    0.010825
18138    0.005329
18159    0.004919
18167    0.001976
18203    0.004267
18253    0.007088
18282    0.007963
18317    0.005154
18340    0.005239
18347    0.007088
18382    0.004871
18399    0.009026
18429    0.011569
18446    0.005857
18462    0.041882
18572    0.008282
18622    0.012841
18623    0.012841
18643    0.012841
18649    0.005983
18652    0.003333
18670    0.004466
18703    0.006663
18706    0.007439
18712    0.007643
18748    0.012841
18901    0.005940
18903    0.006073
18998    0.006935
19025    0.012841
19215    0.007999
19266    0.003722
19303    0.012841
19325    0.011569
19433    0.004847
19464    0.003587
19580    0.007345
19640    0.010597
19661    0.008616
19820    0.004337
19907    0.007010
20088    0.006027
20260    0.002183
20281    0.004647
20460    0.009129
20507    0.007643
20536    0.011569
20593    0.007345
20616    0.011569
20617    0.007088
20672    0.006540
20673    0.005663
20776    0.005940
20778    0.006027
20803    0.002549
20868    0.002832
20890    0.010298
20898    0.010298
20901    0.003982
20902    0.004233
20983    0.008023
21061    0.010825
21092    0.012841
21120    0.004119
21139    0.007643
21146    0.005329
21150    0.001464
21172    0.007010
21243    0.002912
21293    0.009554
21298    0.009554
