168
303    0.019491
552    0.012701
574    0.021315
702    0.012520
773    0.013432
786    0.013153
974    0.016158
1061    0.030314
1064    0.033647
1069    0.015793
1084    0.033647
1262    0.013805
1422    0.020959
1425    0.032067
1471    0.020627
1639    0.033647
1749    0.033647
1762    0.008627
1862    0.006857
2102    0.008421
2122    0.017458
2841    0.050510
3050    0.009338
3343    0.020627
3396    0.011272
3397    0.013652
3451    0.012763
3567    0.015833
3825    0.019751
4028    0.013578
4137    0.008198
4260    0.012176
4267    0.016984
4390    0.013432
4697    0.012345
4815    0.028365
4870    0.020791
5043    0.004951
5075    0.005855
5414    0.012013
5515    0.027384
5532    0.008421
5544    0.015136
5595    0.023649
5852    0.024291
6085    0.013290
6372    0.008009
6613    0.033145
6707    0.022822
7039    0.051411
7048    0.012579
7254    0.019244
7330    0.010064
7524    0.009622
7531    0.017469
7600    0.015136
7603    0.024291
7693    0.016418
7930    0.017458
7945    0.033647
8131    0.014559
8254    0.019491
8301    0.020025
8302    0.026982
8537    0.056730
8581    0.007460
8741    0.022577
8745    0.024291
8765    0.033647
8781    0.010357
8786    0.015035
8840    0.016033
8964    0.013290
9039    0.020317
9179    0.014294
9209    0.007672
9301    0.015793
9364    0.022544
9411    0.006388
9424    0.014381
9442    0.015345
9486    0.020025
9517    0.007849
9631    0.012826
9798    0.009431
9883    0.020025
9984    0.055219
10837    0.005295
10898    0.017458
11201    0.007962
11290    0.023083
11355    0.006539
11420    0.022118
11440    0.050953
11841    0.016658
12230    0.010434
12300    0.008627
12618    0.014125
12684    0.021246
12911    0.010835
12999    0.011078
13050    0.008497
13179    0.012520
13231    0.017137
13434    0.012221
13647    0.008927
13866    0.013962
14065    0.003975
14322    0.015345
14719    0.017801
15155    0.023083
15160    0.036200
15166    0.021700
15468    0.013290
15601    0.012288
15801    0.013652
15952    0.033543
16034    0.012579
16207    0.029872
16265    0.016158
16461    0.013805
16559    0.025909
16734    0.013498
16791    0.015564
17117    0.008222
17303    0.018368
17307    0.033647
17480    0.015240
17521    0.017801
17617    0.020317
17817    0.031354
17821    0.011855
17857    0.017983
17870    0.010511
18050    0.030314
18167    0.005178
18340    0.013728
18446    0.015345
18462    0.015677
18713    0.014043
18717    0.012288
18982    0.023083
18992    0.029301
19046    0.012954
19212    0.027456
19309    0.013221
19410    0.006225
19433    0.012701
19453    0.022636
19462    0.020317
19543    0.023815
19640    0.013883
19661    0.022577
20260    0.002860
20673    0.014839
20839    0.022577
20868    0.007419
20902    0.011092
20915    0.017801
20964    0.010282
21061    0.028365
21118    0.013019
21122    0.011048
21129    0.007586
21146    0.013962
21247    0.004878
21264    0.027766
21265    0.022577
