144
103    0.013336
267    0.017726
448    0.019581
857    0.018988
858    0.017614
1242    0.014508
1330    0.040454
1344    0.036447
1451    0.009629
1689    0.012878
1741    0.015162
1918    0.016983
1919    0.042576
2113    0.016414
2332    0.023746
2334    0.015814
2432    0.013972
2499    0.021848
2748    0.032441
3489    0.032441
3641    0.028434
3659    0.040486
3901    0.030097
4026    0.037426
4075    0.020070
4313    0.026090
4450    0.021950
4678    0.016324
4690    0.020243
4899    0.011973
5043    0.005953
5093    0.016692
5096    0.010600
5549    0.017614
5616    0.024800
5678    0.024077
5862    0.040454
5975    0.012407
5991    0.014842
6403    0.019740
6466    0.029206
6497    0.021403
6808    0.020070
6984    0.012057
7181    0.013498
7186    0.026593
7328    0.036447
7520    0.032441
7571    0.015814
7744    0.032298
7802    0.010726
7824    0.024077
7987    0.016064
8101    0.017396
8275    0.015345
8323    0.014573
8500    0.008896
8567    0.040454
8581    0.008970
8786    0.018077
8787    0.048855
8975    0.040454
9002    0.018713
9003    0.014842
9336    0.019131
9411    0.007680
9630    0.032441
9798    0.011338
10286    0.031151
10543    0.121361
10545    0.037426
10773    0.013777
10892    0.027135
11103    0.009179
11355    0.007862
11445    0.016414
11519    0.016414
11531    0.027327
11569    0.011491
11683    0.007620
11841    0.006676
11879    0.031151
11928    0.019131
11964    0.030097
12098    0.021193
12389    0.032441
12505    0.014639
12684    0.008515
12699    0.036447
13014    0.026687
13050    0.020432
13228    0.012976
13434    0.003673
13466    0.009464
13491    0.019131
14086    0.036447
14093    0.017186
14341    0.018323
14504    0.040454
14537    0.011376
14591    0.072894
14749    0.013834
15212    0.020070
15497    0.013552
15518    0.031151
15830    0.020243
15944    0.018849
16195    0.040454
16299    0.019277
16813    0.029206
17122    0.019581
17322    0.036447
17347    0.016787
17369    0.016064
17588    0.017726
18340    0.016505
18435    0.014316
18469    0.030097
18670    0.014070
18777    0.036447
18898    0.015345
18998    0.021848
19023    0.036447
19065    0.018849
19084    0.057831
19177    0.011607
19262    0.013720
19366    0.011244
19426    0.007945
19453    0.013608
19460    0.018766
19518    0.020421
19561    0.040454
19757    0.020070
19844    0.007568
20206    0.034103
20260    0.003439
20855    0.025199
21039    0.021621
21086    0.018988
21087    0.011767
21129    0.018242
21150    0.009225
21247    0.011729
