172
103    0.032495
246    0.011331
1097    0.011007
1326    0.018345
1382    0.015422
1451    0.007821
1466    0.014217
1689    0.010459
1698    0.008914
1699    0.003901
1862    0.006697
2084    0.011477
2352    0.018136
2432    0.005674
2497    0.020143
2723    0.009179
2737    0.022567
2744    0.008801
2747    0.015091
3298    0.028981
3688    0.015091
3789    0.013635
3821    0.019840
3858    0.014585
3911    0.012111
4457    0.022541
4522    0.013958
4621    0.018563
4870    0.010151
4904    0.018563
4967    0.027699
5177    0.019840
5211    0.014585
5225    0.016033
5501    0.013043
5549    0.014306
5601    0.023721
5614    0.011284
5678    0.019555
5717    0.012779
5856    0.010540
5879    0.012714
5968    0.021191
5975    0.010077
5991    0.012055
6001    0.025301
6403    0.016033
6452    0.016889
6596    0.008273
6651    0.012168
6756    0.012403
6908    0.016250
7053    0.015199
7097    0.012650
7168    0.006539
7181    0.010963
7261    0.020467
7569    0.017048
7802    0.004356
8040    0.008323
8078    0.006608
8186    0.016301
8803    0.025301
8848    0.019033
8899    0.016441
8966    0.029603
9002    0.015199
9256    0.011783
9311    0.015904
9388    0.011190
9395    0.019287
10000    0.018136
10140    0.010420
10221    0.021599
10250    0.032857
10261    0.008223
10290    0.011379
10578    0.028795
10932    0.014781
10942    0.055488
11112    0.009119
11180    0.007367
11201    0.007775
11213    0.010459
11503    0.007664
11667    0.043198
11673    0.018563
11729    0.010789
11782    0.008149
11841    0.016267
11896    0.023721
12005    0.006608
12085    0.011428
12086    0.016586
12307    0.079463
12309    0.012168
12898    0.029562
12900    0.014043
12983    0.009557
12987    0.009432
12995    0.016301
12999    0.010818
13246    0.020815
13351    0.007709
13356    0.017936
13434    0.002983
13437    0.029603
13497    0.017745
13682    0.032857
13877    0.027587
13910    0.018059
13939    0.009657
14014    0.016165
14066    0.019033
14430    0.012844
14439    0.007912
14475    0.017936
14537    0.009240
14604    0.007029
14742    0.006708
14811    0.016735
15070    0.034767
15220    0.020815
15555    0.011331
15743    0.023721
15912    0.008477
16116    0.009758
16130    0.018345
16165    0.020467
16485    0.010663
16578    0.015309
16585    0.005730
16657    0.014682
16729    0.005355
16766    0.012779
16959    0.009897
17044    0.014398
17072    0.034425
17074    0.024568
17079    0.032330
17093    0.015779
17478    0.019033
17616    0.018345
17643    0.020303
17776    0.023721
17846    0.014781
17868    0.013117
18167    0.010112
18282    0.010188
18435    0.011628
18656    0.018563
18807    0.017048
19266    0.009524
19370    0.010459
19410    0.012157
19453    0.022104
19460    0.007621
19686    0.021599
19693    0.017213
19817    0.012844
20260    0.005586
20487    0.019840
20601    0.011379
20717    0.008374
20830    0.014781
20848    0.008529
21140    0.027699
21150    0.007493
21247    0.004763
21264    0.013557
21266    0.008885
21307    0.021409
