48
254    0.095332
574    0.083652
845    0.080952
917    0.095332
1275    0.066656
3050    0.036646
3306    0.068513
4461    0.049133
5074    0.043881
5484    0.077512
5656    0.098241
6334    0.065512
6613    0.043359
7531    0.034278
8116    0.028639
8918    0.043705
9127    0.064965
9209    0.060220
9947    0.030803
9984    0.054177
9985    0.059403
10261    0.033047
10837    0.020780
11201    0.031249
11841    0.021792
12071    0.048003
12283    0.026002
12300    0.033859
12999    0.021737
13350    0.090590
13357    0.018489
14065    0.031200
14316    0.043188
14359    0.063414
15601    0.048224
15712    0.042195
15952    0.131642
16527    0.044237
16729    0.021520
16880    0.045347
17034    0.135748
17924    0.077512
18182    0.020370
18992    0.057496
20090    0.022403
20460    0.046937
20587    0.055763
21120    0.042357
