304
254    0.011973
273    0.012770
574    0.010506
621    0.005818
786    0.006483
974    0.007964
1022    0.013981
1240    0.010518
1425    0.007903
1472    0.037941
1473    0.016584
1477    0.011949
1646    0.012169
1680    0.007003
1681    0.006804
1689    0.005279
1690    0.007903
1699    0.003938
1740    0.006057
1842    0.010506
1862    0.006760
1918    0.006962
1926    0.016185
2048    0.006656
2102    0.008301
2170    0.008605
2216    0.015685
2344    0.004005
2396    0.004470
2604    0.005768
2747    0.007617
2806    0.005843
2933    0.017210
3050    0.004603
3272    0.012338
3306    0.008605
3327    0.007362
3393    0.007727
3396    0.038891
3397    0.020187
3473    0.005843
3484    0.009870
3592    0.009053
3632    0.006804
3685    0.010506
3745    0.007314
3850    0.006085
3874    0.014942
3910    0.016584
4026    0.007671
4028    0.026769
4137    0.008082
4260    0.006001
4389    0.017376
4390    0.019861
4393    0.013299
4656    0.015929
4666    0.007314
4669    0.010330
4817    0.017913
4870    0.005124
5074    0.005511
5262    0.010167
5414    0.005921
5487    0.007088
5495    0.003181
5515    0.008998
5521    0.007176
5535    0.008027
5856    0.005320
5918    0.010014
5977    0.013454
5987    0.009607
6085    0.006551
6334    0.008228
6372    0.003947
6532    0.007964
6598    0.008557
6613    0.016337
6951    0.011128
7088    0.007564
7233    0.016584
7240    0.011973
7259    0.033168
7441    0.007964
7510    0.009607
7524    0.009485
7582    0.033168
7600    0.014921
7631    0.006585
7645    0.016584
7833    0.004252
7882    0.009259
7892    0.006450
8058    0.011973
8107    0.003792
8116    0.007194
8140    0.011973
8218    0.008058
8219    0.023893
8223    0.007314
8228    0.020334
8233    0.006353
8446    0.008998
8474    0.014942
8500    0.003647
8527    0.016584
8594    0.006385
8745    0.011973
8774    0.007132
8777    0.007132
8840    0.007903
8842    0.012338
8918    0.005489
8940    0.033168
8971    0.010014
9004    0.009735
9118    0.005239
9388    0.005648
9402    0.008956
9424    0.014176
9460    0.008956
9484    0.006417
9510    0.005921
9517    0.003869
9518    0.003529
9984    0.020413
9989    0.007903
10025    0.011657
10074    0.004758
10105    0.004726
10140    0.005259
10152    0.014942
10520    0.049752
10578    0.014534
10584    0.033168
10837    0.005220
10892    0.003708
10897    0.004840
10902    0.010506
11087    0.005793
11089    0.008372
11112    0.004603
11201    0.007849
11223    0.018971
11298    0.016584
11330    0.009870
11334    0.020054
11355    0.009669
11369    0.011973
11434    0.004558
11440    0.008372
11445    0.006729
11567    0.007221
11569    0.004711
11683    0.003124
11709    0.007843
11729    0.005446
11829    0.049752
11841    0.016421
11945    0.010902
11984    0.006766
12109    0.007411
12162    0.007784
12163    0.012770
12167    0.008372
12300    0.004252
12364    0.010330
12758    0.013299
12832    0.033168
12855    0.003836
12864    0.005162
12907    0.006656
12911    0.010680
12947    0.007362
12983    0.009648
12999    0.008190
13145    0.015568
13348    0.006766
13350    0.011377
13357    0.002322
13434    0.006024
13580    0.004041
13647    0.004400
13757    0.011128
13791    0.008688
13792    0.011657
13866    0.006882
13868    0.033168
13890    0.011973
14065    0.003919
14155    0.013299
14221    0.012770
14234    0.010696
14493    0.013299
14595    0.011657
14604    0.003548
14691    0.016584
14706    0.016584
14718    0.011657
14742    0.001693
14971    0.010902
15081    0.005921
15160    0.023790
15503    0.006620
15600    0.007512
15601    0.006057
15652    0.016584
15712    0.005299
15713    0.007671
15783    0.007362
15801    0.006729
15804    0.011657
15818    0.005050
15912    0.004279
15927    0.006922
15952    0.005511
15953    0.008956
15983    0.012966
16048    0.008774
16116    0.014776
16117    0.005921
16365    0.033168
16521    0.007564
16562    0.009485
16568    0.022755
16575    0.007267
16585    0.000964
16705    0.004345
16724    0.017304
16729    0.013514
16734    0.026612
16791    0.046028
16794    0.009485
16880    0.005695
16923    0.004603
16944    0.004470
17033    0.015127
17051    0.004857
17093    0.007964
17108    0.006385
17117    0.004053
17269    0.009870
17585    0.010330
17669    0.003936
17678    0.011128
17830    0.005818
18159    0.006353
18167    0.005104
18182    0.002558
18317    0.006656
18319    0.005556
18334    0.009870
18382    0.018872
18384    0.009870
18447    0.012770
18450    0.011377
18462    0.015454
18619    0.004265
18662    0.016584
18702    0.008605
18713    0.006922
18747    0.027962
18828    0.023313
18882    0.007154
18905    0.011657
18982    0.011377
18983    0.011657
18987    0.006200
18992    0.007221
19026    0.033168
19060    0.011973
19063    0.011128
19064    0.010506
19089    0.011377
19161    0.016584
19225    0.005578
19228    0.009053
19578    0.010696
19640    0.006843
19731    0.033168
19841    0.010167
19905    0.008027
19955    0.014942
20090    0.002814
20116    0.008956
20156    0.012770
20260    0.001410
20310    0.011973
20488    0.009870
20587    0.014007
20588    0.009053
20593    0.009485
20785    0.005624
20859    0.008524
20956    0.006585
20983    0.005181
21057    0.011249
21063    0.009370
21124    0.016584
21129    0.003739
21150    0.001891
21172    0.018106
21266    0.004485
