293
115    0.006956
314    0.006793
328    0.016276
415    0.010138
417    0.011750
435    0.010138
485    0.022879
523    0.007225
610    0.006144
666    0.006956
1217    0.012533
1267    0.012533
1271    0.010311
1415    0.006793
1419    0.011166
1430    0.029287
1682    0.008526
1691    0.005181
1699    0.007730
1762    0.004173
1794    0.012533
1804    0.007273
1814    0.020621
1919    0.005710
2098    0.016276
2277    0.003416
2333    0.009428
2334    0.006362
2418    0.010699
2432    0.002811
2441    0.032551
2499    0.043949
2512    0.012109
2515    0.054883
2625    0.016276
2656    0.011750
2674    0.011166
2806    0.011469
2819    0.020645
2857    0.006204
2878    0.014664
3036    0.016276
3098    0.032551
3331    0.016276
3367    0.016276
3386    0.013721
3455    0.011440
3509    0.024217
3567    0.003829
3583    0.003569
3636    0.016276
3688    0.014950
3779    0.016276
3897    0.007225
3900    0.011440
3901    0.012109
4020    0.012109
4056    0.010921
4176    0.025833
4207    0.035935
4313    0.010497
4406    0.008216
5077    0.011750
5321    0.022332
5413    0.016276
5484    0.019108
5492    0.013052
5562    0.008290
5615    0.020743
5626    0.006914
5628    0.018617
5629    0.011440
5631    0.026103
5632    0.016276
5763    0.009195
5988    0.006604
5991    0.005971
6007    0.032551
6008    0.016276
6336    0.032551
6542    0.016276
6583    0.011166
6596    0.004098
6809    0.006956
6908    0.008050
6999    0.009428
7331    0.012109
7343    0.007639
7520    0.026103
7558    0.011440
7736    0.004783
7745    0.039155
7802    0.002158
7833    0.004173
7935    0.007639
8003    0.033497
8078    0.016367
8116    0.007060
8153    0.008366
8205    0.011440
8333    0.016276
8362    0.013829
8477    0.016276
8500    0.007158
8510    0.032551
8568    0.007258
8581    0.003609
8623    0.010699
8702    0.010138
8769    0.009687
8781    0.020040
8935    0.029483
8980    0.016276
9118    0.010284
9200    0.008859
9210    0.006085
9460    0.008790
9488    0.009687
9497    0.013721
9527    0.010699
10013    0.009828
10022    0.016276
10023    0.016276
10042    0.014664
10163    0.012109
10445    0.006914
10460    0.009428
10468    0.014664
10489    0.012109
10578    0.014264
10689    0.006793
10873    0.016276
10892    0.010917
10893    0.010311
11103    0.005539
11178    0.005917
11180    0.003649
11185    0.026103
11206    0.007942
11213    0.010362
11288    0.016276
11338    0.014664
11355    0.003163
11386    0.011040
11388    0.016276
11528    0.005387
11561    0.019956
11569    0.004623
11570    0.005084
11581    0.013135
11658    0.029327
11659    0.016276
11683    0.003066
11750    0.004359
11927    0.009428
11934    0.016276
11939    0.013721
11966    0.027996
11968    0.008290
12098    0.008526
12109    0.007273
12110    0.004401
12166    0.006056
12194    0.020994
12245    0.004291
12258    0.009087
12354    0.010497
12684    0.003426
12726    0.016276
12817    0.011086
12818    0.029692
12853    0.005181
12855    0.007528
12987    0.009345
13018    0.016276
13035    0.013052
13048    0.011750
13179    0.012112
13193    0.014664
13343    0.011440
13344    0.013052
13356    0.008885
13367    0.011440
13377    0.016276
13466    0.011422
13492    0.015756
13964    0.006956
14130    0.006914
14294    0.041162
14303    0.004686
14340    0.006532
14341    0.007372
14342    0.018174
14344    0.016276
14345    0.010138
14412    0.019492
14714    0.011750
14719    0.008611
14844    0.016276
14857    0.006715
15174    0.014664
15309    0.008611
15365    0.032551
15434    0.073318
15439    0.010699
15552    0.029327
15591    0.006956
15728    0.010138
16034    0.006085
16060    0.006362
16094    0.012170
16160    0.011750
16385    0.009309
16395    0.016276
16432    0.006298
16438    0.016276
16509    0.005613
16584    0.012533
16638    0.013052
16705    0.008529
16734    0.006529
16813    0.011750
16814    0.011166
16816    0.016276
16887    0.019655
16898    0.014664
16907    0.009064
17071    0.032551
17117    0.007955
17198    0.016276
17216    0.010311
17222    0.016276
17531    0.004639
17602    0.016276
17706    0.016276
17870    0.010169
17922    0.005785
18018    0.050668
18146    0.008699
18213    0.032551
18269    0.026103
18558    0.010699
18619    0.004186
18620    0.007529
18630    0.082324
18750    0.027441
18859    0.027441
18860    0.016276
18887    0.007475
18893    0.013721
18916    0.026103
18987    0.018255
18990    0.016276
18992    0.014173
19084    0.007756
19177    0.004670
19278    0.002920
19347    0.008885
19366    0.006786
19370    0.010362
19394    0.007878
19397    0.008699
19410    0.003011
19412    0.009195
19453    0.005475
19457    0.008075
19503    0.007042
19518    0.008216
19529    0.007423
19682    0.011750
19772    0.005543
19844    0.009134
19966    0.016276
20100    0.013508
20260    0.004151
20497    0.016276
20540    0.006715
20587    0.006873
20588    0.017770
20803    0.003230
20955    0.012109
20969    0.007475
21005    0.005201
21016    0.006174
21019    0.006532
21020    0.009195
21087    0.009468
21129    0.003670
21243    0.003690
21247    0.002359
21260    0.016276
21279    0.005837
21291    0.016276
