289
147    0.005810
433    0.011938
441    0.018842
632    0.011938
674    0.010792
786    0.007728
806    0.011605
927    0.010912
963    0.033333
978    0.008022
1309    0.006492
1433    0.010792
1451    0.004706
1466    0.008554
1514    0.017668
1586    0.030447
1603    0.007935
1610    0.012315
1662    0.009980
1712    0.006966
1747    0.017216
1752    0.017326
1760    0.017812
1762    0.005069
1816    0.009980
1853    0.011766
1944    0.011938
2003    0.007892
2004    0.015854
2006    0.017812
2117    0.011038
2137    0.015854
2187    0.015854
2211    0.011307
2281    0.007689
2297    0.008501
2307    0.013896
2432    0.003414
2689    0.012996
2723    0.011046
2742    0.012315
2744    0.005295
3077    0.007427
3113    0.014708
3272    0.014708
3486    0.015223
3583    0.004335
3593    0.005692
3619    0.007689
3675    0.008300
3743    0.005913
3944    0.012539
3989    0.011169
3991    0.013563
4023    0.004933
4191    0.014273
4390    0.007892
4418    0.013265
4432    0.016666
4450    0.005363
4456    0.008111
4497    0.011169
4695    0.011452
4777    0.007850
4971    0.013265
5020    0.040330
5075    0.006880
5096    0.010360
5165    0.014708
5241    0.015854
5260    0.008022
5366    0.016666
5459    0.017812
5515    0.005363
5545    0.012750
5549    0.008608
5558    0.017812
5567    0.005560
5717    0.007689
5745    0.008066
5782    0.017812
6085    0.007809
6151    0.017812
6229    0.014273
6334    0.009808
6425    0.010258
6452    0.010162
6454    0.013265
6486    0.009349
6524    0.016666
6598    0.005100
6606    0.015854
6651    0.014643
6653    0.013563
6655    0.007650
6761    0.005416
7004    0.015854
7053    0.009145
7168    0.003934
7194    0.007499
7303    0.020714
7383    0.016666
7454    0.015223
7456    0.006677
7588    0.012315
7642    0.007978
7856    0.012120
7892    0.007689
7996    0.008399
8021    0.007499
8040    0.005008
8078    0.011928
8243    0.014273
8271    0.016314
8272    0.026503
8381    0.109125
8382    0.035624
8500    0.004347
8630    0.006794
8698    0.011766
8821    0.013265
8905    0.013265
9168    0.010566
9364    0.006623
9417    0.010677
9454    0.011462
9459    0.009349
9510    0.007058
9517    0.004612
9662    0.017812
9777    0.009145
9812    0.006906
9860    0.017812
9889    0.017812
9963    0.010162
10060    0.023875
10096    0.018988
10201    0.012524
10261    0.004948
10377    0.012315
10509    0.008066
10671    0.011938
10784    0.011038
10821    0.014708
10836    0.010460
11052    0.012524
11103    0.002243
11117    0.004903
11121    0.023210
11123    0.015854
11132    0.015854
11181    0.005469
11218    0.004230
11219    0.014708
11250    0.017812
11364    0.009980
11365    0.015854
11370    0.015854
11503    0.009223
11841    0.009788
11842    0.017812
11890    0.011307
11958    0.007978
12110    0.005346
12166    0.007356
12283    0.003893
12300    0.005069
12405    0.016666
12544    0.018559
12718    0.015854
12723    0.017812
12911    0.006366
12955    0.015854
12983    0.005750
13070    0.009569
13198    0.009808
13351    0.013915
13650    0.015854
13655    0.017812
13777    0.011307
13867    0.015223
13910    0.005433
13955    0.012120
13991    0.016666
14004    0.013896
14065    0.002336
14073    0.027388
14121    0.014708
14136    0.017812
14145    0.025504
14148    0.035104
14152    0.033114
14299    0.017812
14303    0.005692
14347    0.017812
14402    0.016666
14428    0.010258
14439    0.004761
14442    0.010677
14492    0.014273
14604    0.004230
14741    0.007058
14742    0.010090
14914    0.016666
14980    0.013896
15033    0.009145
15271    0.007287
15344    0.014440
15364    0.013265
15460    0.017812
15517    0.049999
15544    0.015854
15556    0.008501
15594    0.012315
15623    0.007574
15791    0.007611
15974    0.015854
16116    0.005872
16117    0.014117
16152    0.017812
16184    0.016666
16337    0.010792
16432    0.007650
16485    0.006416
16490    0.008663
16501    0.005810
16508    0.012524
16585    0.001149
16705    0.005180
16744    0.021584
16907    0.011009
16928    0.015223
17144    0.004458
17279    0.013563
17337    0.013563
17345    0.008894
17466    0.017812
17854    0.008719
17922    0.007027
17964    0.010357
18054    0.015854
18055    0.009017
18182    0.003050
18191    0.015223
18199    0.015223
18282    0.003065
18307    0.010677
18317    0.007935
18384    0.011766
18628    0.015854
18655    0.012635
18668    0.008894
18678    0.013563
18683    0.014273
18703    0.010258
18784    0.009421
18905    0.013896
18914    0.017812
19085    0.009494
19220    0.014708
19266    0.005731
19426    0.007765
19427    0.024240
19431    0.017812
19460    0.004585
19471    0.012750
19472    0.016666
19505    0.016666
19580    0.011307
19822    0.010792
19844    0.001849
19935    0.013265
20226    0.010162
20267    0.015854
20467    0.013896
20534    0.006596
20583    0.009211
20620    0.005892
20803    0.003924
20833    0.011605
20861    0.015223
20946    0.005329
21005    0.006317
21115    0.004638
21243    0.004483
21247    0.002866
21290    0.007187
21293    0.014708
21297    0.013563
