85
147    0.019778
254    0.048583
674    0.036735
715    0.050065
799    0.039501
975    0.051818
1423    0.028086
1646    0.024689
1699    0.007990
1717    0.056730
1762    0.017255
1862    0.027430
2047    0.019114
2093    0.020127
2841    0.033673
3050    0.018676
3074    0.050065
3340    0.077963
3397    0.027304
3664    0.034590
4267    0.033969
4390    0.026864
4662    0.023815
4991    0.048583
5043    0.009902
5208    0.045153
5515    0.018256
5788    0.043400
5916    0.035253
5998    0.071205
6085    0.026581
6613    0.022096
6955    0.041254
7039    0.034274
7168    0.013391
7509    0.071205
7602    0.035966
7802    0.008921
8107    0.015388
8219    0.032317
8528    0.037572
8589    0.056730
8840    0.032067
9152    0.065146
9209    0.015345
9424    0.028761
9517    0.015697
9518    0.014318
9812    0.023506
9985    0.030273
9989    0.032067
10897    0.039282
11213    0.021421
11444    0.023815
11945    0.044237
12122    0.016892
12642    0.037572
12712    0.113460
14065    0.015900
14607    0.022822
15081    0.024026
15160    0.024133
15351    0.056730
15601    0.024576
15775    0.038488
15953    0.036343
15981    0.043400
16461    0.055219
16585    0.015648
16705    0.017632
16717    0.041918
17313    0.030480
17494    0.107927
17782    0.094431
18159    0.025779
18167    0.010355
18547    0.036735
18619    0.034616
19278    0.036217
19543    0.023815
19640    0.027766
19675    0.043400
19844    0.006295
20088    0.031586
20593    0.038488
