290
147    0.005794
433    0.011904
441    0.018788
632    0.011904
674    0.010762
786    0.007707
806    0.011572
927    0.010882
963    0.033239
978    0.007999
1309    0.006473
1433    0.010762
1451    0.004692
1466    0.008530
1514    0.017619
1586    0.030361
1603    0.007912
1610    0.012280
1662    0.009951
1712    0.006946
1747    0.017168
1752    0.017277
1760    0.017762
1762    0.005055
1816    0.009951
1853    0.011733
1944    0.011904
2003    0.007870
2004    0.015809
2006    0.017762
2117    0.011007
2137    0.015809
2187    0.015809
2211    0.011275
2281    0.007667
2297    0.008478
2307    0.013857
2432    0.003404
2689    0.012959
2723    0.011015
2742    0.012280
2744    0.005280
3077    0.007406
3113    0.014667
3272    0.014667
3486    0.015180
3583    0.004323
3593    0.005676
3619    0.007667
3675    0.008276
3743    0.005896
3944    0.012504
3989    0.011138
3991    0.013525
4023    0.004919
4191    0.014233
4390    0.007870
4418    0.013228
4432    0.016619
4450    0.005348
4456    0.008088
4497    0.011138
4695    0.011420
4777    0.007828
4971    0.013228
5020    0.040217
5075    0.006861
5096    0.010331
5165    0.014667
5241    0.015809
5260    0.007999
5366    0.016619
5459    0.017762
5515    0.005348
5545    0.012714
5549    0.008584
5558    0.017762
5567    0.005544
5717    0.007667
5745    0.008043
5782    0.017762
6085    0.007787
6151    0.017762
6229    0.014233
6334    0.009781
6425    0.010229
6452    0.010133
6454    0.013228
6486    0.009323
6524    0.016619
6598    0.005086
6606    0.015809
6651    0.014602
6653    0.013525
6655    0.007628
6761    0.005400
6918    0.007870
7004    0.015809
7053    0.009119
7168    0.003923
7194    0.007478
7303    0.020655
7383    0.016619
7454    0.015180
7456    0.006659
7588    0.012280
7856    0.012086
7892    0.007667
7996    0.008375
8021    0.007478
8040    0.004994
8078    0.011895
8243    0.014233
8271    0.016268
8272    0.026428
8381    0.108817
8382    0.035523
8500    0.004335
8630    0.006774
8698    0.011733
8821    0.013228
8905    0.013228
9168    0.010536
9364    0.006604
9417    0.010647
9454    0.011429
9459    0.009323
9510    0.007039
9517    0.004599
9662    0.017762
9777    0.009119
9812    0.006886
9860    0.017762
9889    0.017762
9963    0.010133
10060    0.023808
10096    0.018935
10201    0.012489
10261    0.004934
10377    0.012280
10509    0.008043
10671    0.011904
10784    0.011007
10821    0.014667
10836    0.010430
11052    0.012489
11103    0.002236
11117    0.004890
11121    0.023144
11123    0.015809
11132    0.015809
11181    0.005453
11218    0.004218
11219    0.014667
11250    0.017762
11364    0.009951
11365    0.015809
11370    0.015809
11503    0.009197
11841    0.009760
11842    0.017762
11890    0.011275
11958    0.007955
12110    0.005331
12166    0.007335
12283    0.003882
12300    0.005055
12405    0.016619
12544    0.018507
12718    0.015809
12723    0.017762
12911    0.006348
12955    0.015809
12983    0.005734
13070    0.009543
13198    0.009781
13351    0.013875
13650    0.015809
13655    0.017762
13777    0.011275
13867    0.015180
13910    0.005418
13955    0.012086
13991    0.016619
14004    0.013857
14065    0.002329
14073    0.027310
14121    0.014667
14136    0.017762
14145    0.025433
14148    0.035005
14152    0.033021
14299    0.017762
14303    0.005676
14347    0.017762
14402    0.016619
14428    0.010229
14439    0.004747
14442    0.010647
14492    0.014233
14604    0.004218
14741    0.007039
14742    0.010062
14914    0.016619
14980    0.013857
15033    0.009119
15271    0.007267
15344    0.014399
15364    0.013228
15460    0.017762
15517    0.049858
15544    0.015809
15556    0.008478
15594    0.012280
15623    0.007552
15791    0.007590
15974    0.015809
16116    0.005855
16117    0.014077
16152    0.017762
16184    0.016619
16337    0.010762
16432    0.007628
16485    0.006398
16490    0.008639
16501    0.005794
16508    0.012489
16585    0.001146
16705    0.005165
16744    0.021524
16907    0.010978
16928    0.015180
17144    0.004445
17279    0.013525
17337    0.013525
17345    0.008869
17466    0.017762
17854    0.008694
17922    0.007007
17964    0.010328
18054    0.015809
18055    0.008991
18182    0.003041
18191    0.015180
18199    0.015180
18282    0.003056
18307    0.010647
18317    0.007912
18384    0.011733
18628    0.015809
18655    0.012599
18668    0.008869
18678    0.013525
18683    0.014233
18703    0.010229
18784    0.009394
18905    0.013857
18914    0.017762
19085    0.009467
19097    0.007747
19220    0.014667
19266    0.005715
19426    0.007744
19427    0.024172
19431    0.017762
19460    0.004572
19471    0.012714
19472    0.016619
19505    0.016619
19580    0.011275
19822    0.010762
19844    0.001844
19935    0.013228
20226    0.010133
20267    0.015809
20467    0.013857
20534    0.006578
20583    0.009185
20620    0.005876
20803    0.003913
20833    0.011572
20861    0.015180
20946    0.005314
21005    0.006300
21115    0.004625
21243    0.004470
21247    0.002858
21290    0.007167
21293    0.014667
21297    0.013525
