131
147    0.010883
219    0.010277
254    0.053467
574    0.023458
674    0.020214
715    0.027549
716    0.020439
799    0.021736
845    0.045402
851    0.016331
893    0.033362
974    0.017783
975    0.028514
1423    0.015455
1424    0.023458
1472    0.021179
1646    0.027171
1699    0.008794
1717    0.031216
1762    0.009495
1862    0.015094
1918    0.015545
2047    0.021036
2093    0.011075
2102    0.009267
2841    0.037058
2910    0.033362
3050    0.020553
3074    0.027549
3340    0.042900
3397    0.015024
3545    0.029694
3647    0.020896
3664    0.019033
3842    0.012017
4267    0.018692
4378    0.017129
4390    0.014782
4488    0.018069
4662    0.013104
4991    0.026733
5043    0.005449
5208    0.024846
5515    0.010046
5532    0.009267
5684    0.022039
5788    0.023881
5916    0.019398
5977    0.010014
5998    0.039182
6085    0.014626
6613    0.012159
6955    0.022701
7039    0.056580
7168    0.007369
7226    0.026733
7509    0.039182
7531    0.009612
7602    0.019791
7802    0.009818
8107    0.008467
8218    0.008996
8219    0.053348
8528    0.020674
8589    0.031216
8630    0.006362
8840    0.052936
9152    0.035848
9209    0.008444
9364    0.024810
9418    0.020674
9424    0.031653
9517    0.008638
9518    0.007879
9812    0.012935
9984    0.015192
9985    0.016658
9989    0.035290
10897    0.021616
11213    0.011787
11444    0.013104
11709    0.052534
11945    0.024342
12122    0.009295
12178    0.033362
12273    0.011655
12642    0.020674
12712    0.093649
12987    0.005315
13355    0.008613
13434    0.003362
13466    0.008663
14065    0.026248
14607    0.012558
15081    0.026441
15160    0.039839
15351    0.031216
15378    0.021450
15466    0.013047
15601    0.027046
15775    0.021179
15906    0.012770
15952    0.012305
15953    0.019998
15981    0.023881
16461    0.045577
16521    0.016888
16585    0.017221
16705    0.009702
16717    0.023066
16972    0.033362
17313    0.016772
17388    0.033362
17494    0.059389
17617    0.022359
17782    0.051962
18159    0.014185
18167    0.011396
18547    0.020214
18619    0.028572
19052    0.023458
19278    0.026572
19433    0.013978
19543    0.013104
19640    0.015278
19675    0.047763
19844    0.003464
20088    0.017381
20576    0.033362
20593    0.021179
21077    0.062433
