266
147    0.005441
166    0.010337
219    0.005138
231    0.010725
254    0.026733
273    0.014257
481    0.007819
574    0.023458
632    0.011180
670    0.011533
674    0.010107
677    0.009895
715    0.013774
716    0.010220
799    0.010868
806    0.010868
845    0.022701
851    0.008165
893    0.016681
974    0.008891
975    0.014257
1335    0.013774
1378    0.015608
1423    0.007727
1424    0.011729
1451    0.004407
1472    0.010589
1646    0.013586
1690    0.008823
1698    0.005023
1699    0.004397
1717    0.015608
1762    0.009495
1862    0.007547
1918    0.007773
2047    0.010518
2093    0.005538
2102    0.004634
2224    0.007683
2344    0.004472
2609    0.007058
2756    0.012423
2841    0.037058
2881    0.016681
2909    0.008690
2910    0.016681
3050    0.015415
3074    0.013774
3126    0.009109
3278    0.011019
3298    0.008165
3340    0.021450
3397    0.015024
3451    0.014046
3472    0.010868
3545    0.014847
3647    0.010448
3664    0.009517
3685    0.011729
3733    0.007391
3734    0.008386
3842    0.006008
3845    0.010107
4028    0.007471
4130    0.008503
4184    0.014847
4267    0.009346
4378    0.008564
4390    0.007391
4474    0.014847
4480    0.008503
4488    0.009034
4656    0.008891
4662    0.006552
4745    0.018515
4810    0.007773
4991    0.013367
5043    0.002724
5132    0.011180
5206    0.008891
5208    0.012423
5495    0.010655
5515    0.005023
5532    0.013901
5544    0.008329
5684    0.011019
5788    0.011941
5865    0.008329
5916    0.009699
5977    0.005007
5998    0.019591
6085    0.007313
6247    0.012171
6251    0.026886
6480    0.015608
6482    0.013774
6518    0.012423
6596    0.004662
6610    0.009606
6613    0.006079
6633    0.011941
6844    0.014401
6955    0.011350
7039    0.037720
7116    0.011180
7168    0.003684
7226    0.013367
7475    0.011533
7509    0.019591
7531    0.004806
7602    0.009895
7754    0.007913
7802    0.004909
7892    0.007201
7895    0.010107
7996    0.015731
8001    0.009430
8021    0.007023
8107    0.004234
8218    0.004498
8219    0.035565
8528    0.010337
8534    0.005962
8589    0.015608
8630    0.003181
8840    0.044113
9039    0.011180
9049    0.011729
9052    0.015608
9152    0.017924
9209    0.004222
9301    0.008690
9364    0.018608
9402    0.009999
9411    0.003515
9418    0.010337
9424    0.015826
9454    0.005367
9517    0.004319
9518    0.003939
9523    0.022789
9812    0.006467
9984    0.007596
9985    0.008329
9989    0.026468
9994    0.011350
10105    0.005277
10535    0.015608
10774    0.009265
10897    0.010808
10980    0.031216
11213    0.005894
11355    0.003598
11444    0.013104
11588    0.009999
11709    0.026267
11841    0.006111
11863    0.011729
11945    0.012171
12074    0.011729
12122    0.004648
12178    0.016681
12273    0.011655
12345    0.010111
12591    0.005499
12642    0.010337
12684    0.003897
12712    0.046825
12722    0.013367
12855    0.004282
12904    0.004851
12987    0.002658
13228    0.005939
13355    0.004307
13357    0.002592
13434    0.001681
13451    0.008219
13462    0.008165
13466    0.004331
13580    0.004511
13791    0.009699
13819    0.011533
13841    0.011350
13886    0.004620
14065    0.017499
14607    0.006279
14749    0.006332
15081    0.013221
15086    0.018515
15160    0.033199
15166    0.011941
15351    0.015608
15378    0.010725
15466    0.006524
15601    0.020285
15660    0.009699
15695    0.006922
15712    0.005916
15775    0.010589
15906    0.006385
15927    0.015455
15952    0.006153
15953    0.009999
15955    0.008219
15981    0.011941
16034    0.013844
16286    0.011941
16461    0.030385
16521    0.008444
16585    0.011839
16705    0.004851
16717    0.011533
16880    0.006358
16972    0.016681
17144    0.004175
17174    0.014847
17177    0.018515
17313    0.016772
17388    0.016681
17484    0.006173
17494    0.029694
17617    0.011180
17746    0.018515
17782    0.025981
17830    0.006495
18159    0.007093
18167    0.014245
18182    0.002856
18319    0.006203
18382    0.007023
18446    0.016888
18476    0.010589
18547    0.010107
18580    0.008219
18619    0.014286
18709    0.013774
18717    0.013523
18888    0.006203
18995    0.014257
19052    0.023458
19116    0.015608
19266    0.010734
19278    0.013286
19426    0.003636
19433    0.020967
19474    0.011729
19543    0.013104
19546    0.008962
19634    0.009186
19640    0.007639
19675    0.023881
19756    0.009999
19844    0.001732
20088    0.008690
20488    0.011019
20576    0.016681
20593    0.010589
20645    0.015608
20672    0.009430
20691    0.023881
20785    0.012558
21077    0.031216
21119    0.009034
21120    0.005939
21150    0.004222
21247    0.002684
