349
1    0.007387
147    0.004521
219    0.004269
288    0.006140
290    0.012967
303    0.008910
309    0.011443
351    0.011844
397    0.010811
469    0.004787
479    0.007015
594    0.011443
621    0.005396
666    0.006574
677    0.008221
716    0.008490
773    0.006140
786    0.006013
799    0.009029
876    0.012967
974    0.007387
1009    0.012335
1160    0.008490
1384    0.009029
1424    0.009744
1425    0.007330
1462    0.009744
1477    0.005541
1490    0.008266
1514    0.006873
1519    0.012967
1523    0.025934
1689    0.004896
1699    0.005479
1762    0.007888
1846    0.005373
1862    0.003135
1922    0.009029
1926    0.007505
2047    0.004369
2048    0.006173
2182    0.011443
2216    0.007274
2252    0.009744
2319    0.007697
2324    0.011844
2461    0.011844
2534    0.012967
2603    0.011844
2671    0.009920
2691    0.008221
2706    0.004283
2756    0.010321
2832    0.012967
2834    0.011844
2841    0.061574
2864    0.010321
2943    0.007834
3050    0.012806
3074    0.011443
3341    0.009868
3396    0.010306
3397    0.018723
3444    0.011844
3451    0.005835
3539    0.012967
3603    0.008690
3698    0.009920
3727    0.017820
3733    0.006140
3734    0.006967
3747    0.008588
3826    0.009288
3845    0.008397
3942    0.006614
3944    0.004878
4028    0.006207
4037    0.007834
4052    0.012335
4137    0.011243
4276    0.018309
4390    0.012281
4501    0.005863
4512    0.007834
4578    0.007906
4581    0.007274
4697    0.005643
4721    0.011844
4833    0.008221
5036    0.012335
5127    0.011844
5202    0.004953
5214    0.009288
5248    0.007834
5287    0.009154
5358    0.007981
5414    0.005492
5415    0.005566
5480    0.007115
5495    0.002951
5515    0.012519
5532    0.003849
5544    0.006919
5680    0.010811
5788    0.009920
5861    0.011844
5865    0.006919
5869    0.008490
5916    0.008058
5920    0.009154
5998    0.016275
6152    0.012335
6328    0.016980
6372    0.003661
6482    0.011443
6557    0.009744
6610    0.007981
6613    0.010101
6734    0.006383
6769    0.007906
6984    0.004584
7039    0.007834
7048    0.005751
7088    0.007015
7188    0.005443
7196    0.009029
7438    0.008397
7475    0.009581
7491    0.011443
7509    0.008138
7524    0.004398
7802    0.002039
7841    0.012967
7882    0.008588
7892    0.005982
7895    0.008397
7930    0.007981
7996    0.013069
8001    0.007834
8014    0.012335
8019    0.003704
8040    0.003896
8181    0.005031
8218    0.003737
8219    0.014773
8489    0.006420
8528    0.008588
8533    0.005091
8630    0.002643
8840    0.014659
8918    0.005091
9049    0.009744
9052    0.012967
9153    0.005670
9155    0.007115
9200    0.004186
9345    0.012967
9402    0.008307
9411    0.002920
9424    0.013148
9518    0.003273
9523    0.012621
9665    0.009920
9674    0.010811
9984    0.018932
9985    0.027678
9989    0.007330
10140    0.004878
10174    0.009430
10207    0.011443
10261    0.003849
10465    0.015381
10478    0.007220
10497    0.012967
10509    0.012551
10535    0.012967
10564    0.009029
10699    0.010552
10837    0.007262
10888    0.008910
10892    0.003439
11034    0.012967
11053    0.011844
11093    0.005806
11130    0.007567
11164    0.012967
11201    0.003640
11358    0.005195
11368    0.012335
11379    0.015381
11386    0.005217
11444    0.005443
11683    0.005795
11709    0.007274
11711    0.012967
11754    0.009288
11782    0.003815
11841    0.012692
11945    0.010111
11973    0.007981
12005    0.003093
12122    0.003861
12273    0.009682
12300    0.003944
12345    0.012599
12348    0.007981
12365    0.005751
12455    0.008797
12521    0.009744
12591    0.004568
12596    0.015381
12640    0.010811
12660    0.005541
12763    0.006919
12806    0.011844
12817    0.005238
12823    0.011844
12836    0.008397
12838    0.011105
12911    0.004953
12987    0.004416
12995    0.007631
13156    0.011443
13165    0.010111
13348    0.018827
13352    0.004650
13355    0.003578
13388    0.017418
13434    0.004190
13462    0.006783
13466    0.003598
13484    0.006013
13819    0.019162
13845    0.012967
13886    0.003838
13910    0.004227
14065    0.012720
14247    0.011844
14249    0.010321
14303    0.004428
14305    0.014030
14319    0.016793
14359    0.007387
14392    0.013858
14424    0.011844
14425    0.003619
14505    0.010321
14534    0.011443
14607    0.005217
14653    0.015381
14717    0.006420
14742    0.001570
14796    0.004915
14824    0.007274
15131    0.010111
15160    0.022065
15466    0.005420
15623    0.005892
15643    0.009744
15695    0.005751
15801    0.018723
15907    0.013900
15927    0.006420
15952    0.015334
15953    0.008307
15955    0.013656
15983    0.006013
16034    0.005751
16343    0.013858
16450    0.013858
16461    0.018932
16484    0.008221
16513    0.011105
16527    0.005153
16554    0.027716
16585    0.008047
16705    0.004030
17033    0.014030
17051    0.004505
17059    0.007330
17117    0.003759
17221    0.007834
17242    0.010111
17313    0.006967
17394    0.012967
17407    0.004953
17484    0.005128
17524    0.006044
17525    0.009288
17527    0.008397
17683    0.011844
17727    0.009744
17782    0.010792
17863    0.018859
17873    0.007567
18167    0.007101
18182    0.002373
18334    0.009154
18383    0.009575
18402    0.012967
18411    0.006420
18418    0.010111
18446    0.007015
18619    0.019780
18649    0.014333
18713    0.006420
18717    0.005617
18793    0.009288
18879    0.010552
18898    0.005835
18983    0.010811
19027    0.015381
19052    0.029232
19095    0.008138
19102    0.011443
19116    0.012967
19266    0.013376
19278    0.005519
19424    0.008397
19503    0.006655
19543    0.010887
19637    0.012335
19675    0.009920
19736    0.006207
19813    0.009154
19844    0.002877
19907    0.008397
20057    0.010552
20090    0.002610
20227    0.010811
20281    0.011132
20317    0.012967
20321    0.009744
20595    0.009920
20645    0.012967
20674    0.012335
20691    0.009920
20751    0.010811
20767    0.012335
20785    0.005217
20902    0.005071
21083    0.006420
21119    0.007505
21120    0.004934
21129    0.003468
21146    0.006383
21150    0.001754
21152    0.006873
21266    0.004159
