251
296    0.019549
455    0.006549
483    0.011324
552    0.007379
626    0.019549
674    0.010672
1066    0.010672
1173    0.010143
1204    0.006770
1222    0.010143
1272    0.007139
1332    0.016480
1382    0.009176
1436    0.007042
1451    0.004653
1455    0.010448
1529    0.007526
1689    0.006223
1699    0.002321
1741    0.003664
1846    0.006829
1864    0.011181
1919    0.006858
1951    0.008916
2108    0.016480
2199    0.016480
2281    0.038015
3377    0.013411
3445    0.017613
3473    0.027552
3479    0.029604
3563    0.006153
3567    0.004600
3593    0.011256
3789    0.008112
3911    0.014412
3933    0.037153
3940    0.017613
4001    0.009957
4176    0.020685
4182    0.017613
4195    0.005270
4240    0.004006
4486    0.009782
4578    0.010048
4610    0.019549
4636    0.009043
4678    0.007889
4870    0.006040
4887    0.014113
5043    0.002877
5067    0.017613
5178    0.012177
5263    0.019549
5414    0.006980
5480    0.009043
5495    0.007500
5537    0.033421
5567    0.005497
5608    0.016480
5719    0.005553
5747    0.019549
5805    0.016480
5819    0.022089
5840    0.011181
5848    0.029088
5962    0.009539
5975    0.005996
6038    0.010558
6050    0.006658
6202    0.011804
6234    0.019549
6323    0.009043
6372    0.004653
6689    0.010143
6832    0.039098
6833    0.019549
6844    0.007603
6871    0.016480
6899    0.019549
6942    0.015053
7011    0.013411
7168    0.003890
7228    0.009463
7231    0.070451
7277    0.015053
7466    0.020664
7476    0.010915
7477    0.019549
7571    0.007642
7619    0.006130
7685    0.016480
7779    0.007804
7853    0.024354
7886    0.017613
7927    0.011804
7967    0.010048
7969    0.023270
8068    0.007804
8211    0.011804
8218    0.004749
8233    0.007489
8476    0.006247
8528    0.032744
8581    0.004335
8613    0.137122
8624    0.008066
8639    0.007526
8964    0.007722
8989    0.015677
9002    0.009043
9232    0.016480
9307    0.015053
9518    0.004160
9792    0.014544
9937    0.019549
10064    0.008979
10151    0.015677
10177    0.015677
10220    0.009868
10226    0.014544
10349    0.027481
10353    0.014544
10420    0.007846
10422    0.025376
10491    0.008305
10773    0.006658
10846    0.006549
11117    0.004849
11180    0.004383
11203    0.013776
11214    0.012384
11283    0.007804
11355    0.007599
11683    0.018413
11750    0.010472
11787    0.012608
11972    0.011985
11987    0.011985
12066    0.013117
12069    0.016480
12245    0.005154
12307    0.011820
12428    0.017613
12429    0.019549
12432    0.037823
12434    0.021829
12901    0.015053
12936    0.013117
12941    0.011324
12987    0.005612
13014    0.004299
13078    0.011181
13301    0.015677
13351    0.004586
13357    0.002737
13361    0.008021
13434    0.003550
13501    0.004967
13601    0.008916
13652    0.019549
13770    0.011985
13886    0.004878
13977    0.013740
14131    0.037262
14140    0.011181
14231    0.012608
14314    0.008255
14320    0.006630
14406    0.005931
14408    0.011475
14439    0.004708
14514    0.019549
14604    0.004182
14716    0.010143
14742    0.005986
14749    0.006685
14863    0.018631
15210    0.013897
15410    0.007976
15528    0.019549
15551    0.007074
15910    0.007074
15928    0.020486
15931    0.015608
16025    0.013740
16026    0.008459
16060    0.007642
16064    0.011985
16237    0.010745
16283    0.012384
16509    0.006742
16527    0.013098
16529    0.005571
16585    0.020455
16688    0.052838
16705    0.015366
16791    0.027128
16944    0.005270
16958    0.008305
16975    0.015053
17074    0.007309
17144    0.004408
17473    0.015053
17480    0.008854
17643    0.006040
17787    0.019549
17846    0.008794
17916    0.014279
18133    0.017132
18138    0.008112
18282    0.003031
18317    0.015692
18370    0.016480
18371    0.022648
18462    0.009108
18582    0.013117
18619    0.005028
18652    0.005075
18670    0.006799
18852    0.014113
19075    0.016480
19151    0.013657
19337    0.013117
19695    0.019549
19707    0.019181
19727    0.014113
19786    0.011475
19817    0.007642
19844    0.001829
20260    0.001662
20274    0.006799
20452    0.006980
20557    0.006470
20648    0.007682
20660    0.016480
20713    0.005286
20842    0.012851
20844    0.004081
20848    0.005075
20868    0.004311
20894    0.005390
20946    0.005270
21022    0.015053
21058    0.005726
21067    0.058647
21069    0.019549
21150    0.002229
21191    0.008794
21195    0.009176
21307    0.012737
