199
157    0.026610
267    0.011660
303    0.015415
397    0.018704
711    0.026610
731    0.015838
870    0.018256
1204    0.009216
1292    0.021339
1335    0.019798
1472    0.030439
1689    0.008471
1824    0.014079
1862    0.010847
1926    0.025970
2107    0.017855
2119    0.012136
2161    0.026610
2291    0.017493
2344    0.019280
2396    0.014346
2539    0.010980
2565    0.014222
2841    0.013316
2881    0.023975
2934    0.015620
2943    0.013553
2981    0.012779
2985    0.013807
3395    0.021339
3396    0.017829
3397    0.032391
3410    0.015620
3567    0.006261
3583    0.011671
3587    0.022433
3635    0.011106
3647    0.007508
3799    0.022433
3973    0.023975
4135    0.011237
4184    0.021339
4202    0.011305
4258    0.007385
4390    0.021246
4450    0.007219
4473    0.023975
4571    0.013433
4656    0.012779
4674    0.017855
4697    0.009763
4810    0.011171
4817    0.014371
4993    0.021339
5043    0.003916
5147    0.040982
5149    0.048941
5155    0.017493
5358    0.013807
5501    0.005282
5515    0.007219
5532    0.006660
5535    0.012881
5544    0.011971
5623    0.014222
5944    0.026610
6613    0.043689
6705    0.009025
6707    0.009025
6940    0.013433
6955    0.016314
7020    0.019211
7039    0.013553
7048    0.029846
7097    0.010245
7168    0.005295
7188    0.009417
7480    0.026610
7736    0.007821
7833    0.006823
7882    0.014857
8067    0.023975
8167    0.016068
8395    0.011971
8500    0.005851
8630    0.009144
8638    0.011042
8840    0.012680
8842    0.019798
8984    0.010456
9000    0.026610
9049    0.016858
9148    0.019798
9209    0.006068
9210    0.009949
9411    0.005052
9454    0.007714
9517    0.012415
9989    0.025361
10074    0.007635
10376    0.016576
10840    0.009062
11201    0.012594
11218    0.005693
11340    0.012881
11343    0.026610
11355    0.005172
11417    0.017493
11468    0.009335
11531    0.008988
11569    0.007558
11713    0.021339
11788    0.013807
11824    0.016314
11841    0.008783
11945    0.017493
12071    0.009674
12084    0.010857
12167    0.013433
12283    0.005240
12345    0.014532
12665    0.019798
12684    0.005601
12729    0.016068
12927    0.026963
12947    0.023625
13351    0.006243
13352    0.008045
13357    0.007452
13484    0.010402
13544    0.017855
13819    0.016576
13841    0.032627
13886    0.006640
13951    0.017855
13952    0.023975
14065    0.028294
14425    0.006261
14475    0.014526
14664    0.021339
14824    0.012584
15080    0.012584
15160    0.019086
15466    0.009376
15493    0.015838
15555    0.009177
15952    0.035372
15956    0.019798
15983    0.031207
16358    0.021339
16461    0.032753
16523    0.019211
16585    0.010828
16705    0.006972
17051    0.007794
17145    0.015220
17174    0.021339
17496    0.013092
17531    0.007584
17541    0.026610
17584    0.020491
17585    0.016576
17664    0.021339
17830    0.009335
17924    0.015620
17926    0.019798
18136    0.035710
18167    0.016379
18182    0.004105
18277    0.017855
18446    0.024273
18452    0.014079
18711    0.016858
18717    0.009718
18887    0.012222
18962    0.012490
19010    0.013316
19213    0.013202
19266    0.015427
19433    0.010045
19479    0.020491
19543    0.009417
19577    0.012136
19634    0.013202
19640    0.043918
19641    0.020491
19844    0.004978
20160    0.023975
20251    0.010918
20254    0.019798
20260    0.002262
20318    0.053221
20319    0.026610
20383    0.015415
20460    0.009459
20671    0.012985
21120    0.008536
21152    0.011891
21247    0.003858
