430
1    0.005574
147    0.003411
166    0.006480
219    0.003221
280    0.009784
288    0.004633
290    0.009784
303    0.006723
309    0.008635
351    0.008937
397    0.008158
469    0.003612
483    0.006723
594    0.008635
620    0.018614
621    0.008143
633    0.006723
666    0.004960
677    0.006203
716    0.012813
773    0.004633
786    0.004537
794    0.010457
799    0.006813
870    0.007962
876    0.009784
974    0.005574
1009    0.009307
1160    0.006406
1274    0.005618
1384    0.006813
1424    0.007353
1425    0.005531
1462    0.007353
1477    0.012543
1490    0.009356
1514    0.005186
1519    0.009784
1523    0.019568
1646    0.008516
1689    0.003695
1690    0.005531
1699    0.002756
1762    0.005952
1764    0.006336
1832    0.008635
1846    0.004054
1862    0.002365
1922    0.006813
1926    0.005663
1943    0.005758
2018    0.007115
2047    0.006593
2048    0.004658
2120    0.003681
2172    0.005448
2182    0.008635
2216    0.005489
2252    0.014705
2319    0.005808
2324    0.008937
2344    0.002803
2396    0.003129
2431    0.010457
2461    0.008937
2534    0.009784
2603    0.017874
2621    0.009784
2671    0.007485
2691    0.006203
2832    0.009784
2834    0.008937
2841    0.069692
2864    0.015575
2943    0.011823
3050    0.009663
3288    0.009784
3341    0.003723
3396    0.007776
3397    0.014127
3410    0.006813
3444    0.008937
3451    0.008805
3603    0.006557
3698    0.007485
3727    0.013446
3747    0.006480
3826    0.007008
3845    0.006336
3886    0.005293
3922    0.007230
3942    0.009982
3944    0.003681
4028    0.009367
4037    0.005911
4045    0.008635
4052    0.009307
4137    0.008484
4229    0.007485
4390    0.004633
4467    0.004658
4501    0.004424
4512    0.005911
4578    0.005966
4581    0.005489
4678    0.004683
4697    0.004258
4721    0.008937
4833    0.006203
4889    0.007353
5036    0.009307
5043    0.001708
5127    0.008937
5149    0.007115
5248    0.005911
5287    0.006908
5292    0.007230
5357    0.008937
5414    0.004144
5415    0.004200
5495    0.002226
5501    0.002304
5515    0.015743
5532    0.005809
5544    0.005221
5586    0.009307
5680    0.008158
5788    0.007485
5861    0.008937
5865    0.005221
5869    0.006406
5916    0.006080
5920    0.006908
5977    0.003139
5998    0.012281
6086    0.007115
6152    0.009307
6328    0.012813
6372    0.002763
6482    0.008635
6613    0.011433
6707    0.003936
6734    0.004816
6844    0.004514
6984    0.006918
7039    0.005911
7048    0.004339
7116    0.007008
7168    0.004619
7188    0.004107
7330    0.003471
7349    0.006080
7438    0.006336
7475    0.007230
7491    0.008635
7509    0.006140
7524    0.003319
7619    0.003639
7754    0.004960
7779    0.004633
7833    0.002976
7841    0.009784
7882    0.006480
7895    0.006336
7987    0.004609
7996    0.009861
8014    0.009307
8019    0.005590
8040    0.008820
8107    0.002654
8181    0.003796
8185    0.012960
8218    0.002820
8219    0.011147
8300    0.006557
8395    0.005221
8489    0.004844
8528    0.012960
8533    0.007683
8534    0.003737
8568    0.002588
8630    0.007976
8840    0.016592
8918    0.003841
9039    0.007008
9049    0.007353
9052    0.009784
9153    0.004278
9155    0.005369
9200    0.003159
9209    0.007939
9210    0.004339
9301    0.005448
9345    0.009784
9364    0.003888
9402    0.012536
9411    0.002203
9424    0.009921
9484    0.004491
9517    0.005415
9523    0.009524
9945    0.004960
9984    0.019047
9985    0.026106
9988    0.017269
9989    0.005531
10105    0.003308
10140    0.003681
10174    0.007115
10261    0.005809
10497    0.009784
10509    0.009471
10564    0.006813
10699    0.007962
10837    0.005479
10877    0.009784
10888    0.006723
10892    0.002595
10897    0.003388
11034    0.009784
11053    0.008937
11093    0.004381
11117    0.002879
11130    0.005710
11164    0.009784
11201    0.005493
11244    0.006638
11358    0.003920
11368    0.009307
11444    0.004107
11622    0.006638
11683    0.004373
11696    0.009307
11709    0.005489
11711    0.009784
11723    0.029353
11754    0.007008
11782    0.005757
11841    0.005746
11858    0.006336
11945    0.007630
11973    0.006022
11984    0.004735
12005    0.004668
12071    0.004219
12084    0.004735
12122    0.002913
12273    0.010959
12300    0.002976
12345    0.012676
12348    0.006022
12365    0.004339
12415    0.003573
12455    0.006638
12521    0.007353
12522    0.003811
12591    0.003447
12618    0.009745
12640    0.008158
12660    0.004181
12684    0.002443
12763    0.005221
12806    0.008937
12817    0.007905
12823    0.008937
12836    0.006336
12838    0.008379
12855    0.005369
12873    0.006723
12904    0.003041
12911    0.003737
12927    0.007840
12987    0.001666
12995    0.005758
12999    0.001911
13156    0.008635
13165    0.007630
13177    0.006336
13228    0.007446
13348    0.018941
13352    0.003509
13355    0.005399
13388    0.013143
13434    0.001054
13462    0.005119
13466    0.002715
13484    0.004537
13535    0.007008
13580    0.002828
13819    0.014459
13841    0.007115
13845    0.009784
13886    0.002896
13893    0.007485
13910    0.003190
14065    0.008227
14247    0.008937
14249    0.007788
14305    0.010587
14319    0.006336
14359    0.005574
14425    0.002731
14430    0.004537
14505    0.007788
14534    0.008635
14537    0.003264
14590    0.008379
14607    0.003936
14717    0.004844
14742    0.001185
14780    0.005911
14796    0.007417
14824    0.005489
15081    0.004144
15085    0.008635
15131    0.007630
15140    0.003179
15160    0.016649
15181    0.008937
15466    0.004089
15601    0.004239
15623    0.004446
15643    0.007353
15695    0.004339
15761    0.008379
15801    0.014127
15907    0.013984
15927    0.004844
15952    0.019284
15953    0.006268
15955    0.015456
15983    0.004537
16034    0.004339
16450    0.010457
16461    0.019047
16484    0.006203
16513    0.008379
16521    0.005293
16527    0.003888
16554    0.010457
16585    0.012144
16705    0.003041
16880    0.003986
16885    0.005331
16989    0.008635
17033    0.010587
17051    0.003399
17059    0.005531
17117    0.002836
17144    0.005234
17242    0.007630
17303    0.006336
17313    0.005257
17394    0.009784
17407    0.003737
17484    0.003869
17513    0.010457
17524    0.004561
17525    0.007008
17527    0.006336
17669    0.002755
17683    0.008937
17727    0.007353
17781    0.007230
17782    0.008143
17863    0.021346
17873    0.011420
17966    0.004468
18167    0.005358
18182    0.001790
18314    0.007788
18383    0.007225
18393    0.009784
18411    0.004844
18418    0.007630
18571    0.010457
18619    0.014925
18649    0.010815
18713    0.004844
18717    0.004239
18793    0.007008
18879    0.007962
18898    0.004402
18983    0.008158
19052    0.014705
19095    0.006140
19102    0.008635
19171    0.008937
19261    0.003471
19265    0.006557
19266    0.006729
19278    0.004164
19370    0.003695
19413    0.009784
19424    0.006336
19433    0.013143
19475    0.009307
19507    0.006813
19543    0.008215
19637    0.009307
19641    0.008937
19675    0.007485
19736    0.009367
19813    0.006908
19844    0.002171
20028    0.009784
20057    0.007962
20090    0.001969
20156    0.008937
20254    0.008635
20281    0.004200
20317    0.009784
20321    0.014705
20383    0.006723
20425    0.008937
20460    0.004125
20595    0.007485
20645    0.009784
20674    0.009307
20751    0.008158
20785    0.007872
20811    0.006638
20902    0.003826
21119    0.005663
21120    0.007446
21129    0.002617
21146    0.004816
21150    0.002647
21152    0.005186
21266    0.003139
