440
1    0.005310
147    0.003249
166    0.012346
219    0.003068
240    0.009321
280    0.009321
288    0.004414
290    0.009321
303    0.012809
309    0.008226
351    0.008514
397    0.007771
469    0.003441
483    0.012809
594    0.008226
620    0.017732
621    0.003879
633    0.006405
666    0.004725
716    0.012205
773    0.004414
786    0.004322
794    0.009961
799    0.006490
870    0.007585
876    0.009321
974    0.005310
1009    0.008866
1160    0.006103
1192    0.007419
1272    0.004038
1274    0.005352
1384    0.006490
1413    0.005792
1424    0.007004
1425    0.005268
1462    0.007004
1477    0.007966
1490    0.008912
1514    0.004940
1519    0.009321
1523    0.009321
1646    0.008113
1689    0.003519
1690    0.005268
1699    0.002626
1762    0.005670
1764    0.006035
1832    0.008226
1846    0.003862
1862    0.002253
1919    0.003879
1922    0.006490
1926    0.005395
1943    0.005485
2018    0.006778
2047    0.006281
2048    0.004437
2172    0.005189
2173    0.003295
2182    0.008226
2216    0.005228
2252    0.014008
2319    0.005532
2324    0.008514
2396    0.002980
2431    0.009961
2461    0.008514
2534    0.009321
2603    0.017027
2621    0.009321
2671    0.007130
2691    0.005909
2832    0.009321
2834    0.008514
2841    0.060856
2864    0.014837
2943    0.005631
3050    0.006137
3288    0.009321
3396    0.003704
3397    0.013458
3444    0.008514
3451    0.012582
3603    0.006246
3698    0.007130
3727    0.012809
3747    0.006173
3826    0.006676
3845    0.006035
3886    0.005042
3922    0.006887
3942    0.009509
3944    0.003506
4023    0.005517
4028    0.013384
4037    0.005631
4045    0.008226
4052    0.008866
4137    0.008082
4229    0.007130
4390    0.004414
4467    0.004437
4501    0.004214
4512    0.005631
4578    0.005683
4581    0.005228
4678    0.008923
4697    0.004056
4718    0.006676
4721    0.008514
4833    0.005909
4889    0.007004
5036    0.008866
5043    0.003254
5055    0.005352
5127    0.008514
5248    0.005631
5264    0.005268
5287    0.006580
5292    0.006887
5414    0.003947
5415    0.004001
5495    0.002121
5501    0.002194
5515    0.011998
5532    0.005534
5544    0.004974
5586    0.008866
5680    0.007771
5788    0.007130
5826    0.006887
5861    0.008514
5869    0.006103
5916    0.005792
5920    0.006580
5977    0.002990
5998    0.011699
6086    0.006778
6152    0.008866
6328    0.012205
6360    0.009321
6613    0.010891
6707    0.003750
6719    0.003719
6734    0.004588
6844    0.004300
6984    0.006590
7039    0.011262
7116    0.006676
7168    0.002200
7188    0.003913
7315    0.009321
7330    0.003307
7349    0.005792
7438    0.006035
7491    0.008226
7509    0.005849
7524    0.003162
7619    0.003467
7672    0.008866
7716    0.010703
7754    0.004725
7779    0.004414
7833    0.008505
7841    0.009321
7882    0.006173
7987    0.004390
7996    0.014091
8014    0.008866
8019    0.005325
8040    0.008402
8107    0.002528
8181    0.007232
8185    0.012346
8218    0.002686
8219    0.010619
8300    0.006246
8489    0.004614
8509    0.007419
8528    0.012346
8533    0.007319
8534    0.003560
8568    0.002465
8630    0.007598
8840    0.026342
8918    0.003659
9041    0.008514
9049    0.007004
9155    0.005114
9200    0.003009
9209    0.007563
9210    0.004133
9301    0.005189
9331    0.008226
9345    0.009321
9402    0.011942
9411    0.002099
9424    0.009451
9484    0.004278
9517    0.005158
9523    0.004536
9945    0.004725
9984    0.022681
9985    0.024869
9988    0.016451
9989    0.005268
10105    0.003151
10140    0.003506
10174    0.006778
10261    0.002767
10497    0.009321
10509    0.009022
10564    0.006490
10799    0.008866
10837    0.005220
10865    0.008226
10877    0.009321
10888    0.006405
10897    0.003227
10970    0.009321
11034    0.009321
11053    0.008514
11093    0.004173
11117    0.002742
11130    0.005439
11164    0.009321
11180    0.002479
11201    0.005233
11244    0.006324
11358    0.003734
11368    0.008866
11622    0.006324
11683    0.004165
11696    0.008866
11709    0.005228
11711    0.009321
11723    0.027962
11754    0.006676
11782    0.005484
11841    0.005474
11858    0.006035
11945    0.007268
11973    0.005737
11984    0.004511
12005    0.002224
12084    0.004511
12096    0.009321
12122    0.002775
12273    0.010439
12300    0.002835
12345    0.018113
12348    0.005737
12365    0.004133
12415    0.006807
12455    0.006324
12519    0.002639
12521    0.007004
12522    0.003630
12591    0.003284
12618    0.009283
12640    0.007771
12660    0.003983
12763    0.004974
12806    0.008514
12817    0.007530
12823    0.008514
12836    0.006035
12838    0.007982
12855    0.002557
12873    0.006405
12904    0.002897
12911    0.003560
12987    0.001587
12995    0.005485
12999    0.003640
13156    0.008226
13157    0.004697
13165    0.007268
13177    0.006035
13228    0.007093
13348    0.018043
13349    0.005683
13355    0.007715
13357    0.001548
13388    0.012520
13434    0.001004
13462    0.004876
13466    0.002586
13484    0.004322
13535    0.006676
13580    0.002694
13819    0.006887
13841    0.006778
13845    0.009321
13886    0.002759
13893    0.007130
13910    0.003038
13951    0.022256
14065    0.009143
14192    0.011056
14247    0.008514
14249    0.007419
14305    0.010085
14319    0.006035
14359    0.005310
14425    0.002601
14430    0.004322
14505    0.007419
14534    0.008226
14537    0.003109
14590    0.007982
14607    0.003750
14717    0.004614
14742    0.001129
14780    0.005631
14796    0.007066
14824    0.005228
15081    0.003947
15085    0.008226
15131    0.007268
15140    0.003029
15160    0.031720
15466    0.007791
15601    0.004038
15623    0.004235
15643    0.007004
15695    0.004133
15761    0.007982
15801    0.013458
15807    0.005849
15821    0.004784
15907    0.013322
15927    0.004614
15952    0.018370
15953    0.005971
15955    0.014724
15983    0.004322
16034    0.004133
16302    0.005532
16461    0.022681
16484    0.005909
16513    0.007982
16521    0.005042
16527    0.003704
16585    0.010926
16705    0.002897
16729    0.001802
16880    0.003797
16885    0.005078
16989    0.008226
17033    0.010085
17051    0.003238
17059    0.005268
17117    0.002702
17144    0.004986
17242    0.007268
17303    0.006035
17313    0.005008
17394    0.009321
17395    0.005909
17407    0.003560
17484    0.005529
17513    0.009961
17524    0.004344
17525    0.013352
17527    0.006035
17669    0.002624
17683    0.008514
17727    0.007004
17781    0.006887
17782    0.007757
17863    0.013556
17873    0.005439
17916    0.004038
17966    0.004257
18167    0.005104
18182    0.003411
18203    0.003674
18314    0.007419
18383    0.006882
18393    0.009321
18411    0.004614
18418    0.007268
18571    0.009961
18619    0.014218
18649    0.010303
18713    0.009229
18717    0.004038
18793    0.006676
18879    0.007585
18883    0.003391
18898    0.004194
18983    0.007771
19052    0.014008
19089    0.007585
19095    0.005849
19102    0.008226
19171    0.008514
19265    0.006246
19266    0.006410
19278    0.003967
19370    0.003519
19413    0.009321
19424    0.006035
19433    0.016694
19464    0.003089
19475    0.008866
19507    0.006490
19523    0.005849
19543    0.007825
19637    0.008866
19641    0.008514
19675    0.007130
19736    0.008923
19772    0.003765
19813    0.006580
19844    0.002068
20028    0.009321
20057    0.007585
20090    0.001876
20156    0.008514
20281    0.004001
20317    0.009321
20321    0.014008
20425    0.008514
20460    0.007860
20595    0.007130
20674    0.008866
20785    0.003750
20811    0.006324
20902    0.003645
21008    0.009961
21120    0.007093
21129    0.002493
21144    0.011056
21146    0.004588
21150    0.005043
21152    0.004940
21266    0.002990
