196
103    0.008641
164    0.026946
199    0.022097
219    0.007274
479    0.011954
483    0.015184
568    0.010092
633    0.015184
657    0.026212
786    0.020493
1275    0.013231
1425    0.012490
1451    0.006239
1472    0.014992
1481    0.023616
1690    0.012490
1699    0.006225
1772    0.018924
2093    0.023519
2216    0.012396
2618    0.015386
2764    0.060551
2783    0.026212
2841    0.052464
2886    0.044194
3099    0.017231
3451    0.019885
3647    0.007396
3743    0.007840
4026    0.024250
4028    0.031732
4137    0.012773
4301    0.011713
4488    0.012790
4658    0.026212
4697    0.009617
5043    0.003857
5149    0.016069
5287    0.015600
5480    0.012125
5501    0.015607
5515    0.007111
5523    0.010464
5532    0.013120
5562    0.013350
5727    0.042039
5850    0.019501
5869    0.014468
5977    0.014177
6046    0.014992
6313    0.024250
6432    0.018423
6453    0.022097
6613    0.008607
6707    0.017779
6844    0.010194
6865    0.019501
6958    0.023616
7048    0.009800
7330    0.007840
7486    0.009485
7531    0.006804
7744    0.010464
7802    0.010424
7996    0.022271
8143    0.022097
8211    0.015827
8218    0.006368
8416    0.026212
8455    0.016069
8505    0.010520
8536    0.011636
8630    0.009007
9039    0.015827
9242    0.012790
9364    0.008781
9424    0.011203
9454    0.007598
9484    0.020285
9486    0.015600
9517    0.012229
9664    0.008781
9692    0.010464
9984    0.010754
9985    0.047166
9989    0.012490
10105    0.022411
10106    0.012125
10565    0.026212
10612    0.013600
10892    0.005861
11025    0.026212
11201    0.006203
11218    0.005608
11223    0.014992
11247    0.026212
11367    0.017231
11444    0.009276
11528    0.008676
11729    0.008607
11754    0.015827
11841    0.008651
12071    0.028586
12236    0.018924
12463    0.023616
13096    0.012790
13228    0.008408
13355    0.006097
13357    0.003670
13434    0.004760
13466    0.012264
13467    0.018924
13484    0.020493
13580    0.006387
13939    0.007704
14065    0.012387
14090    0.039002
14690    0.018423
14811    0.013350
15037    0.014992
15080    0.012396
15081    0.018717
15160    0.047001
15348    0.104847
15410    0.010694
15466    0.009236
15801    0.021271
15912    0.013525
15952    0.017421
15956    0.019501
16116    0.007785
16265    0.012588
16461    0.021508
16521    0.011954
16523    0.018924
16697    0.044194
16729    0.017087
16734    0.005258
16766    0.010194
17034    0.013473
17094    0.012490
17304    0.016328
17484    0.004369
17580    0.023616
17616    0.014635
17782    0.009196
17830    0.009196
18211    0.021020
18282    0.004064
18340    0.010694
18376    0.021020
18584    0.017231
18679    0.019501
18680    0.021020
18681    0.016605
18713    0.021880
18716    0.016328
18717    0.038290
18882    0.011308
18883    0.008039
18888    0.008781
18992    0.011413
19048    0.014635
19116    0.022097
19173    0.012490
19213    0.013004
19262    0.008890
19266    0.007598
19278    0.009405
19410    0.004849
19433    0.009894
19455    0.013231
19460    0.006080
19464    0.014645
19512    0.014468
19543    0.009276
19546    0.012688
19577    0.011954
19640    0.010815
19646    0.026212
19663    0.017982
19707    0.008573
19736    0.010577
19773    0.006580
19844    0.002452
19961    0.023616
20259    0.026212
20260    0.002228
20716    0.010354
20785    0.026669
20902    0.017282
21058    0.007677
21120    0.016816
21146    0.010877
21247    0.003800
21346    0.014156
