336
303    0.008223
460    0.005760
605    0.011967
814    0.008843
1240    0.004502
1271    0.008993
1423    0.005925
1429    0.042587
1457    0.011967
1477    0.005114
1646    0.005208
1699    0.001686
1773    0.038369
1862    0.002893
1864    0.008119
1916    0.008843
2093    0.008492
2120    0.004502
2173    0.004231
2432    0.009806
2526    0.010561
2643    0.014196
2664    0.042587
2706    0.011858
2709    0.014196
2714    0.007230
2806    0.005002
2907    0.014196
2930    0.028392
2995    0.007230
2998    0.014196
3053    0.011990
3228    0.012790
3255    0.012790
3297    0.005411
3298    0.006261
3340    0.008223
3341    0.013661
3409    0.009525
3426    0.014196
3451    0.005385
3567    0.006680
3788    0.006430
3799    0.011967
4137    0.003459
4157    0.011384
4389    0.007437
4390    0.005667
4656    0.006817
5043    0.002089
5079    0.004643
5135    0.010561
5147    0.010931
5207    0.009739
5341    0.012790
5352    0.005184
5358    0.007366
5364    0.014196
5458    0.016238
5501    0.005635
5515    0.007702
5684    0.025347
5976    0.027936
5977    0.007678
5989    0.010561
6061    0.009332
6310    0.057151
6313    0.065666
6365    0.004680
6543    0.028392
6576    0.009332
6613    0.018645
6664    0.011384
6765    0.009978
6908    0.003510
6984    0.004231
7048    0.005307
7105    0.011967
7432    0.012790
7459    0.007836
7491    0.010561
7509    0.007510
7510    0.008223
7525    0.009978
7571    0.005549
7650    0.005307
7714    0.006181
7744    0.005667
7761    0.010931
7770    0.007166
7833    0.007280
7875    0.014196
7882    0.007926
7924    0.010931
7930    0.007366
8024    0.014196
8038    0.014196
8101    0.006105
8107    0.003246
8219    0.006817
8255    0.011967
8417    0.004756
8463    0.014196
8492    0.014196
8500    0.006243
8530    0.010249
8533    0.004699
8536    0.006302
8568    0.003165
8600    0.010931
8683    0.010931
8698    0.008449
8745    0.010249
8774    0.006105
8964    0.005607
8970    0.008020
8984    0.011156
8990    0.011967
9077    0.007926
9118    0.004485
9179    0.012061
9209    0.009711
9398    0.004451
9411    0.008085
9454    0.004115
9484    0.021972
9510    0.005068
9517    0.006623
9518    0.012082
9530    0.012790
9631    0.010823
9665    0.009155
9674    0.009978
9685    0.012790
9692    0.011334
9694    0.008703
9789    0.014196
9798    0.003979
9933    0.010249
9984    0.005824
10075    0.009525
10175    0.005521
10179    0.008119
10195    0.009739
10431    0.010249
10493    0.009739
10534    0.019956
10589    0.010564
10773    0.004834
10883    0.021862
11026    0.008572
11089    0.007166
11103    0.001610
11223    0.008119
11244    0.032477
11279    0.005184
11341    0.006984
11344    0.013426
11355    0.002759
11378    0.011967
11415    0.005925
11445    0.005760
11503    0.006623
11530    0.013635
11576    0.008993
11655    0.032477
11670    0.028392
11718    0.014196
11741    0.010931
11744    0.008492
11754    0.008572
11767    0.141958
11782    0.007042
11786    0.006984
11827    0.009332
12071    0.005161
12122    0.003563
12230    0.004402
12245    0.003743
12283    0.005591
12591    0.004216
12618    0.029798
12653    0.014196
12660    0.005114
12908    0.014196
12927    0.009589
12928    0.005184
12968    0.011967
12987    0.006113
13014    0.006243
13081    0.014196
13311    0.006220
13324    0.009978
13388    0.005359
13434    0.002578
13467    0.010249
13478    0.008993
13566    0.028392
13748    0.014196
13909    0.005607
13926    0.007667
13961    0.009155
14057    0.012790
14065    0.001677
14091    0.011967
14101    0.011967
14220    0.012790
14251    0.009978
14353    0.008843
14391    0.005995
14523    0.005697
14594    0.007437
14717    0.005925
15140    0.003889
15160    0.005091
15337    0.014196
15341    0.011967
15466    0.020007
15494    0.009332
15514    0.014196
15836    0.009525
15848    0.007166
15903    0.016666
15952    0.004717
15983    0.005549
16011    0.009739
16104    0.014196
16220    0.009739
16396    0.006343
16461    0.017473
16484    0.007587
16521    0.006474
16575    0.006220
16585    0.005777
16605    0.014196
16713    0.013529
16724    0.019750
16727    0.014196
16740    0.014196
16749    0.011384
16804    0.011967
16862    0.004980
16885    0.006520
16954    0.007166
16955    0.005549
17117    0.003469
17216    0.008993
17234    0.009525
17269    0.008449
17273    0.010249
17280    0.012790
17313    0.006430
17341    0.011967
17407    0.004571
17484    0.007099
17506    0.010249
17514    0.045535
17531    0.004046
17585    0.008843
17658    0.010249
17669    0.006738
17778    0.042587
17782    0.024901
17821    0.010004
17830    0.004980
17889    0.017144
17992    0.014196
18282    0.004402
18292    0.014196
18310    0.010561
18340    0.005792
18398    0.010931
18435    0.005024
18449    0.010561
18619    0.014605
18649    0.006614
18670    0.004937
18679    0.031684
18681    0.017986
18682    0.011967
18690    0.007667
18769    0.010561
18839    0.014196
18874    0.012790
18987    0.005307
19134    0.012790
19173    0.006765
19177    0.004073
19204    0.005637
19221    0.012790
19225    0.004775
19262    0.004814
19278    0.002547
19336    0.014196
19366    0.001973
19378    0.014196
19381    0.007836
19426    0.005576
19448    0.017144
19460    0.003293
19477    0.011967
19514    0.010249
19583    0.008572
19640    0.011715
19676    0.009155
19687    0.014196
19707    0.009286
19773    0.010690
19820    0.004795
19844    0.006639
20254    0.010561
20260    0.001207
20460    0.010092
20573    0.010931
20593    0.008119
20616    0.012790
20617    0.007836
20700    0.007587
20714    0.004680
20771    0.012135
20785    0.004814
20803    0.011270
20898    0.011384
20927    0.003439
21038    0.012790
21057    0.004814
21058    0.012473
21083    0.005925
21084    0.019956
21088    0.008333
21122    0.004661
21135    0.022097
21150    0.008093
21152    0.006343
21243    0.003219
21290    0.005161
