163
103    0.022400
504    0.018968
571    0.033973
646    0.023307
715    0.025275
870    0.023307
1069    0.015946
1072    0.016445
1097    0.011381
1451    0.008086
1477    0.012239
1646    0.037394
1698    0.018433
1699    0.004034
1762    0.008711
1862    0.006924
1926    0.016578
1927    0.026161
2093    0.010161
2120    0.010774
2257    0.033973
2744    0.009100
2841    0.034000
2909    0.015946
3050    0.009428
3198    0.020827
3309    0.043298
3397    0.027569
3574    0.013785
3632    0.013939
3979    0.033973
4023    0.008477
4137    0.008278
4138    0.023879
4202    0.014433
4250    0.023879
4836    0.023879
5415    0.012294
5495    0.006517
5501    0.020229
5532    0.008502
5544    0.015283
5706    0.017974
5779    0.022796
6613    0.022311
7325    0.030162
7523    0.013080
7531    0.008819
7571    0.013281
7693    0.016578
7744    0.013562
7753    0.009276
7882    0.018968
7930    0.035255
7996    0.014433
8107    0.007769
8534    0.010940
8536    0.015081
8537    0.057281
8581    0.007533
8622    0.010197
8714    0.020220
8747    0.020827
9003    0.012465
9153    0.012523
9209    0.023240
9411    0.006450
9459    0.032132
9484    0.026292
9517    0.007925
9812    0.011867
9984    0.041816
9985    0.015283
10207    0.025275
10773    0.011570
10774    0.017000
10846    0.011381
10850    0.020514
11089    0.017149
11112    0.009428
11218    0.007268
11334    0.020541
11415    0.014179
11434    0.009337
11440    0.034299
11468    0.011919
11503    0.007925
11569    0.019300
11600    0.019680
11683    0.006400
11729    0.011155
11841    0.005607
11991    0.027244
12415    0.010458
12932    0.014609
12999    0.005593
13231    0.017304
13434    0.009255
13455    0.067947
13580    0.008278
13647    0.009014
13657    0.033973
13702    0.018348
13866    0.014098
14065    0.016055
14305    0.015494
14395    0.020220
14425    0.007993
15081    0.012130
15160    0.012184
15497    0.011381
15570    0.018157
15822    0.010090
15912    0.008765
15952    0.022579
15955    0.030162
16207    0.030162
16461    0.013939
16713    0.032378
16714    0.019194
16724    0.011816
16729    0.005537
16734    0.006815
16880    0.011667
16885    0.015603
16944    0.018316
17296    0.022333
17524    0.013350
17683    0.026161
17754    0.027244
17924    0.019942
18097    0.021522
18246    0.030609
18282    0.010534
18549    0.019194
18650    0.023307
18710    0.033973
18717    0.024814
18987    0.025403
19212    0.027722
19266    0.019696
19278    0.012189
19366    0.004722
19410    0.012570
19460    0.007880
19464    0.009491
19577    0.030989
19640    0.014018
19820    0.011475
19822    0.018546
19844    0.003178
19920    0.030609
20122    0.030609
20275    0.008327
20695    0.014793
20785    0.011522
20803    0.006743
20825    0.024527
20927    0.008229
21085    0.013350
21115    0.007971
21120    0.010898
21266    0.018374
