146
303    0.022275
483    0.022275
594    0.028609
702    0.014308
715    0.028609
851    0.016959
974    0.018467
1413    0.060434
1425    0.018324
1490    0.010333
1646    0.042325
1668    0.042939
1918    0.016143
2047    0.010922
2048    0.015433
2081    0.025802
2102    0.019247
2122    0.019952
2396    0.020731
2432    0.006640
2744    0.020599
2768    0.019585
2840    0.038453
3396    0.012882
3726    0.013432
4511    0.026381
4522    0.016336
4656    0.018467
4872    0.017661
5193    0.038453
5287    0.022886
5415    0.027831
5495    0.007376
5501    0.007632
5521    0.016639
5851    0.020145
5865    0.017299
5916    0.020145
5918    0.023219
5988    0.015602
6085    0.015189
6613    0.012627
6705    0.013041
6707    0.013041
6753    0.029610
6808    0.019078
7168    0.007652
7408    0.020344
7482    0.024360
7523    0.014805
7559    0.042939
7753    0.031499
7793    0.023953
8406    0.023574
8568    0.008574
8596    0.010202
8795    0.029610
8918    0.012727
9041    0.029610
9209    0.008768
9364    0.012882
9411    0.007300
9424    0.016435
9454    0.011147
9459    0.018185
9460    0.020767
9486    0.022886
9523    0.015777
9533    0.011968
9798    0.021556
9984    0.031554
10106    0.017787
10140    0.012194
10837    0.006051
11112    0.010672
11434    0.010568
11439    0.015689
11709    0.036370
11782    0.009537
11841    0.019038
11958    0.015517
12005    0.007734
12300    0.009860
12591    0.011420
12654    0.023953
12684    0.008094
12898    0.017299
12900    0.016435
12999    0.012660
13357    0.005384
13466    0.008996
13620    0.038453
13647    0.010202
13775    0.019765
13961    0.024800
14065    0.018172
14249    0.025802
14537    0.010814
15160    0.055162
15216    0.014658
15468    0.015189
15497    0.012882
15952    0.038335
15955    0.017070
15956    0.028609
16305    0.030836
16385    0.043987
16461    0.015777
16509    0.013261
16578    0.017917
16767    0.022275
16858    0.038453
16880    0.013205
17051    0.011262
17313    0.017417
17484    0.006410
18223    0.020145
18282    0.017885
18383    0.023937
18437    0.025802
18717    0.028086
18992    0.016743
19095    0.020344
19212    0.031378
19266    0.011147
19278    0.013797
19309    0.015110
19366    0.005344
19410    0.014228
19453    0.012935
19543    0.013608
19546    0.018613
19640    0.015866
19663    0.026381
19675    0.024800
19844    0.003597
20055    0.027762
20108    0.018467
20366    0.021470
20460    0.013668
20507    0.022886
20554    0.021725
20688    0.018049
21083    0.032099
21129    0.008670
21346    0.041534
