29
72    0.150453
990    0.150453
1477    0.084039
1504    0.210179
2119    0.106395
3733    0.093127
4889    0.147785
6085    0.092147
6707    0.079118
6984    0.069528
7523    0.089815
8630    0.040082
9209    0.053194
9984    0.095713
9989    0.111165
11218    0.049908
12300    0.059817
12519    0.055688
12591    0.069284
15604    0.104945
15801    0.094654
16026    0.100941
16585    0.013561
17132    0.233284
18649    0.217389
18987    0.087216
19410    0.043158
20260    0.019831
20768    0.054888
