39
1309    0.053443
1520    0.137207
3473    0.057347
3567    0.038294
3842    0.052817
4001    0.082896
4141    0.069143
4240    0.033349
4907    0.104968
5962    0.079418
7456    0.054972
7750    0.087898
8269    0.073718
11154    0.080748
11218    0.034820
11854    0.089838
12005    0.032733
13351    0.038184
13862    0.201463
14046    0.130517
14537    0.045769
14742    0.033227
14745    0.037323
14868    0.087898
15554    0.095538
15654    0.162756
16116    0.048338
16205    0.168894
16585    0.009461
16950    0.078161
17413    0.075833
17484    0.027131
17830    0.057098
18182    0.025107
19410    0.030110
20025    0.146636
20090    0.027613
20452    0.058109
21150    0.018558
