251
440    0.013017
457    0.008874
1184    0.006473
1217    0.016841
1245    0.008378
1269    0.019704
1274    0.010586
1383    0.015372
1422    0.013623
1436    0.007879
1597    0.015004
1664    0.010045
1686    0.010760
1741    0.004099
1860    0.018437
1862    0.004457
1878    0.013206
1934    0.015372
2101    0.016841
2270    0.015372
2726    0.039409
2737    0.022532
2744    0.005858
2980    0.016271
3034    0.017538
3078    0.021870
3084    0.011811
3089    0.015662
3303    0.018437
3413    0.019704
3540    0.019704
3593    0.018890
3790    0.017278
3866    0.018437
3911    0.008061
4018    0.021870
4037    0.044557
4038    0.019704
4039    0.092186
4040    0.029350
4041    0.019704
4055    0.011040
4193    0.021870
4194    0.016271
4258    0.006070
4486    0.010944
4505    0.010672
4516    0.018926
4614    0.015789
4727    0.015372
4739    0.013855
5211    0.009708
5227    0.011811
5495    0.004195
5501    0.004341
5625    0.016841
5717    0.017012
5737    0.011139
5820    0.019677
5896    0.021870
5924    0.010343
5974    0.021870
6036    0.010672
6340    0.013408
6630    0.010343
6756    0.008256
6758    0.004769
6828    0.016123
6917    0.019704
7075    0.012356
7129    0.033417
7135    0.021870
7241    0.010422
7321    0.018437
7508    0.019546
7600    0.009839
7642    0.008825
7726    0.011348
8021    0.008296
8025    0.011982
8040    0.011080
8223    0.009645
8448    0.012211
8630    0.007515
8711    0.007574
8737    0.012669
8899    0.010944
9146    0.015004
9166    0.019704
9190    0.019704
9249    0.016841
9304    0.010672
9644    0.009181
9753    0.016841
9765    0.014105
9848    0.019704
9905    0.021870
9999    0.011242
10000    0.012072
10082    0.039409
10206    0.019704
10247    0.009773
10261    0.010947
10263    0.013017
10572    0.031579
10589    0.008138
10697    0.010265
10840    0.007448
10932    0.049193
10942    0.007387
10986    0.030744
11008    0.014675
11103    0.007443
11180    0.004904
11299    0.036874
11400    0.014105
11442    0.019704
11488    0.019704
11503    0.005102
11683    0.004120
11747    0.008138
11757    0.007327
11841    0.003609
11898    0.014675
11937    0.014377
11958    0.008825
12005    0.004399
12061    0.015372
12064    0.008684
12162    0.010265
12245    0.005766
12283    0.004307
12307    0.046281
12309    0.032397
12348    0.011348
12374    0.015004
12684    0.004603
12763    0.009839
12855    0.005058
12867    0.030134
12967    0.014105
12970    0.021870
12987    0.009418
12995    0.010850
12999    0.003600
13355    0.005087
13357    0.003062
13434    0.003972
13492    0.010586
13501    0.005557
13647    0.005803
13877    0.009181
13886    0.005457
13897    0.010265
13910    0.006010
14053    0.019704
14065    0.005168
14319    0.011939
14408    0.012838
14437    0.021870
14439    0.005267
14485    0.008061
14490    0.010422
14513    0.015789
14523    0.008778
14604    0.004679
14607    0.007417
14611    0.011811
14628    0.016841
14729    0.012838
14742    0.006697
14768    0.019704
14802    0.014377
14952    0.010343
15003    0.012072
15212    0.010850
15410    0.008923
15711    0.015004
15712    0.006989
15778    0.016353
15808    0.015372
15825    0.013855
15906    0.007542
15912    0.005642
15921    0.019704
16019    0.016271
16241    0.009291
16265    0.010503
16404    0.016841
16559    0.016841
16585    0.001271
16705    0.011461
16732    0.016322
16775    0.016271
16941    0.008176
17051    0.006405
17075    0.008506
17382    0.021870
17501    0.018437
17510    0.021870
17529    0.008378
17643    0.006757
17702    0.015789
17846    0.009839
17884    0.015372
17885    0.011811
18005    0.005574
18086    0.011571
18146    0.011689
18201    0.019704
18392    0.013408
18546    0.021870
18547    0.011939
18614    0.012211
18652    0.005677
18655    0.006989
19278    0.003923
19309    0.008594
19335    0.019704
19366    0.003040
19536    0.013623
19572    0.011939
19693    0.011457
19817    0.008549
20228    0.010422
20260    0.005578
20263    0.016841
20281    0.007914
20380    0.019704
20400    0.019704
20482    0.014377
20545    0.012509
20559    0.011139
20601    0.007574
20717    0.011147
20768    0.005146
20844    0.004566
20964    0.006683
20983    0.006832
21005    0.006989
21040    0.016271
21185    0.016271
21217    0.019704
21243    0.014877
21247    0.003171
21307    0.042750
21308    0.013855
21310    0.008874
21311    0.013855
21313    0.019704
21332    0.015789
