30
629    0.154880
855    0.204508
858    0.098299
1430    0.101560
1431    0.154880
1741    0.042308
1804    0.100881
2100    0.225758
2334    0.088253
4207    0.124613
5374    0.145600
6791    0.162987
8200    0.091601
8674    0.092109
12999    0.037164
13466    0.052813
13491    0.106762
14224    0.117136
17141    0.116042
17588    0.098925
18018    0.117136
18146    0.120658
18614    0.126047
19084    0.107579
19232    0.070790
19394    0.109277
19453    0.075939
19529    0.102963
20464    0.067764
21005    0.072140
