381
147    0.003660
168    0.014620
191    0.005025
219    0.003456
275    0.011220
325    0.012453
410    0.011220
417    0.008990
422    0.009265
428    0.005980
440    0.007412
442    0.012453
444    0.006588
447    0.005528
455    0.004172
457    0.010105
702    0.004634
850    0.006798
965    0.012453
968    0.012453
1054    0.012453
1163    0.005889
1184    0.011057
1343    0.008753
1371    0.011220
1374    0.017086
1436    0.004486
1443    0.008186
1451    0.002964
1455    0.013311
1466    0.005388
1477    0.008972
1664    0.011439
1668    0.006953
1699    0.002957
1707    0.004590
1712    0.004388
1862    0.002538
1910    0.006656
1921    0.007889
1942    0.006028
1945    0.014427
1953    0.012453
2062    0.008543
2114    0.004945
2226    0.006286
2297    0.016065
2298    0.008753
2311    0.007214
2332    0.007310
2432    0.004301
2601    0.015269
2688    0.004350
2706    0.003467
2722    0.008356
2723    0.006958
2861    0.005934
2867    0.010161
2875    0.008543
3029    0.005492
3217    0.009986
3238    0.004569
3246    0.008543
3247    0.012453
3282    0.006028
3358    0.008356
3393    0.011604
3533    0.009589
3559    0.012685
3574    0.005053
3647    0.003514
3672    0.012253
3743    0.003725
3912    0.006028
3943    0.005528
4084    0.005138
4112    0.009265
4135    0.005259
4208    0.022439
4362    0.015871
4416    0.008543
4492    0.004486
4500    0.005528
4527    0.008356
4666    0.005492
4737    0.006798
4777    0.004945
4848    0.009986
4926    0.009054
4929    0.006076
5004    0.011220
5075    0.004334
5082    0.006231
5096    0.009789
5097    0.022439
5172    0.008990
5209    0.006127
5212    0.012938
5225    0.006076
5232    0.006798
5408    0.006401
5409    0.009589
5440    0.004843
5532    0.012466
5535    0.006028
5542    0.010498
5550    0.006401
5556    0.004678
5622    0.016711
5628    0.007122
5647    0.009589
5653    0.012453
5769    0.014054
5958    0.010498
5976    0.006127
6251    0.006028
6358    0.006127
6372    0.002964
6425    0.006461
6429    0.005025
6558    0.008186
6596    0.003135
6598    0.006425
6603    0.008753
6788    0.017506
7090    0.013047
7166    0.005109
7180    0.005889
7254    0.007122
7281    0.020176
7282    0.012453
7284    0.008990
7285    0.022439
7422    0.008356
7459    0.006874
7463    0.007122
7466    0.004388
7531    0.003233
7619    0.007810
7648    0.011220
7725    0.006798
7827    0.009986
7833    0.006386
8021    0.004724
8107    0.002848
8131    0.005388
8181    0.008146
8394    0.008753
8476    0.003979
8500    0.002738
8536    0.005528
8581    0.002761
8594    0.004794
8601    0.005845
8719    0.007412
8737    0.007214
8764    0.012453
8781    0.007667
8783    0.012316
8789    0.008753
8810    0.006461
8859    0.012453
8862    0.006178
8993    0.012453
9114    0.006725
9155    0.005760
9183    0.007889
9256    0.004466
9282    0.003725
9319    0.006656
9528    0.012453
9604    0.008990
9609    0.012453
9736    0.006725
9812    0.004350
9878    0.007036
9900    0.008990
9901    0.007634
9913    0.012453
9947    0.005810
10104    0.009986
10115    0.007036
10116    0.024506
10121    0.007036
10134    0.012453
10181    0.007214
10290    0.004313
10389    0.006798
10659    0.006725
10671    0.015039
10714    0.030190
10783    0.007214
10786    0.006953
10832    0.009265
10840    0.004241
10848    0.012453
11007    0.006286
11103    0.004238
11112    0.003456
11117    0.006177
11153    0.008356
11154    0.006178
11158    0.011220
11161    0.012922
11225    0.010395
11271    0.013163
11281    0.011220
11334    0.011294
11344    0.005889
11355    0.004840
11386    0.004223
11393    0.011220
11476    0.009986
11483    0.012453
11502    0.008753
11503    0.005810
11583    0.009265
11810    0.006725
11841    0.004110
12004    0.007412
12030    0.024906
12109    0.005565
12122    0.003126
12130    0.008990
12131    0.009589
12519    0.002973
12684    0.005242
12749    0.007036
12830    0.012453
12904    0.003263
12911    0.008020
12927    0.008412
12941    0.007214
12974    0.004724
12983    0.003622
12987    0.001787
12990    0.007036
13139    0.009589
13141    0.007889
13179    0.004634
13198    0.006178
13320    0.004794
13341    0.008990
13352    0.003765
13434    0.004523
13617    0.009265
13619    0.012453
13673    0.012453
13694    0.008186
13871    0.005980
13884    0.052636
13964    0.005322
14045    0.019972
14047    0.022903
14065    0.001471
14069    0.017981
14073    0.004313
14425    0.002930
14426    0.007757
14475    0.006798
14490    0.011868
14742    0.001271
14815    0.026258
14817    0.033990
14818    0.032745
14865    0.004819
14896    0.009986
14919    0.007310
14926    0.011220
14997    0.005679
15008    0.007634
15026    0.007634
15105    0.007214
15106    0.011220
15396    0.008186
15410    0.010161
15551    0.004506
15591    0.005322
15596    0.007412
15736    0.031494
15791    0.004794
15792    0.013221
15821    0.005388
15919    0.007519
15936    0.013906
15983    0.009736
16007    0.006798
16026    0.005388
16029    0.004919
16087    0.012453
16237    0.003422
16241    0.015871
16246    0.008031
16284    0.013747
16298    0.011220
16317    0.005322
16318    0.008753
16486    0.006127
16501    0.007320
16585    0.007239
16649    0.005109
16729    0.004059
16734    0.002498
16735    0.007412
16855    0.008990
16907    0.006935
16937    0.007310
16941    0.002328
16944    0.006714
16958    0.005290
17052    0.016694
17053    0.005025
17111    0.005259
17117    0.006086
17129    0.007584
17144    0.002808
17319    0.012453
17347    0.005168
17484    0.004152
17543    0.009589
17613    0.008031
17614    0.012453
17814    0.008114
17832    0.009589
17964    0.006524
18005    0.003174
18017    0.006231
18146    0.006656
18167    0.011497
18179    0.004446
18182    0.005763
18251    0.008990
18287    0.010498
18307    0.006725
18319    0.004172
18331    0.005422
18383    0.003876
18446    0.005679
18464    0.008186
18587    0.003819
18668    0.005602
18696    0.007310
18725    0.005025
18785    0.008186
18841    0.043367
19022    0.011220
19042    0.007889
19151    0.078298
19204    0.004945
19212    0.005081
19225    0.008378
19266    0.003610
19278    0.006702
19331    0.010498
19366    0.003461
19370    0.007928
19518    0.006286
19535    0.004527
19557    0.006461
19685    0.004634
19773    0.003126
19844    0.004659
20088    0.005845
20251    0.005109
20260    0.004234
20460    0.017706
20492    0.008753
20527    0.009986
20713    0.003368
20753    0.012453
20771    0.005322
20803    0.002472
20844    0.005200
20901    0.003862
21058    0.003647
21086    0.005845
21101    0.007757
21243    0.008471
21247    0.001805
21296    0.006231
21297    0.008543
