406
147    0.003457
166    0.019702
189    0.011762
231    0.006814
240    0.009916
280    0.009916
288    0.004695
303    0.006814
309    0.008751
322    0.010597
351    0.009057
397    0.008267
483    0.013627
594    0.008751
620    0.009432
621    0.008253
633    0.013627
675    0.011762
786    0.004598
799    0.006904
851    0.005187
870    0.008069
881    0.011762
956    0.011762
1009    0.009432
1192    0.007892
1240    0.003730
1272    0.004296
1274    0.005693
1413    0.006162
1425    0.005605
1462    0.007451
1477    0.004237
1646    0.017262
1690    0.011210
1691    0.003744
1733    0.008492
1752    0.005154
1762    0.003016
1764    0.006421
1832    0.008751
1862    0.002397
1919    0.004126
1943    0.011671
2018    0.007211
2047    0.003341
2048    0.004721
2119    0.005364
2182    0.008751
2203    0.006567
2252    0.007451
2275    0.008069
2319    0.005886
2324    0.009057
2344    0.008522
2396    0.003171
2430    0.015464
2461    0.009057
2537    0.009057
2565    0.006286
2603    0.009057
2621    0.009916
2671    0.007586
2691    0.006286
2696    0.008751
2698    0.011762
2714    0.005991
2745    0.003493
2834    0.009057
2841    0.035314
2864    0.007892
2906    0.010597
2943    0.005991
2979    0.009432
2988    0.006567
3009    0.006727
3050    0.013057
3288    0.009916
3340    0.006814
3353    0.009432
3410    0.006904
3451    0.013385
3588    0.007000
3603    0.006645
3632    0.004826
3726    0.004109
3922    0.007327
3942    0.005058
3986    0.009057
4023    0.002935
4045    0.008751
4052    0.009432
4116    0.010597
4137    0.005732
4184    0.009432
4201    0.007892
4467    0.004721
4512    0.005991
4656    0.005649
4697    0.004315
4718    0.007102
4721    0.009057
4889    0.007451
4997    0.007451
5036    0.009432
5043    0.003462
5127    0.009057
5149    0.007211
5260    0.004772
5264    0.005605
5273    0.009916
5282    0.009916
5287    0.007000
5358    0.006103
5415    0.004256
5468    0.010597
5480    0.005441
5495    0.002256
5501    0.002335
5515    0.015955
5532    0.008831
5544    0.005291
5586    0.009432
5826    0.007327
5869    0.012985
5920    0.007000
5977    0.003181
5998    0.012446
6152    0.009432
6313    0.005441
6328    0.025970
6376    0.006046
6430    0.005121
6495    0.013291
6538    0.006645
6610    0.006103
6613    0.007724
6633    0.007586
6707    0.003989
6844    0.004575
6870    0.008492
6984    0.007011
7039    0.005991
7048    0.004397
7116    0.007102
7117    0.005256
7118    0.008492
7168    0.004681
7194    0.004462
7295    0.014422
7315    0.009916
7330    0.003518
7344    0.009432
7456    0.003973
7524    0.003364
7531    0.003053
7569    0.006103
7619    0.003688
7650    0.004397
7716    0.011387
7753    0.003212
7770    0.005937
7779    0.004695
7833    0.006032
7996    0.004997
8014    0.009432
8040    0.002979
8107    0.010759
8166    0.009432
8181    0.007694
8219    0.016946
8300    0.006645
8417    0.003940
8455    0.007211
8528    0.013134
8533    0.007786
8568    0.005245
8630    0.004042
8840    0.039235
8918    0.003893
8984    0.004622
9041    0.009057
9049    0.007451
9118    0.003716
9143    0.004575
9148    0.017502
9209    0.005364
9301    0.016563
9398    0.003688
9402    0.006352
9411    0.004466
9424    0.005027
9460    0.006352
9484    0.004551
9517    0.010975
9523    0.009652
9692    0.004695
9747    0.004772
9984    0.009652
9985    0.021165
9988    0.008751
9989    0.016815
10095    0.005221
10105    0.003352
10140    0.003730
10653    0.007586
10799    0.009432
10837    0.003702
10852    0.009916
10877    0.009916
10892    0.002630
11007    0.005937
11093    0.004440
11117    0.002917
11183    0.004528
11203    0.004144
11334    0.007112
11368    0.009432
11394    0.007327
11473    0.006645
11503    0.002744
11683    0.004431
11696    0.009432
11709    0.005562
11713    0.018865
11723    0.019832
11754    0.007102
11782    0.011669
11841    0.005823
11945    0.007732
11958    0.004746
11984    0.004799
12005    0.002366
12071    0.004276
12142    0.008751
12273    0.011106
12345    0.019270
12415    0.003621
12455    0.006727
12519    0.005616
12531    0.010597
12591    0.003493
12618    0.009876
12639    0.009432
12640    0.008267
12656    0.010597
12660    0.004237
12684    0.007427
12763    0.005291
12817    0.008011
12818    0.005364
12823    0.009057
12838    0.008492
12855    0.005441
12876    0.006286
12927    0.003973
12928    0.004296
12962    0.008267
12995    0.005836
12999    0.001936
13014    0.002586
13156    0.008751
13228    0.007546
13355    0.005472
13357    0.001647
13388    0.008880
13434    0.003204
13466    0.002752
13580    0.002866
13787    0.007102
13791    0.006162
13819    0.021980
13886    0.002935
13893    0.007586
13951    0.015785
14065    0.009727
14237    0.006046
14247    0.009057
14305    0.010729
14331    0.006103
14424    0.009057
14505    0.007892
14534    0.008751
14537    0.003308
14587    0.010597
14595    0.008267
14607    0.003989
14796    0.007517
14932    0.011762
15085    0.008751
15125    0.009432
15140    0.003222
15160    0.029528
15166    0.007586
15181    0.009057
15239    0.005937
15466    0.012433
15594    0.007327
15643    0.007451
15695    0.004397
15792    0.004163
15849    0.005605
15850    0.007586
15907    0.003543
15927    0.004909
15952    0.019544
15955    0.026107
16034    0.004397
16302    0.005886
16336    0.011762
16461    0.043433
16521    0.005364
16585    0.010256
16729    0.001917
16732    0.002926
16883    0.008492
16968    0.009916
17051    0.003445
17117    0.002874
17313    0.010655
17358    0.006814
17438    0.005364
17451    0.004881
17484    0.007843
17521    0.006223
17525    0.007102
17527    0.006421
17661    0.006286
17669    0.002792
17683    0.009057
17685    0.006904
17727    0.022354
17781    0.007327
17782    0.008253
17836    0.006567
17873    0.005787
17913    0.005649
17966    0.004528
18167    0.007240
18182    0.001814
18203    0.003909
18282    0.001824
18383    0.003661
18411    0.004909
18418    0.007732
18437    0.007892
18446    0.005364
18452    0.006223
18619    0.012101
18625    0.006352
18649    0.005480
18717    0.004296
18795    0.007732
18799    0.006645
18883    0.003608
18898    0.004462
18901    0.005441
18992    0.005121
19052    0.007451
19095    0.012446
19266    0.003410
19278    0.004220
19413    0.009916
19433    0.022200
19460    0.005456
19462    0.014205
19464    0.003286
19507    0.006904
19523    0.006223
19543    0.016650
19577    0.005364
19640    0.004853
19675    0.007586
19772    0.004006
19813    0.007000
19841    0.007211
19844    0.002200
19907    0.006421
19962    0.007586
20028    0.009916
20057    0.008069
20090    0.003991
20156    0.009057
20169    0.010597
20178    0.008069
20254    0.008751
20281    0.008513
20315    0.011762
20321    0.014903
20356    0.010597
20425    0.009057
20460    0.004181
20554    0.006645
20695    0.005121
20785    0.007978
20811    0.013455
20894    0.003243
20902    0.007755
20972    0.006421
20973    0.010597
21083    0.004909
21120    0.011319
21150    0.008047
21152    0.005256
21247    0.001705
21290    0.004276
