210
147    0.007881
219    0.007442
610    0.010122
716    0.029602
786    0.010482
814    0.016703
1436    0.009660
1646    0.009838
1699    0.003184
1832    0.059848
1862    0.010930
2018    0.032877
2093    0.008020
2224    0.011127
2396    0.007228
2691    0.014331
2988    0.014971
3050    0.007442
3110    0.015533
3397    0.010880
3451    0.010171
3583    0.005880
3726    0.009366
3769    0.026814
3799    0.022605
3922    0.016703
3986    0.020648
4023    0.006691
4028    0.043282
4045    0.019949
4137    0.013067
4150    0.011602
4656    0.012877
4982    0.017627
5002    0.024158
5086    0.013084
5153    0.014331
5260    0.010880
5282    0.022605
5495    0.005144
5501    0.010644
5532    0.006711
5544    0.012063
5977    0.007251
5998    0.028373
6086    0.016439
6328    0.029602
6372    0.006382
6495    0.030299
6596    0.006751
6613    0.017609
6719    0.018039
7286    0.013084
7295    0.016439
7456    0.009057
7557    0.026814
7726    0.013913
7744    0.010704
7882    0.014971
7996    0.011391
8101    0.011531
8107    0.012263
8116    0.005816
8181    0.008770
8185    0.014971
8516    0.026814
8528    0.029942
8533    0.008875
8558    0.022605
8573    0.013192
8774    0.011531
8840    0.012778
9148    0.019949
9153    0.009884
9200    0.007298
9331    0.019949
9408    0.014971
9411    0.005091
9510    0.009574
9517    0.025020
9747    0.010880
9812    0.009366
9873    0.008346
9989    0.038333
10400    0.024158
10477    0.026814
10799    0.021503
10892    0.005995
10897    0.007826
10992    0.016191
11071    0.016439
11117    0.013301
11180    0.006012
11213    0.008536
11334    0.008106
11355    0.005211
11434    0.007369
11473    0.030299
11530    0.012877
11696    0.043005
11729    0.008805
11754    0.016191
11782    0.013301
11841    0.004425
11858    0.014638
11863    0.016987
11889    0.011675
11945    0.017627
12048    0.010324
12639    0.021503
12656    0.024158
12817    0.018264
12836    0.014638
12873    0.015533
13060    0.015533
13352    0.008106
13388    0.010122
13434    0.004870
13580    0.006533
13734    0.026814
13841    0.016439
13886    0.006691
13910    0.007369
13951    0.017992
14065    0.003168
14104    0.018396
14107    0.026814
14237    0.013783
14331    0.013913
14340    0.010762
14439    0.006457
14578    0.022605
14587    0.024158
14643    0.016703
14749    0.009170
14857    0.011064
15080    0.012681
15081    0.019147
15160    0.009616
15347    0.043005
15466    0.009448
15656    0.014186
15695    0.010025
15783    0.011903
15792    0.009489
15801    0.010880
15805    0.019949
15849    0.025555
15906    0.009247
15927    0.011191
15952    0.026732
15955    0.023806
16034    0.010025
16371    0.011191
16461    0.033004
16585    0.006235
16732    0.013341
16838    0.024158
17240    0.022605
17242    0.017627
17358    0.015533
17413    0.012494
17438    0.012229
17456    0.026814
17550    0.026814
17585    0.016703
17661    0.014331
17669    0.006364
17685    0.015740
17727    0.016987
17782    0.037628
17814    0.008736
17913    0.012877
18167    0.004126
18382    0.010171
18383    0.008346
18398    0.020648
18446    0.024459
18619    0.006897
18713    0.011191
18717    0.009793
18745    0.024158
18814    0.017293
18983    0.037694
19278    0.004810
19370    0.008536
19426    0.005266
19490    0.026814
19507    0.015740
19543    0.009489
19570    0.021503
19577    0.012229
19841    0.016439
19844    0.010033
19907    0.014638
20156    0.020648
20169    0.024158
20178    0.018396
20275    0.006572
20554    0.015149
20593    0.015336
20595    0.034587
20756    0.021503
20785    0.018188
20811    0.015336
20894    0.007393
20902    0.008840
21058    0.015707
21120    0.008601
21247    0.003887
