244
303    0.012436
351    0.016531
469    0.006682
552    0.008104
621    0.007531
674    0.011719
760    0.012963
863    0.010742
1097    0.007192
1477    0.007734
1490    0.028842
1646    0.015753
1689    0.006834
1692    0.010230
1733    0.015499
1752    0.018814
1926    0.010475
2047    0.006098
2093    0.006421
2102    0.016118
2324    0.033062
2430    0.042337
2452    0.017215
2461    0.033062
2525    0.015499
2604    0.007467
2691    0.011474
2696    0.015972
2841    0.021485
2906    0.019342
2979    0.017215
2995    0.010934
3053    0.009066
3126    0.010562
3162    0.011358
3245    0.011850
3396    0.028767
3397    0.026132
3567    0.005051
3693    0.012129
3745    0.009468
3986    0.016531
3987    0.018098
4014    0.021468
4116    0.019342
4143    0.013161
4239    0.021468
4274    0.015972
4390    0.008570
4522    0.009120
4656    0.061857
4727    0.015089
4833    0.011474
4997    0.013600
5043    0.012636
5115    0.010562
5135    0.015972
5161    0.018098
5208    0.014405
5280    0.013600
5287    0.012777
5292    0.026745
5293    0.013161
5352    0.007840
5358    0.011139
5443    0.019342
5468    0.038683
5480    0.019861
5501    0.004261
5532    0.005373
5670    0.013161
5977    0.005805
5998    0.022716
6117    0.014728
6376    0.011035
6462    0.012777
6538    0.024258
6557    0.013600
6633    0.013845
7039    0.010934
7057    0.017215
7058    0.017215
7173    0.008808
7192    0.009175
7438    0.011719
7482    0.013600
7744    0.008570
7802    0.005692
7931    0.030178
7987    0.008525
8001    0.010934
8019    0.025848
8107    0.004909
8218    0.005215
8415    0.021468
8417    0.007192
8500    0.004721
8507    0.018098
8533    0.007105
8534    0.006913
8564    0.021468
8737    0.012436
8964    0.016960
9041    0.016531
9118    0.020347
9137    0.011139
9148    0.015972
9153    0.023739
9155    0.009930
9294    0.015499
9301    0.010076
9364    0.007192
9398    0.026926
9454    0.006223
9484    0.008307
9517    0.020031
9692    0.008570
9984    0.008808
10045    0.021468
10376    0.013373
10517    0.021468
10611    0.009066
11007    0.010837
11112    0.005958
11191    0.019342
11207    0.007699
11334    0.006490
11341    0.010562
11473    0.012129
11531    0.007251
11683    0.008088
11713    0.017215
11782    0.010649
11805    0.021468
11841    0.003543
12005    0.004318
12076    0.017215
12122    0.021555
12167    0.021673
12273    0.013514
12505    0.007769
12618    0.027037
12639    0.017215
12659    0.007251
12661    0.010934
12684    0.004519
12722    0.015499
12806    0.016531
12823    0.049593
12824    0.021468
12907    0.008616
13014    0.004721
13050    0.005421
13434    0.003899
13482    0.008224
13580    0.005231
13787    0.012963
13791    0.011246
13886    0.005357
13926    0.011594
13979    0.021468
14021    0.021468
14392    0.019342
14395    0.012777
14423    0.019342
14425    0.015153
15080    0.010152
15081    0.007665
15085    0.015972
15094    0.019342
15125    0.017215
15160    0.015398
15166    0.013845
15368    0.020460
15432    0.014405
15556    0.009232
15754    0.018098
15783    0.009530
15801    0.008711
15952    0.014268
15955    0.019059
16461    0.008808
16578    0.010003
16585    0.001248
16675    0.019342
16713    0.010230
16724    0.007467
16833    0.019342
16882    0.012278
17117    0.005246
17296    0.014112
17451    0.008908
17455    0.025203
17484    0.003579
17913    0.010310
17922    0.015262
17966    0.008265
18024    0.021468
18282    0.003328
18326    0.017049
18382    0.008143
18452    0.022716
18619    0.016565
18625    0.011594
18716    0.013373
18717    0.007840
18882    0.004631
18898    0.008143
18903    0.010152
18987    0.008026
19261    0.012842
19262    0.007281
19278    0.003851
19364    0.019342
19366    0.002984
19460    0.004979
19462    0.025926
19543    0.007597
19640    0.017716
19735    0.085871
19736    0.008663
19807    0.021468
19841    0.013161
19844    0.002008
20088    0.020153
20275    0.005262
20595    0.013845
20695    0.009347
20700    0.011474
20785    0.007281
20811    0.012278
20829    0.015972
20894    0.011838
20902    0.007077
20973    0.019342
20976    0.014728
21083    0.017920
21084    0.015089
21115    0.005037
21120    0.013773
21122    0.007049
21146    0.008908
21164    0.013845
21290    0.007804
