49
288    0.053727
483    0.077963
870    0.092332
1477    0.048484
2165    0.076038
2344    0.032505
2539    0.111063
2565    0.071931
2873    0.103636
3050    0.037351
3571    0.049609
3845    0.073470
4184    0.107927
5043    0.019804
5358    0.069831
5532    0.033682
5924    0.063647
6085    0.053162
6613    0.044193
7194    0.051052
7295    0.082509
7753    0.073497
8107    0.030776
8219    0.064633
8840    0.064134
8984    0.052885
9460    0.072685
9984    0.055219
9989    0.064134
10261    0.033682
11457    0.086800
11958    0.108620
15160    0.048267
15466    0.047421
15940    0.081268
16333    0.066772
16461    0.055219
16729    0.021934
16883    0.097165
17484    0.022435
17836    0.075144
18167    0.020710
18619    0.034616
18717    0.049151
19433    0.050804
19462    0.081268
20281    0.048704
20902    0.044368
21129    0.030346
