107
540    0.032223
629    0.032223
855    0.042549
858    0.020451
1430    0.105650
1699    0.005577
1741    0.017604
1804    0.020989
2099    0.039597
2333    0.027209
2334    0.055084
2610    0.028362
2644    0.020451
2675    0.039208
2819    0.014895
3583    0.010300
3659    0.023503
3812    0.046970
3862    0.019954
4207    0.077779
4461    0.017477
4690    0.023503
5495    0.009010
5615    0.019954
5623    0.025103
5626    0.019954
5975    0.014406
6347    0.042318
6401    0.055143
7176    0.047846
7632    0.044093
7703    0.046970
8116    0.010187
8153    0.024143
8362    0.059862
8500    0.010328
8596    0.024924
8674    0.038327
8918    0.015546
9301    0.022047
9510    0.016770
9881    0.045471
9944    0.021274
10545    0.021727
10606    0.046970
11103    0.010657
11355    0.009129
11434    0.012908
11683    0.008848
11744    0.028097
11966    0.040396
12086    0.023710
12098    0.024606
12127    0.023303
12967    0.030293
12983    0.027324
13070    0.022736
13310    0.028795
13466    0.021976
13731    0.029755
13939    0.013804
14218    0.031516
14339    0.018084
14523    0.018851
15192    0.026537
15484    0.020198
15497    0.031470
16585    0.008191
16946    0.045471
17080    0.023923
17122    0.022736
17141    0.024143
17500    0.030293
17521    0.024850
17547    0.023710
17588    0.041164
17788    0.028795
17922    0.016696
18146    0.025103
18182    0.007246
18347    0.025926
18435    0.033245
18550    0.031516
18771    0.039597
19084    0.044764
19232    0.014728
19361    0.036168
19370    0.014952
19394    0.045471
19410    0.026068
19437    0.021885
19460    0.010894
19529    0.021422
19530    0.026864
19844    0.013180
20090    0.007969
20409    0.022919
20464    0.014098
20844    0.019613
20868    0.020714
20994    0.020198
21018    0.026864
21019    0.056554
21086    0.044093
21087    0.027324
21103    0.046970
21284    0.046970
