61
240    0.084284
288    0.039912
483    0.057915
798    0.099979
863    0.050029
1646    0.036681
1689    0.031826
1762    0.025636
2102    0.025021
2165    0.056486
2344    0.024146
2539    0.082504
2841    0.100057
2872    0.044977
3191    0.053434
3854    0.057915
3861    0.048786
4137    0.048720
4578    0.051390
4870    0.030889
5532    0.025021
5544    0.044977
5865    0.044977
5916    0.052376
5924    0.047280
6085    0.039491
6333    0.080175
6613    0.065658
6809    0.042731
7117    0.044676
7754    0.042731
8219    0.048013
8840    0.047642
8918    0.033091
9517    0.023322
9984    0.041020
9989    0.095284
10837    0.015734
11457    0.064480
11841    0.016500
12415    0.030776
12618    0.041972
13388    0.037740
14065    0.035435
15081    0.035696
15712    0.031948
15912    0.051587
15952    0.033224
15953    0.053995
16127    0.084284
16265    0.048013
16729    0.032588
16952    0.042221
17139    0.099979
18167    0.015385
18619    0.025714
19433    0.037740
20698    0.090077
21120    0.032070
21129    0.022542
21146    0.041488
