295
143    0.010233
190    0.010407
348    0.007711
447    0.007293
448    0.007952
469    0.005113
481    0.006938
523    0.007293
540    0.011271
604    0.008221
610    0.006201
621    0.011527
623    0.016428
638    0.009517
855    0.014882
858    0.007153
1430    0.125639
1431    0.022541
1433    0.008968
1466    0.014217
1680    0.006938
1683    0.011271
1712    0.005789
1804    0.007341
1862    0.010045
1917    0.011271
1925    0.008293
1941    0.005270
2003    0.006558
2096    0.009778
2119    0.007493
2203    0.009172
2334    0.019266
2438    0.016428
2500    0.016428
2565    0.008780
2610    0.029760
2614    0.016428
2676    0.008367
2678    0.008151
2687    0.032857
2711    0.013875
2747    0.007545
2806    0.017366
2819    0.005210
2903    0.012222
2919    0.016428
3007    0.016428
3131    0.016428
3133    0.011861
3206    0.012222
3326    0.005840
3393    0.007655
3635    0.006857
3685    0.010407
3688    0.007545
3821    0.009920
3828    0.012650
3897    0.014585
3900    0.011547
4207    0.036272
4286    0.011271
4313    0.010595
4402    0.010800
4446    0.011547
4753    0.016428
4903    0.011547
5043    0.007252
5091    0.013850
5092    0.016428
5342    0.016428
5440    0.006389
5495    0.003151
5677    0.011271
5975    0.005039
6033    0.016428
6259    0.011547
6275    0.010072
6347    0.014801
6372    0.011731
6552    0.016428
6596    0.004136
6632    0.016441
6661    0.032857
6908    0.004063
6971    0.012222
7053    0.007599
7071    0.011547
7228    0.007952
7256    0.016428
7274    0.011547
7343    0.015422
7474    0.012650
7524    0.004698
7588    0.010233
7623    0.009396
7636    0.006778
7650    0.006142
7736    0.009657
7740    0.012650
7826    0.013174
7833    0.004212
8027    0.009778
8080    0.014801
8116    0.007126
8168    0.032857
8200    0.006666
8362    0.013958
8391    0.016428
8452    0.021599
8500    0.003612
8512    0.016428
8519    0.049285
8535    0.009517
8674    0.046919
8711    0.005690
8868    0.009778
9002    0.007599
9044    0.010072
9256    0.023567
9263    0.011861
9361    0.011577
9364    0.005504
9502    0.013332
9517    0.003832
9777    0.015199
9788    0.016428
9873    0.005113
9886    0.011861
9893    0.014801
9901    0.010072
9965    0.011023
10106    0.007599
10261    0.008223
10440    0.013174
10445    0.006979
10498    0.012650
10578    0.007199
10581    0.011023
10605    0.009862
10611    0.006938
10780    0.011861
10892    0.003673
10965    0.009920
11103    0.001864
11112    0.009119
11252    0.016428
11287    0.016428
11415    0.006857
11434    0.004515
11448    0.011861
11503    0.003832
11528    0.005438
11531    0.005549
11534    0.009778
11683    0.003095
11715    0.010233
11744    0.019655
11750    0.008801
11782    0.004075
11848    0.008692
11889    0.007153
11966    0.007065
11982    0.016428
12005    0.003304
12032    0.029603
12098    0.008606
12122    0.004124
12127    0.008151
12245    0.004331
12274    0.014801
12403    0.016428
12551    0.004278
12664    0.010800
12684    0.006916
12765    0.005132
12875    0.014801
12907    0.006594
12932    0.007065
12952    0.007889
12983    0.004779
12987    0.002358
12991    0.016428
13014    0.007225
13096    0.008016
13152    0.009517
13434    0.001492
13466    0.019216
13492    0.007952
13580    0.004003
13871    0.007889
13886    0.004099
13964    0.007022
13999    0.008692
14207    0.010407
14218    0.011023
14339    0.006325
14343    0.006778
14412    0.006558
14553    0.016428
14604    0.003515
14629    0.009517
14785    0.009517
14824    0.007769
14933    0.016428
15140    0.004500
15309    0.008692
15403    0.016428
15410    0.006703
15466    0.005789
15470    0.009172
15497    0.005504
15564    0.016428
15666    0.011861
15915    0.011023
16034    0.006142
16094    0.006142
16117    0.005865
16237    0.004515
16259    0.007829
16286    0.021191
16370    0.013850
16415    0.016428
16509    0.005666
16579    0.008692
16585    0.008595
16729    0.005355
17000    0.016428
17017    0.009517
17129    0.010005
17296    0.010800
17346    0.010800
17347    0.006817
17369    0.006523
17374    0.008221
17451    0.006817
17484    0.005477
17531    0.004682
17567    0.013850
17572    0.011861
17588    0.043193
17591    0.011023
17665    0.014801
17674    0.014801
17685    0.009644
17742    0.016428
17743    0.014801
17838    0.016428
17987    0.016428
18158    0.012284
18232    0.016428
18255    0.016428
18282    0.002547
18454    0.010072
18619    0.008451
18764    0.014801
18787    0.016428
18892    0.013174
19084    0.031314
19226    0.011697
19232    0.005151
19247    0.016428
19278    0.002947
19310    0.011271
19347    0.008968
19389    0.009172
19394    0.023856
19397    0.052682
19410    0.003039
19426    0.003227
19460    0.003810
19521    0.014801
19529    0.022478
19737    0.014801
19822    0.026905
19844    0.001537
20131    0.008692
20803    0.003261
20807    0.007065
20825    0.011861
20868    0.010868
20894    0.004530
20908    0.013850
20985    0.049285
21003    0.009068
21005    0.020998
21019    0.013187
21087    0.038228
21115    0.007709
21129    0.003704
21150    0.001873
21152    0.007341
21236    0.016428
21243    0.026075
21292    0.009396
