405
115    0.005202
219    0.003378
384    0.009372
540    0.008350
585    0.010966
629    0.016700
749    0.006961
855    0.011026
858    0.005300
1095    0.006256
1097    0.008155
1129    0.010261
1240    0.007720
1380    0.012171
1430    0.147836
1431    0.008350
1433    0.006644
1490    0.003270
1689    0.007749
1691    0.003874
1712    0.008577
1723    0.008350
1804    0.005439
1821    0.009760
1919    0.004270
1989    0.007244
2096    0.007244
2133    0.009760
2158    0.012171
2269    0.010261
2292    0.009877
2321    0.006144
2334    0.009516
2396    0.003281
2397    0.010261
2432    0.002102
2610    0.007349
2644    0.005300
2684    0.004094
2711    0.005140
2744    0.003260
2806    0.004289
2819    0.007720
2857    0.004640
2944    0.010966
2992    0.010261
3009    0.006961
3140    0.006039
3145    0.012171
3252    0.009760
3326    0.004326
3342    0.012171
3343    0.007462
3371    0.007711
3463    0.007582
3482    0.012171
3592    0.006644
3615    0.005551
3688    0.005590
3858    0.010806
3959    0.008555
4067    0.012171
4084    0.005022
4094    0.012171
4207    0.073901
4208    0.032898
4313    0.007850
4450    0.006604
4577    0.005671
4629    0.008001
4665    0.008787
4803    0.008167
4870    0.003760
4871    0.005080
4962    0.009372
4980    0.006876
5043    0.010746
5068    0.012171
5089    0.008167
5096    0.012756
5146    0.010261
5225    0.005939
5260    0.004938
5352    0.004445
5495    0.007004
5501    0.002416
5523    0.004859
5556    0.004572
5587    0.010966
5595    0.008555
5646    0.013010
5708    0.006376
5876    0.007850
5899    0.005333
5975    0.007466
5991    0.004466
6084    0.012171
6193    0.007582
6241    0.010261
6441    0.008167
6448    0.009760
6466    0.008787
6497    0.006439
6596    0.003064
6598    0.003140
6795    0.008787
6865    0.018110
6893    0.010261
6908    0.009029
6920    0.006039
6959    0.007711
7005    0.010966
7050    0.008167
7075    0.006876
7097    0.004686
7168    0.002422
7181    0.004061
7188    0.004307
7401    0.008167
7438    0.006644
7441    0.017535
7459    0.006718
7522    0.007244
7524    0.013922
7631    0.009666
7650    0.004550
7709    0.005551
7712    0.006090
7736    0.003577
7745    0.009760
7802    0.004841
7833    0.003121
7896    0.004833
7908    0.010966
7965    0.011180
8037    0.010261
8107    0.002783
8116    0.002640
8205    0.017110
8212    0.007145
8220    0.005800
8233    0.004663
8252    0.007462
8313    0.012171
8362    0.005171
8500    0.005353
8505    0.009770
8517    0.012171
8581    0.002699
8596    0.003229
8599    0.012171
8674    0.009932
8726    0.006961
8769    0.007244
8787    0.007349
8867    0.012171
8964    0.004808
8977    0.007711
9008    0.012171
9023    0.004572
9037    0.008167
9146    0.008350
9259    0.010966
9319    0.006505
9322    0.008787
9364    0.004077
9411    0.002311
9499    0.007711
9502    0.004938
9510    0.008691
9531    0.010261
9630    0.009760
9652    0.010966
9665    0.007850
9667    0.020521
9736    0.019720
9799    0.006796
9820    0.010966
9841    0.012171
9873    0.011365
10140    0.003860
10227    0.018110
10228    0.009055
10315    0.012171
10422    0.005266
10445    0.010341
10723    0.006315
10773    0.008290
10820    0.009372
10881    0.005234
10892    0.002721
11098    0.006376
11103    0.004142
11112    0.003378
11125    0.010966
11244    0.013923
11334    0.003679
11355    0.004731
11386    0.004128
11503    0.002839
11506    0.012171
11527    0.006505
11641    0.010966
11744    0.003640
11782    0.006038
11889    0.005300
11966    0.005234
11987    0.007462
12005    0.002448
12131    0.009372
12183    0.010966
12210    0.010966
12273    0.003831
12319    0.013437
12365    0.004550
12508    0.006144
12551    0.009508
12597    0.012171
12618    0.015329
12684    0.005124
12753    0.010966
12911    0.003919
12932    0.005234
12965    0.010261
12967    0.007850
12974    0.004617
13050    0.006147
13080    0.012171
13176    0.010966
13179    0.004529
13228    0.003904
13300    0.008167
13381    0.007462
13423    0.010966
13434    0.002210
13466    0.011389
13647    0.003229
13836    0.013923
13886    0.006074
13939    0.007154
13964    0.005202
14099    0.005891
14130    0.005171
14139    0.008167
14149    0.012171
14218    0.016334
14224    0.006315
14303    0.003504
14340    0.009770
14341    0.011026
14395    0.007244
14406    0.003693
14412    0.014576
14523    0.004885
14594    0.006376
14716    0.006315
14725    0.008167
14754    0.004859
14810    0.008167
14937    0.012171
15081    0.004346
15137    0.006876
15199    0.010966
15212    0.012077
15309    0.012879
15343    0.006505
15466    0.004289
15468    0.004808
15478    0.005939
15484    0.010468
15556    0.005234
15719    0.009760
15830    0.006090
15907    0.003666
16116    0.003615
16119    0.006090
16184    0.020521
16237    0.006690
16345    0.012171
16432    0.004710
16434    0.010966
16443    0.017110
16585    0.006368
16685    0.010966
16729    0.005951
16766    0.004734
16771    0.007711
16829    0.012171
16899    0.007349
16907    0.006778
16908    0.010966
16944    0.003281
16955    0.004758
16976    0.007244
17019    0.006796
17044    0.005333
17115    0.006039
17117    0.002974
17129    0.003706
17201    0.006961
17242    0.008001
17351    0.006796
17406    0.008555
17407    0.003919
17480    0.005513
17484    0.002029
17519    0.019720
17529    0.009325
17543    0.009372
17552    0.014488
17567    0.010261
17571    0.008787
17573    0.009760
17588    0.005333
17591    0.008167
17685    0.014289
17712    0.009055
17718    0.009055
17744    0.012171
17814    0.003965
17817    0.011342
17913    0.005845
17949    0.015799
17951    0.006876
17984    0.017110
18016    0.010966
18046    0.010261
18097    0.007711
18138    0.005051
18142    0.006876
18149    0.010261
18158    0.004550
18227    0.007711
18282    0.001887
18396    0.007462
18435    0.008615
18619    0.012522
18621    0.021932
18816    0.010966
18894    0.012171
18915    0.024343
18998    0.006573
19046    0.004686
19054    0.010966
19084    0.023200
19172    0.010966
19212    0.009932
19213    0.006039
19226    0.005777
19229    0.007711
19264    0.009372
19296    0.007349
19300    0.012171
19366    0.001692
19370    0.007749
19390    0.012171
19394    0.011783
19397    0.006505
19410    0.002252
19460    0.005646
19523    0.006439
19529    0.005551
19589    0.005988
19664    0.006039
19707    0.003981
19737    0.010966
19817    0.004758
19844    0.004554
19876    0.010261
20046    0.010966
20056    0.007850
20233    0.005988
20260    0.002069
20345    0.010261
20378    0.009760
20464    0.003653
20554    0.006876
20713    0.003291
20714    0.020062
20771    0.005202
20781    0.010261
20803    0.004831
20807    0.005234
20828    0.010261
20838    0.008787
20844    0.002541
20848    0.006319
20868    0.002684
20970    0.012171
21005    0.003889
21018    0.006961
21026    0.007850
21063    0.006876
21087    0.014161
21115    0.002856
21122    0.003997
21134    0.008555
21150    0.001388
21163    0.012171
21243    0.016559
21247    0.001764
21269    0.006505
21287    0.008350
21290    0.004425
21296    0.018271
