642
4    0.004405
6    0.004405
28    0.004405
38    0.005497
48    0.004698
59    0.005497
75    0.004893
77    0.004186
253    0.005497
314    0.002547
341    0.004893
370    0.002449
415    0.003801
444    0.003228
449    0.002930
455    0.002044
469    0.005697
523    0.002709
610    0.002303
621    0.002141
630    0.003295
717    0.004539
773    0.002436
966    0.004893
1267    0.004698
1290    0.005144
1309    0.008014
1311    0.004094
1440    0.005123
1456    0.002783
1479    0.002977
1699    0.000724
1712    0.002150
1762    0.004694
1764    0.003331
1847    0.008467
1862    0.002487
1864    0.006980
1914    0.004011
1931    0.006102
1963    0.005497
1964    0.034251
1965    0.004539
1966    0.016744
1990    0.003331
1997    0.004011
2074    0.003196
2084    0.002131
2102    0.004581
2111    0.004698
2118    0.004893
2120    0.001935
2122    0.003166
2173    0.003637
2174    0.002864
2222    0.007369
2228    0.006102
2292    0.002476
2293    0.006102
2297    0.007871
2298    0.012866
2388    0.003582
2391    0.004698
2396    0.001645
2418    0.004011
2498    0.005144
2540    0.006102
2684    0.002052
2706    0.006796
2711    0.005153
2715    0.008577
2744    0.003269
2745    0.001812
2830    0.024406
2831    0.018305
2853    0.003027
2867    0.009958
2988    0.003407
3106    0.006102
3282    0.002953
3291    0.005497
3328    0.004539
3341    0.001957
3364    0.012203
3441    0.003136
3473    0.004300
3479    0.003080
3483    0.004924
3485    0.002624
3503    0.003631
3569    0.005144
3574    0.002476
3583    0.002676
3593    0.005270
3619    0.002373
3743    0.007300
3745    0.013455
3861    0.002977
3881    0.002608
3916    0.003631
3933    0.007731
3944    0.003870
3977    0.003684
4028    0.002462
4114    0.004893
4195    0.003289
4206    0.037292
4220    0.009397
4229    0.003935
4230    0.004698
4240    0.021254
4245    0.016693
4258    0.003387
4260    0.002208
4262    0.003002
4407    0.006102
4456    0.002503
4504    0.004011
4525    0.008372
4527    0.008188
4538    0.005144
4566    0.006102
4567    0.005144
4577    0.002843
4581    0.002885
4613    0.004094
4672    0.007163
4732    0.011372
4743    0.002977
4744    0.011805
4777    0.002423
4833    0.006522
4835    0.007870
4890    0.003801
4894    0.003935
4905    0.006736
4926    0.004436
4927    0.006215
4928    0.004405
4931    0.004094
4949    0.002608
5043    0.002693
5050    0.007263
5054    0.006102
5075    0.003185
5110    0.003534
5211    0.002709
5331    0.005860
5335    0.006102
5348    0.005497
5408    0.003136
5473    0.005497
5495    0.003511
5501    0.001211
5505    0.004893
5548    0.002727
5563    0.007347
5567    0.005148
5570    0.003490
5584    0.006273
5610    0.003368
5623    0.003261
5719    0.001733
5725    0.002640
5745    0.002489
5769    0.010329
5770    0.007369
5806    0.005645
5856    0.003914
5877    0.003684
5879    0.002361
5988    0.004951
6042    0.003027
6049    0.002885
6129    0.003002
6256    0.004405
6265    0.004893
6429    0.004924
6507    0.008791
6589    0.006102
6697    0.003053
6705    0.002069
6719    0.002052
6734    0.005064
6738    0.002462
6841    0.003447
6908    0.001509
6943    0.004289
7044    0.003631
7110    0.003228
7164    0.003865
7168    0.001214
7180    0.002885
7194    0.002314
7241    0.002908
7286    0.005955
7351    0.002104
7406    0.003196
7466    0.004300
7493    0.002843
7508    0.005453
7513    0.012203
7523    0.004698
7569    0.003166
7595    0.005940
7619    0.003826
7627    0.015431
7648    0.032984
7649    0.004186
7693    0.002977
7744    0.002436
7748    0.002843
7750    0.003295
7798    0.006215
7813    0.005144
7833    0.003129
7892    0.002373
7967    0.003136
7987    0.007269
7989    0.002131
8025    0.001671
8063    0.010288
8068    0.002436
8078    0.018407
8116    0.002647
8170    0.009691
8218    0.001482
8220    0.011630
8269    0.005527
8275    0.002314
8345    0.004405
8392    0.005497
8446    0.003311
8449    0.003684
8476    0.003899
8500    0.004025
8505    0.002449
8525    0.005497
8568    0.001360
8581    0.001353
8613    0.002518
8630    0.011532
8638    0.002532
8688    0.009498
8689    0.014138
8690    0.004094
8781    0.003756
8786    0.002727
8970    0.003447
8978    0.003865
9003    0.002239
9037    0.004094
9044    0.003741
9076    0.005144
9118    0.007711
9181    0.004539
9209    0.008348
9210    0.002281
9282    0.003650
9320    0.017826
9411    0.001158
9455    0.002977
9459    0.002885
9517    0.007117
9518    0.020772
9532    0.003801
9618    0.004289
9664    0.002044
9684    0.006102
9692    0.007307
9694    0.007481
9739    0.003002
9749    0.003108
9771    0.004186
9890    0.008810
9907    0.006102
9917    0.004405
9919    0.003490
9945    0.002608
9960    0.004011
9962    0.003741
10000    0.003368
10064    0.002802
10074    0.005252
10129    0.004405
10141    0.004893
10175    0.002373
10245    0.003801
10290    0.004226
10332    0.003865
10334    0.001775
10335    0.003447
10338    0.001745
10358    0.003108
10420    0.002449
10421    0.002449
10460    0.003534
10495    0.005686
10591    0.036609
10595    0.006102
10596    0.006102
10605    0.001831
10609    0.003801
10610    0.002977
10687    0.005497
10689    0.005093
10714    0.019018
10763    0.006102
10784    0.003407
10786    0.003407
10846    0.002044
10881    0.002624
10893    0.003865
10895    0.003741
10897    0.001781
11103    0.002769
11112    0.005080
11117    0.001513
11146    0.004072
11160    0.015553
11161    0.037990
11225    0.005093
11271    0.002150
11283    0.002436
11285    0.003935
11295    0.005144
11310    0.003865
11355    0.001186
11358    0.004122
11386    0.002069
11415    0.010186
11416    0.003407
11434    0.001677
11455    0.006102
11457    0.003935
11465    0.005144
11466    0.006102
11503    0.001423
11527    0.006522
11587    0.003368
11657    0.004289
11680    0.004893
11683    0.003448
11750    0.001634
11782    0.001513
11800    0.004405
11841    0.003021
11843    0.004405
11854    0.003368
11867    0.004893
11889    0.002657
11926    0.012203
11958    0.002462
11973    0.003166
11984    0.002489
11998    0.012203
12110    0.001650
12122    0.001532
12133    0.003331
12144    0.003865
12151    0.004186
12166    0.002270
12202    0.002783
12233    0.007069
12245    0.006435
12292    0.003631
12300    0.001565
12302    0.003801
12343    0.005497
12426    0.006102
12522    0.002004
12526    0.003080
12548    0.001972
12551    0.006355
12655    0.006102
12684    0.003853
12784    0.004698
12817    0.006234
12820    0.014887
12855    0.001411
12857    0.003801
12911    0.005894
12983    0.001775
12987    0.001752
13034    0.005497
13050    0.003082
13070    0.002953
13072    0.006102
13173    0.004698
13176    0.005497
13179    0.002270
13189    0.004893
13198    0.003027
13228    0.001957
13294    0.003407
13295    0.003166
13317    0.016492
13320    0.002349
13324    0.004289
13349    0.003136
13351    0.018609
13355    0.005677
13357    0.010252
13420    0.006102
13434    0.001662
13497    0.003295
13529    0.002577
13533    0.006160
13580    0.001487
13601    0.002783
13666    0.004539
13774    0.004405
13862    0.073009
13863    0.003053
13865    0.033163
13897    0.005728
13906    0.003002
13917    0.004094
13926    0.009886
13999    0.003228
14003    0.004539
14065    0.005767
14073    0.002113
14130    0.002592
14200    0.002608
14202    0.004698
14303    0.001757
14305    0.002783
14340    0.004898
14343    0.002518
14348    0.004094
14442    0.003295
14523    0.002449
14537    0.001716
14579    0.002885
14594    0.003196
14604    0.003916
14678    0.009397
14741    0.004357
14742    0.003737
14745    0.004198
14746    0.009743
14752    0.003684
14785    0.003534
14786    0.006102
14810    0.004094
14815    0.001838
14868    0.003295
14874    0.010990
14901    0.006102
14902    0.004893
14913    0.004094
14919    0.003582
14981    0.005144
14997    0.002783
15000    0.004405
15063    0.001745
15070    0.003228
15076    0.005497
15135    0.002908
15139    0.003684
15210    0.002169
15225    0.008022
15239    0.003080
15283    0.004011
15368    0.002908
15379    0.005144
15394    0.011596
15408    0.004405
15470    0.003407
15478    0.002977
15484    0.002624
15486    0.004405
15493    0.003631
15551    0.002208
15559    0.006102
15561    0.005497
15562    0.012203
15576    0.003935
15577    0.004405
15596    0.003631
15781    0.004011
15783    0.002709
15791    0.002349
15797    0.004539
15820    0.002113
15822    0.001812
15831    0.003865
15889    0.003196
15913    0.004289
15914    0.005144
15915    0.004094
15917    0.007263
15931    0.002436
15939    0.003027
15942    0.007601
15944    0.002843
15951    0.006102
16012    0.003027
16060    0.002385
16063    0.002410
16117    0.002178
16148    0.008860
16201    0.005497
16205    0.006332
16213    0.007601
16353    0.002745
16362    0.002822
16371    0.005093
16386    0.003865
16396    0.002727
16437    0.002547
16440    0.003684
16489    0.003053
16520    0.004698
16521    0.002783
16585    0.010996
16729    0.002983
16732    0.001518
16743    0.002640
16772    0.002476
16853    0.006102
16855    0.004405
16880    0.004191
16940    0.003865
16950    0.002930
16952    0.002577
16954    0.003080
16955    0.002385
17027    0.006083
17029    0.005382
17034    0.003136
17051    0.001787
17052    0.005453
17053    0.002462
17054    0.006456
17059    0.002908
17108    0.002349
17111    0.002577
17144    0.001376
17240    0.005144
17242    0.008022
17366    0.002326
17407    0.001965
17439    0.003631
17445    0.002802
17451    0.002532
17484    0.002034
17496    0.003002
17636    0.012203
17814    0.001988
17854    0.005382
17859    0.006102
17945    0.004094
18005    0.001555
18027    0.004893
18098    0.004872
18108    0.004186
18135    0.004289
18144    0.004893
18160    0.003368
18199    0.004698
18204    0.003136
18214    0.003684
18227    0.003865
18253    0.003368
18272    0.005497
18282    0.001892
18379    0.006102
18407    0.004405
18509    0.003582
18549    0.003447
18652    0.001584
18656    0.003447
18660    0.003631
18670    0.002122
18841    0.002361
18972    0.003108
18973    0.006102
19106    0.005417
19151    0.004263
19262    0.004139
19266    0.001769
19278    0.002189
19309    0.002398
19366    0.005088
19426    0.001198
19437    0.002843
19503    0.002640
19504    0.006102
19566    0.004539
19569    0.003295
19649    0.003490
19746    0.004539
19817    0.002385
19844    0.002854
19878    0.006102
19894    0.006332
20038    0.004186
20107    0.006102
20114    0.006102
20131    0.003228
20151    0.006102
20173    0.006102
20218    0.006102
20260    0.000519
20274    0.002122
20288    0.003631
20359    0.003331
20528    0.004405
20532    0.004698
20545    0.003490
20648    0.002398
20673    0.005382
20686    0.003447
20711    0.005497
20714    0.006034
20768    0.001436
20837    0.004289
20868    0.001345
20894    0.001682
20927    0.001478
20945    0.006102
20946    0.026316
20964    0.005594
20971    0.005144
20983    0.001906
20993    0.002188
20998    0.006456
21058    0.001787
21065    0.002640
21082    0.004893
21085    0.002398
21087    0.001775
21111    0.005093
21115    0.007157
21122    0.006011
21126    0.003295
21150    0.002087
21165    0.004893
21243    0.004150
21279    0.002188
