126
115    0.020772
147    0.014284
164    0.024981
246    0.016761
375    0.048601
630    0.026247
743    0.048601
773    0.019402
944    0.043787
961    0.031344
1010    0.036158
1278    0.021717
1699    0.005771
1762    0.012462
2047    0.027609
2051    0.029347
2380    0.022013
2652    0.030274
2985    0.025217
3050    0.026976
3397    0.019720
3451    0.036871
3563    0.015297
3647    0.027425
4028    0.019612
4137    0.011842
4190    0.048601
4385    0.026826
4578    0.024981
5075    0.008457
5262    0.029795
5414    0.017352
5415    0.017588
5417    0.033342
5521    0.021029
5759    0.040972
5769    0.013713
5868    0.038974
5995    0.026531
6056    0.024319
6168    0.048601
6430    0.021162
6546    0.038974
6613    0.031917
6738    0.019612
7040    0.043787
7097    0.018711
7462    0.038974
7531    0.012616
7932    0.059590
8040    0.012311
8159    0.023525
8487    0.027135
8750    0.048601
8813    0.043787
8964    0.019197
9143    0.018902
9209    0.011082
9314    0.030274
9424    0.041544
9454    0.014088
9687    0.023911
10047    0.043787
10107    0.029795
10421    0.019506
10495    0.022645
10840    0.016551
11062    0.023340
11098    0.025460
11249    0.036158
11445    0.019720
11468    0.034100
11570    0.015183
11633    0.048601
11709    0.022984
11841    0.008021
12048    0.018711
12058    0.043787
12273    0.015297
12300    0.024924
12415    0.014961
12644    0.030274
12853    0.015471
12947    0.021574
13311    0.021296
13355    0.011305
14065    0.017225
14425    0.011435
14489    0.037424
14742    0.004961
15063    0.013898
15160    0.017430
15299    0.018999
15983    0.018999
16021    0.043787
16139    0.048601
16585    0.005650
16628    0.044026
16630    0.032611
16649    0.019940
16678    0.027458
16729    0.007921
16783    0.048601
16833    0.043787
17254    0.032611
17313    0.022013
17365    0.035087
17484    0.008102
17654    0.025975
18282    0.030139
18535    0.028529
18569    0.026531
18619    0.012500
19013    0.032611
19266    0.014088
19756    0.026247
19844    0.004546
20460    0.017275
20617    0.026826
20726    0.037424
20848    0.012616
20901    0.015071
21115    0.034207
21120    0.015590
21146    0.020168
21346    0.026247
