134
103    0.015079
354    0.030692
479    0.020862
483    0.026497
1477    0.016478
1862    0.009323
1919    0.016047
1957    0.064302
2093    0.013681
2119    0.020862
2120    0.014506
2430    0.030069
2744    0.012252
2801    0.025539
2841    0.022889
3140    0.022694
3311    0.030069
3341    0.014673
3396    0.015324
3397    0.018560
3571    0.016861
3854    0.026497
3905    0.024200
4153    0.021632
4195    0.012330
4399    0.034031
4718    0.027620
4872    0.021009
5079    0.014961
5163    0.045742
5515    0.012409
5523    0.018260
5918    0.027620
5995    0.024970
6085    0.036136
6489    0.026851
6610    0.023733
6613    0.030040
6707    0.015513
6719    0.015386
6845    0.032151
7048    0.017101
7121    0.038561
7178    0.019203
7602    0.024447
7754    0.019550
7833    0.011729
8107    0.010460
8181    0.014961
8218    0.011112
8528    0.051078
8630    0.007859
8726    0.026162
8918    0.015140
8957    0.030069
9209    0.020861
9256    0.016404
9364    0.015324
9411    0.017368
9418    0.025539
9454    0.013259
9472    0.041212
9484    0.017700
9517    0.010670
9747    0.018560
9984    0.037534
9985    0.020578
10095    0.020305
10261    0.011448
10653    0.029501
10837    0.007198
11007    0.023090
11218    0.009786
11330    0.027224
11434    0.012571
11655    0.026162
12043    0.030069
12075    0.035223
12364    0.028493
12368    0.041212
12415    0.014081
12416    0.019792
12522    0.015020
12817    0.015578
12818    0.020862
12820    0.022320
13050    0.011552
13434    0.008307
13730    0.030692
13866    0.056944
13921    0.022504
14065    0.016212
14811    0.023298
15160    0.016404
15503    0.018260
15603    0.025539
15822    0.013585
15825    0.028978
15952    0.030401
15955    0.040610
16337    0.024970
16461    0.018767
16484    0.024447
16585    0.002659
16735    0.027224
16794    0.026162
16848    0.045742
17484    0.007625
17685    0.026851
17814    0.014902
18167    0.007039
18282    0.021275
18340    0.037325
18383    0.014237
18717    0.016705
19261    0.013681
19266    0.013259
19460    0.010609
19464    0.012778
19640    0.037747
19676    0.029501
20260    0.003888
20275    0.011211
20460    0.016259
20505    0.055241
20713    0.012370
21083    0.019091
21118    0.017700
21119    0.022320
21129    0.010314
21146    0.018981
21172    0.024970
21190    0.045742
21290    0.016629
