105
70    0.032662
431    0.027230
1183    0.036660
1222    0.024702
1245    0.018238
1272    0.034774
1309    0.015633
1455    0.025445
2063    0.047609
2102    0.011915
2172    0.022347
2298    0.033463
2345    0.045029
2706    0.013256
3473    0.083874
3479    0.048065
3743    0.014240
3944    0.015098
4240    0.029265
4245    0.016281
4810    0.019987
4811    0.020600
4871    0.019871
4895    0.038178
5050    0.028335
5563    0.019108
5570    0.027230
5719    0.013523
5750    0.029656
5769    0.013433
7153    0.042894
7214    0.040135
7372    0.040135
7373    0.040135
7619    0.014928
7737    0.047609
7748    0.022183
7750    0.025712
7898    0.190436
8069    0.025989
8078    0.019150
8269    0.021564
8326    0.047609
8674    0.019424
8688    0.024702
8689    0.027579
9518    0.030390
9950    0.033463
9999    0.024472
10069    0.033463
10420    0.019108
10460    0.027579
10711    0.030705
10714    0.016488
11160    0.020226
11161    0.123511
11225    0.019871
11445    0.019317
11530    0.045727
11531    0.016080
11744    0.014240
11750    0.012752
11854    0.026279
12005    0.009575
12300    0.012208
12519    0.011365
13466    0.011138
13515    0.054460
13533    0.024032
13865    0.107819
13897    0.022347
13910    0.013084
14303    0.013707
14523    0.019108
14535    0.034371
14677    0.080271
14678    0.036660
14722    0.042894
14729    0.027947
14742    0.029158
14749    0.032562
15140    0.013042
15210    0.050768
15225    0.031297
15906    0.016419
16163    0.040135
16205    0.074106
16213    0.029656
16585    0.005535
16923    0.026425
18005    0.012133
18159    0.018238
18791    0.047609
18799    0.026898
18882    0.010269
18976    0.030160
19225    0.032029
19226    0.011299
19349    0.020226
19772    0.016214
20048    0.032662
20821    0.029187
20927    0.023064
20946    0.038500
20964    0.014549
