55
1593    0.086763
1699    0.048882
1762    0.026390
2043    0.076570
2106    0.069058
3473    0.072527
3560    0.102919
3942    0.044258
4001    0.052419
4245    0.035196
5220    0.044258
5523    0.041086
5962    0.050220
6340    0.063095
6479    0.082533
6937    0.055583
7619    0.032272
8019    0.024784
8078    0.020699
8395    0.046299
9518    0.021899
9947    0.024008
9962    0.063095
11296    0.102919
11302    0.092726
11854    0.056809
13370    0.095215
13472    0.047269
13862    0.084930
14430    0.040233
14604    0.022018
14722    0.092726
14742    0.042022
14745    0.023601
14811    0.052419
14895    0.074303
15140    0.028193
15687    0.074303
15917    0.061254
16163    0.086763
16205    0.106800
16585    0.011966
16732    0.025603
18962    0.048308
19225    0.034619
19366    0.014304
19453    0.034619
19707    0.033661
19772    0.105150
19825    0.074303
20022    0.102919
20452    0.036746
20946    0.027743
20989    0.102919
21152    0.045990
