299
103    0.005916
303    0.010395
575    0.012041
633    0.010395
666    0.007670
716    0.019810
784    0.014390
786    0.007015
799    0.010534
801    0.012613
863    0.008979
1022    0.015128
1043    0.017945
1161    0.011573
1262    0.022088
1326    0.010019
1490    0.004822
1646    0.019751
1668    0.020038
1699    0.002131
1712    0.006323
1741    0.003363
1925    0.009058
1926    0.008756
2396    0.004837
2618    0.010534
2691    0.009591
2828    0.014390
2841    0.035918
3050    0.004980
3077    0.006741
3198    0.022002
3309    0.007623
3338    0.007814
3396    0.012023
3397    0.007281
3583    0.003935
3790    0.007088
3824    0.010836
3836    0.015128
3903    0.006774
4028    0.007241
4060    0.017945
4130    0.016484
4137    0.004372
4237    0.012955
4247    0.017945
4250    0.012613
4265    0.009311
4276    0.010680
4390    0.007164
4666    0.007914
4894    0.011573
5055    0.008686
5075    0.003122
5192    0.016168
5242    0.016168
5248    0.018280
5279    0.015128
5414    0.006407
5439    0.009494
5495    0.003442
5501    0.010685
5515    0.004868
5865    0.024218
5869    0.009905
5915    0.020277
5918    0.021671
5975    0.005504
5977    0.004853
5991    0.019751
6085    0.007088
6313    0.016602
6323    0.008301
6372    0.004271
6430    0.007814
6469    0.017945
6610    0.009311
6613    0.011785
6663    0.008618
6705    0.012172
6984    0.005348
7039    0.009140
7048    0.013418
7050    0.012041
7168    0.003571
7181    0.005987
7188    0.006351
7196    0.010534
7228    0.008686
7325    0.007966
7408    0.009494
7482    0.011368
7508    0.008019
7523    0.006909
7531    0.004658
7571    0.014030
7600    0.008073
7693    0.008756
7744    0.007164
7753    0.004900
7833    0.004601
7882    0.010019
8040    0.004546
8087    0.011796
8107    0.008207
8116    0.007784
8166    0.014390
8223    0.007914
8275    0.006807
8301    0.010680
8395    0.008073
8500    0.011838
8534    0.005778
8573    0.008829
8630    0.003083
8762    0.017945
8774    0.007717
8783    0.005916
8977    0.011368
8994    0.013351
9003    0.013168
9039    0.010836
9152    0.008686
9209    0.004092
9294    0.012955
9295    0.017945
9364    0.006012
9392    0.017657
9402    0.009691
9418    0.010019
9454    0.010404
9460    0.009691
9484    0.006944
9519    0.015128
9644    0.007534
9664    0.006012
9966    0.012613
9984    0.014725
9989    0.008551
10105    0.005114
10589    0.006677
10646    0.009401
10773    0.006111
10837    0.005648
10892    0.020061
11090    0.009140
11112    0.004980
11124    0.016168
11168    0.012955
11203    0.006323
11218    0.003839
11334    0.010850
11340    0.008686
11355    0.013950
11415    0.007490
11439    0.007321
11528    0.017818
11534    0.010680
11567    0.023441
11570    0.005606
11588    0.009691
11683    0.003380
11709    0.008486
11754    0.010836
11823    0.014390
11841    0.008884
11889    0.015627
12005    0.007218
12007    0.015128
12076    0.014390
12245    0.014194
12345    0.004900
12367    0.012311
12505    0.006494
12618    0.022601
12659    0.006061
12668    0.007717
12680    0.016168
12684    0.003777
12825    0.030256
12853    0.005712
12855    0.004150
12898    0.008073
12900    0.007670
12907    0.007202
12947    0.007966
12948    0.011368
12999    0.002954
13228    0.005756
13357    0.002513
13388    0.006774
13434    0.004888
13451    0.007966
13484    0.007015
13597    0.013351
13841    0.011001
13888    0.016168
14065    0.006360
14093    0.007623
14231    0.011573
14233    0.009796
14251    0.012613
14279    0.013351
14305    0.008184
14537    0.005046
14638    0.013351
14796    0.005734
15155    0.012311
15160    0.025742
15278    0.012041
15368    0.008551
15623    0.013749
15801    0.007281
15837    0.011573
15906    0.006189
15952    0.023853
15955    0.007966
15983    0.014030
16088    0.035890
16237    0.004932
16309    0.012311
16385    0.020527
16432    0.006944
16437    0.007490
16461    0.014725
16501    0.005274
16713    0.008551
16714    0.010138
16729    0.002925
16734    0.007199
16766    0.013958
16845    0.012955
16944    0.019349
17123    0.010264
17129    0.005464
17269    0.010680
17366    0.006840
17416    0.035890
17433    0.011368
17484    0.002991
17531    0.005114
17552    0.010680
17633    0.012041
17654    0.019182
17812    0.017945
17821    0.012646
17829    0.008979
18142    0.010138
18282    0.005564
18317    0.007202
18334    0.021360
18446    0.008184
18447    0.013818
18450    0.012311
18462    0.008361
18561    0.021360
18712    0.010680
18992    0.007814
19046    0.006909
19085    0.008618
19177    0.005149
19204    0.007126
19226    0.004259
19266    0.015605
19340    0.016168
19410    0.003320
19453    0.024145
19503    0.007765
19543    0.019052
19640    0.007404
19673    0.012613
19773    0.004505
19830    0.007534
19844    0.001679
19874    0.017945
20088    0.008423
20297    0.011178
20366    0.010019
20460    0.006379
20488    0.010680
20507    0.010680
20617    0.009905
20776    0.008301
20785    0.012172
20796    0.009691
20848    0.004658
20894    0.004948
20902    0.005916
20956    0.007126
21058    0.005256
21113    0.017102
21119    0.008756
21120    0.005756
21247    0.002601
21287    0.012311
21288    0.013818
21290    0.006523
21333    0.013351
