263
455    0.012023
534    0.009591
920    0.007863
1199    0.011178
1275    0.009058
1363    0.025911
1396    0.014390
1415    0.014979
1440    0.045201
1566    0.048503
1567    0.035890
1691    0.005712
1699    0.004262
1707    0.006615
1712    0.006323
1740    0.006553
1741    0.003363
1764    0.009796
1847    0.008301
1949    0.006012
1962    0.017945
2060    0.013351
2062    0.012311
2173    0.005348
2277    0.003767
2281    0.006979
2319    0.008979
2344    0.004334
2384    0.017945
2418    0.011796
2609    0.006840
2710    0.006646
2745    0.005330
2765    0.014390
2806    0.006323
2882    0.006523
2947    0.006465
3089    0.004284
3090    0.007623
3574    0.007281
3583    0.003935
3632    0.007363
3732    0.007914
3743    0.005367
3745    0.023742
3903    0.006774
3943    0.007966
4118    0.009401
4126    0.016168
4151    0.007765
4178    0.012955
4195    0.004837
4220    0.041454
4380    0.003442
4433    0.011178
4584    0.032335
4591    0.015128
4681    0.012955
4683    0.015128
4707    0.012041
4766    0.012955
4811    0.007765
5043    0.010562
5050    0.010680
5075    0.003122
5096    0.009404
5179    0.009140
5450    0.017945
5452    0.013818
5567    0.010093
5621    0.012955
5622    0.048163
5745    0.007321
5778    0.012955
5844    0.011178
6049    0.008486
6103    0.012955
6251    0.008686
6314    0.017945
6319    0.008551
6429    0.007241
6532    0.017236
6596    0.004518
6628    0.011088
6707    0.006086
6827    0.007534
6828    0.006615
6931    0.009591
7011    0.012311
7080    0.013818
7168    0.003571
7199    0.016633
7241    0.017102
7303    0.009401
7349    0.009401
7351    0.006189
7393    0.008019
7514    0.009401
7531    0.004658
7595    0.011647
7602    0.009591
7608    0.028781
7619    0.005627
7720    0.009796
7753    0.004900
7985    0.008829
8040    0.004546
8068    0.007164
8107    0.004103
8270    0.008903
8275    0.006807
8323    0.006465
8534    0.017335
8630    0.006166
8638    0.007447
8881    0.009796
8984    0.007051
9214    0.008242
9280    0.008242
9824    0.009058
9873    0.005585
9944    0.008128
9947    0.008372
10272    0.016168
10274    0.027636
10275    0.043171
10276    0.016168
10291    0.010836
10338    0.010263
10420    0.007202
10423    0.012613
10668    0.042115
10671    0.010836
10734    0.017945
10790    0.008551
10791    0.016168
10792    0.017945
10837    0.002824
11014    0.006584
11117    0.004451
11146    0.017962
11160    0.022870
11161    0.037243
11183    0.006909
11218    0.003839
11225    0.029959
11262    0.011573
11683    0.003380
11744    0.005367
11757    0.006012
11809    0.012041
12005    0.007218
12207    0.010534
12371    0.105896
12437    0.017945
12488    0.017945
12491    0.032335
12519    0.017135
12808    0.026701
12904    0.004702
12911    0.005778
12987    0.005152
13014    0.003946
13303    0.012311
13325    0.017945
13348    0.007321
13357    0.002513
13434    0.003259
13488    0.030415
13518    0.017945
13568    0.006584
13702    0.029074
13886    0.004478
14065    0.002120
14144    0.017945
14538    0.007321
14660    0.016168
14668    0.013351
14727    0.008829
14874    0.012929
14903    0.018117
14991    0.014390
14997    0.024553
15032    0.007966
15209    0.018988
15405    0.017945
15482    0.012041
15917    0.010680
15943    0.011368
15946    0.016168
16142    0.013818
16207    0.007966
16237    0.004932
16241    0.015247
16429    0.012613
16486    0.017657
16489    0.008979
16490    0.039316
16570    0.017945
16585    0.013561
16598    0.014390
16654    0.017945
16659    0.084286
16699    0.016168
16700    0.012311
16707    0.012929
16729    0.005849
16921    0.014327
16955    0.007015
17447    0.008756
17482    0.014390
17529    0.006874
17632    0.009494
17776    0.012955
17846    0.008073
18179    0.006407
18180    0.038765
18313    0.012613
18435    0.006351
18664    0.012613
18668    0.008073
18724    0.007914
18725    0.007241
18726    0.020521
18898    0.013614
18940    0.008686
19046    0.006909
19125    0.013229
19143    0.021067
19177    0.005149
19261    0.005367
19266    0.005202
19274    0.019182
19366    0.002494
19426    0.003524
19499    0.011573
19557    0.009311
19606    0.014390
19685    0.006677
19707    0.005869
19773    0.004505
19844    0.001679
19866    0.017945
19990    0.015128
20100    0.014893
20260    0.013729
20274    0.012483
20282    0.003924
20299    0.017945
20366    0.010019
20464    0.005386
20527    0.014390
20534    0.011975
20714    0.005916
20746    0.011178
21052    0.010836
21058    0.010512
21150    0.006138
21155    0.007241
21188    0.008301
21191    0.008073
21225    0.017945
21253    0.003946
