84
483    0.044550
1436    0.027705
1699    0.018264
1832    0.057217
2047    0.021845
2252    0.048720
2396    0.020731
2717    0.064834
2795    0.076907
2981    0.036933
3238    0.028216
3410    0.045144
3541    0.076907
4045    0.057217
4048    0.076907
4486    0.038484
4656    0.036933
5043    0.011317
5075    0.013382
5998    0.040689
6086    0.047148
6313    0.035575
6613    0.025253
6809    0.032870
6937    0.041534
7117    0.034366
7228    0.037226
7965    0.035322
7996    0.065344
8081    0.051604
8219    0.036933
8534    0.024765
8840    0.036648
8950    0.069290
8977    0.048720
9214    0.035322
9256    0.082743
9777    0.035575
9984    0.031554
9985    0.034597
10605    0.023084
10837    0.012103
11223    0.043987
11289    0.029031
11683    0.014487
11782    0.019075
12075    0.059221
12345    0.020999
12519    0.018359
12675    0.023761
12855    0.017787
12999    0.012660
13236    0.057217
13434    0.006983
14065    0.018172
14130    0.065344
14717    0.032099
14796    0.024575
15160    0.027581
15466    0.027098
15781    0.050556
15801    0.031205
15909    0.047148
15952    0.025557
16585    0.004471
16734    0.015426
17253    0.047148
17274    0.059221
17292    0.024206
17922    0.027337
18314    0.051604
19050    0.045772
19278    0.013797
19525    0.055523
19543    0.027217
19585    0.055523
19640    0.031732
19641    0.059221
20321    0.097441
20587    0.032478
20617    0.042451
20803    0.015264
20902    0.025353
20915    0.040689
