69
1159    0.069091
1250    0.045699
1324    0.057867
1456    0.040921
2170    0.046554
2909    0.042115
4767    0.057867
5079    0.029346
5495    0.017212
5614    0.030813
5708    0.047004
5717    0.034895
5987    0.103951
6465    0.056841
6758    0.019567
6904    0.057867
7168    0.017855
7619    0.028134
8078    0.018045
8596    0.023806
9003    0.032919
10161    0.089724
10942    0.030305
11061    0.075640
11117    0.022254
11203    0.031614
11355    0.017438
11434    0.024658
11534    0.053401
12110    0.024264
12307    0.027124
12987    0.025758
13246    0.056841
13297    0.057867
13351    0.042101
13877    0.150670
14065    0.010600
14439    0.043213
14445    0.038348
14742    0.018317
14745    0.020575
15140    0.024578
15492    0.053401
15494    0.058982
15818    0.027320
16237    0.024658
16585    0.005216
16705    0.023509
17068    0.089724
17643    0.027721
17817    0.041806
17949    0.038823
18336    0.050096
18690    0.048457
18807    0.046554
19085    0.043089
19226    0.042589
19266    0.026009
19327    0.021172
19410    0.016599
19416    0.030556
19460    0.020811
20601    0.031074
20630    0.066753
20682    0.069091
21115    0.021050
21264    0.037021
21307    0.029231
21309    0.080838
