178
428    0.013552
1381    0.019360
1741    0.005288
1762    0.007236
1846    0.009857
1862    0.005751
1947    0.015577
2283    0.011326
2874    0.019360
3338    0.012287
3473    0.049716
3593    0.016249
3745    0.012446
3943    0.012527
4240    0.034693
4245    0.019301
4483    0.028220
4530    0.025425
4730    0.013552
4743    0.013770
4744    0.018200
4771    0.017040
4776    0.016565
4779    0.023790
4870    0.008719
4905    0.015577
5212    0.009773
5227    0.030481
5231    0.021730
5487    0.024122
5501    0.005601
5567    0.047615
5719    0.008016
5725    0.012211
5835    0.025425
6334    0.014001
6361    0.019835
6364    0.019835
6462    0.016796
6486    0.013345
6507    0.013552
6598    0.007280
7115    0.025425
7142    0.012366
7164    0.017877
7286    0.013770
7303    0.014783
7402    0.016565
7456    0.009531
7714    0.012287
7736    0.008294
7746    0.015756
7750    0.030481
7802    0.003741
8078    0.022702
8269    0.012782
8323    0.010166
8355    0.047580
8533    0.009340
8534    0.018174
8581    0.006257
8688    0.014642
8689    0.016347
9320    0.011778
9517    0.013166
9518    0.018014
9533    0.008783
9663    0.015943
9852    0.025425
9947    0.006583
9948    0.028220
10011    0.016140
10121    0.015943
10221    0.018551
10331    0.015240
10332    0.017877
10347    0.028220
10605    0.008470
11018    0.014783
11103    0.003201
11181    0.007806
11218    0.006037
11225    0.011778
11271    0.009943
11415    0.011778
11440    0.014245
11531    0.019063
11683    0.015948
11750    0.007559
11889    0.012287
12005    0.005675
12017    0.021730
12027    0.023790
12048    0.010865
12245    0.007440
12300    0.007236
12364    0.017578
12628    0.022630
12675    0.087187
12911    0.009087
12983    0.008208
12985    0.019360
12999    0.004645
13337    0.028220
13351    0.006621
13357    0.003951
13434    0.007687
13497    0.015240
13641    0.021730
13726    0.045260
13862    0.058218
13864    0.017578
13865    0.025563
13910    0.007755
14135    0.016140
14138    0.023790
14406    0.008562
14439    0.006796
14537    0.015872
14611    0.015240
14617    0.016796
14734    0.020373
14742    0.017283
14745    0.006471
14746    0.011265
14815    0.008501
14830    0.021730
15006    0.014245
15410    0.011514
15488    0.010865
15555    0.019464
15672    0.015082
15910    0.020424
15912    0.007280
15928    0.019715
16205    0.058568
16213    0.017578
16237    0.015511
16353    0.012695
16362    0.013054
16585    0.004921
16729    0.004599
16734    0.016981
16743    0.012211
16890    0.012961
17027    0.009378
17029    0.012446
17054    0.014930
18182    0.004353
18253    0.015577
18335    0.017040
18549    0.015943
18554    0.023790
18719    0.013884
18898    0.010704
18972    0.014373
19001    0.028220
19097    0.011089
19426    0.005542
19664    0.014001
19685    0.010500
19710    0.017578
19742    0.017040
19772    0.009610
19835    0.020373
19844    0.002640
20090    0.004788
20260    0.002399
20275    0.006917
20587    0.011917
20588    0.015405
20785    0.009571
20868    0.006223
20946    0.030428
20983    0.008816
21150    0.009653
21193    0.019835
21247    0.008182
