84
168    0.043244
484    0.050540
1646    0.027028
1862    0.015014
2458    0.035105
2658    0.039786
3053    0.031110
3191    0.039373
3198    0.045163
3349    0.059076
5628    0.021066
5977    0.019922
6481    0.053185
6538    0.041621
6613    0.024190
7168    0.014660
7456    0.024882
7660    0.073669
7754    0.031486
7802    0.009766
7833    0.018890
7965    0.033835
7996    0.031296
8218    0.017897
8417    0.024679
8476    0.023540
8500    0.016199
8630    0.012657
8840    0.105314
9256    0.026420
9398    0.023100
9454    0.021355
9985    0.033141
9989    0.035105
10105    0.020995
10290    0.025514
10775    0.098862
10794    0.030225
11112    0.020445
11434    0.020246
11622    0.042134
11841    0.012158
12005    0.014816
12071    0.026781
12345    0.020115
12519    0.035171
12999    0.012127
13388    0.027808
13434    0.006689
13451    0.032702
14065    0.026110
15516    0.073669
15801    0.059782
15952    0.048962
15953    0.039786
16461    0.030225
16675    0.066372
16713    0.035105
16732    0.036653
16734    0.044330
16978    0.073669
17051    0.021576
17253    0.045163
17274    0.056727
17281    0.020717
17922    0.026186
18167    0.011336
18282    0.011421
18446    0.033598
18569    0.040215
18649    0.034325
18717    0.026904
19169    0.029567
19261    0.022034
19457    0.036549
19590    0.059076
19645    0.053185
20215    0.047512
20726    0.056727
20785    0.024985
21119    0.035947
21120    0.023631
21129    0.016610
21243    0.016704
