399
7    0.012565
8    0.012565
10    0.012565
30    0.012565
72    0.008103
79    0.018696
166    0.007015
219    0.003487
288    0.005016
301    0.008260
314    0.005244
483    0.014557
556    0.008431
618    0.012565
674    0.006859
684    0.012565
735    0.008620
885    0.025129
974    0.006034
982    0.012565
1010    0.009348
1184    0.003719
1222    0.006519
1240    0.003985
1274    0.006082
1436    0.004526
1451    0.002991
1462    0.007960
1472    0.007186
1475    0.012565
1477    0.018105
1633    0.005898
1646    0.004610
1659    0.012565
1690    0.011975
1691    0.004000
1699    0.001492
1755    0.012565
1846    0.004389
1943    0.006234
2102    0.003144
2172    0.005898
2217    0.007827
2252    0.007960
2430    0.041298
2489    0.025129
2533    0.012565
2603    0.019350
2606    0.010076
2691    0.006715
2706    0.006997
2744    0.003365
2802    0.009348
2826    0.006082
2834    0.009675
2841    0.031436
2842    0.010076
2864    0.008431
2872    0.016957
2952    0.010076
2995    0.006400
3050    0.017435
3053    0.015918
3126    0.006182
3191    0.006715
3306    0.006519
3338    0.010942
3340    0.007278
3341    0.004030
3396    0.016837
3397    0.005098
3410    0.007375
3496    0.012565
3567    0.002956
3583    0.002755
3661    0.009071
3672    0.006182
3743    0.007516
3755    0.012565
3789    0.005214
3842    0.004077
3845    0.006859
3892    0.007587
4026    0.005812
4142    0.005898
4165    0.011320
4277    0.007099
4390    0.010032
4464    0.011320
4487    0.008431
4571    0.006343
4718    0.007587
4760    0.010076
4777    0.004989
5043    0.001849
5075    0.004373
5115    0.006182
5134    0.011320
5135    0.009348
5136    0.012565
5149    0.015406
5192    0.011320
5194    0.012565
5195    0.025129
5363    0.012565
5399    0.006519
5414    0.013458
5422    0.025129
5501    0.004988
5515    0.006817
5684    0.007478
5856    0.004030
5977    0.006796
6085    0.004963
6086    0.015406
6117    0.008620
6247    0.008260
6313    0.005812
6361    0.008831
6364    0.008831
6569    0.009348
6613    0.008251
6630    0.005942
6651    0.004653
6705    0.004261
6707    0.004261
6809    0.005370
6843    0.010592
6844    0.004887
6921    0.012565
6957    0.009675
6982    0.011320
6994    0.006519
7039    0.006400
7048    0.009395
7116    0.007587
7117    0.005615
7168    0.005001
7188    0.004447
7391    0.007827
7456    0.004244
7460    0.005471
7465    0.006935
7531    0.003262
7619    0.003940
7623    0.007186
7636    0.005184
7693    0.006131
7714    0.005471
7754    0.005370
7779    0.015047
7802    0.003331
7985    0.006182
7987    0.009978
7989    0.004389
7996    0.005338
8025    0.003442
8040    0.006365
8081    0.008431
8107    0.005746
8212    0.007375
8218    0.003052
8219    0.006034
8301    0.014956
8368    0.011320
8446    0.003409
8455    0.007703
8506    0.012565
8533    0.004159
8630    0.004318
8691    0.010076
8741    0.008431
8748    0.010592
8783    0.004142
8840    0.011975
8842    0.009348
8958    0.010592
8964    0.004963
9009    0.006131
9164    0.011320
9168    0.006715
9179    0.005338
9209    0.002865
9210    0.009395
9282    0.007516
9329    0.012565
9331    0.018696
9332    0.010076
9408    0.007015
9454    0.010927
9484    0.004862
9486    0.007478
9510    0.013458
9533    0.003911
9616    0.010076
9674    0.008831
9781    0.012565
9798    0.003522
9811    0.006082
9881    0.006082
9946    0.007099
9984    0.025775
9985    0.011305
9989    0.011975
10027    0.007703
10222    0.007478
10261    0.003144
10494    0.011320
10587    0.012565
10589    0.004675
10737    0.012565
10837    0.005932
10838    0.008103
10897    0.003667
11007    0.006343
11008    0.008431
11077    0.022640
11087    0.004389
11201    0.002973
11334    0.003798
11344    0.005942
11354    0.010076
11445    0.005098
11473    0.007099
11494    0.025129
11496    0.050259
11503    0.002931
11567    0.005471
11568    0.007827
11631    0.012565
11683    0.002367
11709    0.011884
11757    0.004209
11790    0.010592
11841    0.008294
11891    0.007587
12005    0.005054
12071    0.004568
12185    0.012565
12273    0.003955
12300    0.012887
12345    0.013723
12356    0.007099
12367    0.008620
12368    0.011320
12369    0.010592
12451    0.012565
12519    0.023995
12621    0.024779
12658    0.011320
12661    0.006400
12752    0.012565
12855    0.002906
12987    0.001803
13014    0.002763
13050    0.003173
13151    0.013571
13177    0.006859
13235    0.011320
13236    0.009348
13239    0.025129
13348    0.005126
13357    0.005278
13434    0.002282
13462    0.005541
13557    0.012565
13647    0.006667
13827    0.009071
13905    0.008431
14065    0.005938
14304    0.022764
14306    0.008831
14430    0.004912
14594    0.006582
14716    0.006519
14796    0.012045
14824    0.005942
14865    0.004862
14874    0.004526
14895    0.009071
15026    0.007703
15140    0.006884
15154    0.050259
15155    0.017240
15160    0.018024
15166    0.008103
15220    0.007960
15340    0.025129
15400    0.005437
15407    0.012565
15484    0.005403
15556    0.005403
15716    0.006648
15778    0.004697
15783    0.016733
15801    0.005098
15910    0.004547
15912    0.003242
15919    0.007587
15952    0.012526
15955    0.005578
15983    0.004912
16012    0.006234
16025    0.008831
16026    0.005437
16286    0.008103
16295    0.011320
16310    0.012565
16484    0.006715
16509    0.004333
16521    0.005730
16585    0.008765
16646    0.012565
16671    0.012565
16677    0.012565
16692    0.006519
16724    0.008740
16759    0.012565
16923    0.003487
16941    0.002349
16965    0.012565
17013    0.012565
17034    0.006458
17196    0.037694
17210    0.007186
17240    0.010592
17471    0.005691
17484    0.002094
17496    0.006182
17503    0.012565
17525    0.007587
17688    0.008431
17782    0.004408
17789    0.009348
17857    0.006715
17873    0.006182
18094    0.025129
18133    0.005506
18158    0.004697
18167    0.005800
18182    0.001938
18303    0.010592
18326    0.004989
18383    0.003911
18398    0.009675
18614    0.007015
18619    0.003232
18649    0.011709
18712    0.007478
18715    0.007375
18717    0.013766
18793    0.007587
18882    0.005420
18962    0.005898
18986    0.011320
18987    0.004697
18998    0.006786
19060    0.009071
19095    0.006648
19166    0.020152
19167    0.025129
19171    0.009675
19278    0.006762
19426    0.002468
19455    0.006343
19460    0.005828
19464    0.003510
19505    0.010592
19524    0.009071
19568    0.007478
19571    0.011320
19670    0.007960
19676    0.008103
19741    0.005898
19751    0.005898
19756    0.013571
19844    0.002351
20090    0.002132
20094    0.007960
20118    0.008431
20277    0.009675
20321    0.023879
20460    0.008932
20617    0.006935
20739    0.011320
20827    0.006458
20851    0.007960
20868    0.002771
20894    0.003464
20902    0.008284
21057    0.004261
21058    0.007360
21094    0.005812
21095    0.025292
21115    0.005896
21120    0.008061
21122    0.004126
21164    0.008103
21247    0.001821
