319
22    0.012974
333    0.003604
428    0.006915
1159    0.011089
1160    0.031794
1272    0.015777
1455    0.007696
1691    0.004584
1699    0.008549
1937    0.014400
1947    0.015897
2058    0.007206
2070    0.010396
2074    0.007544
2156    0.006118
2172    0.006759
2297    0.012385
2349    0.012974
2522    0.018574
2558    0.007861
2622    0.008828
2678    0.007144
2688    0.005030
2867    0.005875
3393    0.006710
3473    0.010148
3567    0.006776
3654    0.007544
3724    0.014400
3743    0.004307
3879    0.009466
3883    0.022177
3907    0.012974
3943    0.012785
4037    0.007334
4072    0.008970
4075    0.007144
4120    0.012974
4202    0.006118
4240    0.026555
4245    0.024623
4354    0.007777
4480    0.006614
4501    0.005489
4504    0.009466
4532    0.008571
4591    0.012140
4594    0.012140
4678    0.005811
4698    0.009662
4729    0.009383
4730    0.006915
4743    0.007027
4774    0.006759
4797    0.014400
4811    0.006231
4890    0.008970
4894    0.009287
4904    0.008136
4905    0.007949
4906    0.012974
5043    0.004238
5050    0.008571
5211    0.006392
5230    0.013518
5383    0.014400
5384    0.012974
5387    0.014400
5401    0.008342
5469    0.009466
5523    0.005749
5567    0.020248
5620    0.008342
5725    0.012462
5750    0.008970
5879    0.005572
5962    0.007027
6103    0.010396
6129    0.021254
6132    0.009466
6334    0.007144
6372    0.006855
6632    0.007206
6697    0.007206
6756    0.010872
6819    0.007402
6943    0.010122
7127    0.011548
7150    0.012140
7164    0.009123
7194    0.005462
7224    0.009879
7235    0.010122
7303    0.007544
7330    0.004307
7342    0.008453
7403    0.010396
7476    0.008040
7514    0.007544
7523    0.005544
7639    0.028800
7802    0.001909
7881    0.014400
7885    0.014400
7955    0.011548
7987    0.005718
8078    0.017377
8170    0.005718
8269    0.013045
8323    0.005188
8446    0.003907
8481    0.012974
8500    0.006333
8511    0.048312
8513    0.069154
8534    0.004637
8581    0.012772
8596    0.003821
8622    0.004322
8688    0.007472
8689    0.008342
8797    0.012974
8837    0.006759
8935    0.008695
9003    0.005283
9031    0.014400
9319    0.007696
9320    0.006010
9488    0.008571
9517    0.006718
9518    0.012256
9692    0.005749
9798    0.008072
9896    0.014400
9947    0.006718
9950    0.010122
9977    0.014400
10230    0.008571
10331    0.007777
10335    0.008136
10363    0.008828
10421    0.005780
10422    0.006231
10445    0.006118
10460    0.008342
10605    0.008645
10714    0.004987
10864    0.011089
10892    0.009659
11018    0.007544
11046    0.014400
11087    0.005030
11103    0.008168
11107    0.009662
11153    0.009662
11180    0.006457
11225    0.006010
11235    0.010122
11253    0.010396
11283    0.005749
11289    0.005436
11440    0.007269
11519    0.005843
11572    0.032140
11683    0.008138
11725    0.009287
11747    0.005358
11750    0.003857
11757    0.004824
11854    0.015897
11989    0.024279
12017    0.022177
12085    0.005009
12151    0.009879
12161    0.008571
12245    0.007593
12300    0.003692
12358    0.008970
12519    0.010313
12522    0.014185
12628    0.023096
12679    0.012140
12681    0.014400
12983    0.004189
12985    0.009879
12987    0.008268
12999    0.002371
13228    0.004619
13351    0.013514
13370    0.006661
13434    0.001308
13488    0.032543
13497    0.007777
13580    0.007017
13641    0.011089
13663    0.011548
13786    0.012974
13862    0.047533
13864    0.008970
13865    0.026089
13886    0.003593
13897    0.006759
13899    0.005780
14207    0.009123
14314    0.006081
14341    0.006522
14350    0.007861
14439    0.003468
14445    0.006155
14523    0.005780
14604    0.003081
14742    0.014699
14745    0.003302
14746    0.017246
14826    0.008571
14830    0.011089
14886    0.014400
14911    0.012974
15006    0.007269
15204    0.004785
15216    0.005489
15225    0.009466
15257    0.011548
15283    0.009466
15695    0.010767
15874    0.006810
15910    0.005211
15928    0.005030
15931    0.005749
16058    0.037149
16143    0.010122
16205    0.052301
16213    0.008970
16237    0.003957
16353    0.006478
16436    0.007619
16489    0.007206
16525    0.014400
16559    0.011089
16585    0.009208
16729    0.002347
16732    0.003582
16775    0.010713
16944    0.003882
17025    0.036061
17027    0.023927
17029    0.012702
17061    0.009287
17115    0.007144
17366    0.005489
17471    0.006522
17768    0.014400
17769    0.028987
17771    0.012974
17814    0.004691
17830    0.005052
17870    0.004499
17907    0.009123
17916    0.005259
17931    0.006614
17982    0.009662
18003    0.010979
18158    0.010767
18180    0.007777
18335    0.008695
18373    0.012974
18580    0.012785
18619    0.003704
18652    0.003738
18799    0.008136
18807    0.014943
18848    0.009287
18852    0.010396
18882    0.003106
18898    0.005462
18972    0.007334
18976    0.009123
19044    0.011548
19100    0.011548
19112    0.007777
19366    0.004003
19389    0.008040
19426    0.002828
19437    0.006710
19543    0.005096
19562    0.006392
19564    0.009466
19567    0.008453
19604    0.012140
19617    0.007696
19682    0.010396
19707    0.004710
19742    0.008695
19746    0.010713
19773    0.003615
19844    0.005388
20113    0.008970
20144    0.012140
20223    0.012974
20260    0.001224
20466    0.014400
20531    0.010122
20620    0.004292
20676    0.011089
20713    0.003894
20714    0.004747
20844    0.003007
20868    0.006351
20927    0.003488
20946    0.015527
20983    0.008997
21113    0.006862
21115    0.003378
21150    0.004926
21243    0.006530
21246    0.014400
21247    0.002088
21279    0.005164
21296    0.007206
