64
190    0.065199
2875    0.070607
3479    0.051953
3948    0.082533
4001    0.052419
4135    0.043463
4240    0.021088
4522    0.043723
4555    0.092726
4729    0.033530
4730    0.049425
5112    0.059619
5171    0.059619
5495    0.039486
5962    0.050220
6129    0.050635
6334    0.051061
6507    0.049425
6903    0.076570
6937    0.055583
7501    0.102919
7750    0.055583
8019    0.024784
8077    0.061254
8269    0.046616
8630    0.017683
8783    0.033929
9126    0.046616
9209    0.023468
9518    0.021899
10102    0.079251
10421    0.041307
11181    0.028469
11854    0.056809
12072    0.065199
12166    0.038295
12519    0.024568
12855    0.023803
12933    0.102919
13351    0.048292
13624    0.102919
13862    0.042465
14725    0.069058
14742    0.031517
14980    0.072339
15807    0.054451
16163    0.086763
16205    0.053400
16585    0.005983
17037    0.032515
17051    0.030143
17108    0.039624
17209    0.063095
17755    0.055006
17965    0.092726
18182    0.015877
18371    0.059619
18522    0.102919
18962    0.048308
18976    0.065199
19772    0.035050
20452    0.036746
20946    0.027743
21150    0.011735
