93
246    0.021171
395    0.055310
479    0.027999
574    0.038891
975    0.047273
1157    0.021821
1242    0.022016
1472    0.035112
1477    0.044231
1490    0.016496
1859    0.025623
2163    0.061390
2943    0.031268
3309    0.026080
3512    0.051753
3647    0.017321
3732    0.027074
4422    0.037069
4488    0.029956
4494    0.037636
4662    0.021726
4784    0.049230
5066    0.051753
5074    0.020401
5075    0.010682
5086    0.029956
5173    0.047273
5501    0.012185
5684    0.073075
5745    0.025047
5916    0.032161
6613    0.060474
7802    0.008138
8019    0.014783
8105    0.027999
8218    0.014914
8601    0.028815
8840    0.029254
9039    0.037069
9209    0.013999
9282    0.018362
9364    0.020566
9647    0.031268
9984    0.151125
9985    0.027617
9989    0.029254
10541    0.061390
10837    0.009661
11051    0.030203
11203    0.021631
11493    0.045673
11527    0.032811
11973    0.031853
12519    0.014655
12816    0.061390
12987    0.017624
13014    0.013499
13347    0.028397
13348    0.025047
13357    0.017192
13791    0.096482
13792    0.086299
13904    0.055310
14316    0.060236
14319    0.033513
15159    0.061390
15160    0.022016
15400    0.026563
15438    0.061390
15712    0.019617
15801    0.074727
16283    0.038891
16585    0.010706
16732    0.015272
17051    0.017980
17484    0.010234
17830    0.021537
18167    0.009447
18446    0.027999
19095    0.032480
19266    0.017796
19278    0.011013
19455    0.030989
19634    0.030457
19785    0.016926
19820    0.020735
19844    0.011485
20460    0.021821
20495    0.061390
20758    0.032161
20998    0.032480
21118    0.023755
21150    0.007000
