345
3    0.012307
60    0.015348
428    0.007370
441    0.007313
455    0.005142
558    0.013828
568    0.005909
978    0.006227
1161    0.009898
1177    0.012938
1193    0.010089
1204    0.005315
1260    0.008120
1364    0.006520
1451    0.003653
1603    0.012320
1662    0.007747
1664    0.014098
1677    0.006262
1762    0.003935
1883    0.013828
1940    0.005249
1941    0.014769
1946    0.007747
1949    0.005142
2003    0.006127
2082    0.013828
2092    0.014858
2114    0.006094
2173    0.009148
2225    0.019445
2297    0.006600
2396    0.008274
2432    0.005301
2523    0.015348
2539    0.006333
2723    0.004287
2920    0.006769
2925    0.012938
3029    0.006769
3272    0.022837
3273    0.016080
3337    0.015348
3338    0.006683
3593    0.004419
3617    0.009409
3618    0.005315
3619    0.017907
3747    0.008569
3754    0.007258
3925    0.007551
3944    0.009734
4023    0.007659
4162    0.015348
4450    0.004164
4461    0.005711
4492    0.005529
4576    0.007680
4608    0.011080
4729    0.015000
4730    0.007370
4732    0.021453
4762    0.008120
4798    0.009009
4811    0.006641
4893    0.011418
4901    0.008289
4965    0.009560
5019    0.015348
5020    0.006262
5043    0.002258
5047    0.007151
5075    0.002671
5079    0.005020
5096    0.008043
5103    0.014741
5178    0.009560
5212    0.010631
5240    0.012938
5255    0.011080
5284    0.015348
5324    0.013828
5331    0.007370
5414    0.010959
5511    0.018535
5524    0.016240
5525    0.010089
5717    0.005969
5856    0.004923
6060    0.015348
6071    0.011080
6073    0.009409
6171    0.008289
6227    0.009723
6239    0.015348
6251    0.007429
6333    0.012307
6365    0.005060
6372    0.007306
6653    0.010529
6756    0.005793
6758    0.003347
6761    0.021021
6762    0.005939
6920    0.007614
6952    0.013828
7009    0.012307
7065    0.012307
7180    0.007258
7223    0.009898
7260    0.015348
7355    0.009267
7423    0.009409
7460    0.006683
7465    0.008472
7508    0.006858
7531    0.003984
7589    0.024615
7595    0.004981
7600    0.006904
7661    0.011818
7746    0.008569
7748    0.014302
7769    0.009134
7802    0.002035
7833    0.003935
7847    0.008378
7892    0.005969
8078    0.009260
8167    0.009267
8170    0.006094
8174    0.012938
8223    0.006769
8233    0.005879
8235    0.015348
8269    0.006951
8271    0.025330
8272    0.006858
8300    0.008671
8360    0.076738
8446    0.008327
8581    0.003403
8630    0.002637
8669    0.015348
8698    0.009134
8756    0.009723
8781    0.004724
8800    0.013828
8820    0.010529
8976    0.011418
9246    0.012938
9361    0.005408
9637    0.015348
9782    0.009009
9785    0.010298
9803    0.008569
9969    0.041483
9980    0.006443
9990    0.010529
10052    0.010529
10064    0.014098
10146    0.007370
10186    0.007680
10251    0.008289
10333    0.006683
10335    0.008671
10336    0.009560
10354    0.005480
10355    0.008203
10376    0.009560
10378    0.012938
10382    0.009134
10636    0.009267
10646    0.008040
10671    0.018535
10676    0.008569
10677    0.009898
10821    0.011418
10892    0.006863
10897    0.004480
10987    0.011818
11062    0.007370
11103    0.006964
11112    0.004259
11117    0.003807
11134    0.008671
11153    0.010298
11154    0.007614
11175    0.015348
11180    0.003441
11201    0.003632
11213    0.009771
11291    0.009560
11344    0.007258
11390    0.006904
11422    0.009560
11474    0.010787
11569    0.004359
11702    0.013828
11750    0.004111
11782    0.003807
11804    0.011080
11818    0.012938
11841    0.005066
12008    0.007889
12085    0.005338
12109    0.006858
12194    0.009898
12245    0.008093
12283    0.006044
12300    0.003935
12346    0.009134
12480    0.008671
12519    0.003664
12522    0.005040
12544    0.115261
12572    0.008203
12576    0.015348
12795    0.015348
12855    0.007099
12920    0.007889
13320    0.005909
13349    0.007889
13351    0.003601
13400    0.023636
13401    0.015348
13434    0.002787
13492    0.007429
13501    0.003899
13823    0.007551
13910    0.012654
14028    0.010298
14059    0.013828
14065    0.001813
14093    0.006520
14145    0.019800
14148    0.013626
14150    0.021147
14152    0.008569
14320    0.005205
14340    0.006160
14397    0.015348
14439    0.007392
14537    0.004316
14538    0.006262
14607    0.005205
14742    0.006266
14745    0.003519
14760    0.009723
14787    0.009898
14874    0.011058
14927    0.012938
14943    0.009009
15063    0.008778
15140    0.004204
15382    0.008778
15450    0.009267
15660    0.008040
15791    0.005909
15907    0.004623
15938    0.012307
16047    0.008378
16112    0.010298
16129    0.010787
16130    0.008569
16148    0.007429
16150    0.009723
16575    0.006725
16585    0.002677
16743    0.006641
16767    0.008891
16775    0.011418
16828    0.011080
16941    0.002869
16959    0.009246
17010    0.011818
17067    0.006333
17117    0.007501
17167    0.009409
17372    0.022652
17373    0.008778
17635    0.009409
17839    0.015348
17852    0.012938
17854    0.006769
17922    0.005455
18058    0.008891
18159    0.005879
18172    0.012307
18182    0.002368
18214    0.009267
18229    0.012938
18256    0.007614
18460    0.009267
18525    0.015348
18649    0.007151
18652    0.003984
18668    0.013809
18692    0.010787
18725    0.006193
18728    0.008378
18773    0.011080
18814    0.009898
18882    0.003310
18883    0.004707
18888    0.005142
18891    0.011818
18942    0.025877
18943    0.046043
18968    0.012307
19097    0.006031
19113    0.012307
19192    0.010529
19232    0.004812
19262    0.005205
19278    0.002753
19395    0.012938
19464    0.012862
19474    0.009723
19766    0.009134
19888    0.025877
20108    0.007370
20196    0.013828
20214    0.010298
20251    0.006297
20274    0.005338
20323    0.007889
20395    0.015348
20461    0.009560
20465    0.046079
20467    0.053937
20534    0.005121
20583    0.007151
20620    0.009148
20626    0.006297
20650    0.015348
20844    0.009613
20915    0.008120
20946    0.004137
20956    0.006094
20964    0.004690
20986    0.008891
20990    0.011418
21243    0.003480
21247    0.004450
