333
17    0.023336
72    0.009384
79    0.010825
147    0.004276
168    0.017082
246    0.005018
301    0.009565
303    0.008428
319    0.010227
329    0.014550
395    0.013109
479    0.006636
483    0.016857
574    0.009217
634    0.010504
653    0.007219
671    0.014550
744    0.007698
891    0.013109
892    0.014550
992    0.013109
1045    0.011204
1079    0.011204
1157    0.005172
1199    0.009063
1224    0.010504
1425    0.006933
1472    0.008322
1477    0.015725
1490    0.003910
1646    0.016015
1699    0.003455
1741    0.002727
1832    0.032475
1918    0.006108
1943    0.007219
2047    0.004133
2048    0.005840
2093    0.004352
2120    0.004614
2206    0.008322
2207    0.011204
2224    0.006038
2292    0.005904
2617    0.007776
2706    0.004051
2711    0.006144
2841    0.029123
2872    0.006545
2943    0.022232
3050    0.008076
3309    0.006181
3341    0.004667
3397    0.011807
3512    0.012266
3645    0.008920
3647    0.004105
3698    0.009384
3766    0.008541
3788    0.013180
3842    0.004722
4023    0.003630
4130    0.006683
4132    0.008541
4195    0.003922
4390    0.005808
4406    0.007345
4422    0.008786
4488    0.007100
4656    0.013975
4771    0.008786
4871    0.006073
4949    0.006219
5043    0.006423
5056    0.016441
5074    0.009670
5075    0.002532
5147    0.011204
5173    0.011204
5197    0.014550
5208    0.009763
5248    0.029643
5293    0.017840
5414    0.010390
5495    0.002791
5515    0.015789
5532    0.007283
5544    0.013091
5628    0.008321
5672    0.014550
5684    0.017319
5745    0.005936
5748    0.014550
5865    0.006545
5915    0.008220
5977    0.003935
5993    0.009063
5998    0.015396
6532    0.006987
6541    0.013109
6567    0.011668
6613    0.019110
6828    0.005363
6844    0.011317
6984    0.004336
7039    0.007411
7048    0.021759
7116    0.017571
7117    0.019505
7351    0.005018
7524    0.004161
7531    0.003777
7600    0.006545
7623    0.008322
7636    0.006003
7659    0.022408
7668    0.012266
7693    0.007100
7696    0.009063
7697    0.009565
7736    0.004276
7882    0.008124
8019    0.003504
8040    0.007371
8105    0.006636
8107    0.003327
8116    0.003156
8219    0.006987
8223    0.006417
8321    0.013109
8476    0.004649
8496    0.008786
8534    0.004685
8568    0.003244
8601    0.013659
8611    0.010504
8630    0.005000
8683    0.022408
8711    0.005039
8741    0.009763
8747    0.008920
8774    0.006257
8777    0.006257
8840    0.027733
9049    0.009217
9108    0.012266
9153    0.010726
9179    0.012362
9209    0.016589
9282    0.008704
9304    0.007100
9364    0.004874
9411    0.002762
9454    0.004218
9459    0.006881
9484    0.005630
9517    0.003394
9518    0.006192
9933    0.010504
9947    0.003394
9963    0.007479
9984    0.029848
9985    0.013091
9989    0.020800
10087    0.012266
10105    0.008293
10106    0.006730
10107    0.008920
10261    0.003641
10611    0.006144
10794    0.005970
10800    0.043650
10801    0.014550
11051    0.007158
11052    0.018435
11130    0.007158
11415    0.006073
11453    0.006829
11519    0.005904
11709    0.006881
11713    0.011668
11729    0.004778
11757    0.004874
11841    0.004802
11958    0.011743
12005    0.002926
12019    0.014550
12071    0.005289
12084    0.005936
12300    0.011192
12345    0.015891
12348    0.007549
12519    0.003473
12551    0.003789
12591    0.004321
12618    0.006108
12659    0.004914
12806    0.011204
12833    0.014550
12904    0.007625
12932    0.012514
12987    0.006265
13050    0.003674
13228    0.004667
13347    0.006730
13348    0.005936
13349    0.007479
13355    0.003384
13357    0.006112
13482    0.005574
13483    0.010825
13581    0.008124
13647    0.003860
13731    0.009217
13791    0.038111
13792    0.020454
13819    0.009063
13866    0.006038
13904    0.013109
14065    0.005157
14131    0.006933
14256    0.010825
14316    0.019035
14319    0.015885
14359    0.006987
14491    0.013109
14594    0.007622
14749    0.004976
14857    0.006003
15081    0.005195
15082    0.009384
15120    0.012266
15160    0.010436
15166    0.009384
15382    0.008322
15400    0.006296
15412    0.014550
15623    0.027869
15713    0.006730
15801    0.023614
15818    0.004430
15849    0.006933
15850    0.009384
15887    0.010504
15912    0.003754
15952    0.004835
15955    0.006459
16023    0.008220
16265    0.006987
16279    0.007549
16283    0.009217
16337    0.007943
16461    0.005970
16482    0.009384
16484    0.015553
16573    0.012266
16585    0.009304
16704    0.014550
16732    0.003620
16880    0.009993
16907    0.004051
16959    0.004383
17044    0.006376
17051    0.004261
17094    0.006933
17117    0.003556
17129    0.004430
17144    0.003281
17359    0.023336
17438    0.006636
17484    0.002425
17531    0.008293
17552    0.008660
17585    0.009063
17617    0.008786
17754    0.011668
17760    0.011204
17781    0.009063
17782    0.005104
17811    0.006502
17830    0.005104
18005    0.007416
18158    0.005440
18159    0.011148
18167    0.006717
18173    0.007858
18182    0.002245
18282    0.002256
18316    0.012266
18403    0.009565
18547    0.007943
18567    0.006296
18717    0.021255
18962    0.006829
19043    0.004025
19095    0.015396
19112    0.015716
19232    0.004562
19262    0.004935
19278    0.002610
19309    0.005717
19327    0.003433
19366    0.002022
19426    0.005715
19433    0.010985
19455    0.007345
19543    0.005149
19546    0.014086
19577    0.013272
19634    0.007219
19640    0.012007
19663    0.009982
19785    0.028082
19820    0.009829
19836    0.006779
19844    0.005444
20090    0.002469
20260    0.001237
20274    0.005061
20460    0.005172
20758    0.007622
20785    0.009869
20841    0.003836
20902    0.004797
20998    0.007698
21041    0.011204
21058    0.004261
21120    0.009334
21135    0.007549
21150    0.004977
21172    0.015885
21196    0.014550
21333    0.010825
