121
142    0.042036
205    0.046657
319    0.032794
955    0.039333
1469    0.084071
1477    0.016808
1514    0.020849
1646    0.068472
1699    0.011080
1724    0.046657
1762    0.011963
1799    0.037415
1862    0.019018
2047    0.013252
2048    0.018726
2120    0.014796
2122    0.024208
2430    0.030671
2460    0.022233
2710    0.017279
2943    0.023763
3050    0.012948
3191    0.024936
3309    0.019821
3341    0.014966
3451    0.017698
3571    0.017198
3767    0.035927
3905    0.024684
4137    0.011368
4195    0.012577
4229    0.030091
4301    0.020849
4578    0.023982
4872    0.042858
5028    0.022767
5055    0.022584
5260    0.018931
5415    0.016884
5501    0.009260
5515    0.012658
5532    0.011677
5550    0.023982
5588    0.046657
5684    0.027769
5865    0.020989
5916    0.024442
6085    0.018429
6153    0.046657
6596    0.011747
6613    0.030640
6707    0.015824
7408    0.024684
7478    0.034712
7679    0.055537
7754    0.059824
7969    0.027769
7996    0.019821
8107    0.021338
8116    0.010119
8496    0.028173
8533    0.015443
8596    0.012379
9209    0.010639
9361    0.016439
9454    0.013525
9496    0.039333
9984    0.038285
10261    0.023353
10756    0.093313
11103    0.005293
11203    0.016439
11782    0.011572
11841    0.030799
12074    0.029557
12558    0.046657
12608    0.032009
12756    0.033684
12811    0.093313
12927    0.015759
12928    0.017039
12987    0.006697
13791    0.024442
14065    0.005512
14316    0.015260
15081    0.033316
15160    0.016732
15603    0.026050
15782    0.027388
15912    0.012037
15952    0.062018
15953    0.025198
16461    0.038285
16462    0.046657
16529    0.013297
16880    0.016023
17633    0.031306
17782    0.016368
18036    0.046657
18282    0.007233
18716    0.029063
18717    0.034078
18828    0.032794
18935    0.046657
18987    0.034886
18992    0.020315
19061    0.046657
19095    0.024684
19266    0.013525
19410    0.017263
19433    0.017612
19543    0.016511
19605    0.046657
20066    0.046657
20785    0.015824
20848    0.012112
21083    0.038946
21115    0.010946
21120    0.029932
21266    0.012617
21290    0.016961
