148
103    0.021562
455    0.010956
1069    0.030700
1283    0.017464
1435    0.017132
1451    0.007784
1458    0.014915
1566    0.058929
1699    0.003883
1741    0.036772
1862    0.006665
1866    0.025183
1873    0.017302
1941    0.010490
2114    0.012986
2277    0.034324
2278    0.013269
2321    0.016508
2344    0.007898
2710    0.012111
2882    0.035666
3077    0.012285
3089    0.015613
3583    0.007171
3611    0.018259
3831    0.020049
4102    0.052986
4179    0.015958
4195    0.008816
4202    0.013893
4380    0.012547
4450    0.008872
4510    0.032703
4673    0.017479
4777    0.012986
4965    0.020371
5010    0.018705
5086    0.015958
5501    0.006491
5879    0.012654
6046    0.018705
6050    0.011137
6828    0.024109
7173    0.013418
7192    0.013977
7595    0.084902
7743    0.032703
8190    0.027570
8292    0.023610
8446    0.008872
8500    0.007191
8596    0.008677
8622    0.009816
8630    0.005619
9003    0.011999
9242    0.015958
9739    0.016090
9886    0.023610
10141    0.026225
10273    0.024331
10605    0.019632
10790    0.015584
10791    0.029464
11014    0.023997
11016    0.018477
11109    0.024331
11180    0.007333
11196    0.015830
11218    0.006997
11444    0.011573
11531    0.011046
11581    0.013197
11661    0.031410
11750    0.008760
11782    0.016223
12133    0.017853
12162    0.061401
12493    0.018944
12551    0.008516
12591    0.009713
12808    0.024331
12817    0.011137
12855    0.007564
12889    0.007499
12983    0.019025
12987    0.004694
12999    0.010767
13014    0.014382
13179    0.012169
13357    0.013737
13434    0.005939
13515    0.018705
13541    0.014330
13568    0.011999
13893    0.021092
14063    0.040715
14314    0.013811
14365    0.039495
14498    0.008704
14515    0.019464
15033    0.015128
15204    0.032603
15207    0.016810
15210    0.011625
15335    0.019464
15551    0.011835
15686    0.011625
16060    0.012784
16338    0.022436
16585    0.001901
16714    0.018477
16729    0.015989
16734    0.006560
17051    0.009578
17281    0.018393
17292    0.010293
17867    0.016968
17931    0.030040
18282    0.005070
19127    0.025627
19139    0.027570
19204    0.012986
19271    0.012111
19277    0.014712
19278    0.005867
19426    0.019269
19453    0.011001
19685    0.012169
19844    0.006118
19894    0.016968
20002    0.021498
20253    0.024331
20260    0.002780
20282    0.014303
20557    0.010824
20745    0.057691
20760    0.028479
20821    0.020049
20873    0.032703
20894    0.009017
20909    0.021944
21057    0.011091
21150    0.011187
21247    0.004741
21253    0.028765
21254    0.010179
21279    0.011728
21341    0.038394
