290
74    0.014031
168    0.010270
246    0.006034
352    0.012003
552    0.013209
835    0.012631
1097    0.005861
1127    0.010726
1260    0.009257
1485    0.014750
1664    0.008036
1677    0.007138
1699    0.006232
1951    0.007980
1970    0.008993
2002    0.011284
2172    0.008212
2283    0.007022
2351    0.014750
2440    0.009166
2442    0.022168
2496    0.010899
2706    0.004872
2710    0.006479
2737    0.006008
2934    0.010270
2981    0.008402
3003    0.012003
3238    0.006419
3282    0.008469
3297    0.013339
3326    0.006219
3357    0.013017
3469    0.011284
3567    0.004117
3592    0.009551
3593    0.005037
3748    0.014750
3903    0.006605
3925    0.008608
3944    0.005548
4143    0.010726
4191    0.012631
4549    0.015763
4620    0.009257
4621    0.009885
4678    0.007060
4697    0.006419
4701    0.008608
4704    0.011284
4759    0.014750
4775    0.011740
4810    0.007345
4860    0.010007
4904    0.009885
5043    0.002575
5075    0.006089
5211    0.007767
5239    0.010565
5523    0.006985
5549    0.015236
5614    0.012017
5664    0.017496
5678    0.010413
5706    0.009257
5707    0.019315
5709    0.011284
5717    0.006805
5719    0.004970
5724    0.017496
5764    0.011084
5918    0.010565
5991    0.006419
6029    0.044249
6107    0.017496
6108    0.015763
6291    0.031240
6371    0.012298
6421    0.010135
6598    0.004514
6651    0.006479
6654    0.014750
6655    0.006770
6707    0.005934
6758    0.007631
6761    0.004793
6822    0.015763
6908    0.004327
6980    0.017496
7129    0.008911
7134    0.012631
7142    0.007667
7194    0.006637
7269    0.014750
7325    0.007767
7351    0.006034
7459    0.009658
7460    0.007618
7524    0.005003
7586    0.012631
7985    0.008608
8019    0.004213
8021    0.006637
8025    0.004793
8040    0.008864
8077    0.010413
8078    0.003519
8081    0.011740
8116    0.003795
8200    0.007099
8218    0.004250
8288    0.010007
8630    0.024049
8638    0.007260
8781    0.010772
8899    0.008755
9118    0.005528
9188    0.014031
9210    0.006541
9470    0.013017
9518    0.003723
9621    0.013473
9644    0.007345
9647    0.008911
9873    0.005446
9877    0.011502
9917    0.012631
9947    0.004081
9979    0.009257
9999    0.017987
10007    0.014031
10069    0.012298
10103    0.014031
10261    0.004379
10407    0.014031
10409    0.010899
10423    0.012298
10476    0.014750
10611    0.007389
10942    0.035457
10943    0.050024
11103    0.001985
11146    0.005838
11154    0.008680
11180    0.011769
11183    0.006736
11201    0.008281
11213    0.005570
11225    0.007302
11291    0.010899
11340    0.025407
11355    0.003400
11423    0.012298
11434    0.004808
11503    0.004081
11566    0.008152
11729    0.005745
11747    0.006510
11785    0.012631
11841    0.002887
11890    0.020014
12046    0.009769
12266    0.011740
12300    0.004486
12307    0.068761
12309    0.012959
12314    0.024006
12345    0.019109
12387    0.015763
12458    0.014750
12519    0.004177
12540    0.012631
12542    0.009658
12684    0.003683
12765    0.005466
12855    0.004047
12864    0.005446
12927    0.005909
12987    0.007534
13014    0.003847
13131    0.013017
13166    0.014750
13351    0.008210
13388    0.006605
13434    0.001589
13501    0.013336
13580    0.004263
13591    0.008402
13610    0.012003
13631    0.015763
13877    0.029381
13890    0.012631
13909    0.013822
13910    0.009617
13939    0.005142
14014    0.008608
14066    0.010135
14302    0.017496
14303    0.005037
14359    0.008402
14427    0.010899
14439    0.004213
14537    0.004920
14580    0.010899
14604    0.007486
14742    0.008930
14745    0.004012
14796    0.011182
14842    0.022568
14944    0.007099
14952    0.008274
14997    0.007980
15103    0.009658
15105    0.010135
15147    0.009769
15818    0.005327
15889    0.009166
15927    0.021907
15932    0.011084
16068    0.017496
16116    0.005196
16165    0.010899
16241    0.007433
16265    0.008402
16485    0.005678
16501    0.005142
16585    0.008137
16657    0.039091
16705    0.004584
16729    0.002851
16734    0.003509
16788    0.013017
16814    0.012003
16950    0.008402
16953    0.013473
16959    0.005270
17066    0.015742
17074    0.019624
17075    0.013609
17115    0.008680
17331    0.006479
17366    0.006669
17643    0.010811
17670    0.009449
17757    0.008608
17907    0.011084
18003    0.006669
18160    0.009658
18167    0.002692
18182    0.002699
18282    0.008138
18477    0.010899
18619    0.013500
18695    0.010413
18763    0.026945
18962    0.016425
18987    0.006541
19250    0.015763
19416    0.005958
19460    0.004058
19464    0.004888
19693    0.018332
19708    0.012298
19905    0.008469
20082    0.007524
20090    0.002968
20228    0.008337
20233    0.008608
20251    0.007178
20374    0.014031
20464    0.005252
20534    0.005838
20601    0.006059
20605    0.010270
20620    0.005215
20623    0.015763
20717    0.004459
20758    0.009166
20768    0.004117
20901    0.005425
20902    0.011536
20982    0.014750
21014    0.012631
21150    0.003990
21243    0.003967
21247    0.002536
21306    0.020625
21307    0.045600
21310    0.007099
21348    0.010007
