151
161    0.016062
168    0.022327
552    0.014358
870    0.026094
1069    0.017853
1072    0.018411
1452    0.056595
1646    0.027910
1698    0.010319
1699    0.004516
1712    0.013402
1771    0.030501
1862    0.007752
1918    0.015968
2172    0.017853
2841    0.019033
3050    0.021112
3159    0.030501
3297    0.014499
3410    0.022327
3451    0.014428
3563    0.011971
3903    0.014358
4028    0.015348
4055    0.019200
4056    0.025521
4137    0.009267
4151    0.016458
4450    0.010319
4696    0.025521
4698    0.025521
4704    0.024530
4870    0.011751
5225    0.018560
5458    0.021754
5552    0.034268
5567    0.021392
5570    0.021754
5628    0.010877
5976    0.018713
5977    0.010286
5991    0.013955
6135    0.026734
6313    0.017594
6323    0.017594
6613    0.024979
6707    0.012900
7180    0.017987
7188    0.026921
7199    0.011751
7465    0.020995
7524    0.032630
7531    0.009874
7753    0.010385
7754    0.016256
7802    0.005042
8027    0.022637
8219    0.018266
8537    0.064129
8594    0.014644
8774    0.016356
8786    0.016996
9153    0.014020
9209    0.008673
9411    0.007221
9484    0.014718
9517    0.017745
9984    0.046816
9985    0.017111
9988    0.028298
10096    0.018266
10353    0.028298
10850    0.022967
10892    0.008504
11203    0.013402
11218    0.008137
11223    0.043508
11336    0.038035
11439    0.015518
11444    0.026921
11588    0.020541
11683    0.007165
11750    0.020375
11757    0.012742
11782    0.009434
11841    0.012554
12005    0.007650
12076    0.030501
12345    0.010385
12364    0.047385
12512    0.038035
12684    0.008006
12765    0.011882
12999    0.006261
13434    0.003454
13451    0.016884
14065    0.017974
14271    0.027460
14353    0.023693
15216    0.014499
15492    0.022637
15601    0.013891
15603    0.021236
15694    0.025521
15795    0.038035
15952    0.025279
15955    0.016884
16207    0.033768
16269    0.018125
16461    0.015605
16529    0.010840
16585    0.004422
16713    0.036249
16717    0.023693
16729    0.006199
16884    0.029288
16943    0.038035
17313    0.017228
17386    0.029288
17484    0.006340
17496    0.018713
17524    0.014946
17811    0.016996
17814    0.012391
17830    0.013344
18282    0.005897
18713    0.015875
18882    0.008204
18992    0.016561
19048    0.021236
19177    0.021827
19204    0.015103
19212    0.015518
19262    0.012900
19266    0.022051
19278    0.006823
19309    0.014946
19366    0.015858
19410    0.028146
19439    0.034268
19453    0.012794
19640    0.015694
19986    0.027460
20713    0.010286
20785    0.038699
20803    0.007549
20852    0.030501
20927    0.009213
21120    0.012201
21266    0.010286
21290    0.013827
