297
79    0.013489
103    0.011954
161    0.007657
168    0.010643
735    0.012439
955    0.015285
1006    0.015285
1161    0.011693
1240    0.005750
1262    0.007439
1325    0.013961
1425    0.008640
1477    0.006532
1646    0.006652
1668    0.020246
1689    0.005772
1699    0.002153
1712    0.006388
1741    0.003398
1746    0.005561
1762    0.004649
1771    0.014539
1816    0.009152
2030    0.018131
2047    0.005150
2048    0.007277
2102    0.013613
2120    0.005750
2159    0.018131
2174    0.008510
2280    0.010123
2432    0.006262
2477    0.036262
2536    0.016335
2697    0.026179
2841    0.027218
2857    0.006911
2872    0.008156
2943    0.018469
3159    0.014539
3244    0.013489
3396    0.006074
3397    0.014713
3421    0.018131
3463    0.011294
3647    0.005116
3698    0.011693
3847    0.011693
3948    0.014539
4023    0.004524
4026    0.008387
4055    0.018305
4099    0.008640
4137    0.004418
4277    0.010243
4390    0.021714
4602    0.018131
4666    0.007996
4803    0.012166
4894    0.011693
5043    0.005336
5044    0.007797
5079    0.005930
5130    0.011919
5220    0.007797
5287    0.010791
5408    0.009319
5414    0.006473
5440    0.007051
5480    0.008387
5515    0.004919
5532    0.004538
5628    0.005185
5646    0.009690
5727    0.014539
5828    0.011919
5851    0.009498
5915    0.020487
5916    0.009498
5975    0.005561
6085    0.007162
6313    0.025160
6376    0.009319
6468    0.012744
6613    0.023814
6626    0.013090
6633    0.011693
7168    0.010824
7192    0.015498
7466    0.006388
7510    0.010503
7524    0.010369
7600    0.008156
7631    0.014399
7650    0.006778
7679    0.021582
7753    0.009901
7754    0.007749
7802    0.004807
7833    0.004649
7930    0.009407
7996    0.023107
8001    0.009235
8088    0.014539
8254    0.010503
8301    0.010791
8364    0.013090
8368    0.016335
8500    0.003987
8505    0.007277
8568    0.008085
8622    0.005442
8630    0.003115
8644    0.012744
8747    0.011115
8774    0.007797
8781    0.005581
8783    0.005977
8786    0.008102
8788    0.015285
8964    0.007162
8970    0.010243
8971    0.010948
9160    0.008776
9209    0.004134
9282    0.005423
9364    0.006074
9388    0.006175
9408    0.010123
9411    0.003442
9426    0.010948
9484    0.007016
9502    0.014713
9517    0.004229
9668    0.011919
9803    0.010123
9881    0.017552
9965    0.012166
9984    0.014878
9985    0.016313
9989    0.025919
10046    0.014539
10773    0.006175
10846    0.036444
10847    0.016335
10864    0.013961
10892    0.004054
10951    0.018131
11168    0.013090
11180    0.004065
11289    0.020532
11290    0.012439
11291    0.011294
11302    0.032670
11355    0.024666
11367    0.011919
11390    0.008156
11415    0.007567
11434    0.004983
11440    0.009152
11445    0.007357
11531    0.006124
11540    0.010243
11568    0.011294
11683    0.003415
11709    0.008574
11717    0.018131
11729    0.005953
12005    0.003646
12074    0.011486
12110    0.004903
12505    0.006561
12618    0.007612
12654    0.011294
12680    0.016335
12765    0.005664
12898    0.008156
12900    0.007749
12904    0.004751
12927    0.018371
12999    0.002985
13434    0.001646
13466    0.004241
13482    0.013891
13630    0.018131
13647    0.009621
13789    0.018131
13791    0.009498
13886    0.009048
13959    0.013489
14065    0.004284
14090    0.013489
14316    0.005930
14475    0.009898
14490    0.008640
14593    0.014539
14594    0.009498
14639    0.013961
14642    0.011693
14684    0.015285
14717    0.007567
14754    0.007238
15004    0.013489
15081    0.006473
15155    0.012439
15160    0.019507
15163    0.018131
15231    0.018131
15466    0.006388
15470    0.010123
15493    0.010791
15494    0.011919
15497    0.012148
15801    0.014713
15830    0.009073
15834    0.016335
15912    0.004678
15955    0.016097
16205    0.009407
16279    0.009407
16286    0.011693
16385    0.020740
16396    0.024306
16461    0.014878
16494    0.015285
16501    0.005329
16576    0.013961
16663    0.018131
16692    0.009407
16713    0.008640
16714    0.010243
16734    0.007274
16768    0.018131
16880    0.006226
16949    0.009592
17059    0.008640
17112    0.018131
17145    0.010370
17260    0.018131
17275    0.013489
17337    0.012439
17527    0.009898
17531    0.005167
17661    0.009690
17669    0.004303
17985    0.015285
18029    0.036262
18038    0.011693
18092    0.036262
18093    0.018131
18159    0.013891
18160    0.010008
18167    0.002790
18206    0.015285
18282    0.002811
18340    0.007397
18416    0.008995
18452    0.009592
18459    0.012439
18560    0.010503
18649    0.008448
18681    0.011486
18717    0.013243
19048    0.010123
19085    0.008707
19095    0.019185
19225    0.006099
19266    0.005256
19278    0.003253
19410    0.010063
19433    0.006844
19439    0.016335
19453    0.030494
19455    0.009152
19543    0.006416
19640    0.014962
19756    0.009792
19838    0.013489
19844    0.003392
20460    0.019334
20507    0.010791
20574    0.016335
20617    0.010008
20700    0.009690
20771    0.007749
20778    0.008510
20785    0.030745
20894    0.004999
20927    0.004392
20956    0.014399
21029    0.018131
21084    0.012744
21113    0.017280
21129    0.004088
21287    0.012439
21290    0.006591
21346    0.009792
