168
1    0.014806
6    0.022258
72    0.039767
168    0.036195
483    0.017859
891    0.027777
1422    0.019205
1436    0.044426
1455    0.016478
1477    0.011106
1689    0.009814
1698    0.008364
1741    0.005778
1993    0.019531
2236    0.017633
2252    0.019531
2604    0.010723
2622    0.018901
2826    0.014923
2864    0.020687
2943    0.031405
3050    0.008556
3473    0.043452
3479    0.015563
3563    0.009704
3574    0.012509
3726    0.010769
3732    0.013597
3783    0.022258
4134    0.027777
4135    0.013020
4258    0.008556
4392    0.030830
4637    0.015168
4669    0.019205
4730    0.014806
4833    0.016478
4839    0.042302
4870    0.009525
4918    0.038409
5043    0.004537
5056    0.017418
5075    0.005365
5079    0.010084
5225    0.015044
5399    0.015997
5532    0.007716
5610    0.017018
5628    0.008816
5779    0.020687
5898    0.014580
5924    0.029160
5977    0.008337
6034    0.043340
6085    0.012178
6129    0.015168
6249    0.045874
6250    0.022937
6613    0.010123
6705    0.010456
6722    0.030830
6844    0.011991
6984    0.009189
7116    0.018616
7117    0.013777
7393    0.013777
7736    0.009061
7802    0.004087
7909    0.015168
7996    0.013098
8288    0.017633
8455    0.037801
8533    0.010204
8534    0.009928
8581    0.006836
8596    0.016360
8630    0.005297
8636    0.030830
9798    0.008641
9944    0.013964
9984    0.037948
9989    0.044074
10105    0.008787
10261    0.015432
10314    0.030830
10422    0.013340
10427    0.023740
10837    0.004852
10867    0.041374
11181    0.017057
11218    0.006596
11444    0.010911
11569    0.008757
11570    0.019263
11757    0.010328
11841    0.005088
12005    0.006201
12283    0.006071
12300    0.023716
12345    0.025254
12519    0.007360
12522    0.010123
12684    0.006489
12853    0.009814
12855    0.007130
12932    0.013258
12987    0.004425
13188    0.021670
13357    0.004317
13886    0.015385
14065    0.007285
14131    0.014691
14232    0.030830
14316    0.010084
14319    0.033660
14331    0.031993
14359    0.014806
14430    0.012052
14717    0.012868
14742    0.006294
14796    0.019703
15033    0.014261
15120    0.051981
15160    0.011057
15418    0.030830
15469    0.022258
15497    0.010328
15728    0.019205
15778    0.011526
15801    0.062547
15928    0.010769
16026    0.013340
16265    0.014806
16585    0.012546
16907    0.008584
17033    0.014061
17034    0.031694
17051    0.009030
17093    0.014806
17108    0.011870
17115    0.015296
17241    0.041374
18179    0.011007
18182    0.014268
18649    0.043095
18882    0.006650
18933    0.020687
18987    0.011526
19037    0.012721
19266    0.008937
19366    0.004285
19410    0.005704
19433    0.011638
19785    0.017001
19836    0.014365
19844    0.002884
20090    0.015692
20226    0.015847
20260    0.005242
20272    0.027777
20321    0.039062
20768    0.007254
20785    0.041824
20841    0.008129
20927    0.007468
21122    0.010123
21129    0.006951
21147    0.016478
