276
72    0.013275
159    0.016507
219    0.005713
225    0.020584
246    0.007099
640    0.017353
868    0.012083
905    0.020584
974    0.009885
1085    0.020584
1453    0.020584
1472    0.011773
1477    0.029661
1490    0.005531
1646    0.022656
1689    0.006552
1707    0.007587
1741    0.003857
1772    0.014861
2047    0.005847
2048    0.008261
2093    0.006157
2102    0.005151
2120    0.006528
2122    0.010680
2565    0.011001
2582    0.020584
2598    0.013812
2733    0.017353
2841    0.020600
2842    0.016507
2912    0.015850
2943    0.010484
3050    0.011425
3053    0.008693
3191    0.011001
3198    0.012619
3284    0.012619
3298    0.009078
3309    0.026234
3310    0.017353
3338    0.008963
3396    0.006896
3512    0.017353
3647    0.005808
3788    0.009323
3926    0.014861
3948    0.016507
4023    0.005136
4098    0.017353
4137    0.015046
4341    0.020584
4406    0.010391
4488    0.010044
4577    0.009591
4656    0.009885
4693    0.017353
4952    0.014468
4955    0.014468
4997    0.013040
5074    0.006840
5093    0.008493
5155    0.013531
5287    0.012251
5358    0.010680
5501    0.008171
5515    0.005584
5544    0.009260
5552    0.018545
5684    0.012251
6085    0.008131
6250    0.015314
6324    0.014121
6541    0.018545
6613    0.013518
6615    0.020584
6707    0.013962
6738    0.008306
6828    0.007587
6844    0.024016
7039    0.010484
7048    0.007696
7050    0.013812
7168    0.008192
7482    0.013040
7524    0.005886
7668    0.017353
7802    0.002729
7816    0.018545
7833    0.010556
7930    0.010680
7952    0.018545
8019    0.004957
8105    0.009388
8181    0.013465
8218    0.005001
8581    0.004564
8596    0.005461
8601    0.019323
8611    0.014861
8622    0.006178
8774    0.008852
8781    0.025345
8783    0.006786
8840    0.019617
8957    0.013531
8984    0.008088
9106    0.010391
9209    0.009387
9357    0.011493
9411    0.003908
9454    0.011934
9517    0.004802
9518    0.008760
9828    0.018545
9947    0.004802
9985    0.018520
9989    0.009809
10261    0.010303
10611    0.008693
10639    0.020584
10640    0.020584
10837    0.003239
10840    0.007010
10980    0.017353
11007    0.010391
11052    0.013040
11071    0.012619
11180    0.004615
11218    0.004404
11223    0.023546
11334    0.006223
11355    0.008001
11415    0.017182
11439    0.008398
11453    0.009662
11468    0.014442
11473    0.011629
11709    0.009734
11729    0.006759
11786    0.010127
11841    0.003397
12005    0.004140
12010    0.018545
12258    0.011493
12300    0.005278
12367    0.014121
12505    0.007449
12508    0.010391
12618    0.008641
12673    0.018545
12684    0.004333
12715    0.020584
12851    0.020584
12887    0.020584
12904    0.005393
12987    0.002955
12999    0.003388
13014    0.009052
13035    0.016507
13075    0.020584
13301    0.016507
13349    0.010580
13388    0.007770
13434    0.003738
13647    0.005461
13791    0.010783
13853    0.020584
13888    0.018545
13909    0.008131
14065    0.004864
14227    0.015850
14236    0.020584
14316    0.013465
14319    0.011237
14359    0.009885
14398    0.017353
14406    0.006245
14424    0.015850
14622    0.020584
14874    0.007415
14893    0.017353
15080    0.009734
15081    0.007349
15120    0.017353
15160    0.007382
15393    0.015850
15400    0.008907
15466    0.007253
15550    0.010484
15713    0.009521
15801    0.041759
15952    0.027361
15955    0.018275
15983    0.008047
16242    0.020584
16279    0.010680
16299    0.009809
16377    0.012822
16461    0.016890
16482    0.026551
16484    0.011001
16585    0.004786
16628    0.009323
16634    0.020584
16724    0.007159
16728    0.020584
16729    0.003355
16880    0.014138
16919    0.014861
16949    0.010890
16955    0.008047
17051    0.006029
17281    0.005788
17321    0.018545
17438    0.009388
17507    0.010890
17654    0.011001
17669    0.004885
17727    0.013040
17811    0.009198
17889    0.012429
17898    0.020584
17961    0.052058
18005    0.005246
18167    0.003167
18182    0.003175
18282    0.003191
18334    0.012251
18446    0.009388
18460    0.012429
18711    0.013040
18712    0.012251
18717    0.015034
18738    0.020584
18879    0.014121
18987    0.023087
18991    0.020584
19248    0.012083
19266    0.005967
19366    0.002861
19370    0.006552
19455    0.010391
19462    0.012429
19543    0.007284
19589    0.010127
19624    0.020584
19634    0.010212
19640    0.008493
19773    0.005167
19785    0.017026
19813    0.012251
19814    0.037090
19867    0.014861
19891    0.020584
20090    0.003492
20227    0.014468
20260    0.001750
20278    0.020584
20460    0.007317
20598    0.020584
20615    0.029721
20617    0.011362
20673    0.009078
20785    0.013962
20803    0.004085
20868    0.004539
20964    0.006290
21057    0.006981
21098    0.013812
21115    0.014488
21118    0.007965
21120    0.013205
21122    0.006759
21266    0.005566
21347    0.016507
