397
79    0.009571
168    0.007552
227    0.007452
232    0.009571
255    0.009288
340    0.012865
484    0.017652
523    0.005711
575    0.008632
724    0.009288
731    0.007657
832    0.010317
940    0.010845
974    0.006178
988    0.009042
1068    0.012865
1275    0.006494
1382    0.006038
1423    0.005369
1425    0.006130
1435    0.006740
1472    0.036790
1477    0.009269
1490    0.003457
1514    0.005749
1646    0.014160
1691    0.004095
1699    0.001528
1762    0.003299
1772    0.009288
1850    0.008150
1862    0.002622
1906    0.010317
1926    0.018833
2093    0.007696
2119    0.005867
2206    0.014716
2216    0.006084
2292    0.005220
2344    0.003107
2366    0.006038
2396    0.010404
2487    0.008826
2565    0.006876
2609    0.004904
2667    0.010317
2706    0.010746
2711    0.005433
2828    0.010317
2833    0.010845
2841    0.025750
2872    0.005787
2943    0.006552
2981    0.006178
2988    0.007183
3050    0.014281
3053    0.005433
3326    0.004573
3396    0.012929
3397    0.031319
3409    0.008632
3410    0.030207
3583    0.002821
3693    0.007268
3698    0.008297
3733    0.005136
3886    0.005867
3903    0.004856
3905    0.006806
4028    0.005191
4137    0.003135
4195    0.006936
4201    0.008632
4267    0.012988
4277    0.007268
4282    0.007768
4348    0.011591
4360    0.008457
4377    0.007552
4389    0.006740
4390    0.005136
4522    0.005465
4656    0.018535
4662    0.009106
4666    0.005674
4678    0.005191
4890    0.008014
4899    0.003807
4952    0.009042
4995    0.008826
5043    0.001893
5074    0.004275
5149    0.007887
5206    0.006178
5220    0.005532
5225    0.006278
5259    0.009571
5262    0.007887
5287    0.007657
5414    0.009186
5415    0.013967
5441    0.009906
5501    0.007660
5515    0.003490
5523    0.005136
5532    0.003220
5544    0.005787
5628    0.003679
5690    0.009288
5728    0.029719
5766    0.009288
5856    0.004127
5865    0.005787
5977    0.006958
6085    0.010163
6115    0.013350
6313    0.005951
6328    0.007101
6372    0.003062
6452    0.006613
6474    0.009571
6481    0.009288
6557    0.008150
6579    0.010317
6598    0.003319
6610    0.006675
6613    0.012673
6705    0.004363
6844    0.005003
6953    0.009571
6955    0.007887
7039    0.006552
7116    0.007768
7117    0.017246
7168    0.002560
7240    0.009288
7319    0.008826
7351    0.004437
7380    0.009760
7459    0.007101
7523    0.004953
7607    0.006740
7628    0.009042
7659    0.009906
7714    0.005602
7754    0.010997
7800    0.008457
7833    0.006597
7882    0.007183
7895    0.007023
7909    0.012659
7965    0.005909
7996    0.021861
8040    0.003259
8105    0.005867
8107    0.008825
8116    0.002790
8181    0.004208
8185    0.007183
8301    0.007657
8323    0.004635
8364    0.018576
8407    0.005567
8455    0.007887
8457    0.009906
8476    0.004111
8528    0.007183
8534    0.004143
8536    0.005711
8630    0.006631
8747    0.007887
8783    0.008482
8840    0.018391
8953    0.009906
8964    0.010163
8981    0.008150
9049    0.008150
9106    0.006494
9127    0.006329
9143    0.005003
9153    0.004742
9200    0.003501
9208    0.008632
9282    0.003848
9301    0.006038
9411    0.004885
9418    0.014366
9424    0.005498
9454    0.007458
9484    0.004978
9510    0.004593
9533    0.004004
9624    0.009571
9647    0.006552
9692    0.010271
9811    0.006227
9947    0.003001
9961    0.007268
9984    0.021113
9985    0.017362
9989    0.006130
10261    0.006439
10624    0.010317
10658    0.010845
10793    0.010845
10830    0.009906
10865    0.009571
10867    0.008632
10887    0.009906
10892    0.002876
10972    0.010845
11026    0.007768
11087    0.004494
11089    0.006494
11103    0.001459
11203    0.004533
11218    0.002752
11244    0.007358
11358    0.004345
11445    0.005220
11453    0.006038
11503    0.003001
11528    0.004258
11600    0.007452
11621    0.010845
11655    0.007358
11683    0.002423
11709    0.006084
11736    0.007452
12005    0.002587
12283    0.002533
12345    0.007025
12415    0.003960
12633    0.009571
12660    0.013904
12684    0.002708
12722    0.009288
12818    0.005867
12864    0.004004
12932    0.016597
12946    0.007887
12951    0.007023
12987    0.001847
12999    0.002118
13014    0.005658
13228    0.008253
13231    0.013105
13357    0.001801
13434    0.001168
13462    0.005674
13467    0.009288
13482    0.004928
13545    0.007023
13571    0.021691
13580    0.003135
13637    0.010845
13791    0.006740
13819    0.024041
13866    0.005339
13909    0.010163
14065    0.007599
14250    0.009288
14305    0.005867
14316    0.004208
14331    0.006675
14594    0.006740
14727    0.006329
14760    0.008150
14917    0.006329
14940    0.010845
15009    0.006383
15080    0.006084
15081    0.009186
15140    0.003524
15155    0.008826
15160    0.023069
15180    0.009571
15311    0.010845
15336    0.007358
15339    0.010845
15369    0.010845
15466    0.004533
15601    0.009397
15712    0.004111
15801    0.005220
15881    0.007101
15907    0.003875
15912    0.003319
15943    0.008150
15952    0.017101
15953    0.006948
15955    0.005711
15956    0.009571
16302    0.006438
16396    0.005749
16409    0.006438
16436    0.006806
16461    0.010557
16484    0.006876
16513    0.009288
16521    0.005867
16529    0.003666
16531    0.006876
16585    0.008226
16674    0.010317
16772    0.005220
16843    0.008457
16907    0.003582
16970    0.010845
17051    0.003768
17117    0.003144
17144    0.002901
17147    0.007657
17242    0.008457
17250    0.010317
17253    0.007887
17413    0.005994
17512    0.010845
17584    0.009906
17585    0.008014
17615    0.010845
17633    0.008632
17669    0.003053
17678    0.008632
17679    0.008632
17821    0.009066
17922    0.004573
18037    0.005994
18138    0.005339
18167    0.007919
18182    0.001985
18204    0.006613
18282    0.007978
18383    0.004004
18652    0.003340
18715    0.007552
18717    0.028190
18796    0.009288
18841    0.004978
18949    0.008014
18980    0.008826
18987    0.019239
18992    0.016805
19020    0.009571
19089    0.017652
19090    0.010845
19095    0.013613
19136    0.008014
19166    0.020633
19179    0.009906
19226    0.003053
19261    0.003848
19266    0.003729
19278    0.004616
19291    0.009571
19327    0.003036
19410    0.002380
19426    0.002527
19433    0.004856
19455    0.006494
19473    0.008826
19480    0.006038
19503    0.005567
19543    0.009106
19586    0.008297
19590    0.010317
19634    0.006383
19741    0.006038
19756    0.006948
19769    0.007552
19785    0.007094
19844    0.001203
19905    0.018682
19994    0.010845
20090    0.002183
20275    0.003153
20281    0.004656
20532    0.009906
20575    0.011591
20695    0.005602
20700    0.006876
20758    0.006740
20803    0.002553
20827    0.006613
20841    0.020352
20902    0.008482
20910    0.005711
20964    0.003931
21083    0.010739
21084    0.009042
21095    0.008632
21120    0.008253
21122    0.004224
21129    0.002901
21172    0.014046
21279    0.004614
21346    0.006948
