422
161    0.004869
246    0.003976
428    0.005537
439    0.007579
450    0.005152
457    0.004678
556    0.007736
575    0.007736
610    0.004352
709    0.007910
1126    0.011530
1240    0.003656
1262    0.004730
1339    0.011530
1423    0.019249
1424    0.007304
1646    0.004230
1733    0.016648
1801    0.055475
1918    0.004840
1926    0.016878
1949    0.003863
1957    0.008104
1990    0.006294
2047    0.003275
2064    0.008878
2085    0.010388
2102    0.008656
2134    0.008878
2173    0.006873
2192    0.007182
2313    0.007182
2396    0.009324
2432    0.013937
2484    0.011530
2691    0.006162
2710    0.012810
2723    0.006442
2841    0.005769
2909    0.005412
2920    0.005085
3013    0.016611
3050    0.003200
3053    0.009738
3255    0.010388
3289    0.007736
3306    0.011964
3309    0.004898
3310    0.009720
3338    0.010040
3340    0.006679
3341    0.003698
3396    0.015450
3409    0.007736
3420    0.011530
3451    0.004373
3460    0.006962
3467    0.007736
3501    0.005982
3538    0.010388
3583    0.002528
3592    0.006294
3675    0.009681
3691    0.011530
3732    0.005085
3768    0.011530
3788    0.005222
3831    0.007068
3839    0.008104
3903    0.004352
3978    0.007304
3984    0.009720
4043    0.011530
4045    0.008578
4104    0.010388
4185    0.010388
4274    0.008578
4390    0.004603
4402    0.007579
4450    0.006256
4536    0.004812
4611    0.007436
4656    0.011074
4995    0.015820
5043    0.003393
5106    0.009720
5115    0.005672
5155    0.007579
5168    0.009720
5260    0.004678
5352    0.008421
5356    0.010388
5358    0.005982
5404    0.184475
5405    0.046119
5484    0.006768
5495    0.002212
5532    0.005771
5602    0.005372
5669    0.007910
5899    0.005052
5963    0.011530
5975    0.003536
5996    0.011530
6049    0.005452
6372    0.005489
6488    0.008324
6538    0.006514
6557    0.007304
6558    0.015159
6610    0.005982
6613    0.018929
6817    0.011530
6901    0.008104
6908    0.008553
6951    0.007736
6984    0.003436
7048    0.004311
7181    0.003847
7286    0.005626
7343    0.005412
7355    0.006962
7356    0.007736
7425    0.007436
7456    0.003894
7460    0.010040
7492    0.011530
7496    0.011530
7508    0.005152
7524    0.013188
7559    0.006437
7571    0.004507
7636    0.004757
7642    0.004653
7662    0.011530
7726    0.005982
7744    0.004603
7757    0.012875
7802    0.003057
7833    0.002956
7866    0.008578
7930    0.011964
7941    0.010388
7947    0.010388
7948    0.005295
7996    0.004898
8001    0.005872
8019    0.002776
8067    0.010388
8107    0.002636
8153    0.005926
8219    0.005537
8233    0.004417
8396    0.011530
8407    0.004989
8465    0.008578
8509    0.007736
8533    0.003816
8560    0.009720
8581    0.007669
8622    0.003461
8630    0.001981
8702    0.007182
8781    0.003549
8840    0.005494
8841    0.010388
8873    0.006514
8897    0.011530
8953    0.008878
8964    0.009108
8984    0.004531
9005    0.006100
9118    0.010928
9128    0.011530
9152    0.011162
9153    0.004250
9168    0.006162
9208    0.007736
9398    0.007231
9411    0.002189
9484    0.004461
9510    0.004116
9517    0.005379
9633    0.008878
9743    0.008104
9798    0.009695
9984    0.004730
9985    0.005187
10106    0.005333
10146    0.005537
10148    0.009720
10227    0.008578
10261    0.002885
10271    0.011530
10279    0.011530
10376    0.007182
10445    0.004898
10488    0.010388
10509    0.009408
10532    0.009720
10605    0.003461
10691    0.016208
10693    0.007579
10796    0.011530
10887    0.008878
10892    0.002578
10900    0.011530
11117    0.002860
11180    0.002585
11203    0.004062
11218    0.002467
11223    0.006594
11279    0.004211
11326    0.008104
11334    0.006971
11340    0.005581
11344    0.005452
11355    0.002241
11357    0.009720
11434    0.009506
11444    0.008161
11531    0.003894
11622    0.006594
11655    0.006594
11673    0.006514
11682    0.057648
11683    0.004344
11739    0.006679
11782    0.005719
11796    0.011530
11889    0.005020
11941    0.009720
11964    0.008578
12006    0.005494
12109    0.010304
12110    0.009354
12122    0.008683
12167    0.005820
12245    0.003040
12331    0.006594
12370    0.009720
12419    0.018492
12480    0.006514
12591    0.003424
12618    0.004840
12621    0.007579
12642    0.012875
12659    0.003894
12660    0.004153
12684    0.002427
12927    0.007788
12963    0.008878
12983    0.003354
13014    0.002535
13089    0.008578
13154    0.004352
13357    0.001614
13381    0.014137
13398    0.011530
13434    0.004188
13462    0.005085
13486    0.010388
13514    0.045476
13519    0.007910
13866    0.004784
13975    0.011530
13983    0.006227
14065    0.001362
14087    0.020775
14175    0.011530
14200    0.004928
14237    0.005926
14249    0.015473
14269    0.009246
14303    0.003319
14459    0.011530
14683    0.006294
15078    0.011530
15081    0.012349
15125    0.009246
15140    0.003158
15160    0.004135
15368    0.005494
15468    0.004554
15479    0.010388
15482    0.007736
15623    0.004417
15712    0.003684
15801    0.004678
15820    0.003993
15825    0.007304
15903    0.006768
15944    0.005372
15952    0.022989
16265    0.005537
16358    0.009246
16374    0.007579
16396    0.005152
16416    0.011530
16427    0.009246
16461    0.042574
16484    0.006162
16521    0.005258
16585    0.006032
16615    0.008104
16692    0.005982
16714    0.019542
16732    0.002868
16766    0.008968
16803    0.007436
16818    0.008878
16838    0.010388
16907    0.003210
16944    0.003108
17117    0.002818
17125    0.006962
17133    0.011530
17296    0.015159
17313    0.005222
17333    0.011530
17346    0.007579
17358    0.013358
17374    0.005769
17395    0.006162
17407    0.011138
17424    0.007910
17445    0.005295
17457    0.007304
17458    0.008324
17520    0.011530
17524    0.004531
17661    0.006162
17669    0.002736
17782    0.008090
17811    0.005152
17819    0.007182
17889    0.013924
17916    0.004211
18003    0.004395
18020    0.006768
18068    0.006594
18158    0.004311
18167    0.001774
18282    0.001787
18347    0.006364
18373    0.010388
18382    0.004373
18446    0.005258
18460    0.006962
18462    0.005372
18468    0.007068
18596    0.015159
18682    0.009720
18713    0.004812
18769    0.008578
18882    0.004974
18888    0.003863
18987    0.021553
18992    0.005020
19046    0.008878
19095    0.006100
19169    0.004627
19177    0.009925
19225    0.003878
19325    0.010388
19347    0.006294
19366    0.003205
19380    0.011530
19381    0.006364
19389    0.006437
19415    0.010388
19426    0.004529
19433    0.004352
19455    0.005820
19464    0.003221
19484    0.008324
19512    0.006364
19535    0.004191
19572    0.006294
19640    0.004757
19672    0.011530
19715    0.045476
19785    0.006358
19805    0.011530
19813    0.013724
19820    0.007788
19844    0.001078
20100    0.004784
20172    0.011530
20383    0.006679
20460    0.004098
20468    0.006100
20538    0.034589
20557    0.003816
20593    0.032972
20686    0.006514
20695    0.005020
20700    0.006162
20713    0.009354
20742    0.005295
20778    0.010824
20782    0.012588
20785    0.003910
20827    0.017779
20841    0.012160
20843    0.009720
20894    0.003179
20902    0.003801
20929    0.011530
20946    0.006216
20956    0.004578
21001    0.005982
21013    0.011530
21057    0.007821
21059    0.008324
21110    0.034589
21120    0.007397
21150    0.001315
21247    0.001671
21248    0.011530
21290    0.004191
21296    0.005769
