185
303    0.016683
348    0.013518
735    0.019758
786    0.011259
946    0.024279
1005    0.057601
1184    0.008524
1245    0.022066
1762    0.007385
1833    0.028800
2120    0.009133
2215    0.017940
2252    0.018245
2344    0.006956
2460    0.013724
2483    0.028800
2604    0.050086
2684    0.009688
2841    0.028823
2842    0.023096
2864    0.019325
2995    0.014669
3050    0.007993
3126    0.028339
3191    0.015393
3397    0.011686
3567    0.006776
3925    0.014169
3942    0.012385
4137    0.014035
4276    0.017141
4464    0.025948
4467    0.023118
4571    0.014538
4666    0.012702
4936    0.019325
5043    0.004238
5115    0.014169
5259    0.021427
5293    0.017656
5415    0.010422
5458    0.016472
5501    0.011432
5515    0.007813
5563    0.011559
5745    0.011751
5806    0.013322
5865    0.038869
5975    0.008833
6386    0.028800
6468    0.020243
6486    0.013620
6557    0.018245
6613    0.018914
7048    0.010767
7168    0.005731
7325    0.012785
7524    0.008236
7602    0.015393
7744    0.011497
7770    0.014538
7802    0.003818
8019    0.013871
8040    0.007295
8107    0.006586
8116    0.006246
8218    0.006997
8442    0.010925
8500    0.012666
8530    0.041585
8622    0.008645
8630    0.004948
8644    0.020243
8840    0.013724
8954    0.028800
9209    0.019702
9411    0.005468
9424    0.012309
9517    0.013436
9812    0.020120
9984    0.011816
9989    0.013724
10101    0.024279
10156    0.018574
10170    0.022177
10794    0.011816
11117    0.007143
11203    0.010148
11354    0.023096
11444    0.010192
11468    0.010104
11841    0.004753
12122    0.021688
12233    0.016683
12345    0.007864
12591    0.008554
12837    0.028800
12904    0.007546
13009    0.018933
13353    0.011144
13357    0.004033
13388    0.010872
13530    0.023371
13533    0.029076
13580    0.007017
13647    0.015283
13757    0.019325
13926    0.015554
14065    0.017013
14391    0.012162
14425    0.006776
14796    0.009203
14951    0.024279
15026    0.017656
15081    0.020565
15082    0.037149
15160    0.020657
15338    0.023096
15362    0.201603
15363    0.057601
15400    0.012462
15468    0.011376
15540    0.018933
15712    0.018406
15753    0.023096
15907    0.008676
15912    0.007430
15952    0.038283
15953    0.015554
16117    0.010283
16461    0.011816
16509    0.009932
16521    0.013135
16575    0.012620
16585    0.008371
16713    0.013724
16714    0.016272
16724    0.010017
16843    0.018933
16880    0.009890
16941    0.010767
17103    0.010518
17331    0.010666
17370    0.022177
17494    0.046191
17782    0.010104
18005    0.007340
18138    0.011951
18159    0.011033
18182    0.004443
18282    0.004465
18326    0.011436
18383    0.008964
18446    0.013135
18717    0.010518
18992    0.012540
19261    0.025842
19347    0.015722
19366    0.012008
19460    0.013360
19462    0.017391
19503    0.012462
19538    0.028800
19543    0.010192
19546    0.013941
19676    0.018574
19756    0.015554
19773    0.007229
19844    0.002694
20321    0.036490
20557    0.009532
20671    0.014053
20673    0.012702
20803    0.005716
20894    0.007941
20902    0.018989
21057    0.009768
21058    0.008435
21115    0.013514
21118    0.011144
21127    0.024279
21141    0.015088
21146    0.011951
21150    0.003284
21247    0.004175
