385
79    0.009843
168    0.007766
227    0.007664
232    0.009843
481    0.005587
484    0.018152
523    0.005873
575    0.008877
641    0.011919
724    0.009551
731    0.007874
744    0.006999
832    0.010609
940    0.011153
974    0.006353
988    0.009299
1382    0.006210
1423    0.005522
1425    0.012608
1435    0.006931
1472    0.030267
1477    0.009532
1490    0.003555
1514    0.005912
1646    0.014562
1691    0.004211
1762    0.003392
1772    0.009551
1850    0.008381
1862    0.002696
1906    0.010609
1926    0.012911
2093    0.007914
2119    0.006034
2206    0.015133
2216    0.006256
2366    0.006210
2396    0.010699
2487    0.009076
2565    0.007071
2609    0.005043
2667    0.010609
2697    0.009551
2706    0.011051
2711    0.005587
2736    0.009843
2828    0.010609
2833    0.011153
2841    0.026480
2872    0.005952
2943    0.006738
2981    0.006353
3050    0.014686
3053    0.005587
3326    0.004703
3396    0.008864
3397    0.021472
3409    0.008877
3410    0.031063
3583    0.002901
3645    0.008111
3693    0.007474
3698    0.008532
3733    0.005281
3886    0.006034
3903    0.004994
3905    0.006999
4028    0.005339
4137    0.003223
4195    0.007132
4201    0.008877
4267    0.013356
4277    0.007474
4282    0.007989
4360    0.008697
4377    0.007766
4390    0.005281
4656    0.019060
4662    0.009364
4666    0.005835
4899    0.003915
4952    0.009299
4995    0.009076
5043    0.001947
5074    0.004396
5149    0.008111
5206    0.006353
5225    0.006456
5248    0.006738
5259    0.009843
5262    0.008111
5287    0.007874
5414    0.014170
5415    0.009575
5441    0.010187
5495    0.002538
5501    0.007877
5515    0.003589
5523    0.005281
5532    0.003311
5544    0.005952
5628    0.003783
5690    0.009551
5728    0.020375
5766    0.009551
5769    0.003733
5856    0.004244
5865    0.005952
5977    0.003578
6085    0.005226
6115    0.013729
6313    0.006120
6328    0.007302
6372    0.003149
6452    0.006800
6474    0.009843
6481    0.009551
6557    0.008381
6579    0.010609
6598    0.003413
6610    0.006864
6613    0.013032
6705    0.004487
6844    0.005145
6953    0.009843
6955    0.008111
7039    0.006738
7116    0.007989
7117    0.017735
7319    0.009076
7351    0.004562
7380    0.010037
7459    0.007302
7523    0.005093
7607    0.006931
7628    0.009299
7659    0.010187
7693    0.006456
7714    0.005760
7754    0.011309
7776    0.011919
7800    0.008697
7833    0.006785
7882    0.007387
7895    0.007222
7909    0.013018
7965    0.006076
7996    0.022481
8040    0.003351
8105    0.006034
8107    0.009076
8116    0.002869
8181    0.004327
8185    0.007387
8301    0.007874
8323    0.004766
8364    0.019102
8407    0.005724
8455    0.008111
8476    0.004227
8489    0.005522
8528    0.007387
8534    0.004260
8536    0.005873
8630    0.006819
8747    0.008111
8783    0.008723
8840    0.018913
8953    0.010187
8964    0.010451
8981    0.008381
9049    0.008381
9106    0.006678
9127    0.006509
9143    0.005145
9153    0.004877
9200    0.003601
9208    0.008877
9282    0.003957
9301    0.006210
9411    0.005023
9418    0.014773
9424    0.005654
9454    0.007670
9484    0.010238
9510    0.004723
9533    0.004118
9624    0.009843
9631    0.005043
9647    0.006738
9692    0.005281
9947    0.003086
9961    0.007474
9984    0.027140
9985    0.017855
9989    0.012608
10106    0.006120
10261    0.003311
10624    0.010609
10658    0.011153
10793    0.011153
10830    0.010187
10865    0.009843
10867    0.008877
10887    0.010187
10892    0.002958
10972    0.011153
11026    0.007989
11087    0.004621
11089    0.006678
11103    0.001501
11203    0.004661
11218    0.002830
11244    0.007567
11358    0.004468
11445    0.005368
11453    0.006210
11600    0.007664
11621    0.011153
11655    0.007567
11683    0.002492
11709    0.006256
11736    0.007664
12175    0.010609
12283    0.002605
12345    0.007225
12415    0.004072
12633    0.009843
12660    0.014298
12684    0.002785
12818    0.006034
12864    0.004118
12932    0.017067
12946    0.008111
12951    0.007222
12987    0.003798
13014    0.005818
13228    0.008487
13231    0.013476
13434    0.001201
13462    0.005835
13467    0.009551
13482    0.005068
13545    0.007222
13571    0.011153
13580    0.003223
13791    0.006931
13819    0.024723
13866    0.005490
13909    0.010451
13961    0.008532
14065    0.007815
14250    0.009551
14305    0.006034
14316    0.004327
14331    0.006864
14594    0.006931
14701    0.007222
14727    0.006509
14760    0.008381
14783    0.013230
14917    0.006509
14940    0.011153
15009    0.006564
15080    0.006256
15081    0.009447
15140    0.003624
15155    0.009076
15160    0.018978
15180    0.009843
15311    0.011153
15336    0.007567
15339    0.011153
15369    0.011153
15466    0.004661
15601    0.009663
15623    0.005068
15712    0.004227
15801    0.005368
15907    0.007970
15912    0.006826
15952    0.017585
15953    0.007145
15955    0.005873
15956    0.009843
16302    0.006620
16396    0.005912
16409    0.006620
16436    0.006999
16461    0.010856
16484    0.007071
16513    0.009551
16521    0.006034
16529    0.003770
16531    0.007071
16585    0.008460
16674    0.010609
16772    0.005368
16843    0.008697
16907    0.003684
16970    0.011153
17051    0.003875
17117    0.003233
17144    0.002983
17242    0.008697
17250    0.010609
17253    0.008111
17413    0.006164
17512    0.011153
17584    0.010187
17585    0.008241
17615    0.011153
17633    0.008877
17669    0.003140
17678    0.008877
17679    0.008877
17821    0.009323
17922    0.004703
18037    0.006164
18167    0.008143
18182    0.004082
18204    0.006800
18282    0.006153
18383    0.004118
18437    0.008877
18715    0.007766
18717    0.028989
18796    0.009551
18841    0.005119
18980    0.009076
18987    0.019784
18992    0.017281
19020    0.009843
19089    0.018152
19090    0.011153
19095    0.013999
19136    0.008241
19166    0.021218
19179    0.010187
19226    0.003140
19261    0.003957
19266    0.003835
19278    0.004747
19291    0.009843
19327    0.003122
19410    0.002447
19433    0.004994
19455    0.006678
19473    0.009076
19480    0.006210
19503    0.005724
19543    0.009364
19586    0.008532
19590    0.010609
19634    0.006564
19661    0.008877
19741    0.006210
19756    0.007145
19769    0.007766
19785    0.007295
19844    0.001237
19905    0.019211
19994    0.011153
20090    0.004489
20275    0.003243
20281    0.004788
20617    0.007302
20687    0.011919
20695    0.005760
20700    0.007071
20758    0.006931
20803    0.002626
20827    0.006800
20841    0.020929
20902    0.008723
20910    0.005873
21083    0.011043
21084    0.009299
21095    0.008877
21120    0.008487
21122    0.008688
21129    0.002983
21172    0.014444
21279    0.004745
21346    0.007145
