216
190    0.014210
218    0.015766
552    0.008467
1072    0.010858
1097    0.007515
1188    0.011323
1189    0.013545
1190    0.010376
1274    0.010858
1309    0.007365
1364    0.009529
1480    0.010451
1529    0.008636
1604    0.051151
1677    0.009152
1699    0.010654
1859    0.009362
2106    0.015051
2113    0.009101
2114    0.008907
2234    0.015389
2723    0.012533
2737    0.015406
2744    0.006008
2792    0.036343
2819    0.007113
3298    0.009893
3309    0.009529
3341    0.007195
3473    0.015807
3635    0.009362
3726    0.007835
3733    0.008955
3903    0.008467
3943    0.009957
4195    0.006047
4245    0.007671
4265    0.011639
4643    0.014210
4662    0.007938
4704    0.014467
4791    0.018910
4870    0.013860
4899    0.006639
4939    0.026701
5043    0.003301
5211    0.049787
5212    0.015537
5225    0.010945
5230    0.010529
5234    0.014467
5352    0.008192
5523    0.017909
5532    0.005614
5537    0.009587
5570    0.012829
5584    0.011530
5718    0.009308
5833    0.020209
6049    0.010608
6365    0.007395
6463    0.016688
6699    0.012381
6758    0.009784
6762    0.008680
7142    0.019658
7421    0.013751
7422    0.015051
7460    0.009767
7802    0.002974
8040    0.011364
8323    0.008081
8449    0.013545
8476    0.007168
8613    0.018510
8624    0.009255
8630    0.011562
8899    0.033673
9184    0.020209
9388    0.007639
9510    0.016017
9768    0.011989
9979    0.011868
9999    0.011530
10145    0.012994
10420    0.009003
10442    0.012829
10932    0.010091
10942    0.037881
10943    0.042756
11021    0.020209
11103    0.002545
11146    0.007484
11203    0.007904
11225    0.009362
11334    0.006781
11355    0.004359
11499    0.012114
11570    0.007007
11683    0.004225
11684    0.010451
11782    0.005564
11984    0.009152
12048    0.008636
12066    0.015051
12067    0.018910
12084    0.009152
12085    0.007802
12245    0.011828
12307    0.074592
12309    0.016614
12345    0.006125
12668    0.009646
12765    0.007007
12855    0.005188
12864    0.006982
12900    0.009587
12928    0.008192
12987    0.003220
13351    0.005263
13355    0.010435
13451    0.009957
14140    0.012829
14339    0.008636
14428    0.011639
14523    0.009003
14604    0.019196
14729    0.013167
14742    0.011448
14745    0.005144
14749    0.007671
14754    0.008955
14811    0.011425
15142    0.008769
15210    0.007973
15493    0.013350
15570    0.023977
15573    0.034545
15668    0.015051
15755    0.017273
15759    0.020209
15928    0.007835
15989    0.009646
16012    0.011129
16023    0.012673
16060    0.008769
16237    0.012329
16327    0.017988
16371    0.028086
16485    0.007279
16527    0.015029
16531    0.035966
16532    0.030691
16585    0.016951
16668    0.012245
16732    0.005580
16788    0.016688
16923    0.012450
16941    0.004193
17037    0.007087
17066    0.010091
17086    0.020209
17124    0.014210
17582    0.013973
17643    0.006930
17661    0.011989
17868    0.008955
17916    0.008192
18167    0.003452
18182    0.003460
18392    0.013751
18580    0.009957
18619    0.011539
18652    0.005823
18696    0.013167
18757    0.015389
18882    0.004838
19151    0.007835
19223    0.008117
19262    0.007607
19296    0.013545
19366    0.003117
19426    0.004405
19464    0.006266
19685    0.025039
19693    0.035253
19707    0.007336
19728    0.014746
19742    0.013545
19772    0.007639
19824    0.016194
19830    0.009417
19905    0.010858
20090    0.003806
20209    0.018910
20260    0.003814
20452    0.008009
20464    0.013466
20582    0.008426
20601    0.007769
20648    0.008814
20671    0.010945
20713    0.006066
20717    0.040016
20768    0.005278
20844    0.004683
20848    0.005823
20855    0.013973
20894    0.006185
20899    0.012245
20902    0.007395
20927    0.010867
20964    0.006855
21039    0.011989
21150    0.005115
21307    0.021923
