172
3    0.028061
103    0.011536
572    0.028061
799    0.041081
832    0.028061
1425    0.016675
1646    0.012838
1668    0.039075
1690    0.016675
1723    0.024006
1771    0.028061
1862    0.007132
1918    0.014690
1919    0.012276
2102    0.008757
2696    0.026034
2841    0.017510
2981    0.033609
3198    0.021452
3340    0.020270
3393    0.016304
3396    0.011723
3463    0.021797
3567    0.008233
3583    0.007673
3600    0.029499
3602    0.029499
3686    0.016187
4188    0.021130
4237    0.025263
4259    0.034993
4276    0.020826
4522    0.014866
5206    0.016805
5501    0.006945
5728    0.026945
5851    0.036663
5853    0.024595
5918    0.021130
5977    0.009463
6003    0.029499
6247    0.046006
6313    0.016187
6546    0.028061
6558    0.023003
6606    0.028061
6613    0.011490
6927    0.024595
6984    0.010429
7438    0.019102
7524    0.020013
7531    0.018167
7607    0.018332
7753    0.019109
7756    0.052068
7882    0.019537
7996    0.014866
8181    0.011445
8212    0.020541
8281    0.016938
8301    0.020826
8378    0.021130
8530    0.025263
8554    0.026034
8594    0.013472
8763    0.031527
8774    0.015048
8786    0.015637
8918    0.011582
8964    0.013822
9143    0.013609
9160    0.016938
9209    0.031917
9418    0.019537
9424    0.014956
9454    0.010143
9460    0.037796
9518    0.007446
9675    0.031527
9798    0.009808
9803    0.019537
9984    0.028714
10568    0.029499
10610    0.017075
10837    0.005507
11007    0.017664
11117    0.008679
11244    0.020014
11434    0.009617
11531    0.011819
11567    0.015236
11673    0.019770
12245    0.009226
12272    0.021452
12300    0.008973
12522    0.011490
12668    0.015048
12684    0.007365
12898    0.015742
12900    0.014956
12927    0.011819
12999    0.005760
13388    0.013209
13434    0.003177
13733    0.034993
13866    0.014521
14065    0.004134
14093    0.014866
14213    0.022168
14226    0.025263
14251    0.024595
14303    0.010075
14595    0.024595
14865    0.013540
15155    0.024006
15160    0.012549
15425    0.034993
15801    0.042594
15952    0.023257
16116    0.010393
16299    0.033349
16385    0.040028
16461    0.014357
16514    0.034993
16674    0.028061
16713    0.016675
16714    0.019770
16734    0.021057
16791    0.016187
16880    0.024034
16944    0.009433
17008    0.024006
17144    0.007890
17153    0.034993
17253    0.021452
17407    0.011268
17531    0.009973
17552    0.020826
17855    0.028061
18068    0.020014
18108    0.024006
18142    0.019770
18282    0.016275
18331    0.015236
18334    0.020826
18451    0.017510
18649    0.016304
18874    0.031527
18882    0.007548
18905    0.024595
18968    0.028061
18992    0.015236
19060    0.025263
19177    0.010040
19381    0.019315
19410    0.012947
19453    0.035312
19543    0.012384
19844    0.003273
19997    0.015959
20253    0.026034
20505    0.021130
20707    0.028061
20785    0.011868
20983    0.010932
21026    0.022568
21083    0.014605
21095    0.023480
21120    0.022449
21247    0.005073
21266    0.009463
21346    0.018898
