37
232    0.137020
633    0.106686
1862    0.037536
2706    0.051280
3245    0.101658
3397    0.074727
3410    0.108109
4195    0.049645
4697    0.067571
5532    0.046092
5544    0.082852
6613    0.060474
7380    0.069861
7569    0.095558
8219    0.088445
9984    0.075563
10105    0.052489
11103    0.020893
11675    0.184171
13357    0.025787
15081    0.065755
15952    0.061202
16461    0.075563
16865    0.141818
18142    0.104052
18282    0.028553
18717    0.134519
19433    0.069521
19640    0.075990
20275    0.045140
20700    0.098432
20841    0.048558
20902    0.060715
21120    0.059077
21139    0.109613
21150    0.021000
21170    0.165931
