228
443    0.011814
974    0.010278
1095    0.011001
1127    0.013121
1184    0.006334
1254    0.015451
1261    0.015923
1262    0.008781
1472    0.024482
1699    0.002541
1763    0.019282
1941    0.006865
2042    0.034325
2047    0.012158
2048    0.008590
2172    0.010046
2286    0.012738
2292    0.008684
2395    0.019282
2684    0.007199
2711    0.009038
2819    0.013574
2885    0.017163
2909    0.010046
3113    0.015923
3274    0.015043
3275    0.021402
3395    0.017163
3396    0.050189
3397    0.034735
3400    0.011323
3693    0.012092
3694    0.012738
3772    0.029366
4118    0.011212
4137    0.005215
4195    0.005769
4258    0.005940
4265    0.011105
4348    0.077130
4391    0.038565
4450    0.005806
4521    0.028138
4522    0.009092
4656    0.020556
4815    0.018042
4817    0.069351
4818    0.021402
4870    0.006612
4899    0.006334
5043    0.003149
5414    0.007641
5869    0.023627
5915    0.012092
5922    0.021402
5975    0.006564
5991    0.007852
6085    0.008454
6216    0.021402
6218    0.021402
6365    0.007056
6532    0.010278
6598    0.005522
6613    0.028110
6624    0.011559
6705    0.007259
6939    0.016480
6940    0.010804
6983    0.011559
7039    0.021801
7107    0.015451
7191    0.014361
7350    0.015043
7441    0.010278
7522    0.012738
7581    0.017163
7650    0.008001
7757    0.011949
8219    0.010278
8323    0.015420
8536    0.009501
8581    0.014236
8965    0.021402
9002    0.019800
9005    0.011323
9454    0.024816
9457    0.027117
9523    0.008781
9631    0.008158
9798    0.011997
9815    0.015043
9897    0.013332
9945    0.009147
9966    0.015043
9984    0.008781
10140    0.006787
10261    0.005356
10589    0.007963
10611    0.018076
10615    0.021402
10616    0.021402
10838    0.013803
10846    0.007170
10892    0.033497
10897    0.006247
10992    0.012923
11026    0.012923
11087    0.007476
11103    0.002428
11184    0.009900
11201    0.005065
11225    0.008933
11275    0.017163
11289    0.016158
11355    0.012478
11434    0.005882
11468    0.015017
11531    0.007229
11570    0.020058
11600    0.012398
11683    0.008063
11729    0.007028
11750    0.005733
11757    0.007170
11824    0.013121
12042    0.009628
12245    0.011286
12369    0.018042
12613    0.019522
12684    0.009010
12873    0.012398
12904    0.005608
12932    0.009203
13021    0.021402
13434    0.005830
13685    0.021402
13775    0.011001
13897    0.010046
13909    0.008454
14065    0.007585
14303    0.018485
14475    0.011683
14537    0.006019
14538    0.008732
14594    0.011212
14632    0.064207
14727    0.010530
14769    0.009972
14773    0.010901
14824    0.010121
14857    0.026492
14874    0.007710
14903    0.032411
14969    0.068651
15140    0.005863
15160    0.007675
15176    0.017163
15204    0.007112
15216    0.008158
15393    0.016480
15432    0.014361
15497    0.007170
15530    0.026241
15589    0.017163
15602    0.021402
15712    0.013678
15752    0.019282
15774    0.019282
15801    0.008684
16030    0.007852
16269    0.010199
16470    0.021402
16517    0.013558
16562    0.012241
16732    0.010648
16893    0.028721
16955    0.008366
17094    0.010199
17448    0.029366
17478    0.037193
17479    0.021402
17480    0.009694
17529    0.008199
17670    0.011559
17846    0.019256
18133    0.009378
18223    0.044848
18393    0.018042
18406    0.021402
18419    0.019282
18447    0.016480
18487    0.021402
18549    0.012092
18640    0.017163
18670    0.014888
18724    0.009439
18883    0.013128
18898    0.008118
18985    0.018042
19006    0.034325
19009    0.013803
19010    0.021419
19050    0.012738
19106    0.009501
19177    0.012282
19204    0.008498
19225    0.007199
19226    0.010159
19366    0.005949
19416    0.021866
19523    0.011323
19586    0.013803
19614    0.018042
19773    0.005372
20049    0.017163
20100    0.017762
20260    0.003639
20498    0.042804
20559    0.010901
20695    0.009319
20768    0.010071
20800    0.013803
20868    0.009438
20902    0.007056
21115    0.015064
21121    0.017163
21150    0.004881
21243    0.004853
