294
161    0.007315
556    0.011624
666    0.007404
702    0.006446
718    0.034646
773    0.006915
799    0.010169
1184    0.005127
1262    0.007107
1276    0.008071
1395    0.017323
1477    0.006241
1497    0.017323
1517    0.031215
1698    0.004700
1699    0.004114
1746    0.005313
1752    0.007591
1945    0.010035
2047    0.004920
2102    0.008671
2216    0.008192
2227    0.014604
2262    0.064440
2287    0.008319
2706    0.004823
2768    0.008823
2806    0.006104
2943    0.017646
3083    0.013339
3140    0.008594
3245    0.009562
3341    0.005557
3451    0.006571
3628    0.015607
3635    0.007230
3686    0.008013
3743    0.005181
3747    0.009672
3903    0.006539
4028    0.006990
4137    0.004221
4170    0.017323
4258    0.004808
4277    0.009787
4378    0.008013
4400    0.011388
4402    0.011388
4403    0.017323
4522    0.007359
4834    0.015607
4872    0.007956
4889    0.010974
4891    0.014604
5052    0.012888
5075    0.006029
5078    0.012176
5093    0.007148
5208    0.011624
5248    0.008823
5501    0.003438
5532    0.004335
5669    0.011884
5670    0.010620
5677    0.011884
5814    0.034646
5916    0.009075
5933    0.011388
6021    0.017323
6085    0.013685
6334    0.025783
6343    0.011624
6372    0.008246
6613    0.017065
6707    0.017625
6783    0.011172
6908    0.004284
7015    0.013339
7048    0.006476
7097    0.013339
7168    0.006895
7173    0.014215
7188    0.006130
7189    0.030104
7192    0.014808
7395    0.017323
7524    0.004954
7562    0.011388
7623    0.009908
7629    0.013892
7631    0.013757
7996    0.014719
8108    0.012176
8181    0.005666
8218    0.004208
8223    0.007640
8263    0.017323
8288    0.009908
8364    0.012506
8406    0.010620
8455    0.010620
8478    0.011884
8500    0.007618
8505    0.013905
8536    0.007690
8573    0.008523
8594    0.006669
8630    0.002976
8744    0.015607
8745    0.012506
8781    0.005332
8783    0.017132
8840    0.033019
9005    0.009165
9153    0.006385
9160    0.008385
9209    0.019750
9214    0.007956
9215    0.014604
9256    0.006213
9331    0.051552
9332    0.013892
9364    0.005803
9411    0.003289
9417    0.018711
9433    0.013339
9664    0.005803
9798    0.004855
9812    0.006051
9943    0.015607
9947    0.004041
9984    0.007107
9985    0.038965
9986    0.017323
10261    0.004335
10354    0.006185
10641    0.029207
10824    0.013892
10832    0.012888
10846    0.011607
10865    0.012888
10881    0.007449
10892    0.007746
11087    0.006051
11103    0.001965
11180    0.003884
11355    0.006733
11434    0.004761
11446    0.034646
11468    0.006077
11517    0.011884
11567    0.015085
11568    0.010791
11569    0.009841
11588    0.009356
11841    0.002859
12044    0.015607
12045    0.007404
12075    0.013339
12122    0.004348
12283    0.003411
12304    0.009457
12342    0.011388
12365    0.006476
12469    0.017323
12505    0.006269
12522    0.011376
12621    0.011388
12650    0.027783
12659    0.005851
12675    0.005352
12815    0.017323
12831    0.015607
12855    0.004006
12864    0.005392
12911    0.005578
12927    0.023404
12978    0.007449
12999    0.008555
13050    0.004375
13179    0.006446
13348    0.007068
13451    0.007690
13541    0.007591
13757    0.011624
13866    0.014377
13886    0.017289
13896    0.008823
13909    0.006843
13951    0.046494
14065    0.022512
14231    0.011172
14331    0.008988
14595    0.012176
14638    0.012888
14640    0.036528
14643    0.010791
14690    0.012176
14917    0.008523
14944    0.007029
15032    0.007690
15035    0.014604
15037    0.019816
15140    0.004745
15160    0.006213
15216    0.006603
15336    0.009908
15341    0.029207
15426    0.017323
15471    0.012888
15497    0.017410
15503    0.006915
15623    0.006636
15782    0.010169
15801    0.021086
15807    0.009165
15906    0.005974
15912    0.004469
15918    0.012176
16023    0.009787
16237    0.004761
16265    0.008319
16276    0.034646
16461    0.021322
16501    0.005091
16734    0.006949
16766    0.006737
16930    0.031215
17034    0.008904
17044    0.007591
17108    0.006669
17115    0.008594
17144    0.003906
17211    0.015607
17221    0.008823
17241    0.011624
17253    0.021240
17254    0.011624
17303    0.009457
17335    0.029207
17366    0.006603
17429    0.013339
17584    0.013339
17814    0.011287
17817    0.008071
17864    0.014604
17873    0.008523
17916    0.006326
17922    0.006158
18105    0.009075
18159    0.006636
18167    0.005331
18182    0.002672
18203    0.005757
18282    0.002686
18435    0.006130
18649    0.008071
18652    0.004497
18747    0.014604
19060    0.062532
19064    0.010974
19204    0.013757
19228    0.009457
19265    0.009787
19266    0.010043
19309    0.006807
19359    0.017323
19370    0.005514
19416    0.005899
19433    0.006539
19536    0.010791
19577    0.007901
19673    0.012176
19772    0.005899
19830    0.007272
19844    0.001620
20090    0.005878
20260    0.001473
20351    0.034646
20460    0.024630
20587    0.007315
20615    0.012506
20617    0.009562
20713    0.009369
20716    0.020528
20844    0.003617
20845    0.014136
20848    0.004497
21085    0.006807
21122    0.005688
21129    0.007812
21146    0.007189
21261    0.009356
21290    0.006297
