65
575    0.070088
583    0.057657
2344    0.025227
3980    0.073419
4697    0.038324
4870    0.032272
4872    0.047975
4955    0.073419
5043    0.015370
5206    0.050163
5532    0.052283
5628    0.029870
6250    0.077713
6613    0.034299
6705    0.035426
7010    0.050970
7659    0.080434
7753    0.028521
7996    0.044375
8476    0.033378
8840    0.049775
8958    0.088058
9209    0.023818
9418    0.058320
9460    0.056412
9533    0.032511
9663    0.059015
9664    0.034993
9668    0.068666
9984    0.042856
10105    0.029770
10261    0.026142
10508    0.058320
11007    0.052728
11103    0.011850
11218    0.022347
11549    0.080434
11958    0.042151
12345    0.028521
13434    0.009485
13482    0.040015
14595    0.073419
14863    0.049775
15004    0.077713
15160    0.037461
15432    0.070088
15466    0.036805
15801    0.042382
15912    0.026949
15952    0.034712
16026    0.045197
16257    0.071661
16461    0.042856
16734    0.020952
16941    0.019525
18167    0.016074
18253    0.057657
18282    0.016194
18649    0.048669
18717    0.038147
19265    0.059015
19266    0.030279
19433    0.078860
20617    0.057657
20848    0.027115
