305
182    0.071167
191    0.006375
333    0.003954
435    0.009841
444    0.008358
455    0.005292
457    0.006410
580    0.015798
1074    0.013318
1160    0.008720
1207    0.009273
1233    0.013318
1242    0.005666
1244    0.008720
1245    0.012104
1260    0.008358
1272    0.005769
1287    0.012669
1309    0.005187
1333    0.011405
1415    0.013187
1435    0.008276
1439    0.007905
1486    0.008197
1490    0.004245
1529    0.006082
1554    0.015798
1633    0.007415
1677    0.006446
1689    0.005029
1707    0.011646
1731    0.014233
1754    0.015798
1762    0.004051
1878    0.009539
1939    0.011405
1991    0.012669
2216    0.007471
2281    0.018432
2286    0.009402
2297    0.013587
2344    0.003815
2539    0.006518
2586    0.015798
2627    0.015798
2793    0.011104
2867    0.006446
2882    0.017229
3089    0.022627
3090    0.006711
3297    0.012044
3306    0.008197
3322    0.010838
3341    0.015203
3358    0.010600
3473    0.011133
3632    0.006482
3743    0.009450
3943    0.014026
3944    0.005010
4118    0.008276
4146    0.014233
4240    0.003237
4258    0.004384
4273    0.011405
4377    0.009273
4380    0.003031
4441    0.008925
4552    0.015798
4711    0.010838
4798    0.009273
4870    0.009762
4927    0.008046
4949    0.006752
5070    0.010600
5074    0.005250
5102    0.011405
5202    0.005087
5212    0.032828
5274    0.009685
5313    0.011104
5521    0.006836
5523    0.006307
5527    0.011753
5537    0.006752
5610    0.008720
5622    0.010600
5733    0.011104
5769    0.008915
5806    0.007308
5866    0.004231
5884    0.012669
5898    0.007471
5899    0.006923
5931    0.015798
5991    0.005796
6109    0.015798
6365    0.005208
6628    0.009762
6788    0.011104
6827    0.006632
6828    0.005823
6908    0.003907
6940    0.007975
7071    0.011104
7168    0.003144
7199    0.009762
7351    0.005448
7456    0.005336
7487    0.009841
7524    0.009035
7531    0.004101
7681    0.015798
7802    0.002094
7909    0.015545
7910    0.009685
8019    0.007609
8022    0.012669
8043    0.009685
8116    0.003426
8210    0.013318
8251    0.015798
8334    0.015798
8446    0.008572
8630    0.002714
8638    0.006556
8774    0.006794
8837    0.007415
8970    0.008925
9428    0.015798
9470    0.011753
9771    0.010838
9859    0.011104
9881    0.007647
10013    0.009539
10175    0.012288
10215    0.016140
10229    0.011753
10261    0.003954
10334    0.013786
10354    0.005640
10397    0.006482
10420    0.006341
10671    0.009539
10714    0.038299
10814    0.013318
10837    0.004972
11014    0.011592
11015    0.015798
11146    0.021084
11180    0.003542
11218    0.003380
11316    0.066590
11317    0.039954
11318    0.042700
11319    0.015798
11334    0.004776
11341    0.007772
11355    0.012281
11371    0.009539
11373    0.010600
11401    0.008532
11434    0.004342
11480    0.014233
11526    0.012669
11729    0.005187
11750    0.004231
11961    0.009841
11984    0.006446
12005    0.003177
12090    0.047394
12091    0.015798
12110    0.012816
12245    0.004165
12279    0.009402
12283    0.012443
12413    0.007975
12455    0.009036
12460    0.015798
12495    0.015798
12583    0.014233
12691    0.015798
12695    0.024330
12735    0.007709
12855    0.003654
12864    0.004917
12889    0.003623
12975    0.009685
12983    0.004595
12987    0.002268
13320    0.006082
13357    0.013272
13434    0.002869
13466    0.003696
13515    0.009036
13530    0.012820
13541    0.006923
13568    0.005796
13601    0.007205
13750    0.011405
13778    0.010838
13813    0.066590
13884    0.009539
13928    0.015798
14065    0.001866
14117    0.011753
14435    0.014233
14537    0.004443
14610    0.014233
14742    0.004838
14746    0.006307
14748    0.015798
14874    0.005691
14994    0.009151
15030    0.010189
15102    0.010008
15134    0.015798
15204    0.005250
15210    0.005615
15486    0.011405
15488    0.006082
15591    0.006752
15785    0.011405
15799    0.013318
15822    0.004692
15917    0.009402
16023    0.008925
16025    0.011104
16026    0.013671
16029    0.006240
16030    0.011592
16060    0.012351
16160    0.011405
16237    0.004342
16317    0.006752
16321    0.005823
16386    0.010008
16489    0.007905
16585    0.008265
16592    0.003398
16657    0.014119
16814    0.010838
16818    0.012165
16820    0.015798
16907    0.004399
16941    0.005906
16954    0.007975
16955    0.006176
17037    0.009982
17044    0.006923
17052    0.007059
17053    0.006375
17106    0.008720
17372    0.007772
17809    0.012165
17994    0.008925
18011    0.014233
18136    0.021201
18167    0.002431
18177    0.015798
18182    0.009748
18405    0.012165
18416    0.023513
18547    0.008624
18636    0.014233
18726    0.006022
18728    0.008624
18841    0.006113
18883    0.004845
19124    0.025330
19125    0.023293
19127    0.008253
19261    0.004725
19271    0.005851
19309    0.006208
19370    0.005029
19685    0.035269
19686    0.010385
19723    0.015798
19844    0.005911
19962    0.010189
19988    0.011405
20090    0.013401
20116    0.008532
20154    0.015798
20260    0.008058
20274    0.005495
20282    0.003455
20413    0.026776
20414    0.025337
20446    0.015798
20460    0.005615
20482    0.020770
20490    0.012165
20768    0.003717
20822    0.009036
20841    0.020826
20842    0.010385
20853    0.012165
20868    0.003483
20927    0.011480
20993    0.005666
21058    0.004627
21150    0.003603
21279    0.005666
