191
212    0.011486
249    0.024470
481    0.010334
541    0.019623
542    0.024470
586    0.024470
868    0.014364
1445    0.022047
1527    0.024470
1691    0.007790
1699    0.005811
2084    0.008548
2166    0.014776
2275    0.016788
2277    0.005137
2292    0.009929
2321    0.012352
2333    0.014175
2402    0.019623
2688    0.008548
2706    0.006813
2714    0.012463
2750    0.022047
3014    0.024470
3162    0.012946
3306    0.012697
3606    0.015243
3642    0.020629
3664    0.012578
3903    0.009237
4031    0.018843
4037    0.024927
4054    0.024470
4147    0.024470
4325    0.032839
4378    0.011319
4448    0.015782
4497    0.013825
4678    0.009875
4755    0.020629
4777    0.009717
4812    0.018843
4956    0.018843
5202    0.007880
5230    0.011486
5615    0.010396
5806    0.011319
5929    0.036411
6062    0.020629
6085    0.019331
6245    0.024470
6274    0.032172
6843    0.020629
7051    0.015782
7291    0.171995
7377    0.006859
7636    0.020193
7802    0.006488
8019    0.011785
8025    0.006703
8073    0.014776
8116    0.010614
8644    0.017200
8712    0.012697
8981    0.015502
9088    0.017200
9193    0.012697
9201    0.024470
9299    0.017200
9642    0.048941
9769    0.012946
9872    0.015502
9873    0.007616
9936    0.011845
9947    0.005708
10016    0.016788
10357    0.018205
10509    0.059903
10511    0.016419
10523    0.024470
10614    0.012578
10837    0.003851
10922    0.048258
10925    0.024470
10975    0.010459
11248    0.097881
11270    0.022047
11371    0.014776
11437    0.024470
11531    0.008265
11613    0.010588
11750    0.006554
11887    0.014564
12273    0.007702
12283    0.004819
12519    0.011683
12559    0.024470
12880    0.008099
12884    0.044093
12889    0.033669
12911    0.007880
12999    0.004028
13155    0.016419
13219    0.021869
13283    0.013216
13356    0.013358
13357    0.003426
13478    0.015502
13756    0.060006
13886    0.006106
13891    0.016788
14065    0.005782
14137    0.010154
14303    0.007045
14320    0.008299
14742    0.002498
14947    0.016788
15142    0.009566
15466    0.017244
15497    0.008198
15555    0.016878
15659    0.016086
15712    0.007819
15713    0.011319
15863    0.018843
15952    0.081318
16368    0.024470
16371    0.010213
16451    0.024470
16527    0.008198
16529    0.013948
16532    0.011160
16585    0.008535
16676    0.011941
16862    0.008585
16994    0.039246
17034    0.025156
17051    0.007167
17189    0.061887
17190    0.024470
17191    0.024470
17292    0.015404
17481    0.024470
17484    0.004079
17489    0.103145
17491    0.024470
17522    0.016419
17654    0.013078
17836    0.013662
17870    0.038222
17922    0.008698
18007    0.012819
18086    0.012946
18182    0.007550
18371    0.014175
18499    0.080318
18502    0.081975
18513    0.022047
18596    0.016086
18614    0.013662
18652    0.006352
18888    0.016395
19133    0.013825
19278    0.004390
19366    0.003401
19416    0.016667
19426    0.004806
19608    0.015502
19617    0.013078
19844    0.002289
19871    0.013996
19999    0.016788
20009    0.041475
20090    0.008303
20260    0.002080
20274    0.008511
20275    0.005998
20282    0.005351
20382    0.012578
20383    0.014175
20407    0.022047
20582    0.009193
20717    0.012473
20785    0.016598
20791    0.027991
20848    0.006352
20910    0.010863
21115    0.005741
21122    0.008035
21129    0.011035
21247    0.007095
