241
190    0.012704
218    0.014095
552    0.007570
1072    0.009707
1097    0.006718
1188    0.010123
1189    0.012109
1190    0.009276
1274    0.009707
1309    0.006585
1364    0.008519
1480    0.009343
1529    0.007720
1604    0.045728
1677    0.008182
1699    0.009524
1859    0.008370
1955    0.018067
2086    0.020053
2106    0.013455
2113    0.008136
2114    0.007963
2234    0.013757
2723    0.011204
2737    0.013773
2744    0.005371
2792    0.032490
2819    0.006359
3298    0.008844
3309    0.008519
3341    0.006432
3473    0.014131
3635    0.008370
3726    0.007005
3733    0.008005
3862    0.008519
3903    0.007570
3943    0.008902
3986    0.015441
4195    0.005406
4245    0.006858
4265    0.010405
4643    0.012704
4662    0.007097
4704    0.012933
4730    0.009630
4791    0.016905
4870    0.012391
4899    0.005935
4939    0.023870
5043    0.002951
5211    0.044508
5212    0.013890
5225    0.009785
5230    0.009412
5234    0.012933
5352    0.007323
5523    0.016010
5532    0.005019
5537    0.008571
5570    0.011469
5584    0.010307
5717    0.007799
5718    0.008321
5833    0.018067
5962    0.009785
6049    0.009483
6365    0.006611
6463    0.014919
6651    0.007426
6699    0.011069
6758    0.008746
6762    0.007759
7142    0.017574
7421    0.012294
7422    0.013455
7460    0.008731
7802    0.002658
8040    0.010159
8135    0.014919
8323    0.007224
8449    0.012109
8476    0.006408
8613    0.016548
8624    0.008274
8630    0.010336
8899    0.030103
9184    0.018067
9209    0.009145
9388    0.006829
9510    0.014319
9518    0.004267
9768    0.010718
9878    0.011329
9979    0.010609
9999    0.010307
10145    0.011616
10420    0.008048
10442    0.011469
10932    0.009021
10942    0.033865
10943    0.038223
11021    0.018067
11103    0.002275
11146    0.006691
11180    0.008992
11203    0.007066
11225    0.008370
11334    0.006062
11340    0.009707
11355    0.003897
11499    0.010830
11570    0.006265
11683    0.003777
11684    0.009343
11747    0.007461
11782    0.004974
11984    0.008182
12047    0.012491
12048    0.007720
12066    0.013455
12067    0.016905
12084    0.008182
12085    0.006975
12245    0.010574
12307    0.072746
12309    0.014853
12345    0.005475
12668    0.008623
12765    0.006265
12855    0.004638
12864    0.006241
12900    0.008571
12928    0.007323
12987    0.002878
12999    0.003301
13351    0.004705
13355    0.009329
13451    0.008902
14140    0.011469
14339    0.007720
14359    0.009630
14428    0.010405
14523    0.008048
14537    0.005639
14604    0.017160
14729    0.011771
14742    0.010235
14745    0.004599
14749    0.006858
14754    0.008005
14811    0.010214
15102    0.012704
15142    0.007839
15210    0.007128
15265    0.016905
15493    0.011935
15570    0.021435
15573    0.030883
15668    0.013455
15755    0.015441
15759    0.018067
15928    0.007005
15989    0.008623
16012    0.009949
16023    0.011329
16060    0.007839
16237    0.011022
16327    0.016081
16371    0.025109
16485    0.006508
16527    0.013436
16531    0.032153
16532    0.027437
16585    0.016320
16657    0.017922
16668    0.010947
16732    0.004989
16788    0.014919
16923    0.011130
16941    0.003748
17037    0.006335
17066    0.009021
17086    0.018067
17124    0.012704
17582    0.012491
17643    0.006195
17661    0.010718
17868    0.008005
17916    0.007323
18167    0.003086
18182    0.003093
18392    0.012294
18580    0.008902
18619    0.015473
18652    0.010411
18696    0.011771
18757    0.013757
18882    0.004325
19151    0.007005
19223    0.007257
19262    0.006801
19296    0.012109
19366    0.002787
19426    0.003938
19464    0.005602
19617    0.010718
19685    0.022384
19693    0.031516
19707    0.006559
19728    0.013182
19742    0.012109
19772    0.006829
19824    0.014477
19830    0.008419
19905    0.009707
20090    0.003402
20209    0.016905
20260    0.005114
20452    0.007160
20464    0.012038
20582    0.007533
20601    0.006945
20648    0.007880
20671    0.009785
20713    0.005423
20717    0.035774
20768    0.004718
20807    0.008623
20844    0.004187
20848    0.005206
20855    0.012491
20868    0.013265
20894    0.005529
20899    0.010947
20902    0.006611
20927    0.009715
20964    0.006128
21039    0.010718
21150    0.004573
21307    0.032665
