175
4    0.024527
25    0.028640
58    0.028640
74    0.027244
103    0.044799
147    0.009985
288    0.013562
787    0.026161
1451    0.008086
1477    0.012239
2093    0.010161
2094    0.026161
2345    0.016066
2396    0.009158
2404    0.033973
2617    0.018157
2737    0.023334
2744    0.009100
2819    0.010774
2861    0.016189
2872    0.015283
3092    0.021911
3224    0.027244
3292    0.033973
3774    0.021911
4100    0.023307
4258    0.009428
4504    0.022333
4515    0.022333
4656    0.016315
5043    0.004999
5075    0.005911
5218    0.030609
5414    0.012130
5495    0.006517
5549    0.014793
5717    0.013213
5719    0.009650
5809    0.033973
5865    0.015283
5915    0.019194
6372    0.008086
6425    0.017627
6443    0.033973
6598    0.008765
6603    0.023879
6630    0.016066
6651    0.025163
6654    0.028640
6907    0.021162
7053    0.015715
7141    0.015181
7168    0.006761
7188    0.012023
7194    0.025774
7473    0.024527
7524    0.009715
7650    0.012701
7725    0.018546
7802    0.009007
7833    0.008711
7849    0.021911
8040    0.008606
8077    0.020220
8212    0.039885
8323    0.012239
8395    0.015283
8399    0.030609
8446    0.009217
8630    0.005837
8739    0.030609
9153    0.012523
9437    0.033973
9454    0.019696
9517    0.007925
9664    0.011381
9798    0.009522
9883    0.020220
9900    0.024527
9901    0.020827
10578    0.029774
10589    0.012641
10593    0.017974
10942    0.011475
10943    0.032378
11180    0.007617
11201    0.016079
11271    0.011970
11334    0.020541
11341    0.033429
11386    0.011522
11444    0.012023
11570    0.010613
11607    0.020514
11667    0.044666
11750    0.009100
12005    0.006833
12085    0.011816
12300    0.017422
12307    0.010270
12309    0.012582
12345    0.009276
12548    0.010982
12684    0.007151
12853    0.010815
12867    0.015603
12898    0.015283
12900    0.014520
12928    0.012407
12987    0.024382
12997    0.033973
12999    0.016778
13166    0.028640
13252    0.023879
13511    0.030609
13591    0.016315
13629    0.033973
14361    0.028640
14362    0.030609
14439    0.008181
14485    0.012523
14604    0.007268
14742    0.003468
14863    0.016189
15212    0.016855
15216    0.012950
15488    0.013080
15531    0.023879
16034    0.012701
16167    0.017798
16481    0.030609
16485    0.011025
16606    0.027244
16635    0.033973
16657    0.030362
16724    0.011816
16729    0.005537
16734    0.020444
16944    0.009158
17074    0.012701
17079    0.033429
17332    0.027244
17643    0.010496
18158    0.012701
18295    0.033973
18333    0.021522
18549    0.019194
18560    0.019680
18619    0.008738
18841    0.013146
18882    0.007328
18928    0.023879
18962    0.015946
19065    0.031659
19226    0.008063
19309    0.013350
19328    0.016855
19370    0.010815
19410    0.018855
19444    0.016189
19464    0.009491
19620    0.025275
19825    0.024527
20033    0.028640
20228    0.016189
20601    0.011766
20628    0.015829
20671    0.016578
20717    0.008658
20867    0.028640
20910    0.015081
20951    0.033973
21119    0.016578
21247    0.009850
21307    0.022136
