154
103    0.011422
1022    0.029207
1069    0.016262
1072    0.016770
1204    0.023998
1451    0.008246
1707    0.025541
1919    0.012155
1949    0.011607
2224    0.014377
2278    0.028115
2688    0.012102
2737    0.023796
3044    0.037826
3148    0.021948
3396    0.011607
3460    0.020920
3861    0.016906
4109    0.022345
4450    0.009399
4500    0.015380
4899    0.010254
5020    0.014136
5075    0.012057
5209    0.017045
5211    0.061519
5212    0.011999
5214    0.020920
5234    0.022345
5239    0.020920
5501    0.006876
6323    0.016026
6372    0.016493
6452    0.017808
6651    0.012831
6655    0.013406
6758    0.007556
6984    0.010326
7142    0.015182
7168    0.013789
7311    0.019344
7421    0.021240
7619    0.010864
7770    0.017489
7892    0.013474
8021    0.013142
8040    0.008776
8078    0.006968
8170    0.013757
8200    0.014058
8223    0.015280
8581    0.007682
8630    0.011905
8696    0.025013
8899    0.034673
9242    0.016906
10668    0.032524
10773    0.023598
10836    0.018330
10892    0.007746
10932    0.015586
10942    0.011702
11103    0.003930
11180    0.007768
11201    0.008199
11207    0.012425
11334    0.010474
11340    0.016770
11355    0.006733
11358    0.011702
11503    0.008082
11530    0.016638
11569    0.009841
11673    0.019574
11782    0.008593
11841    0.005718
11897    0.022775
12042    0.015586
12064    0.013757
12307    0.083790
12309    0.025661
12345    0.009460
12470    0.021948
12684    0.014585
12855    0.008013
12983    0.020155
12987    0.004973
12999    0.005703
13145    0.016262
13351    0.008128
13388    0.013078
13501    0.008803
13535    0.020920
13647    0.009192
13877    0.014545
13880    0.029207
14303    0.009975
14604    0.029649
14742    0.003537
14754    0.013831
15007    0.023769
15204    0.011513
15218    0.021581
15696    0.027783
15822    0.020579
15907    0.010436
16119    0.017337
16167    0.018150
16527    0.011607
16585    0.002014
16657    0.015482
16767    0.020070
17033    0.015801
17074    0.025906
17079    0.068181
17374    0.017337
17438    0.015801
17524    0.013614
17643    0.021408
17810    0.020920
17821    0.012207
17830    0.012155
18095    0.026679
18138    0.014377
18167    0.005331
18169    0.027783
18282    0.016114
18435    0.024522
18655    0.011071
18713    0.014460
18841    0.013406
18901    0.016026
19204    0.013757
19226    0.016445
19278    0.012431
19366    0.004815
19410    0.012819
19444    0.016510
19527    0.031215
19685    0.025783
19772    0.011799
20082    0.014899
20228    0.016510
20482    0.022775
20601    0.011999
20713    0.009369
20717    0.052977
20758    0.018150
20807    0.014899
20814    0.034646
20901    0.010744
21105    0.048704
21264    0.014295
21307    0.022574
