40
212    0.076394
552    0.061437
1099    0.057347
2120    0.051614
2321    0.082158
2569    0.081442
2710    0.060274
3050    0.045169
3162    0.086109
5202    0.052409
5602    0.075833
5977    0.044013
6262    0.065322
6274    0.106991
7010    0.079418
7377    0.045618
8747    0.099778
10975    0.139124
11103    0.018464
11271    0.057347
12122    0.040855
13165    0.106991
15952    0.054086
16114    0.137207
16233    0.130517
16527    0.054524
16529    0.046385
16862    0.114196
17051    0.047669
18485    0.093088
18499    0.066776
18625    0.087898
18962    0.076394
18987    0.060848
19004    0.104968
19410    0.060220
19589    0.080074
19844    0.015224
20848    0.042249
21111    0.067930
