359
348    0.007019
393    0.014954
410    0.013473
414    0.012607
419    0.023030
422    0.011126
428    0.007181
429    0.009830
440    0.017800
447    0.006638
552    0.005645
834    0.009168
1147    0.012607
1204    0.005179
1282    0.014954
1374    0.010259
1456    0.006820
1490    0.004018
1642    0.014954
1699    0.003551
1712    0.015807
1762    0.003834
1862    0.003048
1863    0.008349
1889    0.008553
1926    0.007297
1941    0.004797
1946    0.007549
2113    0.006068
2173    0.004457
2622    0.009168
2684    0.005030
2688    0.005224
2706    0.004164
2737    0.025677
2742    0.009315
2745    0.004441
2806    0.005269
3089    0.003570
3110    0.008663
3140    0.014838
3148    0.037894
3150    0.011515
3278    0.008900
3593    0.004305
3618    0.020716
3649    0.013473
3785    0.014954
3850    0.005487
3915    0.008254
3944    0.004742
4028    0.006034
4065    0.010796
4135    0.006315
4194    0.011126
4195    0.004031
4311    0.014954
4319    0.014838
4387    0.014954
4501    0.005700
4520    0.010034
4588    0.014954
4607    0.010511
4621    0.008449
4660    0.009473
4810    0.006278
4811    0.012941
4888    0.011515
4918    0.009315
5043    0.004401
5132    0.009030
5158    0.014954
5211    0.006638
5224    0.012607
5227    0.016152
5230    0.007019
5234    0.009644
5562    0.007617
5602    0.006968
5614    0.005135
5620    0.008663
5626    0.006353
5669    0.010259
5704    0.014954
5719    0.008495
5745    0.006101
5820    0.006727
5821    0.021022
5856    0.004797
5935    0.014954
5975    0.004586
6144    0.010796
6227    0.009473
6291    0.017800
6311    0.014954
6324    0.010259
6383    0.014954
6457    0.011992
6492    0.008663
6598    0.003858
6605    0.011126
6705    0.005072
6707    0.005072
6758    0.003261
6761    0.008193
6959    0.009473
7129    0.007617
7141    0.006682
7168    0.005952
7181    0.004989
7193    0.013473
7421    0.009168
7423    0.009168
7459    0.008254
7524    0.004276
7620    0.014954
7680    0.014954
7744    0.005970
7787    0.013190
7802    0.003965
8040    0.003788
8068    0.005970
8077    0.008900
8107    0.006839
8161    0.012607
8170    0.005938
8181    0.004891
8186    0.007419
8200    0.006068
8218    0.003633
8442    0.005672
8487    0.008349
8568    0.003334
8657    0.014954
8899    0.007483
8964    0.005907
8984    0.005876
9210    0.005591
9301    0.007019
9361    0.005269
9388    0.005093
9533    0.009309
9649    0.011992
9743    0.010511
9799    0.008349
9873    0.009309
9884    0.014954
9912    0.014954
9947    0.003488
9959    0.014954
9974    0.013473
9980    0.012556
9999    0.007687
10035    0.013473
10118    0.014954
10159    0.011126
10179    0.008553
10181    0.008663
10184    0.014954
10192    0.012607
10214    0.012607
10456    0.029908
10589    0.005564
10611    0.006315
10619    0.010796
10677    0.019289
10742    0.025213
10794    0.012271
10881    0.012861
10932    0.020182
10942    0.065661
10943    0.014252
11146    0.014968
11160    0.012706
11180    0.006706
11181    0.008273
11212    0.014954
11218    0.003199
11225    0.012483
11249    0.011126
11303    0.011992
11355    0.002906
11439    0.006101
11445    0.006068
11468    0.005246
11503    0.003488
11540    0.008449
11683    0.005634
11841    0.002468
11857    0.007483
11964    0.011126
12064    0.005938
12109    0.006682
12122    0.011261
12245    0.003943
12307    0.040687
12440    0.014954
12457    0.013473
12668    0.006431
12855    0.003459
12856    0.033377
12867    0.006868
12869    0.009644
12937    0.013473
12941    0.008663
12975    0.009168
12983    0.004350
12987    0.002146
12999    0.002462
13050    0.003776
13145    0.007019
13289    0.014954
13309    0.011515
13348    0.006101
13355    0.003478
13361    0.006135
13434    0.001358
13488    0.008449
13499    0.009473
13501    0.018997
13505    0.010034
13508    0.011992
13580    0.003644
13644    0.008449
13654    0.011992
13671    0.012607
13837    0.011992
13855    0.012607
13886    0.003731
13899    0.006002
13910    0.012329
14085    0.009644
14158    0.013473
14430    0.011692
14439    0.014404
14445    0.006391
14452    0.008900
14485    0.005512
14529    0.014954
14552    0.014954
14617    0.008900
14742    0.003053
14745    0.003429
14746    0.005970
14785    0.008663
14802    0.009830
14810    0.010034
14905    0.014954
14919    0.008778
14942    0.008663
15204    0.004969
15304    0.012607
15305    0.013473
15343    0.007992
15382    0.008553
15423    0.013473
15488    0.005757
15551    0.005412
15658    0.010259
15693    0.011992
15695    0.016772
15710    0.006315
15739    0.014954
15760    0.012607
15813    0.012607
15818    0.004553
15932    0.009473
15979    0.013473
16075    0.013473
16165    0.009315
16432    0.005786
16485    0.004853
16490    0.006553
16501    0.004395
16509    0.005157
16585    0.002608
16729    0.004874
16732    0.003720
16734    0.005999
16791    0.013835
16811    0.013473
16932    0.009315
16959    0.004505
16995    0.011992
17037    0.004724
17044    0.006553
17072    0.007834
17074    0.011182
17075    0.011632
17078    0.014954
17079    0.007357
17113    0.013473
17181    0.009644
17216    0.009473
17369    0.005938
17556    0.011126
17643    0.004620
17669    0.003549
17810    0.009030
17830    0.005246
17917    0.011992
17949    0.012941
17994    0.008449
18242    0.010034
18652    0.003882
18653    0.007617
18655    0.004778
18845    0.010034
18962    0.007019
19043    0.004137
19195    0.008449
19208    0.029908
19366    0.002078
19399    0.023984
19460    0.003468
19568    0.008900
19620    0.011126
19685    0.005564
19693    0.023502
19707    0.004891
19783    0.025213
19822    0.008163
19844    0.004196
19959    0.014954
19965    0.010511
19999    0.010259
20002    0.009830
20100    0.006205
20134    0.013473
20260    0.002542
20275    0.003665
20464    0.004489
20601    0.020716
20620    0.004457
20626    0.006135
20637    0.011515
20686    0.008449
20713    0.004044
20714    0.004930
20716    0.005907
20717    0.011433
20718    0.011992
20803    0.002968
20894    0.004123
20901    0.004637
20902    0.004930
20927    0.003622
20983    0.004672
21057    0.005072
21087    0.004350
21091    0.010034
21150    0.001705
21191    0.006727
21243    0.003391
21306    0.011752
21307    0.024359
21310    0.006068
21348    0.008553
21349    0.014954
