57
212    0.052983
369    0.101699
2321    0.056980
2344    0.027262
2569    0.056484
2604    0.039261
2710    0.041803
2791    0.112879
3050    0.031327
3162    0.059721
3790    0.044587
4536    0.047112
5202    0.036348
5898    0.053381
6262    0.090608
6420    0.095160
7010    0.055080
7702    0.095160
7948    0.051844
8568    0.025168
8934    0.112879
10837    0.017764
10975    0.096490
11103    0.012806
11213    0.035933
11218    0.024149
11958    0.045550
12122    0.028335
12286    0.067182
12416    0.048842
12605    0.043459
12993    0.083980
13165    0.074203
13167    0.104429
13219    0.050440
13320    0.043459
13370    0.052215
13434    0.010250
13482    0.043242
14163    0.079340
14385    0.074203
14498    0.030044
14716    0.058568
15604    0.101560
16529    0.064341
16862    0.039600
17117    0.027585
17922    0.040123
18082    0.048245
18485    0.064561
18499    0.046313
18502    0.063024
18519    0.095160
18619    0.029032
18987    0.042201
20260    0.009596
21266    0.030525
