101
1451    0.012431
1845    0.025281
1862    0.010644
2388    0.030658
2737    0.053807
3177    0.037706
3297    0.019909
3886    0.023820
4283    0.041882
4899    0.015457
4979    0.104455
5010    0.029871
5043    0.007685
5079    0.017082
5483    0.038856
5501    0.010366
6626    0.037706
6651    0.019342
6655    0.020209
6758    0.011390
6920    0.025912
7142    0.045771
7166    0.042856
7330    0.031242
7421    0.032018
7460    0.022741
7798    0.026601
8078    0.021008
8275    0.019811
8342    0.025912
8756    0.033086
9210    0.019526
9301    0.024514
9873    0.016255
10026    0.040217
10186    0.026134
10409    0.032533
10803    0.020849
10942    0.088201
10943    0.024888
11117    0.012954
11180    0.046841
11341    0.025695
11342    0.029160
11358    0.017640
11817    0.034333
12085    0.018165
12245    0.013770
12307    0.047367
12519    0.012467
12675    0.064544
12987    0.007497
12999    0.008598
13351    0.012253
13357    0.014626
13501    0.013270
13591    0.025082
13877    0.021926
13890    0.037706
14323    0.036487
14425    0.012288
14439    0.012577
14485    0.019251
14604    0.022347
14607    0.017713
14741    0.018647
14754    0.020849
14850    0.035044
14874    0.018815
15119    0.052228
15135    0.024888
15387    0.032533
15818    0.015903
15850    0.033684
15912    0.013474
16657    0.070014
16729    0.017024
16734    0.020952
16941    0.009762
17077    0.026134
17108    0.020108
17643    0.032272
17791    0.052228
18282    0.008097
18363    0.052228
18655    0.050067
18962    0.024514
19133    0.029507
19410    0.009662
19552    0.035830
20010    0.035830
20082    0.044918
20228    0.024888
20587    0.044111
20601    0.018088
20902    0.017218
21057    0.017713
21111    0.021798
21306    0.041045
21307    0.034030
21310    0.021191
