259
32    0.015883
74    0.014137
147    0.005181
168    0.010348
246    0.006079
455    0.005906
457    0.007153
552    0.013309
786    0.006891
1021    0.010212
1157    0.006266
1158    0.015883
1173    0.009147
1272    0.006438
1364    0.007489
1365    0.010807
1485    0.014861
1664    0.008097
1677    0.014385
1684    0.015883
1699    0.008373
1707    0.006498
1762    0.004520
1846    0.006158
1862    0.003593
1889    0.010083
1971    0.014861
2151    0.014861
2172    0.016549
2270    0.024781
2351    0.014861
2352    0.009731
2376    0.013115
2396    0.009504
2442    0.022335
2496    0.010981
2539    0.007274
2544    0.027149
2546    0.012391
2688    0.006158
3009    0.010083
3297    0.006720
3521    0.017957
3567    0.004148
3747    0.009842
3748    0.014861
3850    0.012935
3944    0.005590
4023    0.004399
4195    0.004752
4357    0.015883
4500    0.007825
4611    0.011369
4678    0.007114
4856    0.014137
4904    0.009960
5020    0.014385
5075    0.009202
5079    0.005766
5096    0.009238
5211    0.015651
5239    0.031934
5414    0.006294
5501    0.003499
5549    0.015351
5614    0.006054
5707    0.019461
5719    0.005007
6029    0.178334
6170    0.035257
6343    0.011829
6371    0.012391
6372    0.004196
6576    0.011588
6596    0.004438
6620    0.010645
6651    0.026114
6655    0.013643
6756    0.013309
6761    0.009658
6773    0.015883
6819    0.009061
6888    0.010981
6918    0.007037
7142    0.007725
7325    0.007825
7351    0.006079
7456    0.005954
7465    0.009731
7469    0.017628
7619    0.016583
7693    0.008602
7779    0.007037
8021    0.006687
8025    0.004829
8040    0.004465
8078    0.003545
8082    0.012094
8116    0.003823
8130    0.012727
8288    0.010083
8487    0.009842
8630    0.015144
8781    0.005427
8899    0.017642
9118    0.005569
9644    0.007401
9647    0.008979
9678    0.014861
9859    0.012391
9878    0.009960
9947    0.004112
9999    0.018122
10007    0.014137
10103    0.014137
10261    0.008824
10354    0.006294
10423    0.012391
10476    0.014861
10773    0.006003
10932    0.015861
10942    0.035725
10943    0.008400
11103    0.004000
11146    0.011764
11181    0.004876
11182    0.008746
11201    0.008343
11203    0.006211
11218    0.003771
11289    0.006654
11340    0.008533
11355    0.003426
11423    0.012391
11503    0.004112
11747    0.013119
11753    0.008400
11888    0.031765
11899    0.011829
12042    0.007930
12046    0.009842
12085    0.006131
12266    0.011829
12300    0.018081
12307    0.069280
12309    0.019585
12314    0.048376
12345    0.014440
12375    0.015883
12387    0.015883
12458    0.014861
12519    0.004208
12613    0.008040
12684    0.003710
12765    0.005507
12817    0.006003
12840    0.012094
12904    0.004619
12975    0.010807
12987    0.007591
13014    0.003876
13166    0.014861
13370    0.008154
13434    0.003201
13529    0.007444
13591    0.008466
13877    0.022202
13910    0.004845
14073    0.006105
14201    0.031765
14314    0.007444
14343    0.007274
14425    0.004148
14439    0.004245
14485    0.006498
14490    0.008400
14571    0.012094
14611    0.009520
14742    0.012596
14745    0.004043
14773    0.017957
14796    0.011266
14850    0.023657
14863    0.008400
14917    0.017346
14992    0.012391
14997    0.008040
15102    0.011168
15105    0.010212
15135    0.008400
15320    0.017628
15364    0.011829
15677    0.009960
15710    0.007444
15818    0.005368
15927    0.007358
15932    0.011168
15939    0.008746
16237    0.004845
16241    0.007489
16485    0.011441
16501    0.005181
16509    0.006079
16557    0.017628
16585    0.009223
16657    0.031509
16952    0.014889
17061    0.011369
17066    0.015861
17074    0.019772
17075    0.027424
17077    0.026463
17144    0.003975
17643    0.010893
17757    0.008673
18133    0.007725
18158    0.006591
18160    0.009731
18167    0.008138
18280    0.015883
18282    0.002733
18418    0.011588
18567    0.007628
18569    0.009623
18619    0.018136
18807    0.009147
18841    0.006821
18882    0.003802
19042    0.011168
19106    0.007825
19250    0.015883
19384    0.014137
19426    0.003462
19693    0.009235
19707    0.005766
19767    0.012094
19773    0.004425
19820    0.005954
19830    0.007401
19844    0.001649
19905    0.017066
20082    0.007581
20175    0.013115
20228    0.008400
20601    0.006105
20620    0.005254
20623    0.015883
20717    0.013478
20758    0.009235
20803    0.003499
20844    0.007361
20977    0.010348
21150    0.006030
21193    0.012391
21243    0.007994
21247    0.002556
21306    0.027708
21307    0.022972
21310    0.014305
