323
147    0.004232
246    0.004966
370    0.005780
455    0.004824
552    0.010872
1021    0.008342
1065    0.009879
1157    0.005119
1193    0.009466
1215    0.010122
1254    0.010396
1309    0.004728
1436    0.005188
1456    0.006568
1479    0.007027
1677    0.017626
1681    0.005908
1686    0.021254
1699    0.003420
1707    0.005308
1762    0.007385
1824    0.007619
1845    0.006970
1940    0.004925
1942    0.006970
2093    0.004307
2278    0.005843
2284    0.007619
2344    0.003478
2352    0.007949
2629    0.010713
2676    0.007334
2684    0.004844
2737    0.004945
2784    0.009123
2981    0.006915
3009    0.008236
3056    0.010122
3199    0.024279
3224    0.011548
3396    0.004824
3401    0.010396
3563    0.004532
3575    0.007085
3583    0.003158
3675    0.006045
3788    0.006522
3915    0.007949
4137    0.003509
4258    0.011989
4463    0.006155
4536    0.006010
4605    0.012974
4662    0.005096
4781    0.014400
4783    0.011089
4784    0.011548
4808    0.014400
4856    0.011548
4870    0.004449
4899    0.004262
4993    0.011548
5043    0.002119
5047    0.006710
5075    0.007517
5170    0.015554
5211    0.006392
5331    0.006915
5399    0.007472
5475    0.008571
5501    0.002858
5528    0.011089
5538    0.011089
5548    0.006435
5562    0.007334
5567    0.004050
5614    0.004945
5628    0.008236
5708    0.015088
5719    0.004090
6042    0.007144
6050    0.004904
6071    0.010396
6257    0.012974
6291    0.042853
6294    0.024279
6444    0.010122
6651    0.010666
6707    0.004884
6756    0.010872
6758    0.003140
6761    0.019723
6918    0.005749
6923    0.010122
6930    0.007777
7142    0.006310
7309    0.011548
7330    0.004307
7351    0.004966
7384    0.014400
7411    0.012974
7475    0.008970
7493    0.006710
7509    0.007619
7531    0.003738
7569    0.007472
7619    0.009031
7779    0.005749
7787    0.012702
7894    0.008970
7988    0.007027
8006    0.010713
8021    0.005462
8025    0.011834
8040    0.007295
8073    0.017391
8077    0.008571
8078    0.002896
8130    0.010396
8181    0.004710
8442    0.005462
8449    0.017391
8500    0.003167
8534    0.004637
8630    0.024742
8794    0.014400
9118    0.009099
9126    0.006522
9200    0.003919
9678    0.012140
9854    0.010713
9873    0.008964
9941    0.010396
9947    0.003359
9993    0.010396
9999    0.007402
10064    0.006614
10146    0.006915
10186    0.007206
10354    0.005141
10423    0.010122
10773    0.009808
10942    0.038910
10943    0.013724
11009    0.012140
11093    0.016307
11103    0.003267
11106    0.012140
11117    0.007143
11154    0.007144
11180    0.006457
11181    0.011950
11182    0.014289
11239    0.008453
11241    0.009466
11342    0.008040
11355    0.002799
11358    0.009727
11503    0.003359
11569    0.004090
11609    0.008970
11649    0.012140
11744    0.004307
11747    0.005358
11750    0.003857
11787    0.009287
11841    0.004753
11888    0.012974
11958    0.005811
12048    0.016632
12245    0.003797
12266    0.009662
12283    0.008507
12300    0.003692
12306    0.012140
12307    0.034826
12309    0.026665
12314    0.009879
12345    0.007864
12346    0.008571
12375    0.012974
12462    0.009287
12511    0.011089
12519    0.020625
12540    0.010396
12542    0.007949
12543    0.012974
12548    0.004655
12613    0.006568
12664    0.009466
12853    0.004584
12907    0.005780
12961    0.010396
12987    0.022737
12999    0.002371
13014    0.003167
13082    0.009662
13084    0.012974
13232    0.008136
13309    0.011089
13355    0.003350
13380    0.060699
13492    0.006970
13591    0.006915
13877    0.018136
13886    0.003593
13910    0.003957
13996    0.012974
14065    0.001701
14073    0.004987
14303    0.004146
14323    0.005030
14439    0.003468
14485    0.010616
14490    0.006862
14523    0.011559
14571    0.009879
14604    0.006162
14742    0.013229
14745    0.003302
14770    0.009123
14773    0.007334
14796    0.004602
14842    0.037149
14850    0.019325
14853    0.020793
14864    0.011548
15030    0.009287
15118    0.012974
15135    0.006862
15303    0.012140
15344    0.010518
15531    0.010122
15571    0.008236
15659    0.009466
15677    0.016272
15710    0.006081
15818    0.004385
15895    0.007861
15896    0.008828
15927    0.018031
15932    0.009123
15989    0.006192
15991    0.013518
16079    0.010396
16485    0.009346
16578    0.006710
16585    0.007534
16657    0.006435
16705    0.003773
16713    0.006862
16791    0.006661
16804    0.012140
17059    0.006862
17061    0.009287
17066    0.012956
17072    0.007544
17074    0.021535
17075    0.050405
17077    0.007206
17079    0.014169
17115    0.007144
17182    0.009466
17216    0.009123
17451    0.005976
17643    0.004449
17718    0.010713
17757    0.007085
18127    0.014400
18133    0.006310
18167    0.004432
18173    0.007777
18179    0.005141
18200    0.012974
18247    0.010666
18253    0.007949
18282    0.004465
18336    0.008040
18435    0.005096
18441    0.010713
18451    0.007206
18619    0.003704
18652    0.003738
18655    0.009203
18668    0.006478
18774    0.008970
18807    0.007472
18888    0.004824
18927    0.009123
19106    0.006392
19155    0.011548
19232    0.004515
19464    0.012068
19535    0.005235
19567    0.008453
19618    0.020793
19707    0.004710
19728    0.009466
19741    0.006759
19773    0.003615
20082    0.006192
20100    0.005976
20228    0.006862
20496    0.014400
20582    0.005410
20601    0.004987
20620    0.004292
20716    0.005688
20717    0.003670
20725    0.014400
20796    0.007777
20803    0.005716
20844    0.003007
20902    0.004747
21005    0.004602
21094    0.006661
21120    0.009238
21150    0.003284
21247    0.002088
21306    0.028292
21307    0.014074
21310    0.029214
21348    0.008236
