136
251    0.026708
610    0.015914
819    0.026708
985    0.025846
1204    0.014601
1278    0.018839
1451    0.010035
1699    0.005006
1824    0.022305
2186    0.027190
2286    0.025092
2343    0.022305
2432    0.014561
2460    0.020090
2706    0.011739
2737    0.028957
3056    0.029633
3108    0.037984
3109    0.042160
3339    0.031366
3382    0.042160
3416    0.031366
3574    0.017106
3583    0.009245
3618    0.029202
3675    0.017699
3905    0.022305
4325    0.028289
4541    0.024422
5049    0.037984
5287    0.025092
5614    0.014478
6088    0.042160
6457    0.270468
6458    0.113952
6598    0.010877
6758    0.009194
6761    0.011549
6920    0.020917
7694    0.042160
7779    0.016830
8042    0.035542
8389    0.035542
8630    0.007244
8710    0.042160
8782    0.042160
8856    0.042160
9118    0.013319
9411    0.008004
10105    0.012015
10175    0.016397
10697    0.019789
10837    0.006635
10942    0.014240
10943    0.020090
11103    0.004783
11180    0.009453
11181    0.011662
11207    0.015120
11213    0.026841
11468    0.014790
11569    0.011975
12215    0.028289
12254    0.035542
12307    0.012745
12309    0.046840
12519    0.010064
12540    0.030437
12542    0.023271
12551    0.010978
12660    0.015188
12661    0.042946
13232    0.023819
13470    0.019502
13501    0.032135
13545    0.023015
13910    0.034759
13939    0.012391
14065    0.004981
14073    0.043804
14741    0.015052
14745    0.009668
14842    0.027190
14853    0.030437
15009    0.020917
15023    0.020247
15271    0.015540
15344    0.030793
15356    0.030437
15695    0.015762
15710    0.017804
15743    0.030437
15858    0.071083
15932    0.026708
15988    0.021282
16007    0.023015
16034    0.015762
16117    0.015052
16485    0.013681
16585    0.002451
16757    0.033809
17074    0.015762
17075    0.032793
17077    0.021096
17182    0.027715
17632    0.022305
17643    0.013025
17870    0.013171
17941    0.032464
17964    0.022086
17994    0.023819
18105    0.022086
18460    0.025457
18476    0.024113
18652    0.010944
19278    0.007563
19329    0.024748
19426    0.008280
19707    0.013789
19751    0.019789
19773    0.010583
19844    0.003944
20093    0.042160
20535    0.021671
20601    0.029202
20620    0.012565
20627    0.033842
20637    0.032464
20812    0.033809
20845    0.017201
20964    0.012884
21087    0.012263
21243    0.028678
21290    0.015326
21306    0.033133
21310    0.017106
