78
1204    0.025785
1240    0.023610
1272    0.027190
1915    0.067078
2432    0.012857
3789    0.030895
3903    0.028104
4522    0.031629
5075    0.012955
5211    0.033050
5220    0.032016
5225    0.036330
5230    0.034946
5820    0.033493
6838    0.059704
7531    0.019327
7569    0.038630
7989    0.026007
8101    0.032016
8343    0.038630
8446    0.020198
8630    0.012792
8638    0.030895
8899    0.037255
9214    0.034195
9873    0.023173
9974    0.067078
9975    0.067078
10000    0.041096
10007    0.059704
10261    0.018633
10611    0.031441
10942    0.075440
11180    0.016693
11181    0.020595
12066    0.049957
12132    0.046377
12307    0.067523
12309    0.027572
12412    0.049957
12510    0.048017
12853    0.023700
12983    0.021656
12999    0.012256
13213    0.051078
13214    0.059704
13348    0.030376
13434    0.013521
13501    0.037833
13790    0.148904
14401    0.125530
14430    0.029105
14439    0.017929
14742    0.007600
15814    0.049957
15912    0.019208
16527    0.049884
16529    0.042438
16585    0.012984
16777    0.067078
17219    0.046377
17411    0.055391
17643    0.023002
18182    0.022971
18247    0.027572
18282    0.011543
18411    0.031074
18812    0.148904
19204    0.029564
19329    0.043704
19410    0.013774
19693    0.039003
20090    0.025263
20461    0.046377
20717    0.018974
20768    0.017518
20902    0.024544
21306    0.058511
