136
1069    0.020153
1451    0.010220
1699    0.005098
1741    0.008046
2048    0.017232
2113    0.017421
2278    0.017421
2432    0.014829
2737    0.058979
2739    0.026745
2744    0.011500
2745    0.012752
2819    0.013616
3151    0.028809
3583    0.009415
3911    0.015826
3916    0.025554
3922    0.026745
3944    0.013616
3989    0.024258
4056    0.028809
4195    0.011574
5020    0.017518
5075    0.007471
5212    0.014870
5240    0.036196
5260    0.017421
5281    0.033062
5360    0.042936
5563    0.017232
5707    0.023699
5828    0.028225
5975    0.013169
6365    0.014154
6498    0.034431
6758    0.009363
6809    0.018351
6819    0.022069
6876    0.033062
6908    0.010617
6984    0.012797
7142    0.018814
7168    0.017088
7196    0.025203
7428    0.033062
7456    0.014502
7475    0.026745
7559    0.023972
7770    0.021673
7894    0.026745
8170    0.017049
8622    0.012888
8630    0.007377
8781    0.013217
8862    0.021302
9399    0.027691
9426    0.025926
9502    0.034842
9999    0.022069
10242    0.042936
10247    0.019186
10892    0.009600
11103    0.004871
11531    0.029003
11571    0.028225
11661    0.041238
12307    0.051919
12309    0.031801
12522    0.014098
12591    0.012752
12859    0.042936
12987    0.006163
12999    0.014136
13349    0.022069
13370    0.019861
13434    0.007797
13702    0.023188
13743    0.025926
13871    0.020619
14065    0.005072
14303    0.012361
14527    0.022277
14607    0.014562
14857    0.017716
14913    0.028809
15216    0.016367
15710    0.036263
15912    0.011077
15978    0.025926
15989    0.018463
16034    0.016052
16058    0.027691
16167    0.044985
16269    0.020460
16585    0.002496
16958    0.018240
16976    0.025554
17074    0.016052
17246    0.042936
17270    0.042936
17570    0.042936
17643    0.026530
17829    0.042969
18098    0.034280
18182    0.006623
18203    0.014268
18282    0.006656
18307    0.023188
18655    0.013720
18670    0.014934
18888    0.014384
19183    0.034431
19218    0.042936
19225    0.014442
19226    0.010190
19327    0.020263
19410    0.023829
19453    0.028885
19644    0.033062
19648    0.022716
19844    0.012048
20053    0.036196
20082    0.018463
20090    0.007284
20451    0.085871
20568    0.025554
20714    0.014154
20717    0.010942
20782    0.023438
20860    0.025926
21039    0.022947
21120    0.013773
21129    0.019362
21141    0.022493
21247    0.006224
21307    0.013988
