36
103    0.062356
1862    0.038550
2396    0.050987
2819    0.059983
3396    0.063366
3461    0.159457
4023    0.047196
5079    0.061864
5708    0.099089
7168    0.037641
7466    0.066646
7510    0.109569
8078    0.038041
11103    0.021458
11333    0.189149
12309    0.140097
12345    0.051646
12999    0.031137
13647    0.050185
13877    0.079407
14425    0.044504
14607    0.064150
14742    0.019307
14796    0.060442
15019    0.079877
15710    0.079877
15842    0.159457
15988    0.095480
15989    0.081339
18020    0.111031
19453    0.063625
19741    0.088782
19822    0.103256
19844    0.017693
20535    0.097225
21307    0.061622
