247
147    0.006252
228    0.019165
469    0.006621
486    0.013719
838    0.019165
1065    0.014594
1240    0.006746
1415    0.008878
1451    0.005063
1514    0.009505
1628    0.019165
1699    0.002526
1762    0.005454
1780    0.012018
2057    0.015826
2113    0.008631
2114    0.008447
2116    0.012166
2170    0.011037
2388    0.012487
2432    0.003673
2711    0.008983
3178    0.021272
3297    0.008109
3588    0.012660
3729    0.015357
3789    0.008827
3881    0.009092
3892    0.012845
3911    0.015682
3921    0.012660
3943    0.009443
3944    0.006746
4059    0.017058
4064    0.017933
4282    0.012845
4480    0.009770
4494    0.013041
4500    0.009443
4540    0.016380
4678    0.017168
4701    0.010466
4872    0.019540
4901    0.011488
4916    0.014594
4949    0.018183
5043    0.003130
5075    0.003701
5096    0.005574
5100    0.017058
5212    0.007367
5501    0.008444
5532    0.005324
5636    0.015826
5719    0.012084
5769    0.006002
5975    0.006524
6208    0.016380
6372    0.005063
6655    0.008231
6734    0.008827
6758    0.004639
6761    0.005827
6775    0.016380
6811    0.014594
6872    0.016380
6908    0.005260
6926    0.012322
7178    0.008930
7802    0.005640
8019    0.005123
8021    0.008069
8101    0.009147
8186    0.010554
8254    0.012322
8275    0.008069
8395    0.009569
8534    0.006850
8568    0.009486
8629    0.015357
8630    0.018274
8777    0.009147
8781    0.006548
8987    0.021272
9036    0.017933
9140    0.019165
9200    0.005790
9256    0.007629
9258    0.019165
9259    0.019165
9411    0.004038
9941    0.015357
10013    0.012845
10074    0.006104
10145    0.012322
10159    0.015826
10290    0.007367
10626    0.013719
10666    0.017058
10697    0.009985
10853    0.017933
10861    0.017058
11146    0.014195
11155    0.016380
11180    0.009539
11390    0.019139
11503    0.004962
11531    0.007185
11647    0.019165
11757    0.007126
11786    0.010466
11927    0.012322
12005    0.004278
12048    0.008190
12110    0.011505
12307    0.006431
12345    0.005808
12519    0.020312
12551    0.011078
12585    0.021272
12591    0.006318
12661    0.021669
12672    0.021272
12700    0.127632
12701    0.042544
12952    0.010216
12987    0.003053
12999    0.007003
13027    0.021272
13351    0.004991
13355    0.004948
13357    0.008935
13439    0.021272
13472    0.009770
13496    0.015826
13501    0.059452
13541    0.009321
13590    0.014273
13591    0.010216
13631    0.019165
13647    0.005644
13659    0.021272
13877    0.035721
13897    0.009985
13910    0.035076
14015    0.024036
14065    0.005026
14205    0.021272
14425    0.010010
14430    0.008316
14439    0.015368
14442    0.011488
14485    0.023523
14537    0.005982
14604    0.009102
14690    0.014952
14742    0.004343
14945    0.028547
14965    0.017058
15016    0.008777
15063    0.006083
15135    0.020273
15555    0.007336
15666    0.015357
15719    0.017058
15722    0.017058
15778    0.007953
15848    0.010738
16007    0.011612
16063    0.008402
16116    0.012635
16167    0.011144
16268    0.012166
16321    0.007841
16374    0.013984
16491    0.019165
16585    0.004946
16670    0.019165
16764    0.021272
16803    0.013719
16815    0.011877
16892    0.020931
16921    0.008492
16944    0.005734
16955    0.008316
17052    0.009505
17115    0.010554
17407    0.006850
17471    0.009635
17635    0.013041
17643    0.006572
17669    0.005049
17695    0.011488
17869    0.021272
17870    0.006645
17949    0.018409
18035    0.016380
18247    0.007878
18260    0.013476
18282    0.006596
18383    0.006621
18655    0.013595
18663    0.017933
18841    0.008231
18882    0.004588
18993    0.010060
19088    0.013251
19097    0.008359
19278    0.003816
19366    0.002956
19426    0.004178
19450    0.015826
19460    0.004934
19658    0.019165
19718    0.008109
19774    0.106360
19775    0.042544
19844    0.003980
19997    0.009702
20100    0.008827
20124    0.015826
20139    0.017933
20224    0.021272
20228    0.020273
20246    0.015357
20274    0.007399
20528    0.015357
20534    0.014195
20536    0.038330
20544    0.016380
20590    0.017933
20620    0.006340
20626    0.008728
20629    0.010554
20713    0.005752
20742    0.029310
20745    0.009381
20803    0.012666
20860    0.012845
20998    0.011254
21057    0.007214
21087    0.006187
21150    0.004851
21247    0.003084
21307    0.013860
21336    0.021272
21337    0.021272
