245
103    0.026070
105    0.019770
116    0.019770
787    0.015223
1214    0.012996
1271    0.025048
1413    0.010357
1451    0.004706
1455    0.010566
1477    0.007122
1646    0.007253
1689    0.006293
1699    0.002347
1741    0.003705
1746    0.006064
1940    0.006761
1948    0.013563
1968    0.013563
2061    0.013265
2170    0.010258
2172    0.009279
2409    0.019770
2675    0.008251
2710    0.007321
2744    0.015886
2775    0.013563
2806    0.006966
2888    0.019770
3171    0.012750
3187    0.097270
3282    0.009569
3299    0.012750
3422    0.016666
3473    0.069658
3475    0.019770
3563    0.012445
3567    0.004652
3591    0.019770
3593    0.005692
3617    0.012120
3618    0.013694
3619    0.007689
3675    0.008300
3692    0.016666
3694    0.011766
3736    0.013265
3743    0.005913
3888    0.011038
3959    0.013896
4202    0.008399
4258    0.005487
4271    0.020919
4286    0.013563
4477    0.019770
4639    0.009726
4838    0.015223
5043    0.011636
5055    0.009569
5075    0.003440
5202    0.006366
5222    0.019770
5234    0.012750
5352    0.007220
5426    0.011605
5516    0.019770
5537    0.016899
5614    0.006789
5909    0.016666
5975    0.006064
5988    0.024065
6036    0.009647
6372    0.018822
6651    0.007321
6671    0.014273
6689    0.010258
6761    0.005416
6908    0.004889
7188    0.006996
7361    0.015854
7400    0.019770
7466    0.006966
7504    0.014273
7523    0.007611
7583    0.010566
7733    0.016666
7744    0.007892
7802    0.007862
7989    0.006906
8028    0.012996
8040    0.005008
8211    0.011938
8493    0.019770
8533    0.013087
8535    0.011452
8581    0.008767
8613    0.008157
8639    0.068503
8716    0.015854
8872    0.036945
9002    0.009145
9095    0.017812
9153    0.007287
9209    0.004508
9433    0.015223
9666    0.016666
9739    0.009726
9777    0.009145
9798    0.016623
9947    0.004612
10162    0.012315
10175    0.007689
10220    0.009980
10244    0.009421
10578    0.051978
10581    0.013265
10794    0.008111
10803    0.007892
10806    0.015854
10892    0.004420
10942    0.013355
11103    0.002243
11180    0.004433
11181    0.005469
11202    0.017812
11246    0.016666
11279    0.014440
11418    0.016666
11439    0.008066
11444    0.006996
11476    0.110976
11482    0.016666
11705    0.019770
11747    0.007356
12042    0.017787
12072    0.012524
12085    0.006876
12133    0.010792
12161    0.023533
12164    0.019770
12307    0.017930
12412    0.013265
12537    0.019770
12667    0.016666
12675    0.006108
12820    0.009647
12855    0.004572
12911    0.006366
12951    0.010792
13014    0.004347
13050    0.009985
13228    0.006342
13347    0.009145
13361    0.008111
13434    0.001795
13474    0.011938
13491    0.009349
13660    0.016666
13883    0.019770
13910    0.005433
13921    0.009726
14130    0.008399
14135    0.011307
14304    0.008954
14314    0.041744
14323    0.006906
14430    0.007728
14742    0.010090
14746    0.007892
14754    0.007892
14956    0.039540
15140    0.005416
15204    0.013139
15237    0.015223
15243    0.019770
15410    0.008066
15497    0.006623
15550    0.010069
15695    0.007391
15801    0.008022
15827    0.011038
16026    0.008554
16273    0.025048
16585    0.001149
16705    0.010360
16729    0.006444
16775    0.014708
16866    0.013265
16887    0.011938
16907    0.005505
16941    0.003695
16950    0.009494
16980    0.019770
17027    0.006570
17075    0.007689
17154    0.027791
17496    0.009726
17643    0.006108
17669    0.004692
17755    0.010566
17814    0.012881
17854    0.008719
18003    0.007536
18066    0.019770
18159    0.015147
18179    0.007058
18180    0.010677
18247    0.007321
18365    0.039540
18603    0.017812
18688    0.016666
18893    0.016666
18972    0.030208
19046    0.007611
19151    0.020717
19177    0.005673
19226    0.004692
19278    0.003547
19453    0.013300
19454    0.019770
19543    0.006996
19568    0.011766
19746    0.014708
19844    0.007397
19850    0.019770
19984    0.017812
19990    0.016666
20260    0.003361
20275    0.004845
20338    0.025992
20426    0.011938
20452    0.021175
20534    0.013192
20820    0.019770
20821    0.012120
20844    0.004128
20845    0.008066
20848    0.005132
20868    0.017437
20959    0.019770
21111    0.008251
21122    0.006492
21150    0.022542
21152    0.008834
21266    0.005346
21274    0.019770
