450
24    0.007938
333    0.002477
552    0.003737
1201    0.009899
1256    0.005734
1351    0.005593
1364    0.004205
1456    0.004515
1458    0.004515
1459    0.007365
1477    0.003566
1479    0.004830
1490    0.002660
1652    0.009899
1662    0.004997
1677    0.020194
1686    0.014610
1689    0.003151
1690    0.004717
1691    0.003151
1699    0.005877
1762    0.002538
1847    0.004579
1862    0.002017
1864    0.005662
1942    0.004792
1951    0.004515
2102    0.002477
2197    0.008918
2278    0.004016
2402    0.007938
2432    0.001709
2440    0.005186
2460    0.004717
2550    0.007938
2676    0.005042
2688    0.003458
2775    0.006791
2819    0.003139
2872    0.004453
2915    0.006642
2916    0.007622
3056    0.013915
3061    0.009899
3108    0.008918
3172    0.008918
3193    0.005527
3199    0.016690
3238    0.003632
3299    0.006384
3311    0.006507
3327    0.004394
3341    0.006351
3350    0.009899
3396    0.003316
3401    0.014293
3563    0.006231
3593    0.002850
3618    0.003428
3674    0.007622
3675    0.004156
3726    0.006916
3788    0.004484
3817    0.009899
3886    0.004515
3903    0.003737
3911    0.003649
4023    0.002470
4028    0.003995
4258    0.002747
4319    0.019644
4450    0.005371
4452    0.006069
4536    0.004132
4558    0.009899
4605    0.008918
4621    0.005593
4637    0.004870
4690    0.004953
4704    0.006384
4774    0.004646
4811    0.021416
4873    0.005464
4889    0.006271
4899    0.011719
4901    0.010692
4904    0.005593
4935    0.009899
5043    0.004370
5069    0.009899
5075    0.001722
5084    0.004612
5227    0.005346
5230    0.004646
5268    0.011185
5332    0.005977
5439    0.005237
5440    0.003850
5523    0.003952
5548    0.004423
5556    0.007437
5567    0.002784
5597    0.007622
5615    0.004205
5628    0.002831
5652    0.008345
5719    0.008435
5771    0.005892
5793    0.008918
5856    0.003175
5970    0.007365
6050    0.003371
6163    0.008345
6165    0.015245
6223    0.008918
6224    0.006958
6232    0.019798
6257    0.008918
6291    0.005892
6294    0.016690
6365    0.003263
6378    0.005811
6438    0.007365
6444    0.006958
6450    0.006271
6457    0.007938
6598    0.002554
6624    0.005346
6635    0.008345
6756    0.003737
6758    0.008635
6761    0.027116
6762    0.003830
6808    0.004911
6907    0.006166
6930    0.005346
7001    0.006507
7097    0.007622
7142    0.004338
7168    0.003940
7181    0.003303
7188    0.003503
7194    0.007510
7351    0.003414
7411    0.008918
7417    0.009899
7456    0.003343
7460    0.004310
7600    0.004453
7619    0.027935
7632    0.004646
7714    0.004310
7753    0.002703
7779    0.003952
7787    0.004366
7799    0.009899
7894    0.006166
8025    0.002712
8078    0.001991
8146    0.007147
8170    0.003931
8442    0.003755
8458    0.009899
8508    0.009899
8533    0.003276
8568    0.004414
8630    0.020409
8712    0.005136
8714    0.005892
8848    0.005734
8862    0.004911
8918    0.003276
8924    0.008918
8994    0.007365
9137    0.005136
9200    0.002694
9209    0.002257
9210    0.007402
9388    0.003371
9411    0.001879
9443    0.007938
9533    0.003081
9663    0.005593
9687    0.004870
9824    0.004997
9871    0.009899
9873    0.009243
9941    0.007147
9944    0.004484
10181    0.005734
10186    0.004953
10230    0.005892
10252    0.016580
10420    0.003973
10422    0.004283
10589    0.003683
10651    0.019798
10942    0.023404
10943    0.023585
11093    0.003737
11103    0.002246
11117    0.002455
11146    0.003303
11160    0.004205
11167    0.009899
11180    0.011097
11181    0.002738
11201    0.002343
11218    0.004236
11225    0.008263
11226    0.017837
11227    0.009899
11241    0.006507
11242    0.006507
11271    0.006976
11283    0.003952
11330    0.005892
11341    0.004870
11358    0.003343
11519    0.004016
11531    0.003343
11683    0.003729
11744    0.002961
11753    0.004717
11788    0.005136
11814    0.009899
11857    0.004953
11898    0.013284
11984    0.004039
11986    0.009899
12005    0.001991
12045    0.012692
12111    0.007938
12222    0.008918
12245    0.002610
12266    0.006642
12306    0.008345
12307    0.038903
12309    0.018329
12314    0.006791
12345    0.013514
12348    0.005136
12374    0.006791
12454    0.007365
12505    0.003582
12508    0.004997
12511    0.007622
12519    0.014178
12522    0.003250
12540    0.014293
12551    0.002578
12622    0.006958
12659    0.003343
12660    0.003566
12684    0.002084
12836    0.005404
12853    0.003151
12867    0.004546
12907    0.003973
12940    0.005892
12941    0.005734
12944    0.005291
12983    0.002879
12987    0.018471
12995    0.004911
12999    0.001630
13032    0.009899
13050    0.002500
13065    0.017837
13070    0.004792
13238    0.008918
13290    0.009899
13297    0.006384
13309    0.007622
13365    0.009899
13380    0.008345
13388    0.003737
13434    0.002697
13451    0.004394
13466    0.002316
13501    0.015090
13580    0.002412
13581    0.005527
13647    0.002626
13811    0.009899
13877    0.045712
13879    0.007365
13899    0.007946
13906    0.004870
13910    0.019043
13939    0.002909
14065    0.007017
14066    0.005734
14283    0.007147
14313    0.008918
14323    0.003458
14339    0.003811
14359    0.004754
14425    0.016303
14439    0.002384
14485    0.003649
14523    0.007946
14538    0.004039
14604    0.014824
14607    0.003357
14611    0.005346
14727    0.004870
14741    0.003534
14742    0.003031
14745    0.002270
14754    0.003952
14784    0.009899
14796    0.006326
14832    0.009899
14853    0.007147
14857    0.004084
14874    0.007132
15006    0.004997
15016    0.004084
15019    0.008361
15029    0.005404
15030    0.006384
15032    0.004394
15041    0.007938
15140    0.005423
15145    0.041725
15291    0.008918
15294    0.005662
15303    0.008345
15344    0.003615
15488    0.007622
15503    0.003952
15530    0.006069
15660    0.005186
15694    0.006642
15763    0.006166
15821    0.004283
15927    0.004132
15932    0.006271
15934    0.009899
15989    0.012770
15991    0.018585
16136    0.006271
16167    0.020743
16170    0.013284
16313    0.006791
16441    0.007938
16501    0.002909
16578    0.004612
16585    0.005754
16657    0.004423
16732    0.004925
16832    0.008345
16856    0.009899
16892    0.009740
16921    0.003952
16944    0.002668
17066    0.004453
17067    0.004084
17074    0.014803
17075    0.061598
17079    0.009740
17113    0.053511
17114    0.009899
17314    0.006791
17529    0.003792
17643    0.003058
17654    0.005291
17661    0.005291
17687    0.009899
17718    0.007365
17757    0.014610
17830    0.003473
17922    0.003519
18003    0.007547
18060    0.009899
18105    0.005186
18106    0.005892
18158    0.007402
18159    0.003792
18173    0.005346
18282    0.003069
18301    0.019798
18319    0.003316
18449    0.007365
18462    0.004612
18493    0.005237
18535    0.005811
18561    0.005892
18566    0.006507
18652    0.002570
18654    0.006507
18655    0.006326
18670    0.003443
18774    0.006166
18841    0.003830
18858    0.009899
18882    0.004270
18883    0.003036
18904    0.004830
19004    0.006384
19177    0.005681
19182    0.008918
19223    0.003582
19225    0.003330
19259    0.009899
19278    0.001776
19366    0.002751
19410    0.001831
19442    0.009899
19460    0.002296
19464    0.002765
19678    0.009899
19707    0.003238
19773    0.002485
19844    0.001852
19901    0.009899
20082    0.004257
20090    0.001679
20099    0.016690
20109    0.009899
20208    0.006642
20228    0.004717
20251    0.004061
20394    0.009899
20430    0.009899
20584    0.007938
20601    0.006857
20604    0.007622
20628    0.004612
20713    0.002677
20716    0.007820
20742    0.004546
20782    0.005404
20822    0.005662
20844    0.002067
20848    0.002570
20983    0.003092
20998    0.005237
21025    0.008345
21057    0.006714
21120    0.003175
21150    0.003386
21266    0.002677
21296    0.004953
21306    0.007779
21307    0.009675
21310    0.004016
21311    0.006271
21348    0.005662
