288
24    0.014317
168    0.010480
455    0.005981
552    0.013479
1021    0.010342
1065    0.012248
1309    0.005862
1379    0.035707
1456    0.008142
1477    0.006432
1479    0.017423
1514    0.015956
1677    0.014568
1686    0.008784
1691    0.005683
1699    0.004240
1740    0.013040
1762    0.004578
1816    0.018024
1914    0.011736
1942    0.008642
1946    0.009012
2047    0.005071
2118    0.014317
2120    0.011323
2222    0.010780
2345    0.008443
2432    0.006166
2496    0.011121
2539    0.007366
2546    0.012549
2604    0.012419
2675    0.007451
2727    0.017853
2737    0.030655
2872    0.008032
2981    0.008574
3065    0.017853
3067    0.017853
3084    0.009642
3089    0.004262
3139    0.017853
3199    0.015051
3224    0.014317
3401    0.012889
3521    0.009093
3563    0.005619
3593    0.015420
3647    0.005037
3942    0.007677
4037    0.009093
4258    0.009910
4456    0.007325
4463    0.007631
4532    0.010626
4775    0.011979
4835    0.011514
4856    0.014317
4899    0.005284
4901    0.009642
4993    0.014317
5043    0.007881
5075    0.015533
5079    0.005839
5211    0.007925
5239    0.010780
5264    0.008508
5495    0.003425
5628    0.005105
5707    0.009855
5708    0.009353
5863    0.017853
6036    0.008712
6042    0.008858
6050    0.006080
6291    0.010626
6345    0.011121
6444    0.012549
6598    0.004606
6651    0.013223
6756    0.013479
6758    0.007787
6761    0.004891
6828    0.006581
6881    0.008712
6908    0.004415
7053    0.008258
7142    0.007823
7330    0.005340
7351    0.006157
7473    0.012889
7475    0.011121
7509    0.009446
7583    0.009542
7619    0.022393
7748    0.008318
7787    0.007874
7802    0.002367
7909    0.008784
8025    0.004891
8040    0.009045
8073    0.010780
8130    0.012889
8200    0.007244
8442    0.006772
8630    0.015337
9136    0.007725
9143    0.006943
9209    0.008142
9395    0.010480
9399    0.011514
9411    0.003389
9621    0.013748
9812    0.006236
9873    0.005557
9878    0.010087
9946    0.010087
9947    0.004165
9999    0.009177
10064    0.008200
10186    0.008934
10247    0.007978
10252    0.009968
10261    0.008936
10329    0.017853
10354    0.006374
10409    0.011121
10550    0.017853
10677    0.011514
10773    0.006080
10803    0.014254
10942    0.024120
10943    0.017015
11103    0.006076
11106    0.015051
11117    0.004428
11180    0.004003
11181    0.004939
11203    0.006291
11279    0.006520
11289    0.006739
11341    0.008784
11503    0.004165
11744    0.010680
11750    0.004782
11787    0.011514
11841    0.005893
11897    0.011736
12084    0.007284
12245    0.004707
12266    0.011979
12283    0.007031
12307    0.059369
12309    0.019835
12311    0.016085
12314    0.012248
12345    0.029249
12348    0.009263
12511    0.013748
12519    0.012785
12542    0.009855
12605    0.013747
12606    0.010780
12659    0.006030
12684    0.003758
12855    0.004129
12867    0.016400
12987    0.007688
13082    0.011979
13084    0.016085
13348    0.007284
13355    0.004153
13357    0.002500
13380    0.030102
13434    0.003242
13591    0.008574
13877    0.022485
13899    0.007165
13908    0.013748
13937    0.013283
14065    0.002109
14073    0.006183
14303    0.005140
14305    0.008142
14316    0.005839
14320    0.006055
14425    0.004201
14427    0.011121
14523    0.007165
14571    0.012248
14604    0.003820
14742    0.007290
14746    0.007127
14796    0.005705
14842    0.011514
14850    0.023959
14864    0.014317
15063    0.010211
15140    0.004891
15147    0.009968
15216    0.006806
15303    0.015051
15344    0.006520
15470    0.009968
15530    0.010945
15571    0.010211
15677    0.010087
15695    0.013349
15710    0.015079
15822    0.015907
15842    0.015051
15848    0.009012
15910    0.006461
15979    0.016085
15991    0.008380
16079    0.012889
16217    0.012549
16527    0.005981
16529    0.010176
16578    0.008318
16585    0.002076
16657    0.007978
16950    0.008574
17061    0.011514
17066    0.016063
17072    0.009353
17074    0.006675
17075    0.069435
17077    0.008934
17327    0.011736
17392    0.017853
17393    0.017853
17643    0.005516
17797    0.011736
17817    0.008318
17821    0.006291
18173    0.028926
18182    0.002754
18200    0.016085
18247    0.006612
18253    0.009855
18282    0.005536
18302    0.015051
18326    0.007089
18336    0.009968
18366    0.010780
18383    0.005557
18517    0.014317
18535    0.010480
18654    0.011736
18655    0.011410
19106    0.007925
19155    0.014317
19381    0.009855
19464    0.004987
19567    0.010480
19652    0.009642
19785    0.004922
19844    0.001670
20082    0.007677
20090    0.003029
20228    0.008508
20251    0.007325
20374    0.014317
20375    0.017853
20481    0.008443
20534    0.005957
20557    0.011818
20584    0.014317
20601    0.006183
20620    0.005321
20636    0.017853
20713    0.004828
20717    0.004550
20758    0.009353
20848    0.004635
20901    0.005536
20924    0.009855
21058    0.005229
21111    0.007451
21120    0.005727
21247    0.002588
21292    0.010211
21306    0.014031
21307    0.017449
21310    0.007244
21311    0.022620
21348    0.010211
