293
469    0.005236
568    0.006477
768    0.015157
773    0.006716
929    0.011542
1076    0.016823
1078    0.033647
1142    0.010850
1194    0.008277
1204    0.011653
1374    0.023083
1434    0.016823
1451    0.008009
1599    0.011059
1699    0.005993
1707    0.006201
1761    0.015157
1862    0.006857
1943    0.008347
1945    0.009745
1946    0.008492
1951    0.007673
2003    0.006716
2027    0.016823
2093    0.020127
2094    0.012954
2113    0.013652
2114    0.006680
2151    0.014182
2270    0.023649
2281    0.006543
2319    0.008418
2366    0.007896
2558    0.009184
2585    0.016823
2723    0.004700
2737    0.005777
3404    0.013491
3583    0.003689
3593    0.004844
3743    0.010064
3788    0.007620
3790    0.006645
3820    0.009505
3915    0.009286
3944    0.005335
4494    0.010314
4503    0.011825
4590    0.016823
4614    0.012146
4777    0.006680
5075    0.002927
5096    0.004408
5102    0.012146
5211    0.014936
5220    0.007234
5232    0.009184
5280    0.010658
5399    0.008729
5429    0.016823
5492    0.013491
5495    0.003227
5501    0.003339
5567    0.004731
5719    0.014336
5737    0.008569
5745    0.006864
5820    0.007568
5851    0.008813
5853    0.011825
5881    0.017458
5980    0.015157
6035    0.011288
6072    0.030314
6430    0.007325
6758    0.003669
6920    0.008347
6959    0.010658
7034    0.012146
7129    0.008569
7142    0.014744
7379    0.008813
7456    0.011364
7486    0.006088
7524    0.004811
7569    0.008729
7600    0.007568
7632    0.007896
7644    0.008079
7712    0.008418
7723    0.084117
7724    0.016823
7802    0.002230
7833    0.012941
7965    0.007727
7985    0.008277
8041    0.010158
8078    0.003383
8154    0.016823
8181    0.005502
8185    0.009393
8233    0.006445
8535    0.009745
8581    0.003730
8783    0.005546
9039    0.010158
9210    0.006290
9282    0.005032
9411    0.003194
9454    0.019507
9633    0.012954
9644    0.007063
9890    0.012146
9961    0.009505
9963    0.008647
10066    0.016823
10128    0.016823
10140    0.005335
10179    0.009622
10259    0.008813
10263    0.010013
10290    0.005826
10291    0.010158
10355    0.008991
10421    0.006752
10440    0.013491
10478    0.007896
10482    0.015157
10583    0.011059
10602    0.016823
10645    0.010850
10646    0.017626
10714    0.005826
10826    0.010479
10837    0.002647
10892    0.007523
10932    0.037841
10942    0.011364
10950    0.016823
11103    0.007634
11160    0.014294
11181    0.009307
11182    0.008347
11184    0.007782
11201    0.003981
11213    0.005355
11225    0.007022
11271    0.005928
11334    0.005086
11400    0.010850
11503    0.003924
11534    0.010013
11536    0.014182
11747    0.006260
12064    0.013361
12132    0.010479
12283    0.013251
12307    0.025429
12309    0.018691
12345    0.009187
12377    0.015157
12507    0.015157
12542    0.018572
12548    0.005438
12551    0.013142
12573    0.012516
12668    0.007234
12684    0.007082
12735    0.008209
12855    0.003891
12864    0.005236
12949    0.007372
12987    0.007244
12999    0.005539
13064    0.014182
13082    0.022577
13311    0.007372
13319    0.005481
13353    0.006510
13434    0.001528
13501    0.004274
13530    0.006826
13639    0.011542
13647    0.004464
13895    0.011288
13897    0.007896
13939    0.004944
14012    0.006611
14049    0.011059
14093    0.007147
14099    0.008143
14303    0.004844
14323    0.005877
14425    0.007917
14439    0.016205
14445    0.007190
14604    0.007198
14742    0.003434
14745    0.003858
14815    0.015203
14816    0.010314
14817    0.027551
14867    0.012516
14888    0.012954
14998    0.010314
15019    0.007104
15023    0.008079
15063    0.004811
15065    0.012516
15072    0.008418
15299    0.006577
15503    0.006716
15555    0.005802
15656    0.008901
15659    0.011059
15710    0.021313
15791    0.019431
15792    0.017861
15818    0.005123
15821    0.007279
15906    0.005802
15911    0.035253
15915    0.011288
15922    0.012516
16061    0.010013
16109    0.015157
16130    0.009393
16241    0.035735
16485    0.005459
16490    0.014744
16585    0.007824
16729    0.002742
17053    0.006789
17054    0.008901
17074    0.018869
17075    0.019629
17094    0.016033
17105    0.004877
17129    0.010245
17438    0.007673
17484    0.008413
17608    0.016823
17643    0.005198
17793    0.015157
17875    0.006864
17963    0.008729
17966    0.019431
18057    0.009184
18125    0.030314
18126    0.016823
18167    0.007766
18340    0.006864
18418    0.011059
18561    0.010013
18668    0.007568
18705    0.010013
18724    0.007419
18808    0.016823
19232    0.005275
19261    0.005032
19262    0.005706
19278    0.003018
19327    0.003970
19366    0.009352
19460    0.003902
19543    0.005954
19685    0.006260
19785    0.004638
19905    0.016286
20068    0.010314
20090    0.002854
20108    0.008079
20460    0.017940
20520    0.016823
20532    0.012954
20551    0.013491
20601    0.005826
20688    0.007896
20716    0.006645
20717    0.025725
20844    0.003512
20848    0.004367
20924    0.018572
20983    0.010511
21058    0.014782
21065    0.007279
21150    0.003837
21177    0.013491
21195    0.007896
21243    0.003815
21247    0.004878
21306    0.019832
21307    0.005481
