286
237    0.016624
1204    0.005757
1242    0.005962
1262    0.013641
1596    0.016624
1674    0.022809
1677    0.013565
1686    0.008179
1699    0.005922
1707    0.006127
1741    0.003115
1846    0.005807
1878    0.010038
1919    0.005832
1950    0.011154
1967    0.011404
2047    0.004722
2120    0.005272
2216    0.007861
2345    0.015723
2609    0.006337
2618    0.009758
2658    0.008978
2711    0.007020
2722    0.011154
2723    0.004644
2737    0.039961
2744    0.004453
2909    0.015605
3129    0.020382
3152    0.010038
3297    0.006337
3341    0.005332
3379    0.016624
3911    0.006127
3975    0.023368
4227    0.014014
4240    0.003406
4258    0.004613
4312    0.012368
4390    0.019908
4461    0.012371
4522    0.014124
4523    0.014977
4578    0.008545
4785    0.013331
4790    0.012001
5043    0.002446
5074    0.005524
5239    0.010038
5524    0.008795
5646    0.008885
5719    0.009444
5975    0.005099
5988    0.013490
6035    0.011154
6378    0.009758
6450    0.010531
6628    0.005136
6671    0.012001
6761    0.004554
6778    0.009894
6908    0.004111
7097    0.006400
7110    0.008795
7141    0.007428
7178    0.006979
7181    0.005546
7189    0.009630
7619    0.010425
7802    0.002204
8021    0.006306
8025    0.004554
8040    0.004211
8200    0.006745
8500    0.003655
8581    0.014744
8596    0.004411
8622    0.004990
8630    0.011425
8638    0.006898
8984    0.006532
8991    0.010038
9055    0.012368
9118    0.005252
9152    0.008047
9168    0.008885
9388    0.011323
9410    0.016624
9533    0.005174
9664    0.005569
9832    0.016624
9872    0.010531
9873    0.005174
9976    0.008885
9995    0.026661
10186    0.008318
10252    0.009281
10261    0.012481
10491    0.007062
10725    0.013331
10773    0.005661
10774    0.008318
10803    0.013272
10846    0.011138
10892    0.003717
10932    0.022435
10942    0.039303
10943    0.007921
11103    0.003772
11181    0.013795
11282    0.007803
11289    0.025100
11344    0.007861
11355    0.003231
11434    0.009137
11519    0.006745
11528    0.005502
11570    0.005193
11591    0.008112
11608    0.013331
11668    0.014977
11729    0.005459
11782    0.008246
12043    0.010928
12085    0.005782
12110    0.004495
12149    0.016624
12245    0.004383
12283    0.003273
12307    0.040203
12309    0.006156
12319    0.009176
12345    0.009078
12348    0.008625
12372    0.016624
12505    0.024063
12542    0.009176
12547    0.014977
12675    0.020544
12684    0.006998
12855    0.003845
12864    0.005174
12952    0.007983
12958    0.033463
12983    0.004835
12987    0.007158
12999    0.005473
13008    0.007238
13201    0.016624
13271    0.016624
13349    0.008545
13355    0.003867
13356    0.036299
13388    0.006275
13434    0.004528
13462    0.007331
13466    0.003889
13474    0.010038
13592    0.011404
13647    0.004411
13762    0.012001
13849    0.014014
13877    0.006979
13886    0.004148
13910    0.004568
14065    0.007856
14303    0.004786
14406    0.010087
14425    0.015645
14428    0.008625
14429    0.014014
14440    0.010721
14604    0.024895
14617    0.009894
14726    0.008112
14741    0.005935
14742    0.005091
14782    0.012001
14796    0.005312
14842    0.010721
14857    0.013718
14874    0.005989
14906    0.009630
15019    0.007020
15020    0.012001
15032    0.007379
15140    0.004554
15211    0.016624
15229    0.007582
15239    0.008391
15271    0.006127
15492    0.009894
15495    0.014977
15906    0.005733
15915    0.011154
15927    0.006938
15928    0.005807
15932    0.010531
15991    0.007803
16001    0.031593
16116    0.004937
16237    0.004568
16511    0.010355
16585    0.000966
16724    0.005782
16732    0.004135
16944    0.004481
16954    0.008391
16955    0.006498
17037    0.005252
17056    0.009758
17074    0.049719
17075    0.012930
17105    0.004819
17117    0.004062
17406    0.011684
17484    0.002771
17632    0.008795
17643    0.005136
17757    0.008179
17758    0.010928
17846    0.007478
17870    0.005193
17916    0.006071
17922    0.005909
18086    0.008795
18182    0.002564
18282    0.005154
18382    0.006306
18383    0.010348
18449    0.012368
18450    0.011404
18652    0.004315
18655    0.005312
18815    0.011154
18883    0.005099
18887    0.007635
18888    0.011138
18898    0.006306
18904    0.016223
19043    0.009197
19046    0.006400
19169    0.006672
19177    0.004770
19195    0.009392
19223    0.006016
19225    0.005592
19266    0.004819
19274    0.008885
19275    0.010721
19327    0.003923
19366    0.002310
19389    0.009281
19410    0.012301
19411    0.008318
19416    0.005661
19444    0.007921
19457    0.016495
19736    0.020124
19741    0.007803
19773    0.012518
19844    0.003110
20090    0.005641
20260    0.004239
20336    0.011154
20443    0.016624
20601    0.023029
20713    0.004495
20768    0.003911
20844    0.003471
20859    0.008545
20868    0.018328
20911    0.012368
20956    0.006601
20997    0.013331
21129    0.007496
21132    0.014759
21243    0.003769
21264    0.006859
21272    0.011684
21306    0.026128
21307    0.032494
21310    0.006745
21340    0.016624
21348    0.009508
