429
147    0.003061
335    0.006846
443    0.005749
460    0.004226
477    0.006988
920    0.004564
978    0.004226
1097    0.003489
1173    0.005404
1204    0.003607
1222    0.005404
1674    0.007145
1707    0.003839
1712    0.003670
1919    0.003654
2173    0.006208
2225    0.006598
2284    0.005510
2458    0.004963
2496    0.006487
2520    0.020829
2675    0.004347
2713    0.005957
2723    0.002909
2737    0.017882
2743    0.008780
2744    0.008369
2745    0.006186
2747    0.004783
2806    0.003670
2893    0.010414
2896    0.010414
2909    0.004888
2920    0.013779
2935    0.008352
3026    0.010414
3056    0.007320
3084    0.005624
3089    0.004972
3112    0.007320
3289    0.006988
3327    0.004623
3393    0.004852
3397    0.004226
3400    0.016530
3483    0.008405
3484    0.006198
3529    0.009383
3555    0.010414
3567    0.002450
3583    0.002284
3632    0.004273
3686    0.004817
3688    0.009566
3911    0.007678
3913    0.008352
3942    0.004478
3944    0.003303
4029    0.008019
4037    0.005304
4055    0.005257
4137    0.002538
4260    0.003769
4262    0.005124
4452    0.006385
4505    0.005082
4643    0.006598
4701    0.010248
4780    0.010414
5026    0.010414
5027    0.041658
5043    0.003065
5044    0.004478
5075    0.007249
5079    0.003406
5084    0.004852
5120    0.010414
5170    0.005624
5211    0.004623
5212    0.003607
5217    0.005082
5361    0.020829
5431    0.017559
5495    0.001998
5501    0.004134
5525    0.006846
5549    0.004535
5614    0.003576
5709    0.006717
5737    0.005304
5806    0.004817
5819    0.005884
5828    0.013692
5834    0.008352
5848    0.007748
5849    0.010414
5864    0.006598
5976    0.005124
6071    0.007519
6273    0.008780
6344    0.007320
6372    0.002479
6421    0.006033
6465    0.006598
6598    0.002687
6651    0.007714
6655    0.004030
6753    0.008019
6758    0.002271
6761    0.005706
6772    0.007519
6808    0.005167
6908    0.010301
6931    0.005566
6984    0.003104
7015    0.008019
7026    0.008780
7048    0.003894
7053    0.004817
7168    0.002072
7181    0.003475
7188    0.003686
7192    0.008902
7194    0.015802
7358    0.008352
7456    0.007035
7524    0.002978
7531    0.002703
7571    0.004071
7574    0.007145
7583    0.005566
7698    0.008019
7753    0.002844
7798    0.005304
7802    0.001381
7892    0.004050
7982    0.008352
7989    0.007276
8025    0.002853
8052    0.007145
8078    0.002095
8101    0.004478
8107    0.002381
8116    0.004517
8218    0.002530
8223    0.004593
8323    0.003752
8404    0.007145
8417    0.003489
8500    0.004580
8545    0.021434
8568    0.004644
8596    0.008289
8630    0.005368
8712    0.005404
8737    0.006033
8756    0.006598
8781    0.003206
8899    0.005211
9003    0.003821
9005    0.005510
9009    0.005082
9192    0.007519
9210    0.007787
9247    0.007519
9282    0.003115
9311    0.005041
9361    0.011009
9411    0.003954
9687    0.005124
9703    0.010414
9883    0.006198
9894    0.008780
10137    0.010414
10150    0.006487
10404    0.010414
10406    0.006289
10407    0.008352
10462    0.008780
10535    0.008780
10545    0.009635
10612    0.005404
10668    0.004888
10683    0.010414
10685    0.031243
10773    0.007093
10866    0.010414
10868    0.009383
10932    0.004685
10942    0.007035
10943    0.004963
11103    0.009452
11197    0.006846
11201    0.002465
11218    0.008912
11224    0.006717
11271    0.003670
11282    0.004888
11334    0.015742
11341    0.005124
11355    0.006072
11434    0.008586
11439    0.004249
11440    0.005257
11528    0.003447
11531    0.003518
11567    0.004535
11569    0.005916
11570    0.003253
11571    0.006846
11576    0.006598
11591    0.005082
11607    0.006289
11655    0.005957
11729    0.003420
11782    0.018081
11818    0.008780
11841    0.005156
11864    0.114559
11865    0.022556
11981    0.016703
12005    0.002095
12008    0.005353
12064    0.004135
12109    0.004654
12110    0.002816
12166    0.003875
12245    0.005492
12260    0.010414
12283    0.004102
12300    0.002670
12307    0.107045
12309    0.019284
12366    0.017559
12519    0.004972
12522    0.003420
12551    0.005424
12605    0.004010
12675    0.003218
12717    0.008780
12735    0.005082
12781    0.010414
12855    0.002409
12857    0.006487
12864    0.003241
12867    0.004783
12869    0.006717
12904    0.002729
12911    0.003354
12927    0.003518
12983    0.003029
12987    0.004485
13050    0.002630
13145    0.004888
13179    0.003875
13283    0.005624
13351    0.004887
13434    0.002837
13497    0.005624
13501    0.010584
13641    0.008019
13871    0.020005
13890    0.007519
13910    0.008586
13912    0.006198
13914    0.010414
13918    0.041658
13919    0.010414
13932    0.018766
14012    0.004092
14016    0.010414
14065    0.004921
14131    0.004963
14231    0.026867
14322    0.004750
14359    0.005001
14362    0.009383
14425    0.004901
14439    0.007524
14445    0.008902
14485    0.007678
14523    0.008360
14537    0.002929
14558    0.010414
14583    0.010414
14604    0.006684
14742    0.007441
14811    0.005304
14831    0.008780
14894    0.008780
14944    0.004226
14996    0.005815
15063    0.005956
15137    0.005884
15200    0.008780
15204    0.003461
15344    0.003803
15492    0.012397
15497    0.003489
15507    0.005404
15600    0.004717
15653    0.010414
15695    0.003894
15710    0.004398
15779    0.005082
15818    0.003171
15822    0.003093
15896    0.006385
15908    0.005456
15919    0.006289
15991    0.004888
16014    0.006598
16174    0.010414
16217    0.007320
16257    0.007145
16485    0.003380
16585    0.003027
16657    0.009307
16729    0.001697
16734    0.020890
16791    0.004817
16944    0.002807
16955    0.004071
16959    0.003137
17074    0.011681
17079    0.020495
17144    0.004696
17320    0.005815
17451    0.004322
17478    0.006033
17484    0.005208
17527    0.005685
17606    0.010414
17611    0.010414
17643    0.016088
17677    0.007145
17678    0.006988
17757    0.005124
17772    0.009383
17780    0.006033
17821    0.011009
17922    0.003702
17949    0.004506
17964    0.005456
18051    0.018766
18159    0.007979
18247    0.007714
18282    0.006458
18334    0.006198
18382    0.007901
18383    0.003241
18435    0.003686
18462    0.009705
18579    0.005685
18652    0.002703
18655    0.003328
18768    0.009383
18814    0.006717
18882    0.002246
18901    0.004817
19039    0.016039
19043    0.002881
19129    0.008780
19177    0.008965
19183    0.008352
19226    0.004943
19228    0.005685
19261    0.003115
19262    0.003532
19305    0.009383
19319    0.008019
19366    0.001447
19460    0.002416
19464    0.002909
19474    0.006598
19512    0.005749
19543    0.011057
19546    0.005041
19609    0.006717
19707    0.006812
19820    0.003518
19830    0.004372
19894    0.005404
19919    0.008780
19997    0.004750
20229    0.007748
20260    0.001771
20275    0.002553
20281    0.007538
20460    0.003702
20504    0.008352
20559    0.005304
20595    0.006717
20596    0.008019
20601    0.007214
20620    0.003104
20626    0.004273
20711    0.009383
20713    0.002816
20714    0.003433
20717    0.007962
20758    0.005456
20771    0.004451
20803    0.008268
20844    0.006523
20845    0.004249
20901    0.006459
20902    0.003433
20983    0.009760
21011    0.010706
21039    0.005566
21058    0.003050
21113    0.004963
21120    0.003341
21129    0.002348
21132    0.004623
21150    0.002375
21184    0.007519
21191    0.004685
21195    0.004888
21243    0.002361
21247    0.004529
21290    0.003786
21292    0.011913
21301    0.010414
21303    0.010414
21306    0.004092
21307    0.013571
21311    0.006598
