1571
102    0.002067
348    0.000690
449    0.000706
469    0.000458
481    0.000621
504    0.000821
521    0.001239
534    0.000786
552    0.000555
590    0.000916
722    0.001061
805    0.001325
873    0.002941
878    0.001239
1021    0.001703
1090    0.002358
1095    0.002267
1097    0.003448
1113    0.000987
1118    0.001470
1127    0.002704
1128    0.004577
1138    0.000987
1157    0.000523
1166    0.001325
1178    0.003537
1183    0.001132
1189    0.000888
1190    0.000680
1193    0.000967
1214    0.000967
1216    0.001470
1240    0.000466
1242    0.001582
1243    0.000901
1244    0.000812
1245    0.001126
1247    0.000786
1250    0.000749
1251    0.001179
1260    0.000778
1262    0.001810
1278    0.000657
1280    0.001094
1289    0.001470
1309    0.009173
1311    0.000987
1313    0.001470
1351    0.000831
1372    0.001239
1374    0.001009
1382    0.000690
1383    0.002067
1392    0.001325
1415    0.004296
1417    0.001470
1422    0.003663
1433    0.000803
1435    0.001540
1451    0.001050
1455    0.009430
1458    0.002012
1459    0.001094
1460    0.001033
1466    0.000636
1477    0.002119
1482    0.001239
1490    0.000395
1529    0.001132
1662    0.000742
1677    0.002399
1680    0.001242
1681    0.000603
1683    0.001009
1689    0.000468
1690    0.000701
1691    0.000468
1698    0.002393
1699    0.002619
1712    0.000518
1740    0.005369
1741    0.001102
1746    0.002255
1747    0.000640
1762    0.000377
1814    0.001863
1862    0.001199
1901    0.001470
1916    0.001832
1917    0.001009
1919    0.001032
1921    0.001863
1925    0.000742
1977    0.003184
1993    0.000931
2002    0.000948
2008    0.000680
2009    0.003974
2014    0.000584
2021    0.001832
2047    0.001253
2048    0.001180
2051    0.002663
2102    0.004783
2113    0.000597
2114    0.000584
2115    0.001470
2124    0.002649
2168    0.001470
2172    0.000690
2173    0.000438
2188    0.000803
2208    0.001179
2216    0.001391
2271    0.001325
2272    0.001470
2292    0.000597
2313    0.000916
2315    0.001179
2335    0.001325
2344    0.000355
2366    0.000690
2396    0.001189
2432    0.001523
2445    0.002479
2452    0.001179
2456    0.001470
2458    0.000701
2474    0.001325
2497    0.005408
2522    0.000948
2539    0.001213
2542    0.001325
2550    0.001179
2604    0.000511
2609    0.002802
2617    0.000786
2618    0.000863
2622    0.000901
2684    0.001484
2688    0.002568
2689    0.000967
2710    0.000544
2723    0.000411
2744    0.003938
2774    0.001470
2806    0.002590
2819    0.003264
2857    0.002242
2860    0.001033
2861    0.002102
2862    0.001470
2863    0.001470
2867    0.002399
2875    0.002017
2899    0.010292
2929    0.000987
2981    0.000706
2985    0.000763
3015    0.001470
3089    0.000351
3094    0.000901
3095    0.001239
3112    0.004134
3148    0.004657
3151    0.000987
3152    0.001776
3166    0.001973
3168    0.001132
3187    0.001033
3198    0.000901
3209    0.001470
3238    0.001079
3245    0.000812
3265    0.001470
3297    0.002802
3298    0.000648
3328    0.004375
3377    0.001009
3393    0.002055
3396    0.007881
3398    0.001094
3400    0.000778
3440    0.001061
3473    0.002590
3476    0.001470
3501    0.000763
3503    0.000875
3563    0.000926
3567    0.002767
3571    0.000542
3574    0.000597
3575    0.000723
3583    0.000322
3593    0.000847
3597    0.000863
3618    0.001528
3619    0.002287
3632    0.001206
3635    0.005523
3645    0.001803
3647    0.000415
3672    0.000723
3682    0.000967
3686    0.000680
3718    0.004529
3732    0.001945
3743    0.002639
3745    0.000648
3754    0.001391
3789    0.001830
3790    0.000581
3792    0.000931
3797    0.000852
3854    0.001703
3861    0.000717
3862    0.002498
3863    0.001179
3881    0.000628
3903    0.001110
3911    0.000542
3912    0.001423
3915    0.001623
3916    0.000875
3925    0.000723
3928    0.001179
3933    0.000931
3956    0.001325
3977    0.002663
3980    0.001033
3983    0.000987
4001    0.002247
4006    0.001470
4023    0.000367
4026    0.004081
4028    0.002967
4055    0.001484
4118    0.000770
4135    0.002484
4140    0.001179
4141    0.004372
4194    0.002188
4195    0.001189
4201    0.000987
4240    0.000301
4258    0.001224
4265    0.000763
4271    0.000778
4319    0.002188
4378    0.000680
4418    0.001973
4420    0.001470
4434    0.002941
4435    0.001179
4450    0.004388
4456    0.003619
4458    0.000901
4461    0.003282
4480    0.001351
4482    0.001470
4492    0.000530
4496    0.001803
4500    0.000653
4501    0.002242
4503    0.001033
4516    0.001909
4547    0.001239
4557    0.001325
4576    0.000736
4617    0.001239
4625    0.001132
4637    0.001447
4639    0.001447
4666    0.000648
4672    0.000863
4675    0.001470
4680    0.001470
4689    0.000794
4690    0.002207
4701    0.002893
4704    0.000948
4729    0.002874
4743    0.000717
4766    0.004246
4771    0.000888
4774    0.000690
4841    0.001470
4864    0.002188
4870    0.001363
4894    0.000948
4899    0.000870
4903    0.001033
4907    0.001896
4918    0.000916
4919    0.001179
4931    0.002960
4932    0.000931
4971    0.001973
4983    0.001470
5000    0.002188
5006    0.001470
5007    0.001132
5010    0.000841
5018    0.000852
5020    0.001200
5028    0.000717
5043    0.002380
5045    0.001470
5057    0.001009
5074    0.004397
5075    0.002814
5086    0.002152
5089    0.000987
5093    0.003033
5112    0.002555
5170    0.001588
5178    0.002748
5179    0.000749
5180    0.000931
5209    0.003617
5211    0.007179
5212    0.000509
5214    0.002663
5219    0.000916
5220    0.001265
5223    0.001325
5269    0.001470
5331    0.001412
5333    0.002358
5351    0.001132
5352    0.000537
5425    0.001470
5439    0.000778
5454    0.001132
5496    0.001470
5497    0.001325
5501    0.000584
5523    0.004109
5524    0.002334
5532    0.002208
5535    0.000712
5537    0.006912
5539    0.002845
5545    0.003793
5550    0.000756
5566    0.001033
5567    0.004548
5570    0.000841
5577    0.001863
5595    0.002067
5628    0.000420
5638    0.001470
5640    0.002941
5671    0.001470
5717    0.004003
5719    0.000835
5770    0.000888
5778    0.001061
5779    0.001973
5819    0.000831
5834    0.001179
5869    0.000812
5879    0.000569
5897    0.000967
5919    0.001896
5923    0.000948
5924    0.000695
5929    0.001094
5933    0.000967
5948    0.001470
5954    0.002067
5962    0.000717
5968    0.002845
5975    0.000902
5976    0.001447
5977    0.001193
5984    0.001325
5986    0.004058
5987    0.004258
5988    0.002386
5991    0.000539
6034    0.002067
6036    0.001435
6037    0.001325
6042    0.000729
6046    0.000841
6049    0.000695
6064    0.001470
6066    0.004958
6067    0.001132
6069    0.002649
6127    0.001470
6128    0.003974
6133    0.002067
6249    0.001094
6263    0.001179
6271    0.001325
6275    0.000901
6276    0.001009
6323    0.003401
6334    0.000729
6340    0.000901
6365    0.001939
6372    0.011549
6489    0.001726
6499    0.001325
6562    0.000852
6596    0.001111
6598    0.000759
6610    0.000763
6628    0.006359
6632    0.000736
6651    0.001633
6652    0.001132
6655    0.002845
6687    0.001132
6688    0.001325
6689    0.003051
6697    0.001471
6699    0.000812
6700    0.000931
6705    0.000499
6713    0.002941
6714    0.000803
6719    0.000989
6734    0.000610
6756    0.000555
6758    0.000321
6791    0.001061
6792    0.001470
6808    0.000729
6844    0.000572
6855    0.001470
6884    0.001325
6886    0.001470
6894    0.001470
6903    0.002188
6908    0.002545
6918    0.000587
6920    0.000729
6926    0.000852
6929    0.001179
6937    0.001588
6938    0.003100
6939    0.001132
6940    0.002969
6941    0.002358
6943    0.001033
6967    0.002479
6983    0.001588
6984    0.000876
7013    0.001470
7025    0.001470
7028    0.001033
7036    0.001470
7044    0.000875
7097    0.000566
7107    0.001061
7129    0.001498
7131    0.002649
7141    0.002628
7142    0.001289
7154    0.002479
7156    0.001239
7168    0.000293
7173    0.000603
7178    0.000617
7181    0.002453
7188    0.003642
7189    0.001703
7194    0.001115
7196    0.000863
7199    0.000454
7228    0.001423
7231    0.001325
7241    0.008407
7242    0.002649
7248    0.001179
7254    0.001682
7263    0.001239
7277    0.001132
7286    0.001435
7291    0.001033
7293    0.001132
7303    0.000770
7309    0.001179
7360    0.001325
7393    0.000657
7406    0.000770
7408    0.000778
7416    0.000841
7438    0.000803
7459    0.000812
7466    0.003626
7474    0.001132
7486    0.000532
7489    0.000901
7508    0.000657
7509    0.002334
7512    0.001061
7524    0.001261
7531    0.000763
7583    0.000786
7600    0.000661
7619    0.005071
7621    0.001470
7631    0.004087
7650    0.001649
7653    0.001239
7709    0.001341
7712    0.000736
7714    0.000640
7715    0.001009
7717    0.001179
7725    0.000803
7736    0.000432
7748    0.001370
7749    0.001470
7753    0.002409
7757    0.001642
7770    0.000742
7779    0.000587
7787    0.000648
7802    0.002534
7820    0.001033
7822    0.001061
7824    0.000875
7893    0.001325
7910    0.001803
7940    0.001470
7965    0.000675
7970    0.001470
7984    0.001239
7985    0.000723
7986    0.001470
8019    0.002124
8025    0.002014
8027    0.000875
8040    0.002979
8042    0.001239
8049    0.001179
8064    0.001470
8068    0.001761
8074    0.004529
8077    0.001750
8078    0.000591
8081    0.000987
8082    0.002017
8094    0.001061
8101    0.000632
8107    0.000336
8113    0.001470
8116    0.000319
8181    0.002885
8186    0.005106
8187    0.001470
8193    0.000916
8220    0.002802
8223    0.003242
8224    0.001094
8281    0.002847
8292    0.002123
8323    0.002119
8362    0.000625
8374    0.000987
8417    0.000493
8421    0.001973
8423    0.003718
8446    0.001197
8448    0.002463
8452    0.000967
8456    0.002649
8459    0.003537
8476    0.000940
8500    0.006143
8504    0.000831
8505    0.002950
8533    0.001460
8534    0.001894
8535    0.000852
8568    0.003606
8570    0.003282
8577    0.002207
8581    0.013366
8596    0.005461
8613    0.006673
8622    0.012357
8630    0.001768
8638    0.000610
8639    0.014151
8640    0.001471
8679    0.001470
8711    0.002546
8712    0.000763
8714    0.002625
8718    0.001239
8728    0.001239
8733    0.003974
8774    0.001897
8781    0.000453
8783    0.000485
8807    0.001033
8822    0.004507
8832    0.002941
8837    0.001380
8845    0.001554
8848    0.014479
8862    0.009483
8873    0.000831
8912    0.013232
8913    0.001470
8935    0.000888
8943    0.000916
8961    0.001470
8964    0.001162
8971    0.000888
8972    0.001239
8973    0.001896
8977    0.002794
8984    0.001733
9002    0.002040
9003    0.001079
9009    0.000717
9013    0.001470
9023    0.004419
9055    0.001094
9089    0.015327
9093    0.001061
9095    0.001325
9104    0.001470
9106    0.002969
9152    0.000712
9153    0.001084
9160    0.000712
9200    0.000800
9205    0.001094
9209    0.004358
9210    0.000550
9219    0.002358
9220    0.001470
9223    0.001239
9248    0.001061
9265    0.003396
9311    0.000712
9314    0.000916
9346    0.001325
9354    0.001061
9357    0.000821
9361    0.002072
9388    0.001001
9411    0.000837
9422    0.001470
9432    0.003726
9442    0.001341
9443    0.001179
9454    0.004262
9456    0.000931
9465    0.001470
9467    0.001239
9468    0.001094
9511    0.001470
9517    0.000686
9518    0.000313
9533    0.000458
9644    0.001234
9647    0.002247
9649    0.007074
9659    0.001325
9673    0.002264
9697    0.005881
9698    0.001470
9702    0.001470
9736    0.003970
9739    0.003617
9764    0.001094
9777    0.001360
9779    0.001470
9783    0.002357
9798    0.008242
9803    0.001642
9808    0.007948
9811    0.000712
9824    0.000742
9872    0.000931
9873    0.009610
9886    0.001061
9939    0.000987
10010    0.001239
10034    0.001470
10064    0.002026
10068    0.001325
10102    0.001132
10109    0.001470
10111    0.001470
10125    0.001470
10145    0.000852
10157    0.001470
10171    0.002358
10174    0.000901
10181    0.001703
10191    0.000987
10208    0.001470
10217    0.001325
10220    0.000742
10225    0.001239
10231    0.001325
10244    0.005605
10245    0.001832
10247    0.005256
10257    0.001325
10259    0.000770
10285    0.001033
10286    0.001132
10288    0.002794
10289    0.002649
10313    0.001325
10328    0.001061
10334    0.000428
10340    0.001325
10354    0.004199
10356    0.001470
10358    0.001498
10368    0.001470
10369    0.000803
10371    0.001132
10406    0.001776
10411    0.005282
10413    0.000742
10417    0.000841
10420    0.005901
10422    0.000636
10445    0.004997
10491    0.001874
10558    0.000852
10578    0.009020
10589    0.004377
10599    0.001132
10611    0.000621
10612    0.000763
10629    0.000987
10645    0.000948
10674    0.001033
10678    0.002649
10691    0.002067
10711    0.000948
10722    0.001061
10773    0.007511
10774    0.001471
10775    0.000987
10784    0.000821
10788    0.002358
10840    0.000501
10846    0.008373
10850    0.001776
10874    0.001325
10892    0.010520
10932    0.002646
10981    0.000901
10989    0.002941
10993    0.001239
11007    0.000742
11026    0.001776
11030    0.002941
11051    0.000723
11060    0.002479
11090    0.001498
11103    0.001835
11109    0.001094
11112    0.000816
11117    0.000365
11146    0.014717
11157    0.006041
11178    0.001069
11180    0.000989
11181    0.001220
11182    0.002918
11197    0.000967
11198    0.001470
11199    0.001325
11206    0.000717
11210    0.003793
11211    0.001470
11214    0.000931
11218    0.000944
11236    0.000863
11241    0.000967
11242    0.000967
11249    0.002188
11251    0.001094
11263    0.001239
11266    0.001470
11267    0.004411
11275    0.003537
11277    0.002017
11279    0.004296
11282    0.005521
11289    0.001665
11291    0.000916
11320    0.004439
11323    0.004411
11327    0.001572
11334    0.000889
11355    0.006858
11356    0.001033
11389    0.001470
11390    0.000661
11404    0.002941
11415    0.001227
11420    0.000967
11428    0.001470
11434    0.000808
11439    0.004199
11444    0.001561
11457    0.000948
11458    0.000948
11468    0.003095
11478    0.000948
11482    0.002479
11491    0.001325
11492    0.001094
11503    0.001372
11519    0.000597
11528    0.003893
11530    0.000706
11531    0.001490
11539    0.001325
11561    0.001803
11567    0.000640
11570    0.006430
11571    0.000967
11600    0.000852
11683    0.003324
11735    0.000875
11736    0.001703
11744    0.000880
11747    0.001094
11750    0.010239
11753    0.002102
11757    0.001478
11776    0.001470
11782    0.001459
11800    0.001061
11841    0.001213
11880    0.001179
11891    0.000888
11895    0.001776
11911    0.006793
11918    0.001094
11947    0.000729
11948    0.001179
11984    0.002399
11987    0.000901
11988    0.001132
12001    0.001470
12005    0.002661
12006    0.002802
12042    0.007276
12045    0.005027
12046    0.001642
12049    0.001832
12053    0.002040
12072    0.000931
12084    0.000600
12085    0.000511
12110    0.000795
12122    0.000369
12133    0.005618
12166    0.000547
12191    0.001459
12207    0.000863
12230    0.005927
12245    0.000388
12280    0.001325
12281    0.002067
12283    0.008396
12304    0.000803
12307    0.003111
12326    0.000712
12364    0.000916
12365    0.001649
12381    0.001470
12404    0.001325
12413    0.000742
12415    0.000453
12416    0.006362
12432    0.001896
12442    0.003974
12443    0.001179
12475    0.001933
12477    0.000794
12479    0.001179
12505    0.002128
12522    0.003862
12573    0.001094
12659    0.001490
12668    0.000632
12675    0.002725
12684    0.002785
12735    0.001435
12736    0.002017
12765    0.002756
12817    0.001001
12820    0.000717
12822    0.001132
12853    0.012637
12855    0.002380
12864    0.005491
12867    0.008779
12873    0.000852
12880    0.000487
12911    0.000473
12919    0.003100
12920    0.000756
12927    0.009932
12928    0.001074
12932    0.004426
12941    0.000852
12949    0.000644
12980    0.001239
12985    0.001009
12987    0.003799
12999    0.001210
13048    0.004246
13049    0.001470
13050    0.000743
13109    0.000931
13113    0.001470
13118    0.001470
13145    0.000690
13154    0.002220
13179    0.000547
13185    0.000863
13228    0.000472
13262    0.001179
13263    0.004411
13297    0.000948
13298    0.002664
13312    0.001470
13313    0.001179
13346    0.001470
13352    0.000889
13353    0.001138
13355    0.000342
13357    0.000618
13361    0.000603
13366    0.001832
13382    0.002067
13434    0.005474
13451    0.001305
13488    0.000831
13492    0.000712
13499    0.000931
13501    0.000374
13529    0.001242
13533    0.000742
13550    0.001179
13580    0.001791
13581    0.000821
13586    0.011177
13647    0.000390
13678    0.005881
13702    0.001588
13711    0.001470
13716    0.002123
13739    0.001132
13775    0.000756
13803    0.000723
13815    0.002408
13886    0.002935
13892    0.000763
13896    0.001498
13897    0.001380
13898    0.001470
13899    0.001770
13909    0.000581
13910    0.002020
13921    0.001447
13930    0.000841
13939    0.000864
13968    0.000901
14009    0.001239
14012    0.005200
14014    0.001447
14017    0.001179
14031    0.001470
14035    0.001470
14047    0.003605
14049    0.002900
14054    0.001360
14065    0.008859
14066    0.003407
14085    0.000948
14099    0.002847
14112    0.001239
14124    0.001770
14125    0.001325
14130    0.004997
14137    0.000610
14198    0.001239
14204    0.001470
14207    0.002794
14214    0.002264
14216    0.001470
14222    0.000821
14224    0.000763
14303    0.002540
14304    0.000666
14305    0.004694
14314    0.000621
14316    0.000481
14339    0.001698
14340    0.000590
14353    0.000916
14354    0.001832
14395    0.000875
14398    0.001239
14406    0.000892
14412    0.000587
14425    0.002767
14430    0.004598
14439    0.001770
14445    0.000628
14453    0.000653
14475    0.000803
14523    0.002950
14527    0.000763
14538    0.000600
14539    0.000653
14579    0.001391
14604    0.004089
14607    0.001995
14617    0.000875
14619    0.001061
14699    0.002941
14700    0.002941
14726    0.001435
14741    0.000525
14742    0.006003
14745    0.002360
14754    0.000587
14761    0.002941
14769    0.000685
14772    0.002358
14773    0.000749
14774    0.000841
14775    0.001061
14780    0.002247
14785    0.000852
14789    0.000967
14803    0.000987
14810    0.001973
14811    0.002995
14824    0.000695
14863    0.004904
14865    0.003414
14868    0.000794
14889    0.000948
14903    0.001484
14907    0.002941
14910    0.011155
14917    0.000723
14928    0.004134
14947    0.001009
14949    0.001470
14969    0.001179
14982    0.003605
14992    0.001033
15003    0.000812
15006    0.001484
15013    0.001470
15026    0.000901
15032    0.001958
15033    0.000680
15043    0.001179
15063    0.001682
15080    0.000695
15102    0.000931
15103    0.000812
15105    0.001703
15112    0.001470
15135    0.000701
15139    0.002663
15140    0.002819
15142    0.000575
15147    0.002463
15204    0.009283
15206    0.001239
15207    0.000756
15210    0.000523
15215    0.001239
15216    0.000560
15218    0.000916
15228    0.000888
15271    0.004336
15275    0.012969
15276    0.001325
15287    0.001009
15321    0.001325
15325    0.000812
15333    0.000786
15334    0.001412
15394    0.000931
15408    0.001061
15464    0.001470
15466    0.000518
15471    0.001094
15478    0.000717
15481    0.001179
15482    0.002960
15484    0.001265
15488    0.001132
15493    0.000875
15497    0.004926
15503    0.001174
15504    0.001179
15507    0.004577
15508    0.001470
15530    0.001803
15550    0.000749
15555    0.000507
15556    0.002529
15570    0.000786
15591    0.001257
15596    0.000875
15603    0.000821
15669    0.001009
15672    0.004715
15677    0.000831
15710    0.000621
15713    0.000680
15715    0.001094
15717    0.002358
15728    0.000916
15775    0.000841
15778    0.002199
15779    0.000717
15780    0.001094
15791    0.000566
15801    0.000597
15830    0.000736
15837    0.000948
15849    0.000701
15887    0.001061
15906    0.000507
15912    0.000379
15913    0.002067
15916    0.001682
15919    0.000888
15928    0.001027
15966    0.001325
15968    0.001009
15997    0.000875
15999    0.001470
16001    0.000931
16003    0.001526
16012    0.002918
16014    0.000931
16015    0.002649
16019    0.001094
16023    0.000831
16026    0.001272
16034    0.001649
16047    0.001605
16058    0.000948
16060    0.001150
16061    0.000875
16090    0.001470
16091    0.001470
16115    0.002264
16116    0.000873
16143    0.002067
16148    0.000712
16207    0.000653
16217    0.001033
16231    0.001009
16237    0.012930
16241    0.007495
16265    0.000706
16266    0.001061
16269    0.002102
16329    0.001325
16371    0.002455
16385    0.000841
16432    0.000569
16440    0.000888
16485    0.000954
16489    0.000736
16501    0.000864
16509    0.000507
16511    0.000916
16527    0.002463
16531    0.000786
16544    0.006197
16559    0.002264
16565    0.010292
16575    0.001933
16578    0.001370
16585    0.001624
16597    0.001325
16615    0.001033
16657    0.004599
16707    0.000530
16714    0.000831
16724    0.001023
16729    0.004792
16732    0.001097
16734    0.000885
16791    0.000680
16794    0.002523
16845    0.001061
16847    0.001179
16907    0.001638
16918    0.005895
16921    0.000587
16923    0.000408
16937    0.001726
16941    0.000824
16944    0.004756
16958    0.001249
16959    0.001329
16989    0.001094
17008    0.001009
17010    0.001132
17027    0.000489
17029    0.001945
17033    0.002012
17039    0.001325
17044    0.003221
17048    0.001325
17051    0.000431
17056    0.000863
17059    0.000701
17074    0.002199
17075    0.000572
17094    0.000701
17095    0.000756
17101    0.002710
17115    0.000729
17117    0.000719
17126    0.001239
17128    0.001094
17154    0.003100
17181    0.000948
17187    0.001470
17201    0.001682
17205    0.001470
17209    0.000901
17261    0.001470
17273    0.001061
17304    0.000916
17331    0.000544
17347    0.000610
17355    0.003726
17356    0.002941
17366    0.002802
17369    0.000584
17374    0.000736
17385    0.001470
17402    0.001132
17407    0.001420
17413    0.001370
17423    0.001179
17438    0.000671
17445    0.001351
17471    0.000666
17478    0.000852
17480    0.000666
17496    0.003617
17499    0.004958
17501    0.001239
17514    0.002358
17527    0.000803
17529    0.006759
17530    0.003866
17669    0.000349
17755    0.000786
17761    0.003051
17780    0.000852
17782    0.000516
17788    0.000901
17798    0.001239
17799    0.001325
17804    0.003100
17808    0.004925
17811    0.001314
17814    0.004790
17815    0.001470
17818    0.002017
17830    0.001547
17846    0.000661
17863    0.000901
17885    0.000794
17913    0.000706
17916    0.000537
17922    0.002613
17933    0.001325
17939    0.001179
17962    0.001094
17963    0.000763
17966    0.001132
17986    0.001132
17994    0.000831
18009    0.001094
18019    0.002941
18042    0.001239
18067    0.001470
18086    0.000778
18105    0.000770
18122    0.001325
18133    0.002577
18136    0.000987
18138    0.000610
18142    0.000831
18159    0.001126
18163    0.003100
18167    0.001357
18179    0.000525
18180    0.001588
18182    0.004536
18185    0.001094
18198    0.000888
18199    0.004529
18206    0.002479
18247    0.001089
18281    0.001470
18282    0.001140
18319    0.000493
18326    0.001168
18329    0.000841
18334    0.000875
18350    0.001470
18366    0.003551
18371    0.001703
18376    0.001179
18380    0.001325
18384    0.003500
18435    0.007284
18436    0.000875
18437    0.001973
18440    0.006309
18447    0.001132
18450    0.001009
18493    0.003111
18496    0.000948
18521    0.001470
18543    0.000841
18549    0.001661
18579    0.000803
18581    0.001973
18652    0.008015
18653    0.005991
18657    0.001132
18658    0.001973
18670    0.011762
18688    0.001239
18690    0.000794
18825    0.001470
18835    0.001325
18841    0.002276
18848    0.001896
18882    0.003171
18883    0.000451
18888    0.000985
18898    0.000558
18901    0.002040
18903    0.002781
18982    0.001009
18987    0.001649
19043    0.000407
19046    0.003396
19086    0.000863
19087    0.000948
19088    0.001832
19097    0.000578
19106    0.001958
19112    0.000794
19135    0.001179
19144    0.001094
19151    0.009244
19173    0.000701
19177    0.012656
19200    0.000888
19211    0.001863
19212    0.001800
19223    0.005321
19225    0.002473
19226    0.038035
19232    0.000461
19240    0.004411
19261    0.000440
19262    0.007480
19264    0.001132
19273    0.001132
19277    0.001323
19278    0.001583
19279    0.000888
19309    0.000578
19310    0.002017
19314    0.000803
19319    0.001132
19344    0.001094
19349    0.001249
19366    0.002043
19370    0.002340
19371    0.004716
19385    0.001325
19403    0.001470
19410    0.000544
19416    0.003004
19426    0.000289
19429    0.005881
19430    0.001094
19453    0.001978
19460    0.001705
19461    0.003282
19462    0.000888
19464    0.000411
19503    0.000636
19518    0.001484
19520    0.001470
19521    0.001325
19535    0.000534
19546    0.000712
19562    0.001305
19563    0.001061
19577    0.000671
19589    0.002893
19661    0.000987
19662    0.000821
19673    0.001033
19674    0.001470
19696    0.000948
19707    0.001443
19709    0.002067
19712    0.001470
19728    0.001933
19732    0.002358
19736    0.010086
19741    0.000690
19742    0.000888
19750    0.001239
19757    0.000729
19761    0.001179
19766    0.000875
19772    0.002003
19773    0.002214
19820    0.000497
19830    0.000617
19836    0.000685
19844    0.001100
19889    0.001239
19890    0.001470
19893    0.002479
19941    0.001179
19945    0.000778
19997    0.003353
20000    0.001132
20043    0.000931
20044    0.001179
20057    0.001009
20058    0.001009
20082    0.001265
20086    0.001094
20087    0.001239
20090    0.004241
20091    0.001325
20092    0.001325
20100    0.001830
20106    0.001470
20113    0.000916
20141    0.001239
20226    0.005290
20260    0.005249
20274    0.007671
20275    0.002162
20334    0.001239
20338    0.005799
20426    0.001776
20452    0.007874
20453    0.014874
20454    0.001325
20458    0.000948
20461    0.000916
20464    0.000883
20465    0.000736
20481    0.004172
20482    0.000967
20487    0.002663
20528    0.001061
20534    0.001962
20545    0.000841
20568    0.000875
20587    0.003104
20593    0.000841
20620    0.001315
20624    0.000729
20648    0.001155
20671    0.000717
20673    0.000648
20680    0.002941
20686    0.000831
20702    0.002941
20713    0.009145
20715    0.000987
20716    0.001162
20717    0.003372
20721    0.004411
20722    0.008822
20745    0.000648
20752    0.001239
20768    0.001038
20771    0.000628
20782    0.001605
20785    0.000499
20791    0.000841
20803    0.008463
20807    0.003161
20811    0.000841
20818    0.002067
20824    0.002373
20830    0.000661
20844    0.001228
20859    0.002267
20868    0.010050
20894    0.001622
20910    0.007832
20915    0.001556
20916    0.005106
20927    0.002849
20956    0.001168
20958    0.001470
20980    0.001325
20983    0.000459
20998    0.000778
21005    0.000940
21019    0.000590
21022    0.005661
21037    0.001325
21039    0.000786
21047    0.001132
21048    0.000948
21049    0.001325
21080    0.001470
21083    0.001841
21085    0.000578
21087    0.000428
21088    0.001726
21094    0.001360
21115    0.003794
21118    0.002276
21126    0.000794
21129    0.015912
21135    0.000763
21141    0.000770
21146    0.000610
21149    0.001470
21150    0.007879
21152    0.002628
21157    0.000841
21191    0.004630
21207    0.001470
21242    0.005589
21247    0.001705
21261    0.011911
21266    0.000795
21287    0.001009
21296    0.001471
21297    0.001009
21299    0.002625
21307    0.000479
21346    0.000794
