61
2344    0.021951
2536    0.081888
2658    0.049086
2739    0.056616
3181    0.081888
4636    0.042043
4701    0.044716
4767    0.058618
4870    0.028081
5220    0.078169
5501    0.018039
5820    0.040888
6376    0.046718
6758    0.019821
7393    0.040614
8174    0.076622
8220    0.043311
9209    0.041450
10261    0.022747
10350    0.054882
10942    0.030698
12066    0.060986
12069    0.076622
12307    0.054953
12605    0.104978
12648    0.051984
12940    0.054095
12999    0.014962
13348    0.037083
13349    0.046718
13501    0.023093
14013    0.090890
14014    0.044716
14717    0.037935
14742    0.027833
14754    0.036283
15023    0.043648
15142    0.071061
15912    0.023449
16001    0.057579
16410    0.062354
16412    0.090890
16527    0.030449
16529    0.077710
16585    0.005284
17374    0.045481
17451    0.037716
17484    0.015151
17643    0.056162
18179    0.032451
18247    0.033660
18254    0.053352
18266    0.121972
18904    0.044351
19087    0.058618
19757    0.045093
20133    0.072886
20579    0.181779
20601    0.031478
21188    0.042043
21307    0.118442
