217
234    0.016142
471    0.020145
621    0.007844
638    0.012952
670    0.013928
812    0.017930
850    0.012206
1099    0.007878
1184    0.006617
1242    0.016038
1275    0.011287
1283    0.041790
1364    0.009499
1376    0.017217
1699    0.005310
1734    0.017217
1741    0.004190
1746    0.013716
1862    0.004557
1898    0.015340
1940    0.007646
1949    0.007491
1951    0.010198
2015    0.020539
2021    0.013928
2093    0.006688
2120    0.007091
2122    0.011601
2277    0.004694
2470    0.022186
2556    0.015716
2745    0.006641
2792    0.024151
3039    0.029602
3043    0.010059
3089    0.005337
3452    0.018850
3567    0.005261
3583    0.004903
3607    0.012952
3729    0.016142
3733    0.008926
3931    0.014698
4151    0.009675
4173    0.010269
4176    0.011830
4240    0.004581
4300    0.011001
4362    0.009499
4380    0.021446
4507    0.017217
4837    0.013501
5202    0.007200
5399    0.011601
5456    0.016142
5495    0.004289
5628    0.012788
5670    0.013708
5737    0.011388
5769    0.006309
5866    0.017967
5879    0.008652
6372    0.005322
6532    0.010738
6684    0.014165
6718    0.015716
6828    0.008242
6891    0.011287
6984    0.006664
7377    0.018801
7753    0.006105
7793    0.013928
7833    0.005733
7896    0.008879
7927    0.013501
7964    0.011287
7987    0.008879
8068    0.017852
8116    0.019398
8260    0.011950
8845    0.015757
9003    0.024610
9136    0.009675
9153    0.008242
9200    0.006085
9256    0.008019
9283    0.018850
9398    0.014022
9411    0.008490
9486    0.013308
9517    0.005216
9518    0.004758
9599    0.020145
9812    0.007810
9936    0.032469
10105    0.019117
10108    0.012788
10411    0.008926
10413    0.011287
10415    0.015716
10417    0.012788
10486    0.012076
10837    0.007037
10892    0.009999
10897    0.006526
11087    0.007810
11180    0.005013
11201    0.010583
11422    0.013928
11468    0.015688
11613    0.009675
11744    0.006688
11792    0.017930
12071    0.008128
12345    0.006105
12415    0.013766
12416    0.009675
12519    0.005337
12855    0.005171
12861    0.015340
12889    0.015382
12894    0.010418
12974    0.008481
12987    0.003209
13143    0.008926
13185    0.013125
13241    0.012484
13298    0.010127
13357    0.009392
13361    0.009174
13434    0.004061
13800    0.022186
13803    0.011001
14037    0.048427
14054    0.020686
14063    0.006959
14124    0.008974
14200    0.009556
14320    0.007583
14391    0.009442
14498    0.035707
14607    0.007583
14742    0.006847
14796    0.007145
14852    0.017930
15343    0.011950
15347    0.017930
15356    0.016142
15555    0.007711
15623    0.017131
15686    0.015896
15712    0.007145
15718    0.020145
15818    0.006808
15849    0.010655
15907    0.006735
16029    0.008832
16258    0.016635
16437    0.009332
16459    0.012206
16523    0.016142
16585    0.015598
16589    0.015003
16591    0.012206
16592    0.004810
16668    0.012206
16724    0.007777
16862    0.015688
16923    0.006205
16941    0.004179
16959    0.006735
17095    0.011493
17281    0.037727
17292    0.007037
17407    0.021600
17426    0.036618
17560    0.013928
17669    0.015920
17836    0.012484
17875    0.009123
17907    0.014165
18005    0.022793
18319    0.007491
18446    0.010198
18565    0.013125
18567    0.009675
18784    0.010655
18882    0.004823
18901    0.010343
18987    0.008359
18997    0.016142
19122    0.014698
19125    0.008242
19127    0.011681
19327    0.005276
19328    0.011093
19366    0.003107
19383    0.010343
19448    0.013501
19503    0.009675
19616    0.018850
19742    0.013501
20108    0.010738
20256    0.011950
20260    0.013305
20282    0.009779
20305    0.011189
20534    0.007460
20535    0.011493
20716    0.008832
20823    0.015340
20848    0.005804
20946    0.006027
20993    0.008019
21126    0.012076
21238    0.013928
21253    0.014750
