247
234    0.014074
471    0.017564
621    0.006839
638    0.011293
670    0.012143
812    0.015633
850    0.010642
1073    0.017564
1099    0.006869
1184    0.005770
1242    0.013983
1275    0.009841
1279    0.011771
1283    0.036435
1364    0.008282
1376    0.015011
1440    0.008184
1604    0.008891
1614    0.008136
1633    0.009150
1699    0.004629
1734    0.015011
1741    0.003653
1746    0.011958
1862    0.003973
1898    0.013374
1940    0.006667
1949    0.006531
1951    0.008891
2015    0.017907
2021    0.012143
2093    0.005831
2120    0.006182
2122    0.010115
2173    0.005810
2277    0.004092
2297    0.008383
2470    0.019343
2556    0.013702
2745    0.005790
2792    0.021056
3039    0.025809
3043    0.008770
3089    0.004654
3452    0.016434
3563    0.006136
3567    0.004587
3583    0.004275
3607    0.011293
3729    0.014074
3733    0.007782
3931    0.012815
4151    0.008435
4173    0.008954
4176    0.010314
4240    0.003994
4300    0.009591
4362    0.008282
4380    0.018698
4480    0.008954
4507    0.015011
4776    0.011443
4837    0.011771
5202    0.006277
5399    0.010115
5456    0.014074
5495    0.003740
5584    0.010020
5628    0.011149
5670    0.011951
5737    0.009929
5769    0.016501
5866    0.015665
5879    0.007543
6129    0.009591
6372    0.004640
6532    0.009362
6684    0.012350
6718    0.013702
6828    0.007186
6891    0.019681
6984    0.005810
7377    0.016392
7595    0.006326
7753    0.005323
7793    0.012143
7833    0.004999
7896    0.007741
7927    0.011771
7964    0.009841
7987    0.007741
8068    0.015564
8116    0.016912
8260    0.010419
8446    0.005289
8534    0.006277
8845    0.013738
9003    0.021457
9136    0.008435
9153    0.007186
9200    0.005306
9256    0.006991
9283    0.016434
9398    0.012226
9411    0.007402
9486    0.011602
9517    0.004547
9518    0.004148
9599    0.017564
9812    0.006810
9936    0.037745
10105    0.016668
10108    0.011150
10165    0.013702
10411    0.007782
10413    0.009841
10415    0.013702
10417    0.011150
10420    0.007824
10486    0.010528
10501    0.011771
10714    0.006752
10837    0.006136
10892    0.008717
10897    0.005690
11087    0.006810
11180    0.004371
11201    0.009227
11398    0.011951
11422    0.012143
11468    0.013678
11613    0.008435
11684    0.009083
11744    0.005831
11792    0.015633
12071    0.007087
12345    0.005323
12415    0.012002
12416    0.008435
12519    0.004654
12855    0.004509
12861    0.013374
12889    0.013411
12894    0.009083
12974    0.007395
12987    0.002798
13143    0.007782
13185    0.011443
13241    0.010884
13298    0.008830
13357    0.008189
13361    0.007998
13434    0.003540
13800    0.019343
13803    0.009591
14037    0.042222
14054    0.018035
14063    0.006067
14124    0.007824
14200    0.008332
14306    0.013702
14320    0.006612
14391    0.008232
14498    0.031132
14537    0.005482
14607    0.006612
14742    0.007960
14796    0.006229
14852    0.015633
15147    0.010884
15343    0.010419
15347    0.015633
15356    0.014074
15555    0.006723
15623    0.014936
15686    0.013859
15712    0.006229
15718    0.017564
15818    0.005936
15849    0.009290
15861    0.013081
15907    0.005872
16029    0.007700
16258    0.014503
16437    0.016273
16459    0.010642
16523    0.014074
16585    0.016999
16589    0.013081
16591    0.010642
16592    0.004193
16618    0.019494
16668    0.010642
16724    0.006780
16766    0.007582
16862    0.013678
16923    0.010820
16941    0.003644
16959    0.005872
17095    0.010020
17281    0.032893
17292    0.006136
17407    0.018832
17426    0.031926
17560    0.012143
17669    0.013880
17836    0.010884
17875    0.007954
17907    0.012350
18005    0.019873
18167    0.006000
18319    0.006531
18446    0.008891
18565    0.011443
18567    0.008435
18784    0.009290
18882    0.004205
18901    0.009018
18987    0.014577
18997    0.014074
19122    0.012815
19125    0.007186
19127    0.020368
19327    0.004600
19328    0.009672
19366    0.002709
19383    0.009018
19448    0.011771
19503    0.008435
19616    0.016434
19742    0.011771
20108    0.009362
20256    0.010419
20260    0.013258
20282    0.008526
20305    0.009755
20534    0.006504
20535    0.010020
20716    0.007700
20823    0.013374
20848    0.005061
20946    0.005255
20993    0.006991
21126    0.010528
21133    0.010884
21238    0.012143
21253    0.017147
