112
103    0.016964
475    0.051460
666    0.021994
803    0.034529
1190    0.023804
1242    0.036910
1283    0.027480
1440    0.021603
1614    0.021478
1692    0.024522
1951    0.023469
2277    0.021604
2292    0.020880
2470    0.025531
2747    0.023635
2968    0.024154
3029    0.045390
3039    0.051097
3686    0.023804
4240    0.010544
4380    0.029614
4837    0.031073
5121    0.031547
5415    0.018622
5670    0.031547
5854    0.033188
5866    0.027567
5891    0.031547
6306    0.030627
6429    0.020766
6628    0.015899
6891    0.025976
7199    0.015899
7364    0.025750
7377    0.028846
7485    0.031073
7523    0.019812
7595    0.016699
7704    0.025531
7719    0.034529
7753    0.014051
7896    0.020434
7927    0.031073
7948    0.023635
8116    0.022322
8406    0.031547
8408    0.027791
9003    0.018880
9209    0.011734
9242    0.025110
9301    0.024154
9388    0.017525
9398    0.016136
9641    0.019713
10105    0.014666
10230    0.030627
10612    0.026700
10837    0.008098
11422    0.032055
11503    0.012004
11841    0.008492
12071    0.018707
12122    0.025835
12230    0.015957
12415    0.015841
12416    0.022266
12889    0.023601
13185    0.030207
13530    0.020880
14012    0.020221
14063    0.032033
14137    0.021354
14304    0.023308
14498    0.027393
14742    0.005253
14950    0.030627
15081    0.018373
15686    0.018292
16030    0.037760
16237    0.014142
16437    0.021478
16592    0.011069
16734    0.020644
16766    0.020014
16862    0.018053
16941    0.009619
16949    0.027226
17281    0.028942
17292    0.032393
17407    0.016570
17669    0.024426
18167    0.007919
18256    0.025531
18317    0.020653
18340    0.020995
18587    0.015783
18888    0.017239
19125    0.018968
19127    0.013441
19173    0.024522
19410    0.019040
19426    0.010107
19464    0.014376
19844    0.009627
20260    0.013124
20282    0.011253
20297    0.032055
20460    0.018292
20465    0.025750
21155    0.020766
21253    0.011316
21296    0.025750
