49
219    0.035968
1190    0.059950
1242    0.046479
1692    0.061758
1746    0.039750
1940    0.044321
1949    0.043418
2015    0.059524
2277    0.054410
2344    0.031301
3039    0.042896
3089    0.030938
4151    0.056078
4240    0.026555
4380    0.024861
5628    0.037061
5769    0.036567
5866    0.034714
6306    0.077135
6429    0.052299
7377    0.036325
7753    0.035387
8116    0.028109
9388    0.044137
10107    0.079453
10840    0.044137
11207    0.046479
12415    0.039895
12889    0.029720
13357    0.018147
13434    0.011768
14054    0.059950
14359    0.062239
14742    0.013229
15081    0.046272
16029    0.051193
16030    0.047550
16585    0.030136
17281    0.036446
17669    0.030759
18587    0.039750
19125    0.047772
19127    0.033852
19278    0.023250
19327    0.030582
19480    0.060832
19710    0.080731
20260    0.022035
20282    0.028342
