85
219    0.018498
1190    0.030832
1242    0.047807
1614    0.027819
1692    0.031761
1746    0.020443
1940    0.022794
1949    0.022329
2015    0.030613
2277    0.055965
2344    0.016098
2613    0.040247
3039    0.022061
3089    0.015911
3571    0.024568
4151    0.028840
4240    0.027314
4380    0.012786
4949    0.028487
5121    0.040862
5628    0.019060
5769    0.037612
5854    0.042987
5866    0.017853
5891    0.040862
6180    0.039669
6306    0.039669
6429    0.026896
6628    0.020593
7377    0.018681
7485    0.040247
7595    0.021630
7753    0.018199
8116    0.014456
9193    0.034583
9388    0.022699
9518    0.014182
10107    0.040862
10230    0.039669
10338    0.019060
10840    0.022699
11207    0.023904
12162    0.031285
12230    0.020669
12283    0.013125
12415    0.020517
12416    0.028840
12889    0.030569
13357    0.009333
13434    0.006052
13530    0.027044
14012    0.026191
14054    0.030832
14063    0.020745
14359    0.064018
14498    0.017740
14654    0.045727
14742    0.013607
14950    0.039669
15080    0.031520
15081    0.023797
15712    0.021298
15910    0.024120
16029    0.026328
16030    0.048908
16578    0.031056
16585    0.023248
16941    0.012459
17281    0.018744
17292    0.020978
17669    0.015819
18167    0.020513
18587    0.020443
19125    0.024568
19127    0.017410
19278    0.011957
19327    0.015728
19426    0.013090
19480    0.031285
19710    0.041519
20260    0.022664
20282    0.014576
20297    0.041519
20946    0.017967
21253    0.029313
