262
219    0.010386
582    0.013922
920    0.008200
1021    0.010840
1099    0.006593
1190    0.008656
1194    0.009206
1242    0.013422
1260    0.019800
1275    0.009446
1283    0.004996
1364    0.015899
1423    0.007810
1440    0.007856
1604    0.008534
1615    0.016859
1692    0.008917
1698    0.005077
1705    0.012301
1746    0.005739
1825    0.013510
1842    0.011854
1844    0.011472
1862    0.003814
1896    0.013922
1940    0.006399
1951    0.008534
2015    0.008594
2021    0.023313
2022    0.027844
2173    0.005577
2277    0.015712
2344    0.004519
2539    0.023163
2556    0.013153
2792    0.020212
2826    0.009058
2931    0.011472
3003    0.025675
3084    0.010106
3089    0.004467
3309    0.007950
3318    0.010840
3358    0.012556
3563    0.005890
3567    0.004403
3575    0.009206
3583    0.004103
3588    0.011137
3766    0.010984
3774    0.012068
3809    0.027019
3821    0.011299
3847    0.012068
3931    0.012301
4118    0.009803
4240    0.030674
4380    0.003590
4599    0.020658
4637    0.009206
4652    0.010703
4653    0.012068
4659    0.047325
4712    0.014409
4829    0.014409
5047    0.008719
5121    0.011472
5137    0.011137
5219    0.011656
5220    0.008047
5265    0.050224
5440    0.007278
5515    0.010153
5628    0.005351
5769    0.005280
5783    0.018713
5785    0.018713
5854    0.012068
5866    0.010024
5891    0.011472
5954    0.013153
6183    0.018713
6306    0.011137
6429    0.007551
6462    0.011137
6624    0.010106
6628    0.011563
6718    0.013153
7078    0.011299
7082    0.016859
7086    0.018713
7168    0.003724
7194    0.014196
7377    0.015734
7441    0.008986
7443    0.013510
7476    0.010448
7485    0.011299
7595    0.006073
7631    0.007430
7753    0.005109
7802    0.002481
7987    0.007430
8116    0.008117
8383    0.012301
8424    0.011299
8534    0.006026
8581    0.008298
8715    0.016859
9203    0.010703
9320    0.007810
9388    0.006373
9411    0.003552
9517    0.004365
9518    0.003982
9719    0.013922
9811    0.009058
9812    0.013073
9947    0.004365
10107    0.011472
10170    0.014409
10230    0.011137
10331    0.010106
10333    0.008148
10411    0.007470
10413    0.056676
10417    0.010703
10716    0.014409
10837    0.002945
10840    0.006373
10841    0.025675
10846    0.006269
10892    0.004184
10902    0.011854
11112    0.005193
11118    0.007765
11180    0.004196
11195    0.011854
11207    0.006711
11218    0.004003
11279    0.006834
11334    0.005657
11519    0.007593
11567    0.008148
11568    0.011656
11684    0.008719
11841    0.003088
11958    0.007551
12144    0.011854
12230    0.011605
12345    0.010219
12415    0.011520
12416    0.008097
12462    0.036205
12591    0.011115
12735    0.009131
12855    0.012984
12889    0.004291
12987    0.002686
13241    0.010448
13298    0.008476
13311    0.008200
13597    0.013922
13800    0.046419
13801    0.015006
13803    0.018413
14012    0.022059
14054    0.008656
14063    0.005824
14065    0.002211
14298    0.012301
14425    0.008806
14498    0.004981
14536    0.008097
14537    0.005262
14604    0.008007
14742    0.015281
14773    0.009531
14796    0.011959
14874    0.013482
14950    0.011137
15006    0.009446
15350    0.045018
15466    0.006593
15468    0.007391
15685    0.010215
15686    0.013303
15712    0.005980
15982    0.025112
16030    0.006865
16047    0.010215
16083    0.014409
16085    0.011299
16116    0.005558
16117    0.006681
16338    0.012838
16409    0.009364
16585    0.013054
16592    0.004025
16668    0.020430
16923    0.005193
16925    0.011656
16941    0.013991
17034    0.009618
17094    0.008917
17281    0.015787
17345    0.008418
17413    0.017438
17529    0.007169
17669    0.004441
17782    0.032824
17814    0.006096
18003    0.007133
18005    0.004769
18167    0.002879
18190    0.008594
18319    0.006269
18422    0.012301
18440    0.011472
18567    0.008097
18587    0.005739
18901    0.017312
18951    0.009058
18987    0.006996
19037    0.007721
19043    0.005176
19125    0.006898
19127    0.009776
19226    0.004441
19278    0.003357
19327    0.008831
19366    0.002601
19410    0.006924
19426    0.003675
19457    0.009284
19480    0.008783
19543    0.013244
19632    0.016859
19707    0.006120
19773    0.004697
19838    0.013922
19844    0.007001
19894    0.009709
19905    0.009058
19997    0.008534
20000    0.014409
20004    0.030012
20055    0.013510
20251    0.007677
20260    0.003181
20282    0.004092
20297    0.011656
20534    0.037461
20768    0.004403
20839    0.012556
20848    0.004858
20894    0.005159
20901    0.017408
20946    0.005044
20983    0.005846
21238    0.023313
21253    0.004115
