137
219    0.010672
1021    0.022275
1190    0.017787
1242    0.027581
1260    0.040689
1364    0.016336
1423    0.016049
1604    0.017538
1705    0.025278
1746    0.011794
1825    0.027762
1940    0.013150
1951    0.017538
2015    0.017661
2022    0.028609
2277    0.016144
2539    0.015866
2792    0.020767
3003    0.052761
3089    0.009179
3318    0.022275
3563    0.012103
3567    0.009048
3575    0.018918
3588    0.022886
3766    0.022572
3809    0.055523
3847    0.024800
4240    0.039395
4599    0.021225
4659    0.097251
4712    0.029610
4829    0.029610
5121    0.023574
5220    0.016536
5515    0.010432
5628    0.010996
5769    0.010850
5854    0.024800
5866    0.010300
5891    0.023574
5954    0.027028
6306    0.022886
6429    0.015517
6628    0.023761
7441    0.018467
7485    0.023219
7631    0.015269
7753    0.010500
8116    0.008340
8383    0.025278
9388    0.013096
9518    0.008182
9719    0.028609
9811    0.018613
9812    0.026864
10107    0.023574
10230    0.022886
10411    0.015351
10413    0.038822
10417    0.021993
10716    0.029610
10837    0.006051
10840    0.013096
11118    0.015957
11207    0.013791
11218    0.008227
11519    0.015602
11568    0.023953
11684    0.017917
12144    0.024360
12230    0.023848
12415    0.011837
12416    0.016639
12462    0.049600
12735    0.018764
12855    0.008893
12889    0.008818
12987    0.005519
13311    0.016850
13597    0.028609
13800    0.038155
13801    0.030836
13803    0.037837
14012    0.045330
14054    0.017787
14065    0.004543
14425    0.009048
14537    0.010814
14742    0.019626
14874    0.027705
14950    0.022886
15350    0.061673
15685    0.020992
15982    0.025802
16030    0.014108
16047    0.020992
16083    0.029610
16116    0.011420
16338    0.026381
16409    0.019242
16585    0.013412
16668    0.020992
16923    0.010672
16941    0.014375
17281    0.010814
17413    0.035833
17782    0.040471
18003    0.014658
18167    0.005917
18190    0.017661
18319    0.012882
18440    0.023574
18567    0.016639
18587    0.011794
19043    0.010637
19125    0.014174
19278    0.006898
19327    0.018147
19366    0.005344
19410    0.014228
19480    0.018049
19543    0.013608
19844    0.010791
19894    0.019952
19997    0.017538
20004    0.061673
20055    0.027762
20251    0.015777
20260    0.006538
20297    0.023953
20534    0.064150
20848    0.009982
20894    0.010602
20901    0.011924
20946    0.010366
21238    0.023953
