436
219    0.008828
234    0.007655
282    0.010604
370    0.004256
394    0.008165
444    0.005610
451    0.007408
453    0.005092
455    0.003552
469    0.003300
504    0.005920
534    0.005667
653    0.005261
670    0.006605
674    0.005789
702    0.003946
803    0.007115
812    0.008503
850    0.005789
927    0.005853
1012    0.007453
1073    0.009554
1099    0.003736
1184    0.006277
1190    0.004905
1242    0.011409
1275    0.005353
1279    0.006403
1283    0.019819
1364    0.004505
1376    0.008165
1382    0.004977
1440    0.008903
1471    0.006501
1511    0.006971
1561    0.019107
1604    0.014508
1614    0.008851
1633    0.004977
1689    0.003375
1692    0.015159
1746    0.006504
1762    0.002719
1859    0.004426
1898    0.007275
1927    0.008165
1940    0.003626
1949    0.010657
2014    0.008421
2015    0.004870
2076    0.009554
2084    0.003704
2089    0.007889
2093    0.003172
2102    0.002654
2120    0.003363
2122    0.005502
2173    0.003160
2211    0.006065
2276    0.010604
2277    0.015581
2280    0.005920
2281    0.004124
2297    0.004560
2344    0.002561
2356    0.006971
2391    0.008165
2470    0.010522
2613    0.006403
2644    0.004617
2684    0.003567
2745    0.003149
2792    0.011453
2857    0.004042
3029    0.004676
3039    0.024568
3043    0.014311
3077    0.003983
3089    0.002531
3090    0.004505
3326    0.003769
3400    0.005610
3441    0.005450
3452    0.008939
3567    0.002495
3571    0.003909
3583    0.006976
3607    0.006143
3693    0.005991
3729    0.007655
3733    0.004233
3766    0.006224
3881    0.004532
4151    0.004588
4173    0.004870
4176    0.005610
4195    0.002858
4240    0.006518
4300    0.005217
4362    0.004505
4380    0.018307
4383    0.004426
4463    0.004532
4480    0.004870
4493    0.008503
4501    0.004042
4507    0.008165
4662    0.003753
4678    0.004279
4697    0.003890
4776    0.006224
4835    0.006839
4837    0.012806
4949    0.009064
5043    0.001560
5075    0.001845
5121    0.006501
5137    0.018933
5160    0.007889
5202    0.006829
5399    0.005502
5456    0.007655
5465    0.009554
5495    0.002034
5501    0.002105
5515    0.002877
5556    0.003983
5567    0.002982
5584    0.005450
5628    0.006065
5670    0.006501
5737    0.005401
5769    0.011967
5788    0.006839
5854    0.006839
5866    0.011361
5867    0.007115
5879    0.004103
5891    0.006501
5941    0.006839
6130    0.005920
6180    0.012622
6305    0.005853
6306    0.006311
6323    0.004905
6403    0.005174
6429    0.004279
6532    0.005092
6590    0.010604
6596    0.002670
6628    0.006552
6684    0.006718
6827    0.004452
6828    0.003909
6891    0.005353
6984    0.003160
7199    0.003276
7349    0.005555
7351    0.003657
7377    0.017832
7379    0.005555
7380    0.004022
7485    0.006403
7522    0.006311
7595    0.010323
7636    0.008750
7642    0.004279
7651    0.006718
7726    0.005502
7753    0.005791
7779    0.004233
7787    0.004676
7793    0.006605
7802    0.001406
7896    0.004211
7927    0.012806
7987    0.004211
7989    0.003704
8068    0.004233
8089    0.009554
8116    0.009199
8209    0.007275
8260    0.005667
8262    0.006971
8377    0.007889
8446    0.002877
8534    0.003415
8568    0.002364
8573    0.005217
8630    0.001822
8825    0.007889
8845    0.014945
9003    0.003890
9016    0.003786
9136    0.004588
9193    0.005502
9200    0.002886
9210    0.003964
9252    0.010604
9282    0.003172
9388    0.003611
9398    0.006650
9411    0.002013
9442    0.004836
9484    0.008206
9502    0.017210
9517    0.002474
9518    0.004512
9601    0.008939
9936    0.010265
9947    0.002474
10105    0.012088
10107    0.006501
10140    0.003363
10165    0.007453
10230    0.006311
10331    0.005727
10338    0.006065
10411    0.004233
10415    0.007453
10420    0.004256
10455    0.009554
10486    0.005727
10501    0.006403
10579    0.009554
10605    0.003183
10697    0.004977
10714    0.003672
10790    0.005053
10816    0.007453
10837    0.003337
10840    0.003611
10846    0.003552
11087    0.003704
11099    0.010604
11201    0.002509
11207    0.003803
11225    0.004426
11390    0.004770
11398    0.006501
11422    0.006605
11468    0.007440
11503    0.002474
11576    0.006718
11613    0.004588
11684    0.004941
11744    0.003172
11788    0.005502
11792    0.008503
11841    0.001750
11882    0.005920
11984    0.004326
12042    0.004770
12061    0.007453
12071    0.003855
12122    0.002662
12162    0.004977
12230    0.006576
12283    0.004176
12415    0.006528
12416    0.009176
12474    0.008503
12493    0.006143
12519    0.002531
12569    0.005853
12818    0.004836
12855    0.002452
12861    0.007275
12889    0.014590
12894    0.004941
12904    0.002778
12909    0.010604
12974    0.004022
12999    0.001746
13125    0.004870
13143    0.004233
13145    0.004977
13185    0.006224
13355    0.009866
13357    0.005939
13361    0.004351
13434    0.001926
13466    0.002481
13481    0.006311
13484    0.004145
13530    0.004302
13579    0.010604
13691    0.005727
13800    0.005261
13926    0.005727
14012    0.004167
14037    0.030622
14054    0.004905
14063    0.009901
14065    0.002505
14124    0.008512
14137    0.004400
14228    0.007115
14320    0.003596
14322    0.004836
14359    0.010185
14391    0.004478
14430    0.004145
14498    0.016934
14500    0.008503
14537    0.002982
14607    0.003596
14654    0.007275
14726    0.005174
14742    0.004330
14780    0.005401
14852    0.008503
14950    0.006311
15080    0.005015
15081    0.003786
15140    0.002905
15147    0.005920
15266    0.008939
15333    0.005667
15343    0.005667
15347    0.008503
15356    0.007655
15555    0.003657
15623    0.004062
15686    0.011308
15712    0.013554
15818    0.003229
15861    0.007115
15907    0.009583
15910    0.003837
15912    0.005471
16026    0.004588
16028    0.007275
16029    0.004188
16030    0.007781
16060    0.004145
16105    0.007115
16258    0.007889
16293    0.007655
16333    0.005261
16398    0.008503
16437    0.004426
16459    0.005789
16578    0.004941
16585    0.016027
16589    0.007115
16592    0.004562
16612    0.005174
16668    0.005789
16707    0.007640
16724    0.003688
16766    0.012372
16862    0.003720
16923    0.005886
16937    0.006224
16941    0.003964
16944    0.002858
16959    0.003194
17025    0.004426
17027    0.003524
17033    0.004836
17051    0.003106
17108    0.004082
17122    0.005133
17159    0.008165
17221    0.005401
17281    0.029819
17292    0.010012
17407    0.010244
17426    0.005789
17484    0.001768
17560    0.006605
17669    0.017616
17836    0.005920
17907    0.006718
17927    0.008165
18005    0.008107
18138    0.004400
18167    0.006527
18182    0.001636
18187    0.007275
18223    0.005555
18319    0.007105
18565    0.006224
18587    0.003252
18732    0.006718
18784    0.005053
18882    0.002287
18883    0.003252
18901    0.004905
18940    0.005133
18987    0.003964
18992    0.004617
19043    0.002933
19122    0.006971
19125    0.007817
19127    0.011079
19169    0.004256
19262    0.003596
19277    0.004770
19278    0.001902
19327    0.005004
19366    0.002947
19416    0.007222
19426    0.002083
19448    0.006403
19455    0.005353
19480    0.004977
19541    0.006839
19710    0.006605
19751    0.004977
19844    0.002976
20068    0.006501
20090    0.001799
20108    0.005092
20256    0.005667
20260    0.013521
20275    0.002599
20282    0.006957
20297    0.006605
20305    0.005306
20358    0.007275
20535    0.005450
20559    0.005401
20743    0.008165
20823    0.007275
20824    0.004279
20868    0.002338
20927    0.002568
20946    0.005717
20993    0.007606
21011    0.005450
21126    0.005727
21129    0.002391
21133    0.005920
21253    0.016322
