41
1283    0.044491
1741    0.031227
2278    0.067610
2432    0.028775
2539    0.068753
3766    0.097813
5056    0.094143
5219    0.103796
5495    0.031965
5532    0.041702
5866    0.044632
6628    0.051482
7377    0.046704
7531    0.043255
8233    0.063834
8774    0.071655
10411    0.066519
10417    0.095304
11681    0.166631
12230    0.051671
14425    0.039206
14498    0.044350
15312    0.123970
16004    0.128311
17782    0.058457
18186    0.062597
18282    0.025833
18411    0.069547
18477    0.103796
18560    0.096525
19128    0.060854
19453    0.056050
19578    0.107467
19844    0.015586
20038    0.114316
20534    0.111194
20901    0.051671
21146    0.069147
21253    0.036641
21266    0.045061
21333    0.123970
