168
103    0.010681
191    0.026149
469    0.010084
674    0.017687
709    0.022228
851    0.014289
1099    0.022833
1242    0.023240
1283    0.008651
1614    0.013523
1691    0.010314
1698    0.008790
1919    0.022733
2047    0.027609
2277    0.020404
2278    0.013146
2279    0.017498
2292    0.013146
2710    0.011999
2924    0.025982
2947    0.011672
3039    0.010724
3043    0.014576
3380    0.032401
3436    0.027314
3767    0.024949
4258    0.008992
4380    0.031077
4636    0.014988
4729    0.010556
4777    0.012866
5202    0.020866
5274    0.019863
5515    0.026370
5532    0.008109
5577    0.020526
5852    0.023392
5866    0.017357
6179    0.024949
6983    0.017498
7189    0.018769
7199    0.010010
7226    0.023392
7248    0.025982
7377    0.009081
7531    0.008411
7713    0.024949
7716    0.015683
7753    0.008847
7989    0.011318
8260    0.017317
8343    0.016811
8375    0.019564
8398    0.025982
8500    0.007125
8845    0.011416
9016    0.023136
9193    0.016811
9209    0.014776
9282    0.009691
9300    0.029191
9347    0.022773
9361    0.011416
9398    0.020319
9631    0.012351
10063    0.022773
10578    0.042593
11118    0.026890
11390    0.014576
11453    0.015208
11782    0.008036
12005    0.013033
12071    0.011779
12122    0.008133
12230    0.010047
12262    0.032401
12263    0.020183
12411    0.019284
12414    0.017317
12415    0.009974
12480    0.018305
12565    0.023392
12889    0.037150
12894    0.015096
12900    0.013848
12932    0.013933
12987    0.004651
13151    0.017498
13352    0.009795
13357    0.009073
13359    0.021299
13411    0.032401
13434    0.011768
13482    0.012412
13533    0.016355
13639    0.022228
13641    0.024949
13921    0.015941
14063    0.010084
14090    0.024105
14124    0.013004
14239    0.023392
14607    0.010989
14640    0.022773
14681    0.020526
14719    0.017142
14762    0.018305
14785    0.018769
15032    0.014383
15083    0.027314
15102    0.020526
15503    0.012934
15684    0.015560
15906    0.011174
16030    0.011887
16120    0.017498
16188    0.032401
16265    0.015560
16440    0.019564
16522    0.029191
16713    0.015440
16729    0.005280
16896    0.024949
16941    0.006056
17046    0.025982
17281    0.036446
17292    0.030593
17407    0.020866
17527    0.017687
17631    0.027314
17669    0.015379
17711    0.027314
18167    0.004986
18221    0.027314
18329    0.018531
18561    0.019284
18632    0.029191
18672    0.022228
18717    0.011833
18731    0.017498
18882    0.006989
18887    0.014881
18901    0.014988
18992    0.014108
18998    0.017498
19125    0.023886
19127    0.016926
19173    0.015440
19226    0.007690
19271    0.011999
19349    0.013765
19433    0.012231
19453    0.032696
19464    0.009051
19640    0.013369
19844    0.009092
20260    0.008263
20282    0.014171
20488    0.019284
20713    0.008762
20745    0.014289
20785    0.010989
20803    0.006431
20916    0.016075
21146    0.013445
21155    0.013075
21212    0.024105
21253    0.014249
