423
102    0.007098
1095    0.005191
1203    0.007513
1214    0.006639
1256    0.005850
1262    0.016574
1278    0.004513
1391    0.009099
1466    0.004370
1635    0.010099
1676    0.006098
1677    0.004120
1686    0.004968
1689    0.003215
1699    0.003597
1707    0.003722
1862    0.002058
1868    0.010099
1914    0.013277
1919    0.003543
1941    0.003239
1942    0.004888
1949    0.003383
2047    0.002869
2102    0.002527
2277    0.002120
2278    0.004098
2295    0.014196
2432    0.003488
2497    0.006191
2658    0.005454
2688    0.003528
2706    0.002812
2713    0.005776
2723    0.005642
2737    0.020809
2739    0.006291
2926    0.009099
2933    0.005240
2981    0.004850
2985    0.010480
3089    0.004821
3153    0.010099
3273    0.005290
3297    0.003850
3341    0.003239
3563    0.003179
3567    0.002376
3583    0.002215
3619    0.007855
3647    0.002849
3694    0.006011
3731    0.020198
3862    0.004290
3911    0.003722
3912    0.004888
3975    0.014196
4135    0.004265
4137    0.004921
4240    0.004138
4312    0.007513
4317    0.005240
4324    0.003512
4405    0.007776
4417    0.010099
4461    0.011273
4463    0.004316
4505    0.004928
4528    0.010099
4620    0.005343
4704    0.006513
4708    0.007098
4801    0.006776
4833    0.005397
4871    0.004215
4899    0.005978
4901    0.005454
4918    0.006291
5043    0.007430
5047    0.004705
5057    0.006928
5074    0.003356
5075    0.003514
5086    0.004928
5093    0.004167
5112    0.005850
5211    0.004483
5220    0.008685
5225    0.004928
5232    0.005513
5268    0.005706
5372    0.006291
5495    0.001937
5501    0.002004
5571    0.028393
5572    0.008514
5577    0.006398
5614    0.003468
5646    0.005397
5706    0.005343
5709    0.013026
5719    0.002869
5739    0.009552
5975    0.003097
6129    0.004968
6211    0.009099
6227    0.006398
6256    0.007291
6372    0.002404
6406    0.006928
6630    0.004776
6719    0.003397
6734    0.004191
6758    0.002202
6761    0.013832
6769    0.005191
6844    0.003928
7141    0.004513
7199    0.003120
7241    0.004812
7325    0.004483
7361    0.008098
7466    0.003558
7472    0.005928
7500    0.007291
7531    0.002622
7607    0.005290
7634    0.011856
7709    0.004606
7802    0.001339
8025    0.005533
8027    0.006011
8118    0.008098
8185    0.005638
8446    0.002740
8500    0.002221
8533    0.006685
8545    0.013857
8568    0.002252
8581    0.002239
8622    0.006063
8780    0.008514
8803    0.015553
8964    0.015956
9118    0.003191
9152    0.029330
9153    0.014890
9155    0.004671
9210    0.003776
9214    0.004638
9282    0.003021
9358    0.007776
9388    0.003439
9454    0.002927
9518    0.002149
9666    0.008514
9798    0.002831
9873    0.009430
9947    0.002356
9976    0.016192
9984    0.008287
10025    0.007098
10149    0.006011
10226    0.007513
10299    0.010099
10545    0.009343
10611    0.004265
10673    0.008514
10803    0.004031
10846    0.013533
10892    0.002258
10932    0.004543
10942    0.037520
10943    0.004812
11103    0.003437
11118    0.004191
11168    0.007291
11181    0.005587
11182    0.005010
11203    0.003558
11218    0.002161
11289    0.003812
11293    0.018197
11358    0.003411
11386    0.010275
11413    0.006011
11528    0.003343
11531    0.006822
11565    0.007291
11683    0.001902
11729    0.003316
11747    0.003758
11750    0.002705
11753    0.004812
11782    0.002505
11841    0.001667
12005    0.002031
12048    0.003888
12064    0.004010
12066    0.006776
12080    0.008514
12085    0.003512
12110    0.005462
12245    0.005325
12307    0.058006
12309    0.007480
12326    0.009777
12331    0.017328
12332    0.006291
12505    0.010964
12522    0.003316
12591    0.002999
12605    0.038881
12648    0.005776
12675    0.003120
12711    0.006928
12856    0.007513
12864    0.003143
12867    0.013915
12869    0.006513
12932    0.013028
12958    0.020329
12983    0.005875
13008    0.004397
13050    0.002550
13265    0.010099
13347    0.009343
13434    0.005502
13491    0.004776
13492    0.004888
13501    0.010264
13529    0.004265
13547    0.005776
13565    0.006011
13886    0.002520
13896    0.005144
13939    0.002968
14012    0.011905
14065    0.001193
14108    0.006639
14129    0.007776
14140    0.005776
14202    0.007776
14332    0.007291
14341    0.004574
14401    0.008514
14421    0.008098
14425    0.004752
14430    0.003948
14538    0.004120
14580    0.006291
14604    0.006482
14607    0.003425
14717    0.004215
14726    0.004928
14741    0.003606
14742    0.012370
14745    0.004632
14754    0.008063
14782    0.007291
14809    0.006291
14853    0.007291
14895    0.014582
15003    0.005574
15019    0.004265
15028    0.006098
15044    0.006928
15063    0.002888
15108    0.016197
15140    0.002766
15142    0.023687
15204    0.003356
15229    0.004606
15237    0.007776
15321    0.009099
15355    0.010099
15478    0.009856
15507    0.005240
15550    0.005144
15570    0.005397
15571    0.011552
15573    0.007776
15710    0.012794
15712    0.003227
15911    0.005290
15927    0.004215
15936    0.005638
15998    0.007098
16005    0.008514
16024    0.005397
16060    0.003948
16239    0.009099
16270    0.007776
16432    0.015631
16501    0.005936
16527    0.033832
16529    0.008634
16532    0.004606
16575    0.004425
16585    0.002935
16734    0.002026
16907    0.011248
16941    0.001888
16944    0.010889
16949    0.005343
16958    0.008581
16959    0.006084
17010    0.007776
17074    0.018878
17075    0.011783
17079    0.004968
17105    0.002927
17396    0.010099
17407    0.013008
17443    0.007098
17447    0.004928
17529    0.003869
17643    0.003120
17810    0.006098
17814    0.003290
17845    0.008098
17846    0.045431
17885    0.005454
17916    0.003688
17949    0.004370
18003    0.003850
18105    0.005290
18133    0.008850
18138    0.004191
18167    0.006216
18179    0.003606
18180    0.010908
18247    0.011220
18282    0.007828
18317    0.004053
18319    0.003383
18383    0.003143
18411    0.004215
18416    0.005010
18417    0.006191
18451    0.005053
18581    0.006776
18652    0.005243
18655    0.006454
18658    0.006776
18882    0.004357
18883    0.006195
18887    0.004638
18888    0.003383
19043    0.002794
19046    0.003888
19177    0.005795
19183    0.008098
19211    0.006398
19213    0.005010
19223    0.003655
19226    0.002397
19229    0.006398
19271    0.003740
19349    0.008581
19366    0.001404
19410    0.011210
19411    0.005053
19460    0.002342
19464    0.002821
19569    0.010908
19572    0.005513
19634    0.005010
19643    0.007098
19685    0.003758
19741    0.004740
19772    0.003439
19773    0.002535
19826    0.010099
19830    0.004240
19844    0.001889
20150    0.012021
20260    0.001717
20274    0.003512
20275    0.002475
20281    0.003655
20385    0.007098
20534    0.006739
20557    0.003343
20582    0.007587
20601    0.006995
20620    0.003010
20624    0.005010
20671    0.004928
20686    0.005706
20713    0.008193
20714    0.013317
20716    0.003989
20717    0.005147
20768    0.007128
20803    0.006013
20807    0.004343
20824    0.004075
20845    0.004120
20855    0.006291
20868    0.013361
20901    0.009395
20902    0.009988
20910    0.004483
20911    0.007513
20915    0.010686
20930    0.008514
20946    0.002722
20956    0.004010
20998    0.005343
21087    0.002937
21088    0.011856
21094    0.004671
21113    0.004812
21115    0.002369
21120    0.003239
21129    0.009108
21132    0.013449
21150    0.003455
21247    0.004392
21307    0.016450
21311    0.006398
21346    0.005454
