180
103    0.056272
429    0.018702
431    0.016271
453    0.013662
1190    0.013160
1242    0.020405
1403    0.012886
1415    0.011874
1451    0.020315
1616    0.025632
1640    0.022814
1689    0.009056
1698    0.007718
1699    0.003378
1805    0.038178
1816    0.014361
1911    0.022814
1951    0.012975
2185    0.023983
2277    0.023887
2587    0.013997
2609    0.010845
2882    0.020684
2968    0.013353
3070    0.028449
3089    0.006791
3090    0.024172
3567    0.006694
3583    0.006239
3745    0.012547
3831    0.017441
3862    0.024172
4289    0.015052
4383    0.011874
4656    0.013662
4674    0.019089
5043    0.016745
5075    0.004950
5121    0.017441
5232    0.015530
5313    0.019996
5440    0.022129
5501    0.005646
5854    0.018348
5871    0.028449
5877    0.017179
6628    0.008790
6714    0.015530
6715    0.015364
6828    0.010486
7192    0.012159
7199    0.017579
7351    0.009811
7377    0.007974
7524    0.008135
7753    0.015536
7802    0.003771
8043    0.017441
8193    0.017721
8596    0.007548
8630    0.004888
8783    0.009379
8947    0.019517
9002    0.013160
9266    0.022814
9388    0.009689
9454    0.008247
9518    0.006053
9673    0.021907
9747    0.011543
10076    0.025632
10140    0.009022
10215    0.029066
10334    0.008275
10338    0.008135
10354    0.010157
10397    0.023345
10411    0.011357
10413    0.014361
10575    0.032543
10589    0.010586
10614    0.014623
10826    0.017721
10837    0.004477
10898    0.014761
11014    0.020876
11026    0.017179
11103    0.006455
11210    0.036696
11415    0.011874
11503    0.006636
11519    0.011543
11528    0.009416
11542    0.025632
11824    0.017441
11882    0.015884
12005    0.005722
12182    0.022814
12230    0.008822
12245    0.007501
12447    0.041078
12551    0.007408
12627    0.021907
12864    0.008855
12898    0.025596
12900    0.012159
12999    0.009366
13014    0.006256
13357    0.027884
13434    0.002583
13478    0.018023
13568    0.010438
13691    0.015364
13799    0.018702
14303    0.008191
14320    0.009649
14322    0.012975
14498    0.007572
14538    0.011607
14742    0.005808
14900    0.018702
15081    0.010157
15204    0.009454
15555    0.009811
15686    0.010112
15947    0.016480
16030    0.031313
16063    0.011237
16082    0.037403
16305    0.022814
16403    0.021907
16566    0.022814
16729    0.027819
16766    0.011064
16771    0.018023
16907    0.007921
17051    0.008332
17345    0.012798
17531    0.008108
17560    0.017721
17782    0.009981
17814    0.018537
17931    0.013066
18282    0.008821
18476    0.016271
18587    0.008726
18724    0.012547
18726    0.010845
19046    0.010953
19065    0.013255
19124    0.030410
19125    0.010486
19127    0.029724
19128    0.020779
19223    0.010295
19278    0.005104
19366    0.007908
19411    0.014236
19453    0.019139
19528    0.019089
19557    0.014761
19588    0.025632
19710    0.017721
19844    0.002661
20260    0.014511
20534    0.009492
20563    0.015364
20745    0.012547
20768    0.006694
20776    0.013160
20803    0.005646
20844    0.005940
20886    0.025632
20946    0.007669
21150    0.009732
21243    0.006451
21247    0.008249
21253    0.025023
21259    0.012629
21266    0.007693
