43
103    0.053655
191    0.065677
469    0.050656
666    0.069562
709    0.111658
1283    0.043456
1741    0.030501
2015    0.074752
3089    0.038852
4240    0.033349
4380    0.031221
5495    0.031221
5515    0.044154
5866    0.043594
5925    0.089838
6256    0.117502
6628    0.050284
7351    0.056129
9398    0.051035
10105    0.046385
10215    0.055428
11201    0.038516
12230    0.050470
12415    0.050101
12889    0.037323
14054    0.075286
14498    0.043319
14742    0.016613
15543    0.162756
15686    0.057852
16085    0.098277
16259    0.077557
16614    0.162756
16729    0.026525
17281    0.045769
17531    0.046385
18282    0.025233
19127    0.042512
20282    0.035592
20630    0.121087
20883    0.117502
21212    0.121087
21254    0.050656
