337
161    0.006411
219    0.004213
476    0.010670
640    0.012798
925    0.015181
1099    0.005349
1194    0.007469
1240    0.009629
1436    0.005469
1496    0.016227
1614    0.006336
1683    0.010415
1694    0.013678
1712    0.016047
1853    0.009035
1862    0.003094
1869    0.015181
1914    0.009980
2102    0.011398
2162    0.013678
2211    0.008683
2277    0.009560
2278    0.006160
2380    0.006876
2388    0.008911
2396    0.004092
2604    0.036961
2609    0.005787
2613    0.018334
2640    0.015181
2706    0.004227
2710    0.005622
2853    0.007532
3027    0.015181
3128    0.013678
3167    0.015181
3171    0.009791
3287    0.015181
3297    0.005787
3414    0.015181
3439    0.030362
3583    0.003329
3675    0.012746
3688    0.006972
3694    0.009035
3708    0.015181
3725    0.015181
3727    0.008794
3766    0.008911
3767    0.011690
3782    0.038394
3793    0.011690
3826    0.009167
3842    0.009853
3903    0.005731
4028    0.006126
4080    0.008683
4258    0.004213
4325    0.010186
4380    0.017473
4456    0.006229
4509    0.015181
4522    0.032247
4576    0.007597
4615    0.012798
4871    0.006336
4939    0.009035
5043    0.004468
5053    0.013678
5093    0.006264
5202    0.009777
5206    0.007291
5495    0.005824
5523    0.006060
5538    0.011690
5596    0.013678
5780    0.015181
5789    0.011294
5790    0.013678
5799    0.015181
5820    0.006829
5866    0.008133
5977    0.004105
6049    0.007179
6050    0.005170
6305    0.008380
6372    0.003613
6492    0.008794
6496    0.015181
6562    0.026382
6585    0.011690
6628    0.009381
6838    0.012174
6872    0.023380
7189    0.008794
7263    0.012798
7343    0.007126
7406    0.007953
7416    0.008683
7435    0.015181
7523    0.029224
7524    0.017365
7600    0.006829
7736    0.004462
7800    0.009980
7856    0.009307
7896    0.006028
8116    0.006585
8220    0.007234
8223    0.006695
8229    0.011294
8500    0.006676
8505    0.006093
8568    0.003385
8581    0.010098
8592    0.015181
8600    0.011690
8648    0.011690
8805    0.006449
8918    0.005025
8960    0.030362
9023    0.005703
9067    0.012174
9193    0.007877
9209    0.003462
9282    0.004541
9415    0.011294
9424    0.006488
9442    0.006924
9517    0.003541
9616    0.012174
9634    0.012798
9692    0.006060
9694    0.009307
9721    0.015181
9747    0.006160
9803    0.008476
10174    0.009307
10199    0.010415
10593    0.008032
10605    0.004557
10837    0.002389
10845    0.013678
10892    0.006789
10893    0.009617
11087    0.005303
11089    0.007663
11181    0.004199
11201    0.003593
11281    0.013678
11289    0.005731
11313    0.011294
11355    0.008851
11387    0.009307
11503    0.007083
11531    0.005128
11553    0.011690
11569    0.004312
11570    0.009485
11603    0.011294
11661    0.007291
11753    0.007234
11782    0.003765
11976    0.012798
12042    0.006829
12109    0.006784
12110    0.016421
12202    0.006924
12206    0.013678
12221    0.015181
12230    0.009415
12283    0.002989
12401    0.015181
12414    0.008114
12505    0.005494
12548    0.004907
12551    0.003953
12591    0.004509
12618    0.006373
12880    0.005025
12889    0.041776
12892    0.015181
12971    0.030362
12978    0.006528
12987    0.002179
12999    0.009996
13014    0.006676
13143    0.006060
13187    0.015181
13333    0.015181
13355    0.003531
13357    0.002126
13366    0.009457
13388    0.005731
13434    0.005514
13530    0.006160
13580    0.007398
13647    0.004028
13648    0.012174
13660    0.012798
13760    0.008683
13778    0.010415
13871    0.007291
14033    0.013678
14065    0.007174
14104    0.010415
14137    0.006300
14243    0.015181
14406    0.009212
14433    0.015181
14498    0.008081
14539    0.006739
14618    0.013678
14669    0.009791
14716    0.007877
14719    0.008032
14900    0.009980
15048    0.015181
15218    0.009457
15220    0.009617
15221    0.015181
15345    0.010670
15378    0.008794
15465    0.015181
15484    0.013057
15781    0.009980
15783    0.006739
15791    0.005845
15820    0.005258
15836    0.010186
15983    0.005935
15994    0.012174
16030    0.005570
16075    0.013678
16094    0.005676
16272    0.009035
16302    0.007597
16328    0.013678
16402    0.015181
16423    0.015181
16440    0.009167
16562    0.008683
16569    0.015181
16585    0.009708
16591    0.016575
16717    0.009457
16753    0.012174
16813    0.010960
16857    0.015181
16862    0.015978
16886    0.010960
16889    0.015181
16938    0.021920
16941    0.005675
16944    0.008184
16949    0.008032
16955    0.005935
16959    0.004573
17104    0.008794
17105    0.017603
17253    0.009307
17281    0.004269
17324    0.015181
17351    0.008476
17451    0.006300
17669    0.003603
17811    0.006784
17821    0.005349
17830    0.005326
17916    0.005544
17937    0.015181
17985    0.012798
18028    0.012798
18098    0.006060
18167    0.002336
18282    0.002354
18305    0.015181
18340    0.006194
18382    0.011517
18403    0.019959
18536    0.009980
18713    0.006336
18811    0.015181
18850    0.015181
18888    0.005086
18910    0.009980
19112    0.008199
19127    0.003965
19212    0.006194
19223    0.005494
19226    0.003603
19249    0.036522
19271    0.005622
19327    0.003582
19329    0.008911
19357    0.048696
19366    0.002110
19416    0.015510
19523    0.008032
19535    0.005519
19543    0.005372
19558    0.021341
19577    0.020771
19719    0.015181
19756    0.008199
19761    0.012174
19817    0.005935
19830    0.006373
19844    0.001420
19894    0.007877
19935    0.010186
19937    0.012174
20226    0.007803
20233    0.007469
20235    0.012798
20260    0.001291
20339    0.017588
20439    0.007877
20488    0.009035
20560    0.008577
20562    0.022589
20617    0.008380
20672    0.023196
20673    0.013390
20717    0.003869
20733    0.015181
20844    0.003170
20845    0.006194
20964    0.004639
20983    0.004743
21070    0.041033
21111    0.019008
21129    0.003423
21139    0.009035
21150    0.001731
21242    0.009617
21290    0.005519
