89
666    0.027696
1099    0.022833
1242    0.023240
1614    0.027046
1741    0.012144
1940    0.022161
1949    0.021709
2102    0.016217
2120    0.020550
2221    0.044456
2229    0.070749
2277    0.054410
2947    0.023344
3039    0.021448
3583    0.014210
3873    0.129602
4173    0.029762
4240    0.013278
4362    0.027529
4380    0.037292
4456    0.026587
4870    0.020021
5501    0.012861
5515    0.017580
5628    0.018531
5769    0.018284
5866    0.017357
6403    0.031620
6628    0.020021
7377    0.018163
7595    0.021029
8019    0.031209
8025    0.017751
8554    0.048211
8829    0.051965
9016    0.023136
9193    0.033622
9518    0.013788
9812    0.022635
9904    0.051965
10105    0.018468
10247    0.028957
10336    0.040365
10417    0.037063
11201    0.015335
11218    0.013863
11390    0.029152
12122    0.016266
12230    0.020094
12569    0.035769
12999    0.010667
13213    0.044456
13214    0.051965
13357    0.009073
13434    0.017652
13803    0.031881
14012    0.025463
14063    0.040338
14092    0.129602
14304    0.029351
14498    0.017247
14742    0.006615
15006    0.032711
15686    0.046068
15712    0.020707
15818    0.019731
15912    0.016718
16003    0.033622
16105    0.043481
16585    0.007534
16592    0.013939
16729    0.010561
16923    0.017984
17531    0.018468
17669    0.015379
18086    0.034284
18167    0.019943
18319    0.021709
18992    0.028215
19125    0.023886
20260    0.027543
20282    0.014171
20760    0.028215
20768    0.015247
20937    0.064801
20946    0.017468
20993    0.023240
21150    0.007389
21253    0.014249
