306
431    0.009352
469    0.005089
702    0.006084
1190    0.007564
1242    0.023457
1245    0.006264
1251    0.013113
1262    0.006709
1283    0.013098
1299    0.013785
1314    0.016968
1325    0.012591
1568    0.014732
1604    0.007458
1614    0.006825
1692    0.007792
1698    0.004436
1699    0.005825
1707    0.006027
1741    0.003064
1764    0.008926
1878    0.009874
1951    0.007458
1990    0.008926
1993    0.010359
1994    0.014732
2015    0.007510
2020    0.009472
2084    0.005712
2093    0.004891
2129    0.013113
2277    0.017162
2280    0.009130
2281    0.006359
2285    0.010749
2295    0.011493
2439    0.013113
2587    0.008045
2604    0.005687
2711    0.006905
2723    0.004568
2728    0.016352
2751    0.016352
2857    0.006233
2947    0.023562
3029    0.007211
3039    0.010824
3089    0.003903
3092    0.010546
3196    0.032703
3347    0.016352
3583    0.003586
3647    0.004614
3727    0.009472
3730    0.014732
3788    0.007406
3790    0.019377
3793    0.012591
3862    0.013893
4168    0.015350
4173    0.007510
4240    0.003350
4324    0.005687
4380    0.015684
4383    0.006825
4450    0.004436
4480    0.007510
4653    0.010546
4669    0.010186
4701    0.008045
4914    0.014732
4994    0.012591
5043    0.002406
5079    0.005348
5121    0.010024
5137    0.029196
5220    0.007032
5414    0.005838
5440    0.006359
5495    0.003137
5745    0.006671
5769    0.009227
5854    0.010546
5866    0.013139
5891    0.010024
5991    0.005999
6036    0.007979
6050    0.005569
6180    0.009732
6305    0.009026
6372    0.007784
6598    0.004219
6628    0.030312
6644    0.009352
6673    0.010546
6696    0.016352
6697    0.008182
6758    0.003566
6839    0.016352
7136    0.013113
7178    0.006865
7188    0.005787
7351    0.011278
7377    0.018332
7380    0.012405
7393    0.007307
7396    0.010972
7466    0.005761
7485    0.009874
7522    0.009732
7531    0.004245
7631    0.012986
7658    0.016352
7753    0.008930
7981    0.014732
8001    0.008328
8025    0.008958
8107    0.003739
8116    0.003546
8281    0.007915
8398    0.013113
8408    0.008831
8476    0.005225
8500    0.003596
8581    0.003626
8622    0.004908
8774    0.007032
8845    0.005761
9004    0.009598
9016    0.005838
9161    0.016352
9214    0.007510
9282    0.014672
9290    0.016352
9385    0.026225
9388    0.005569
9411    0.003104
9518    0.003479
9644    0.006865
9647    0.008328
9936    0.015830
9947    0.007629
10064    0.007510
10105    0.004660
10222    0.009732
10230    0.009732
10331    0.008831
10333    0.007120
10338    0.004676
10358    0.008328
10411    0.013055
10417    0.009352
10605    0.004908
10612    0.008484
10691    0.011493
10714    0.005663
10837    0.005147
10892    0.007312
11117    0.004056
11201    0.003870
11210    0.021092
11453    0.007675
11468    0.005736
11683    0.003080
11684    0.007619
11692    0.016352
11841    0.002699
11882    0.009130
11883    0.016352
11887    0.009732
12005    0.006577
12045    0.006989
12144    0.010359
12230    0.030423
12245    0.004311
12416    0.007075
12493    0.009472
12548    0.005286
12889    0.007499
12987    0.004694
13008    0.007120
13141    0.010359
13143    0.006528
13282    0.014732
13298    0.007406
13311    0.014330
13351    0.003836
13352    0.004943
13357    0.006869
13361    0.013418
13434    0.002970
13757    0.010972
13799    0.010749
13803    0.016090
13939    0.004806
13977    0.011493
14012    0.006425
14054    0.007564
14063    0.015268
14065    0.003864
14124    0.006563
14137    0.006785
14320    0.005546
14406    0.004961
14498    0.004352
14742    0.003338
14745    0.003750
14774    0.009352
14944    0.006635
14950    0.009732
15032    0.007259
15140    0.004479
15229    0.007458
15374    0.016352
15400    0.007075
15503    0.006528
15539    0.012591
15684    0.007853
15704    0.010972
15706    0.010186
15912    0.008437
16030    0.005999
16094    0.006113
16245    0.011493
16259    0.007792
16261    0.016352
16459    0.017853
16509    0.011278
16585    0.002852
16592    0.003517
16617    0.016352
16650    0.009352
16732    0.008136
16734    0.003280
16766    0.012719
16923    0.004538
16941    0.003056
16958    0.006947
16959    0.004926
17056    0.019197
17104    0.009472
17145    0.009352
17439    0.009732
17632    0.008651
17669    0.007762
17814    0.005327
17816    0.011493
17867    0.008484
17916    0.005972
18090    0.013113
18167    0.005032
18170    0.016352
18182    0.015135
18282    0.002535
18326    0.006493
18383    0.005089
18549    0.009238
18580    0.007259
18590    0.012591
18656    0.009238
18724    0.007211
18732    0.010359
18733    0.010359
18866    0.010749
18882    0.003527
18883    0.005015
18951    0.007915
18992    0.007120
19088    0.020371
19125    0.024109
19127    0.004271
19128    0.035830
19226    0.003881
19309    0.006425
19366    0.006818
19410    0.012100
19411    0.024547
19416    0.005569
19579    0.013113
19680    0.010186
19751    0.007675
19825    0.011805
19830    0.006865
20058    0.011218
20090    0.016645
20251    0.006709
20260    0.006950
20281    0.005917
20282    0.003576
20297    0.010186
20534    0.005456
20540    0.006747
20745    0.007211
20768    0.015389
20868    0.003606
20894    0.004508
20927    0.003961
20946    0.004408
21115    0.003836
21122    0.005369
21129    0.003687
21132    0.007259
21150    0.007458
21212    0.012165
21253    0.017978
21254    0.010179
