64
666    0.040975
1190    0.044347
1242    0.103145
1283    0.025597
1741    0.017966
1951    0.043724
2277    0.020124
2292    0.038899
3029    0.042281
4240    0.019644
4380    0.018391
5121    0.058773
5854    0.061830
5866    0.025679
5891    0.058773
6596    0.024138
6628    0.029620
6783    0.061830
7377    0.080612
7380    0.036366
7485    0.057889
7753    0.026177
9388    0.032649
10058    0.086375
10095    0.042557
10105    0.027323
10230    0.057059
10837    0.015087
11201    0.022687
12122    0.024065
12230    0.029729
12415    0.029511
12416    0.041482
12889    0.021985
12907    0.038477
13426    0.076880
13580    0.023359
13760    0.054833
14012    0.037671
14063    0.029839
14498    0.025517
14742    0.009786
14950    0.057059
15308    0.259124
15356    0.069214
15906    0.033062
15912    0.024734
16030    0.035174
16060    0.037477
16592    0.020623
16729    0.015624
16734    0.038460
16766    0.037286
16941    0.017920
17531    0.027323
17669    0.022753
18317    0.038477
19125    0.035338
19844    0.008968
20260    0.024449
20282    0.020965
20297    0.059719
21052    0.057889
21254    0.029839
