78
929    0.059275
1368    0.060729
1698    0.023440
1940    0.029547
2022    0.064281
2378    0.069287
2432    0.014920
2458    0.041172
3077    0.032458
3300    0.086401
4271    0.045712
4380    0.016574
4448    0.055723
4701    0.042508
4992    0.064281
5112    0.050050
5865    0.038869
5866    0.023143
6415    0.077844
7173    0.035449
7181    0.028828
7704    0.042866
7797    0.052172
8536    0.038354
8596    0.022924
9136    0.037385
9411    0.016403
9517    0.020155
9631    0.032936
9947    0.020155
10411    0.034492
10413    0.043614
10417    0.049417
10837    0.013597
11093    0.032615
11201    0.020447
11289    0.032615
11439    0.035252
11567    0.037621
11605    0.069287
11895    0.052172
11958    0.034866
12843    0.086401
12855    0.019983
12936    0.057974
12987    0.012402
12999    0.042669
13180    0.057974
14200    0.036928
14406    0.052427
14746    0.034492
15377    0.077844
15712    0.027609
16941    0.016150
17033    0.039406
17782    0.030311
18155    0.086401
18382    0.032774
18446    0.039406
18948    0.047692
18951    0.041822
19033    0.069287
19127    0.022568
19278    0.015500
19410    0.015984
19453    0.029063
19844    0.008082
20240    0.077844
20260    0.007345
20282    0.018894
20695    0.037621
20760    0.037621
20768    0.020329
20803    0.017149
21129    0.019481
21238    0.053820
21243    0.019591
21279    0.030986
