93
621    0.021728
1283    0.033073
1314    0.032135
1466    0.026798
1619    0.084978
1699    0.007354
1940    0.021180
1941    0.019867
2084    0.021634
2215    0.038579
2277    0.013001
2344    0.014958
2740    0.104423
2968    0.029070
3039    0.040998
3086    0.026471
3282    0.029979
3563    0.019493
4023    0.015453
4168    0.029070
4380    0.011881
4383    0.025849
4409    0.049666
4639    0.030470
5202    0.039886
5487    0.026471
5573    0.029070
5866    0.033178
6628    0.019135
7097    0.023845
7325    0.027493
7380    0.023493
7600    0.027862
8375    0.037398
8446    0.016802
8594    0.023845
8810    0.032135
9016    0.044225
9398    0.019420
9798    0.017359
9936    0.029979
10837    0.009747
11201    0.014656
11453    0.029070
11823    0.049666
12053    0.028649
12213    0.047691
12569    0.034186
12880    0.020499
12999    0.020391
13179    0.023045
13281    0.043532
13484    0.024211
14063    0.038553
14498    0.016484
14559    0.040713
14874    0.022311
15081    0.044225
15503    0.024724
15556    0.026633
15686    0.044029
15912    0.015978
16440    0.037398
16578    0.028857
16592    0.013323
16724    0.021541
16734    0.024846
16941    0.023153
17051    0.018139
17281    0.017417
17292    0.038986
17407    0.019943
17531    0.017651
17669    0.029398
18135    0.043532
18319    0.020748
18587    0.037991
18652    0.016077
18997    0.044713
19277    0.027862
19327    0.014614
19741    0.029070
20260    0.021060
20282    0.013544
20420    0.033809
20563    0.033448
20587    0.052309
20588    0.033809
20746    0.038579
20760    0.026967
21058    0.018139
21155    0.024992
21253    0.013619
