193
103    0.008451
191    0.020690
469    0.007979
666    0.010957
709    0.017587
1099    0.009033
1242    0.018387
1276    0.011944
1283    0.006845
1614    0.021399
1691    0.008161
1698    0.006955
1919    0.017987
2047    0.014563
2102    0.006416
2277    0.026906
2279    0.013845
2292    0.010402
2806    0.036131
2924    0.020558
2947    0.009235
3039    0.008485
3043    0.011532
3089    0.006120
3268    0.015716
3381    0.025636
3436    0.021611
4258    0.007115
4380    0.024588
4383    0.010700
4636    0.011858
4729    0.008352
4777    0.010179
5202    0.024765
5274    0.015716
5515    0.020864
5532    0.012831
5577    0.016240
5852    0.018508
5866    0.013733
6182    0.025636
6323    0.011858
6983    0.013845
7173    0.010518
7181    0.008553
7189    0.014850
7199    0.007920
7226    0.018508
7249    0.025636
7281    0.013845
7377    0.007185
7416    0.014662
7444    0.021611
7531    0.006655
7713    0.019740
7753    0.007000
7868    0.023097
7926    0.015048
7989    0.008955
7991    0.025636
8025    0.007022
8260    0.013701
8343    0.013301
8375    0.015480
8398    0.020558
8446    0.006955
8500    0.005637
8568    0.005716
8845    0.009033
9016    0.018305
9193    0.026602
9209    0.005846
9300    0.046193
9347    0.018019
9361    0.009033
9398    0.016077
9411    0.004867
9484    0.009920
9631    0.009772
9641    0.009821
10063    0.018019
10105    0.014612
10578    0.022467
11118    0.021276
11390    0.011532
11453    0.012033
12005    0.010312
12071    0.009319
12122    0.006435
12230    0.007949
12263    0.031937
12283    0.005048
12414    0.013701
12415    0.015783
12480    0.014483
12565    0.018508
12889    0.047030
12894    0.011944
12932    0.011024
13143    0.010234
13151    0.013845
13175    0.012123
13352    0.007750
13355    0.005963
13357    0.007179
13434    0.011639
13482    0.009821
13530    0.010402
13533    0.012941
13639    0.017587
13641    0.019740
13921    0.012612
14063    0.007979
14090    0.019072
14124    0.010289
14239    0.018508
14320    0.017389
14498    0.013646
14537    0.007209
14607    0.008694
14640    0.018019
14717    0.010700
14762    0.014483
14773    0.013057
14785    0.014850
15083    0.021611
15102    0.016240
15140    0.007022
15503    0.010234
15712    0.008192
15906    0.008841
16030    0.009405
16120    0.013845
16265    0.012311
16440    0.015480
16521    0.011692
16522    0.023097
16713    0.012216
16729    0.012534
16732    0.006377
16766    0.009970
16801    0.023097
16862    0.008993
16896    0.019740
16959    0.007722
17046    0.020558
17281    0.036045
17292    0.040343
17407    0.016510
17526    0.019072
17527    0.013994
17531    0.007306
17631    0.021611
17669    0.012168
17712    0.019072
17913    0.012311
17951    0.014483
18167    0.007890
18221    0.021611
18282    0.007949
18329    0.014662
18561    0.015257
18632    0.023097
18672    0.017587
18717    0.009362
18731    0.013845
18882    0.005530
18887    0.011774
18901    0.011858
18992    0.011162
18998    0.013845
19125    0.018899
19127    0.026784
19173    0.012216
19204    0.010179
19226    0.006084
19349    0.010891
19433    0.019354
19453    0.043116
19464    0.007161
19535    0.009319
19640    0.010577
19844    0.007194
20260    0.017434
20282    0.005606
20488    0.015257
20714    0.008451
20745    0.011306
20785    0.008694
20803    0.005088
21129    0.005780
21146    0.010638
21253    0.016911
