34
1120    0.165065
1529    0.079248
1817    0.128219
2277    0.043208
3473    0.072527
3567    0.048431
3593    0.059262
3618    0.071288
4380    0.039486
5121    0.126190
6133    0.144678
6628    0.063595
6758    0.044889
7178    0.086414
8476    0.065775
8613    0.084930
9518    0.043798
10277    0.132753
12230    0.063829
13886    0.051360
14430    0.080466
14745    0.047202
15910    0.074488
15928    0.071901
16119    0.103000
16568    0.141214
18882    0.044399
19327    0.048571
19426    0.040426
20260    0.017498
20453    0.173526
20648    0.080883
20768    0.048431
20946    0.055486
