101
1664    0.025510
2058    0.027794
2688    0.019402
2706    0.015466
2742    0.034599
2983    0.055544
3240    0.055544
3279    0.050043
3618    0.019236
3865    0.055544
4150    0.024033
4173    0.025510
4317    0.028819
4678    0.022414
4870    0.017161
4984    0.100085
5075    0.009665
5096    0.014553
5211    0.024656
5495    0.010655
5532    0.013901
6203    0.037269
6489    0.065209
6705    0.018838
6758    0.012113
6761    0.015215
7166    0.045577
7284    0.040100
7473    0.040100
7508    0.024820
7802    0.014727
8019    0.013375
8040    0.014070
8446    0.015069
8801    0.076211
9200    0.015117
9496    0.046825
10038    0.041323
10593    0.029386
10611    0.023456
10932    0.024987
10937    0.055544
10938    0.055544
10942    0.018760
11112    0.015415
11334    0.016791
12048    0.021384
12307    0.083957
12309    0.020570
12331    0.031768
12519    0.013259
12675    0.085803
12864    0.017288
12928    0.020285
12987    0.007973
12999    0.018287
13306    0.044541
13492    0.026886
13501    0.028225
13505    0.037269
13644    0.031381
14012    0.021826
14314    0.023456
14324    0.039040
14430    0.021713
14604    0.011883
14742    0.034018
14821    0.085541
15016    0.022918
15022    0.039040
15204    0.018458
15764    0.025880
15912    0.014330
16302    0.027794
16432    0.042985
16585    0.003229
16732    0.013818
16907    0.015466
17484    0.009259
17643    0.017161
18182    0.008568
18248    0.055544
18387    0.044541
18411    0.023182
18977    0.041323
19266    0.016101
19309    0.021826
19751    0.026071
20090    0.018847
20250    0.038105
20587    0.023456
20588    0.030321
20601    0.019236
20688    0.026071
20717    0.014155
20742    0.025510
21087    0.016156
21113    0.052936
21120    0.017817
21150    0.006333
21307    0.036191
