295
103    0.021167
147    0.004718
175    0.014462
219    0.004455
469    0.004996
709    0.011012
1128    0.008328
1242    0.005757
1245    0.006149
1255    0.007534
1271    0.010169
1281    0.011942
1326    0.008962
1451    0.011462
1466    0.006945
1490    0.004313
1511    0.010552
1614    0.013399
1691    0.005110
1712    0.005656
1740    0.005862
1741    0.003008
1746    0.004923
1764    0.008763
1862    0.006543
1919    0.011262
1941    0.010298
2047    0.004559
2206    0.009181
2208    0.012872
2277    0.006739
2345    0.007591
2400    0.011282
2688    0.005607
2729    0.022024
2745    0.004767
2757    0.011589
2806    0.028279
3011    0.010552
3039    0.010626
3043    0.007221
3077    0.006030
3089    0.003832
3268    0.019681
3315    0.007591
3341    0.005149
3437    0.012872
3550    0.016052
3563    0.005052
3635    0.006699
3644    0.009298
3831    0.009841
3861    0.007833
4055    0.008103
4152    0.009069
4380    0.003079
4450    0.004355
4461    0.005973
4467    0.006442
4540    0.012360
4569    0.013532
4578    0.008251
4657    0.016052
5043    0.004724
5075    0.005586
5093    0.006623
5180    0.010169
5440    0.006243
5501    0.006372
5515    0.004355
5523    0.006408
5566    0.011282
5567    0.013542
5573    0.007534
5866    0.008599
5870    0.013532
5986    0.008860
6042    0.007964
6305    0.008860
6365    0.010583
6562    0.009298
6632    0.008032
6931    0.008579
7011    0.011012
7114    0.009692
7168    0.003194
7173    0.013171
7181    0.010711
7199    0.004959
7460    0.006989
7464    0.008669
7466    0.016967
7522    0.038214
7714    0.013978
7779    0.006408
7802    0.006384
7926    0.009422
8001    0.008176
8025    0.004397
8116    0.006963
8131    0.006945
8222    0.009692
8446    0.017419
8500    0.014119
8534    0.005169
8535    0.009298
8568    0.014316
8577    0.008032
8581    0.014236
8596    0.021294
8622    0.004818
8630    0.008274
8711    0.005559
8747    0.009841
8774    0.006903
8783    0.005292
8822    0.009841
8845    0.011312
8881    0.008763
9003    0.005889
9023    0.006030
9089    0.012872
9126    0.007270
9193    0.008328
9398    0.010066
9510    0.005731
9517    0.003744
9641    0.006149
9644    0.006739
9803    0.008962
9936    0.007770
10052    0.011012
10075    0.021541
10232    0.016052
10408    0.018361
10445    0.006819
10611    0.006779
10837    0.005052
10846    0.010755
10892    0.017945
11026    0.009692
11028    0.016052
11103    0.001821
11187    0.014462
11271    0.005656
11282    0.007534
11289    0.006059
11355    0.003120
11371    0.009692
11425    0.011589
11444    0.011361
11468    0.005631
11473    0.009069
11503    0.007489
11570    0.020058
11724    0.016052
11744    0.004801
11750    0.012898
11884    0.009553
11984    0.006549
12122    0.008059
12245    0.004232
12281    0.011282
12283    0.003161
12416    0.006945
12684    0.006757
12876    0.008579
12889    0.003681
12927    0.005422
13014    0.003530
13031    0.010770
13096    0.007833
13152    0.018597
13179    0.005973
13228    0.020596
13298    0.021811
13355    0.003734
13366    0.009999
13434    0.008745
13466    0.003755
13482    0.006149
14065    0.001896
14093    0.006819
14124    0.012885
14234    0.010352
14263    0.010552
14265    0.016052
14303    0.004621
14316    0.005250
14322    0.007321
14408    0.009422
14498    0.004272
14515    0.009553
14527    0.008328
14717    0.006699
14857    0.006623
15204    0.016002
15239    0.008103
15387    0.009999
15488    0.006180
15497    0.010755
15503    0.006408
15684    0.007709
15686    0.005706
15704    0.010770
15835    0.014462
16026    0.006945
16030    0.005889
16094    0.006001
16237    0.004411
16585    0.000933
16591    0.008763
16592    0.006906
16729    0.007848
16765    0.010352
16801    0.028924
16862    0.005631
16941    0.003000
16944    0.012981
16959    0.004835
17037    0.005071
17106    0.008860
17281    0.036111
17292    0.005052
17331    0.011889
17407    0.010338
17484    0.002676
17669    0.003810
17675    0.016052
17735    0.011282
17808    0.008962
17814    0.015688
17817    0.007479
17819    0.009999
17846    0.014442
17894    0.013532
17922    0.005706
18182    0.002476
18282    0.004977
18319    0.010755
18347    0.008860
18411    0.006699
18560    0.009298
18882    0.010387
18888    0.005377
18891    0.012360
19046    0.006180
19078    0.028924
19112    0.008669
19127    0.016771
19128    0.005862
19169    0.006442
19177    0.018423
19204    0.019122
19223    0.011617
19226    0.007619
19262    0.005444
19271    0.005944
19278    0.002880
19343    0.009069
19366    0.004462
19453    0.016198
19518    0.024308
19541    0.010352
19769    0.009422
19820    0.005422
19844    0.001501
20090    0.002723
20260    0.005458
20282    0.003510
20568    0.009553
20629    0.007964
20632    0.012360
20642    0.008251
20673    0.014158
20679    0.016052
20717    0.004091
20785    0.010888
20803    0.006372
20824    0.006477
20868    0.021237
20910    0.007125
20916    0.015927
20917    0.013532
20927    0.003888
20963    0.009999
21058    0.004701
21085    0.012615
21129    0.003619
21146    0.013322
21152    0.007173
21242    0.020337
21266    0.008681
21290    0.005835
21296    0.008032
