374
103    0.003951
147    0.003522
431    0.006854
453    0.005755
1190    0.005543
1242    0.008595
1256    0.006942
1415    0.005002
1439    0.005997
1451    0.008557
1455    0.006405
1614    0.005002
1616    0.010797
1698    0.006502
1699    0.001423
1712    0.004222
1741    0.004492
1805    0.024123
1816    0.006049
1862    0.002442
1941    0.003844
1951    0.005465
2047    0.003404
2084    0.004186
2211    0.006854
2277    0.010062
2401    0.010797
2432    0.002069
2458    0.005711
2557    0.011984
2618    0.007034
2710    0.004438
2723    0.010043
2882    0.008713
2968    0.005625
3089    0.002861
3090    0.010182
3257    0.010797
3441    0.006160
3483    0.004836
3583    0.002628
3607    0.006942
3743    0.010753
3745    0.005285
3793    0.009228
3842    0.007778
3850    0.004397
3862    0.015273
4102    0.012944
4137    0.002920
4150    0.010371
4152    0.006771
4153    0.005667
4258    0.003326
4289    0.006340
4380    0.002299
4383    0.005002
4456    0.004917
4512    0.006104
4568    0.011984
4625    0.009228
4656    0.005755
4674    0.008041
4774    0.005625
4835    0.007729
5010    0.006854
5043    0.007053
5075    0.002085
5086    0.005848
5121    0.007347
5232    0.006542
5313    0.008423
5440    0.004661
5501    0.004757
5554    0.008652
5560    0.011984
5717    0.004661
5769    0.003381
5812    0.011984
5854    0.007729
5877    0.007236
5991    0.008793
6049    0.005667
6050    0.008162
6111    0.018456
6307    0.009610
6323    0.005543
6372    0.005705
6628    0.003702
6632    0.005997
6715    0.006472
6828    0.004417
6845    0.008423
6984    0.007143
7097    0.004614
7168    0.007154
7199    0.007405
7241    0.017132
7342    0.007034
7351    0.004133
7377    0.003359
7514    0.006278
7523    0.004614
7531    0.003111
7595    0.007778
7753    0.006544
7756    0.008916
7802    0.001589
7856    0.007347
7918    0.010103
8043    0.007347
8078    0.004820
8116    0.002599
8193    0.007465
8222    0.014472
8262    0.007878
8500    0.007905
8581    0.007971
8596    0.015898
8630    0.010295
8638    0.004973
8711    0.004150
8781    0.007378
8783    0.015802
8831    0.008041
8837    0.005625
8947    0.008221
9002    0.011087
9003    0.004397
9005    0.012680
9023    0.004502
9266    0.009610
9299    0.008423
9388    0.004081
9454    0.003474
9517    0.002795
9518    0.002550
9644    0.005031
9673    0.009228
9700    0.008423
9736    0.006472
9747    0.004862
9980    0.005031
10074    0.003438
10076    0.010797
10140    0.019002
10215    0.036730
10217    0.010797
10241    0.011984
10334    0.010457
10338    0.006854
10354    0.012836
10369    0.006542
10397    0.004917
10411    0.004784
10413    0.006049
10491    0.010182
10575    0.013708
10589    0.004459
10611    0.005061
10614    0.006160
10773    0.004081
10826    0.007465
10837    0.003772
10846    0.008029
10892    0.013397
10898    0.006218
11014    0.008793
11026    0.007236
11103    0.004079
11112    0.003326
11118    0.004973
11151    0.009610
11178    0.004356
11201    0.002836
11210    0.007729
11289    0.004524
11355    0.009316
11415    0.005002
11420    0.007878
11444    0.004241
11468    0.004204
11503    0.002795
11519    0.004862
11528    0.003966
11531    0.004048
11542    0.010797
11569    0.003404
11570    0.007487
11824    0.007347
11841    0.001978
11882    0.006691
11984    0.004889
12005    0.014461
12182    0.009610
12230    0.003716
12232    0.006472
12245    0.003160
12283    0.002360
12319    0.006615
12447    0.025955
12522    0.011805
12551    0.006241
12627    0.009228
12675    0.007405
12684    0.010089
12864    0.003730
12889    0.002748
12898    0.016173
12927    0.004048
12987    0.001720
12999    0.005918
13014    0.005270
13031    0.008041
13086    0.011984
13298    0.005428
13357    0.010068
13361    0.009833
13434    0.002176
13466    0.002803
13479    0.008652
13482    0.009182
13484    0.014054
13543    0.015458
13568    0.004397
13581    0.006691
13586    0.007592
13691    0.006472
13886    0.002990
13909    0.004734
13939    0.003522
13999    0.006340
14051    0.011984
14065    0.005663
14093    0.010182
14130    0.005091
14207    0.007592
14303    0.003450
14320    0.004064
14322    0.005465
14498    0.006379
14536    0.005185
14537    0.003370
14742    0.002446
14769    0.011167
14773    0.006104
14796    0.003829
14900    0.007878
14967    0.011984
15070    0.006340
15081    0.004279
15196    0.011984
15204    0.003982
15368    0.005711
15484    0.005153
15488    0.004614
15497    0.004015
15555    0.004133
15584    0.010797
15611    0.010103
15612    0.011984
15623    0.004591
15686    0.004260
15712    0.011488
15780    0.008916
15797    0.008916
15944    0.005584
16029    0.009467
16030    0.008793
16058    0.007729
16063    0.004734
16082    0.015756
16241    0.005091
16305    0.009610
16501    0.003522
16567    0.009228
16585    0.000697
16592    0.005156
16696    0.011984
16729    0.011718
16734    0.002404
16766    0.004661
16771    0.007592
16862    0.004204
16907    0.003337
17051    0.003510
17108    0.004614
17144    0.005404
17314    0.008221
17345    0.005391
17531    0.006831
17560    0.007465
17741    0.008041
17782    0.004204
17811    0.010710
17814    0.019521
17819    0.007465
17931    0.005504
17966    0.009228
17970    0.008652
18138    0.004973
18158    0.004480
18167    0.001844
18182    0.005546
18282    0.003716
18326    0.009517
18382    0.004546
18549    0.006771
18587    0.003675
18726    0.013704
18733    0.007592
18824    0.008652
18901    0.005543
18903    0.011334
19046    0.009228
19124    0.012810
19125    0.008834
19127    0.028172
19128    0.021882
19169    0.004810
19177    0.010315
19204    0.014276
19212    0.004889
19223    0.008673
19226    0.002844
19261    0.003584
19262    0.004064
19271    0.008876
19278    0.002150
19366    0.006662
19411    0.005997
19453    0.024186
19559    0.008916
19562    0.010639
19577    0.005465
19588    0.010797
19589    0.005896
19787    0.010797
19844    0.001121
19872    0.010103
19993    0.010797
20058    0.008221
20090    0.004066
20155    0.010797
20260    0.010187
20282    0.002621
20532    0.009228
20534    0.003998
20563    0.006472
20713    0.003241
20745    0.005285
20768    0.005639
20771    0.005122
20844    0.002502
20868    0.007927
20886    0.010797
20946    0.003230
20956    0.004759
20998    0.006340
21109    0.047935
21111    0.005002
21115    0.005623
21122    0.003935
21129    0.005404
21150    0.002733
21243    0.005434
21247    0.006949
21253    0.010541
21254    0.003730
21259    0.005320
21266    0.003241
21279    0.004298
21287    0.008221
21296    0.017990
