93
147    0.019223
621    0.022946
1099    0.023046
1283    0.017464
1314    0.033937
1614    0.027299
2102    0.016369
2221    0.044872
2277    0.027459
2947    0.047125
3039    0.043297
3086    0.027955
4023    0.016320
4151    0.028301
4168    0.030700
4362    0.027787
4380    0.012547
5204    0.050365
5484    0.038394
5628    0.018704
5656    0.048661
5866    0.035038
5962    0.031916
6179    0.050365
6598    0.016874
7364    0.032729
8025    0.017917
8069    0.035705
8374    0.043887
8500    0.014382
9282    0.019563
9631    0.024932
10105    0.018641
10334    0.038050
10338    0.018704
10837    0.010293
11118    0.027142
11130    0.032179
11195    0.041435
11201    0.030957
11282    0.030700
12054    0.048661
12283    0.012880
12415    0.020134
12880    0.021648
12904    0.017138
12999    0.010767
13310    0.040098
13311    0.028661
13357    0.009158
13434    0.005939
13484    0.025569
13921    0.032179
13926    0.035324
13939    0.019223
14304    0.029625
14498    0.034817
15685    0.035705
15686    0.023249
16003    0.033937
16028    0.044872
16029    0.025836
16030    0.023997
16237    0.017975
16592    0.014070
16729    0.010660
16734    0.026239
16923    0.018152
17292    0.020586
17374    0.032729
17407    0.021061
17531    0.018641
17669    0.015523
18384    0.038928
18587    0.020061
18725    0.026394
19127    0.034169
19133    0.110859
19327    0.015434
19410    0.012100
19480    0.030700
19576    0.055139
20215    0.042183
20260    0.016680
20282    0.014303
20420    0.035705
20588    0.035705
20760    0.028479
20868    0.014422
20993    0.023457
21129    0.029495
21253    0.014382
21254    0.020357
