255
1153    0.018491
1190    0.018987
1242    0.007360
1245    0.007862
1272    0.014990
1274    0.009934
1309    0.006739
1311    0.013771
1364    0.017438
1382    0.019266
1436    0.007393
1456    0.009360
1529    0.007902
1689    0.006533
1699    0.004874
1741    0.011538
1747    0.008936
1817    0.012784
1918    0.008616
1948    0.014080
1977    0.014817
1989    0.012215
2021    0.038353
2092    0.009934
2102    0.005136
2173    0.006117
2174    0.009633
2277    0.012924
2278    0.008327
2432    0.003544
2497    0.012582
2539    0.008468
2706    0.005715
2723    0.005733
2792    0.011084
3284    0.012582
3297    0.007823
3396    0.006876
3462    0.018491
3473    0.050620
3479    0.010360
3563    0.006460
3567    0.009658
3575    0.010097
3593    0.011818
3611    0.011459
3619    0.007982
3743    0.006139
3842    0.013320
3850    0.007530
3991    0.014080
4023    0.005121
4195    0.005532
4240    0.004205
4245    0.007019
4267    0.010360
4496    0.012582
4667    0.020523
4701    0.010097
4766    0.014817
4767    0.013236
5075    0.003571
5219    0.012784
5260    0.008327
5362    0.017302
5423    0.020523
5495    0.003937
5501    0.008147
5537    0.017544
5550    0.010549
5578    0.007785
5600    0.020523
5620    0.023778
5707    0.011328
5717    0.007982
5847    0.017302
5866    0.005497
5899    0.008993
5985    0.018491
6365    0.006766
6472    0.011328
6628    0.012682
6644    0.011738
6707    0.006961
6758    0.004476
6908    0.005075
6920    0.010182
6984    0.006117
7176    0.010453
7178    0.008616
7408    0.010858
7714    0.008936
7967    0.010549
8040    0.015596
8116    0.004451
8135    0.015269
8406    0.012582
8448    0.011459
8476    0.006558
8534    0.006609
8581    0.004551
8613    0.042341
8624    0.008468
9200    0.011172
9203    0.011738
9454    0.005949
9518    0.004367
9944    0.009296
10074    0.005889
10191    0.013771
10215    0.020968
10226    0.015269
10247    0.009171
10261    0.010273
10290    0.007108
10295    0.012215
10411    0.016386
10413    0.020720
10420    0.008237
10837    0.003230
10840    0.006989
10850    0.012393
10892    0.004589
11060    0.034604
11069    0.020523
11087    0.007169
11089    0.010360
11117    0.005090
11178    0.007461
11180    0.004602
11181    0.005677
11218    0.004391
11271    0.007231
11890    0.011738
12230    0.012728
12283    0.004041
12315    0.017302
12505    0.022281
12765    0.012823
12853    0.006533
12855    0.009493
12864    0.006388
12889    0.009413
12901    0.015804
12920    0.010549
12999    0.003379
13050    0.005183
13109    0.013002
13110    0.016458
13355    0.004774
13434    0.003727
13482    0.007862
13529    0.008667
13580    0.005001
13702    0.011084
13751    0.012047
13760    0.011738
13800    0.040729
13871    0.009856
13886    0.005121
14012    0.008065
14065    0.002425
14116    0.018491
14117    0.015269
14304    0.009296
14430    0.024069
14640    0.014425
14742    0.002095
14745    0.018826
14780    0.010453
14874    0.007393
14920    0.010649
14944    0.008327
15003    0.011328
15140    0.016866
15271    0.015130
15551    0.007427
15781    0.013492
15910    0.014854
15919    0.012393
15928    0.007169
16030    0.007530
16034    0.007673
16035    0.018491
16060    0.008023
16085    0.024785
16116    0.006095
16204    0.011889
16347    0.013236
16568    0.014080
16585    0.007158
16592    0.013244
16647    0.014425
16907    0.005715
16941    0.003836
16958    0.008719
17033    0.009360
17059    0.009780
17144    0.004627
17439    0.012215
17455    0.024095
17782    0.007200
17913    0.019712
17949    0.008880
18003    0.007823
18105    0.010752
18133    0.008993
18158    0.007673
18182    0.006332
18183    0.018491
18282    0.003182
18416    0.010182
18446    0.009360
18607    0.011459
18652    0.005328
18670    0.007138
18785    0.013492
18882    0.008854
18951    0.009934
19088    0.012784
19125    0.007565
19127    0.010722
19128    0.007495
19262    0.006961
19277    0.009233
19327    0.019371
19328    0.010182
19366    0.011409
19426    0.008062
19430    0.015269
19569    0.011084
19736    0.008282
19742    0.012393
19785    0.005659
19844    0.003839
20090    0.006964
20226    0.010549
20452    0.007328
20460    0.007295
20534    0.027391
20593    0.023477
20648    0.008065
20714    0.006766
20760    0.008936
20768    0.004829
20848    0.005328
20901    0.006364
20927    0.004971
20946    0.005532
21022    0.015804
21113    0.009780
21129    0.009255
21150    0.004680
21238    0.012784
21253    0.013539
