631
191    0.002593
234    0.004640
246    0.002216
370    0.002579
437    0.004312
451    0.002245
455    0.002153
469    0.002000
582    0.004781
630    0.003471
677    0.003435
702    0.002391
808    0.005790
812    0.005154
850    0.003508
920    0.002816
1081    0.003039
1095    0.003303
1099    0.009058
1163    0.003039
1184    0.003804
1190    0.002973
1214    0.004225
1242    0.013829
1245    0.002462
1247    0.003435
1260    0.003400
1283    0.010295
1294    0.005418
1304    0.002952
1309    0.004220
1345    0.003588
1346    0.003086
1348    0.005790
1365    0.003940
1370    0.005790
1403    0.002911
1411    0.004071
1423    0.002682
1440    0.002698
1480    0.002994
1490    0.003454
1511    0.004225
1529    0.002474
1604    0.002931
1614    0.005365
1633    0.003016
1691    0.004092
1698    0.008717
1699    0.001526
1741    0.015657
1746    0.001971
1753    0.005790
1844    0.003940
1846    0.004490
1862    0.001310
1919    0.002255
1949    0.008612
1951    0.002931
1981    0.005418
1989    0.003825
2008    0.002973
2014    0.007656
2015    0.005903
2047    0.001825
2048    0.002579
2077    0.005790
2093    0.001922
2102    0.004825
2119    0.005862
2120    0.002038
2173    0.001915
2212    0.005418
2229    0.007016
2274    0.006427
2277    0.018886
2278    0.002608
2280    0.003588
2281    0.004999
2297    0.002764
2308    0.006427
2319    0.003216
2460    0.003062
2467    0.005790
2470    0.003188
2587    0.003162
2609    0.002450
2613    0.003881
2644    0.005596
2710    0.004760
2784    0.004071
2882    0.002336
2933    0.003334
2934    0.003772
2947    0.013891
3039    0.012762
3043    0.002891
3089    0.001534
3090    0.005460
3282    0.006221
3309    0.002730
3318    0.003723
3371    0.004071
3396    0.002153
3441    0.006607
3453    0.005790
3473    0.004529
3567    0.001512
3574    0.002608
3583    0.005637
3593    0.003700
3631    0.005790
3647    0.001813
3665    0.003435
3733    0.002565
3790    0.002538
3792    0.004071
3808    0.005154
3821    0.003881
3834    0.004517
3842    0.002086
3931    0.004225
3955    0.005418
4023    0.001604
4117    0.005154
4151    0.002781
4168    0.024132
4195    0.005197
4202    0.002730
4240    0.007901
4362    0.024572
4372    0.006427
4380    0.016026
4383    0.021458
4591    0.005418
4697    0.002358
4766    0.004640
4870    0.001986
4871    0.002682
4899    0.001902
5043    0.000946
5074    0.002136
5075    0.001118
5121    0.007880
5202    0.008278
5212    0.002226
5219    0.004003
5417    0.004409
5501    0.002551
5515    0.001743
5523    0.002565
5535    0.003111
5537    0.002747
5573    0.003016
5574    0.004781
5584    0.003303
5628    0.003675
5649    0.005790
5686    0.004409
5769    0.005440
5774    0.005790
5806    0.002973
5840    0.007351
5854    0.004145
5856    0.004123
5865    0.002891
5866    0.006885
5885    0.004640
5891    0.003940
5898    0.003039
5917    0.006427
5977    0.003476
6036    0.003136
6037    0.005790
6049    0.003039
6180    0.007650
6276    0.004409
6305    0.003547
6403    0.006272
6429    0.007780
6598    0.001658
6628    0.009928
6630    0.003039
6644    0.003676
6647    0.005790
6701    0.004145
6705    0.002180
6707    0.004359
6715    0.003471
6809    0.002747
6827    0.002698
6828    0.002369
6908    0.003178
6942    0.004949
6949    0.003772
6983    0.003471
6984    0.003831
7050    0.004312
7051    0.004145
7085    0.005154
7107    0.004640
7147    0.003940
7168    0.001279
7176    0.003273
7199    0.001986
7203    0.015461
7226    0.004640
7304    0.004071
7330    0.005766
7351    0.004433
7364    0.006432
7377    0.019814
7379    0.006733
7380    0.004875
7393    0.002872
7406    0.003367
7456    0.004341
7485    0.003881
7524    0.003675
7569    0.003334
7600    0.002891
7619    0.002015
7636    0.005303
7714    0.002798
7802    0.000852
7896    0.002552
7927    0.007761
7939    0.004225
7964    0.003244
8002    0.005418
8019    0.006190
8025    0.003521
8043    0.003940
8116    0.001394
8200    0.002608
8218    0.001561
8225    0.004409
8241    0.005790
8375    0.003881
8383    0.004225
8406    0.007880
8446    0.001743
8448    0.003588
8476    0.002054
8489    0.002682
8552    0.012010
8569    0.004071
8613    0.002652
8624    0.002652
8630    0.001104
8695    0.005790
8701    0.005154
8747    0.003940
8781    0.007913
8783    0.004237
8805    0.002730
8829    0.010307
8845    0.009058
8947    0.004409
9016    0.004589
9105    0.003825
9118    0.006091
9126    0.002911
9136    0.002781
9160    0.003111
9192    0.004640
9193    0.006669
9209    0.004396
9214    0.005903
9215    0.005418
9297    0.003435
9311    0.003111
9361    0.002264
9388    0.002189
9398    0.004030
9423    0.005418
9454    0.001863
9484    0.004973
9486    0.003825
9517    0.001499
9518    0.004102
9533    0.004000
9641    0.004924
9700    0.004517
9800    0.004640
9812    0.006735
9883    0.003825
9897    0.004003
9904    0.005154
9932    0.004949
9944    0.002911
9945    0.002747
9947    0.001499
9976    0.003435
9991    0.003039
10074    0.001844
10105    0.007326
10106    0.002973
10130    0.003508
10215    0.004377
10224    0.004781
10230    0.003825
10247    0.002872
10334    0.003739
10338    0.003675
10354    0.002294
10369    0.007016
10371    0.009897
10373    0.005418
10397    0.007910
10401    0.003723
10411    0.007696
10501    0.003881
10575    0.007351
10610    0.003136
10623    0.005154
10647    0.003723
10773    0.002189
10790    0.003062
10837    0.002023
10840    0.002189
10846    0.004306
10892    0.001437
10897    0.001876
10981    0.003940
11014    0.002358
11090    0.003273
11103    0.000729
11117    0.001594
11178    0.002336
11196    0.003111
11201    0.003042
11207    0.002305
11242    0.004225
11279    0.002347
11282    0.003016
11355    0.003747
11371    0.003881
11386    0.002180
11390    0.002891
11399    0.003016
11415    0.005365
11434    0.001766
11445    0.005215
11453    0.003016
11503    0.002998
11684    0.002994
11744    0.001922
11786    0.003162
11887    0.003825
12005    0.001292
12053    0.002973
12071    0.002336
12086    0.003244
12110    0.005214
12122    0.003226
12161    0.003825
12166    0.002391
12230    0.009964
12245    0.001694
12283    0.003796
12413    0.009732
12414    0.003435
12415    0.001978
12416    0.002781
12508    0.006488
12551    0.001673
12565    0.004640
12569    0.007095
12626    0.004640
12627    0.004949
12628    0.010307
12661    0.003273
12765    0.002008
12853    0.002046
12855    0.002973
12880    0.004254
12889    0.007369
12894    0.005989
12911    0.002069
12919    0.004517
12920    0.003303
12949    0.002816
12979    0.008624
12999    0.002116
13053    0.005418
13143    0.005131
13185    0.003772
13241    0.003588
13284    0.005418
13311    0.008448
13348    0.002622
13351    0.001508
13352    0.001943
13355    0.004484
13357    0.010798
13434    0.007003
13466    0.001503
13478    0.004071
13482    0.007386
13484    0.005024
13514    0.016898
13529    0.002714
13530    0.002608
13543    0.004145
13568    0.002358
13580    0.006263
13702    0.003471
13760    0.003676
13800    0.006377
13886    0.003207
13892    0.003334
14012    0.007576
14054    0.005945
14063    0.022002
14069    0.004640
14124    0.010317
14137    0.002667
14212    0.004071
14239    0.004640
14322    0.002931
14391    0.002714
14406    0.003900
14498    0.006842
14519    0.004145
14536    0.002781
14538    0.002622
14579    0.006078
14592    0.003881
14604    0.001375
14607    0.002180
14648    0.006427
14669    0.004145
14704    0.005418
14705    0.004781
14742    0.003280
14745    0.001474
14754    0.002565
14762    0.003631
14773    0.003273
14874    0.002315
14950    0.003825
15006    0.006488
15080    0.003039
15082    0.004145
15127    0.003940
15193    0.004071
15210    0.002284
15271    0.002369
15287    0.004409
15294    0.003676
15333    0.003435
15334    0.006172
15503    0.002565
15555    0.004433
15684    0.003086
15686    0.013706
15712    0.006161
15761    0.004640
15775    0.003676
15781    0.004225
15818    0.001957
15827    0.007176
15861    0.004312
15878    0.003825
15907    0.001936
15912    0.001658
15928    0.004490
16003    0.003334
16007    0.003508
16028    0.004409
16029    0.002538
16030    0.004716
16034    0.002403
16060    0.002512
16066    0.005418
16083    0.004949
16085    0.003881
16105    0.004312
16112    0.004312
16117    0.006883
16262    0.006427
16272    0.003825
16279    0.003334
16337    0.003508
16366    0.006427
16396    0.002872
16409    0.003216
16430    0.003881
16440    0.003881
16567    0.004949
16578    0.002994
16585    0.011581
16592    0.005530
16612    0.003136
16643    0.004949
16707    0.009261
16713    0.003062
16729    0.001047
16772    0.005215
16831    0.004949
16859    0.006427
16923    0.003567
16937    0.003772
16941    0.004805
17037    0.010152
17046    0.005154
17104    0.003723
17117    0.001570
17144    0.004347
17147    0.003825
17281    0.010843
17292    0.014159
17331    0.002380
17369    0.002552
17372    0.003162
17407    0.002069
17438    0.002931
17484    0.004285
17531    0.001832
17632    0.003400
17670    0.003471
17807    0.005790
17830    0.002255
17836    0.007176
17846    0.002891
17875    0.002622
17944    0.004071
17946    0.005790
18004    0.003631
18068    0.003676
18086    0.003400
18133    0.002816
18152    0.009897
18167    0.005934
18182    0.005948
18186    0.007243
18203    0.002136
18319    0.002153
18326    0.005104
18416    0.003188
18446    0.005862
18558    0.004225
18580    0.002853
18581    0.004312
18587    0.001971
18726    0.002450
18732    0.004071
18845    0.004312
18882    0.004159
18883    0.001971
18940    0.003111
18987    0.004805
19008    0.004781
19043    0.001778
19088    0.004003
19124    0.003435
19125    0.011844
19127    0.005036
19151    0.002245
19226    0.001525
19261    0.001922
19271    0.004760
19277    0.005782
19278    0.002306
19327    0.006066
19347    0.003508
19349    0.002730
19366    0.001786
19370    0.002046
19373    0.004071
19383    0.002973
19480    0.003016
19558    0.004517
19577    0.002931
19584    0.005790
19652    0.003471
19662    0.007176
19663    0.004409
19664    0.003188
19715    0.016898
19751    0.003016
19773    0.001613
19844    0.001803
19871    0.003676
19894    0.003334
20090    0.006542
20208    0.004312
20235    0.005418
20260    0.004917
20274    0.002235
20275    0.001575
20297    0.004003
20305    0.003216
20420    0.003508
20452    0.002294
20456    0.005418
20492    0.004517
20534    0.004288
20557    0.006381
20629    0.003188
20641    0.004781
20648    0.002525
20678    0.003435
20713    0.001738
20742    0.005903
20745    0.005668
20762    0.003162
20768    0.006048
20781    0.005418
20789    0.004225
20791    0.003676
20803    0.001276
20839    0.004312
20844    0.001342
20848    0.003337
20868    0.001417
20883    0.004640
20901    0.001993
20946    0.005197
20993    0.002305
20999    0.004517
21059    0.004640
21129    0.004347
21130    0.006427
21146    0.005334
21150    0.003664
21243    0.001457
21253    0.012718
21254    0.002000
21266    0.001738
