242
100    0.017440
582    0.016850
1242    0.008123
1326    0.012646
1364    0.009622
1451    0.005391
1480    0.010553
1490    0.006086
1514    0.010121
1705    0.014889
1762    0.005807
1812    0.016351
1842    0.014348
1844    0.013885
1845    0.010963
1944    0.013676
1949    0.007588
2015    0.010402
2021    0.014108
2022    0.016850
2277    0.009509
2389    0.020406
2432    0.011733
2463    0.019094
2522    0.014607
2556    0.015919
2623    0.020406
2690    0.013480
2801    0.012646
2931    0.013885
3039    0.007496
3285    0.018163
3309    0.009622
3567    0.005329
3574    0.009190
3583    0.004967
3809    0.016351
3820    0.012796
3931    0.014889
4240    0.051048
4303    0.016351
4362    0.009622
4380    0.008689
4514    0.018163
4516    0.009800
4599    0.012502
4778    0.011983
5043    0.006665
5495    0.008689
5501    0.004495
5515    0.006144
5521    0.009800
5593    0.020406
5628    0.006477
5717    0.008809
5866    0.006066
5891    0.013885
6049    0.010711
6129    0.011143
6306    0.026960
6429    0.009140
6596    0.005702
6598    0.011686
6628    0.013995
6718    0.015919
6819    0.011642
6918    0.009041
6920    0.011237
7034    0.016351
7168    0.004507
7178    0.009508
7364    0.011333
7441    0.021754
7485    0.013676
7611    0.019094
7642    0.009140
7787    0.009989
7802    0.009007
7909    0.022286
8019    0.005454
8040    0.011474
8291    0.018163
8383    0.014889
8446    0.006144
8561    0.019094
8562    0.020406
8591    0.018163
8748    0.019094
8964    0.008946
9009    0.011052
9127    0.011143
9203    0.012954
9313    0.020406
9320    0.009453
9357    0.012646
9361    0.007980
9411    0.004300
9471    0.019094
9517    0.005283
9518    0.019277
9533    0.007049
9719    0.016850
9772    0.019094
9956    0.020406
10175    0.008809
10224    0.016850
10230    0.013480
10409    0.014108
10411    0.009041
10413    0.034299
10486    0.012232
10586    0.015538
10614    0.011642
10628    0.020406
10634    0.020406
10837    0.003564
10844    0.012954
10902    0.014348
10922    0.044666
10923    0.031839
11018    0.011865
11117    0.005618
11130    0.011143
11180    0.005078
11342    0.012646
11415    0.009453
11519    0.009190
11530    0.010877
11540    0.012796
12107    0.020406
12133    0.012364
12144    0.014348
12166    0.008427
12230    0.014047
12345    0.012368
12415    0.006972
12416    0.009800
12462    0.014607
12591    0.006727
12783    0.020406
12853    0.007210
12855    0.010476
12864    0.007049
12889    0.005194
12983    0.006588
12999    0.003728
13050    0.005720
13154    0.034198
13241    0.012646
13298    0.010258
13351    0.005314
13370    0.010477
13434    0.002057
13663    0.018163
13800    0.011237
14012    0.026699
14054    0.010477
14058    0.011983
14200    0.009680
14323    0.007911
14343    0.009345
14430    0.017708
14717    0.009453
14742    0.009248
14749    0.007745
14796    0.014475
14874    0.008159
14950    0.013480
14998    0.013885
15000    0.016351
15568    0.019094
15793    0.019094
15847    0.016850
15849    0.010793
15982    0.015197
16085    0.013676
16116    0.006727
16130    0.012646
16131    0.017440
16342    0.018163
16353    0.010189
16367    0.020406
16377    0.014108
16409    0.011333
16432    0.008764
16521    0.010330
16562    0.012954
16585    0.003950
16592    0.004872
16657    0.020241
16923    0.012571
16941    0.012700
16959    0.006823
17077    0.011333
17281    0.006369
17325    0.013295
17331    0.008388
17426    0.012364
17669    0.005375
17782    0.007946
17814    0.007379
17922    0.008051
17950    0.014607
17963    0.011752
18005    0.005772
18010    0.016850
18048    0.020406
18167    0.003485
18247    0.008388
18253    0.012502
18660    0.013480
19125    0.016697
19225    0.007619
19327    0.016033
19350    0.020406
19410    0.004190
19457    0.011237
19535    0.008234
19600    0.020406
19764    0.019094
19844    0.006356
20055    0.016351
20090    0.003843
20260    0.003851
20264    0.020406
20282    0.009906
20297    0.014108
20458    0.014607
20534    0.007557
20557    0.022489
20768    0.010658
20839    0.015197
20841    0.005972
20848    0.005879
20894    0.012489
20946    0.024421
20993    0.008123
21111    0.009453
21115    0.005314
21238    0.014108
21253    0.004980
21307    0.022136
