174
164    0.015506
523    0.013391
850    0.032935
1283    0.008054
1614    0.012590
1741    0.005653
1746    0.009252
1752    0.013218
1824    0.015960
1898    0.020695
1924    0.017253
1940    0.010316
2205    0.025431
2277    0.006332
2281    0.011732
2297    0.012972
2470    0.014966
2609    0.011499
2981    0.014487
3123    0.023229
3326    0.010723
3536    0.023229
3583    0.006615
3734    0.013663
3743    0.009023
4075    0.014966
4135    0.012739
4151    0.013053
4173    0.013855
4258    0.008372
4480    0.013855
4871    0.012590
4873    0.016651
4926    0.010966
5096    0.007904
5418    0.027178
5737    0.015364
5769    0.008511
5866    0.008080
6131    0.024191
6368    0.027178
6430    0.013135
6532    0.014487
6628    0.009320
6640    0.030166
6714    0.016467
6827    0.012664
6828    0.122312
6829    0.030166
7028    0.021203
7377    0.025365
7787    0.013304
7833    0.007735
7896    0.023957
7989    0.021074
8218    0.021985
8395    0.013571
8446    0.008184
9068    0.018215
9106    0.015227
9282    0.009023
9536    0.030166
9679    0.021778
10077    0.030166
10105    0.008597
10165    0.021203
10190    0.025431
10191    0.020241
10411    0.012042
10413    0.015227
10421    0.024214
10423    0.021203
10501    0.018215
10629    0.020241
10630    0.025431
10837    0.004747
10852    0.025431
11103    0.006844
11201    0.007139
11289    0.011387
11591    0.014720
11725    0.019455
11735    0.035908
11750    0.008080
12049    0.018791
12122    0.007572
12162    0.042478
12230    0.009354
12283    0.011880
12416    0.013053
12548    0.009751
12662    0.022443
12763    0.013571
12889    0.006918
12974    0.011443
13126    0.025431
13355    0.007017
13357    0.004224
13434    0.002739
13580    0.007350
13803    0.014841
13896    0.015364
14071    0.020695
14137    0.050072
14200    0.012893
14305    0.013758
14322    0.013758
14425    0.014195
14498    0.008029
14655    0.022443
14656    0.032245
14906    0.017474
15019    0.025478
15470    0.016843
15695    0.011278
15712    0.019279
15861    0.020241
15888    0.017707
15944    0.014055
15978    0.018215
15983    0.011792
16029    0.011916
16257    0.020695
16439    0.024191
16551    0.030166
16585    0.010522
16592    0.006489
16904    0.030166
16941    0.022554
17037    0.009530
17051    0.008835
17054    0.015960
17056    0.017707
17320    0.016843
17471    0.013663
17529    0.011556
17592    0.030166
17678    0.020241
17868    0.012042
18005    0.015376
18007    0.015803
18160    0.016651
18167    0.004642
18179    0.010770
18266    0.020241
18314    0.020241
18731    0.016292
18883    0.009252
18951    0.014602
18993    0.014266
19088    0.018791
19127    0.023638
19327    0.014236
19370    0.009603
19535    0.010966
19648    0.015960
19661    0.020241
19851    0.023229
19935    0.020241
20045    0.024191
20256    0.016122
20260    0.041030
20341    0.030166
20362    0.025431
20489    0.027178
20490    0.023229
20535    0.015506
20742    0.013855
20768    0.007098
20845    0.012308
21011    0.015506
21024    0.027178
21133    0.016843
21253    0.013267
