244
100    0.017273
582    0.016688
1242    0.008044
1326    0.012524
1364    0.009529
1451    0.005339
1480    0.010451
1490    0.006027
1514    0.010023
1705    0.014746
1762    0.005752
1812    0.016194
1842    0.014210
1844    0.013751
1845    0.010858
1944    0.013545
1949    0.007515
2015    0.010302
2021    0.013973
2022    0.016688
2277    0.009417
2389    0.020209
2432    0.011621
2463    0.018910
2522    0.014467
2556    0.015766
2623    0.020209
2690    0.013350
2801    0.012524
2931    0.013751
3039    0.007424
3285    0.017988
3309    0.009529
3567    0.005278
3574    0.009101
3583    0.004919
3809    0.016194
3820    0.012673
3931    0.014746
4240    0.050557
4303    0.016194
4362    0.009529
4380    0.008606
4514    0.017988
4516    0.009706
4599    0.012381
4778    0.011868
5043    0.006601
5495    0.008606
5501    0.004452
5515    0.006085
5521    0.009706
5593    0.020209
5628    0.006414
5717    0.008724
5866    0.006008
5891    0.013751
6049    0.010608
6129    0.011036
6306    0.026701
6429    0.009052
6596    0.005648
6598    0.011574
6628    0.013860
6718    0.015766
6819    0.011530
6918    0.008955
6920    0.011129
7034    0.016194
7168    0.004464
7178    0.009417
7364    0.011224
7441    0.021544
7485    0.013545
7611    0.018910
7642    0.009052
7787    0.009893
7802    0.008921
7909    0.022072
8019    0.005402
8040    0.011364
8291    0.017988
8383    0.014746
8446    0.006085
8561    0.018910
8562    0.020209
8591    0.017988
8748    0.018910
8964    0.008860
9009    0.010945
9127    0.011036
9203    0.012829
9313    0.020209
9320    0.009362
9357    0.012524
9361    0.007904
9411    0.004258
9471    0.018910
9517    0.005232
9518    0.019091
9533    0.006982
9719    0.016688
9772    0.018910
9956    0.020209
10175    0.008724
10224    0.016688
10230    0.013350
10409    0.013973
10411    0.008955
10413    0.033969
10486    0.012114
10586    0.015389
10614    0.011530
10628    0.020209
10634    0.020209
10837    0.003530
10844    0.012829
10902    0.014210
10922    0.044237
10923    0.031532
11018    0.011751
11117    0.011127
11130    0.011036
11180    0.005029
11342    0.012524
11415    0.009362
11519    0.009101
11530    0.010772
11540    0.012673
12107    0.020209
12133    0.012245
12144    0.014210
12166    0.008346
12230    0.013912
12345    0.012249
12415    0.006905
12416    0.009706
12462    0.014467
12591    0.006662
12783    0.020209
12853    0.007140
12855    0.010376
12864    0.006982
12889    0.005144
12983    0.006525
12999    0.003693
13050    0.005665
13154    0.033869
13241    0.012524
13298    0.010160
13351    0.005263
13370    0.010376
13434    0.002037
13663    0.017988
13800    0.011129
14012    0.026442
14054    0.010376
14058    0.011868
14200    0.009587
14323    0.007835
14343    0.009255
14430    0.017537
14717    0.009362
14742    0.009159
14749    0.007671
14796    0.014335
14874    0.008081
14950    0.013350
14998    0.013751
15000    0.016194
15568    0.018910
15793    0.018910
15847    0.016688
15849    0.010689
15982    0.015051
16085    0.013545
16116    0.006662
16130    0.012524
16131    0.017273
16342    0.017988
16353    0.010091
16367    0.020209
16377    0.013973
16409    0.011224
16432    0.008680
16521    0.010230
16562    0.012829
16585    0.003912
16592    0.004825
16657    0.020047
16923    0.012450
16941    0.012578
16959    0.006757
17077    0.011224
17281    0.006308
17325    0.013167
17331    0.008307
17426    0.012245
17669    0.005324
17782    0.007869
17814    0.007308
17922    0.007973
17950    0.014467
17963    0.011639
18005    0.005717
18010    0.016688
18048    0.020209
18167    0.003452
18247    0.008307
18253    0.012381
18660    0.013350
19125    0.016536
19225    0.007545
19278    0.004024
19327    0.015879
19350    0.020209
19410    0.004150
19457    0.011129
19535    0.008154
19600    0.020209
19764    0.018910
19844    0.006295
20055    0.016194
20090    0.003806
20216    0.017988
20260    0.003814
20264    0.020209
20282    0.009811
20297    0.013973
20458    0.014467
20534    0.007484
20557    0.022273
20768    0.010555
20839    0.015051
20841    0.005914
20848    0.005823
20894    0.012369
20946    0.024186
20993    0.008044
21111    0.009362
21115    0.005263
21238    0.013973
21253    0.004932
21307    0.021923
