382
147    0.003680
219    0.003475
244    0.007675
314    0.005225
428    0.006012
441    0.005966
449    0.006012
455    0.004194
458    0.012520
502    0.008800
1081    0.005921
1184    0.007411
1204    0.004336
1258    0.011280
1272    0.004572
1274    0.006060
1283    0.016714
1314    0.006496
1403    0.005671
1415    0.005225
1451    0.002980
1536    0.012520
1548    0.012520
1614    0.005225
1630    0.010554
1631    0.009641
1633    0.005876
1676    0.007560
1677    0.005108
1681    0.005137
1699    0.001487
1741    0.014077
1799    0.010040
1817    0.007799
1824    0.006624
1862    0.002552
1873    0.006624
1897    0.008800
1949    0.004194
2003    0.004998
2008    0.011583
2015    0.005750
2047    0.003556
2064    0.009641
2084    0.008746
2093    0.003745
2102    0.003133
2172    0.005876
2277    0.007884
2281    0.004869
2345    0.005921
2457    0.007349
2458    0.005966
2539    0.005166
2673    0.009314
2706    0.003486
2723    0.003497
2747    0.005750
2780    0.011280
2819    0.007941
2882    0.004551
3039    0.004144
3043    0.005632
3089    0.002989
3225    0.010554
3262    0.012520
3297    0.004772
3309    0.010637
3376    0.012520
3583    0.002745
3647    0.003532
3743    0.003745
3847    0.008074
3850    0.004593
3853    0.009641
3880    0.011280
4023    0.003124
4130    0.005750
4141    0.005319
4145    0.012520
4168    0.017629
4240    0.002565
4301    0.005594
4362    0.005319
4380    0.007205
4422    0.007560
4456    0.005137
4467    0.005025
4468    0.006435
4492    0.004510
4827    0.010554
4899    0.011116
5047    0.005833
5075    0.002178
5086    0.006109
5331    0.006012
5444    0.007349
5501    0.002485
5563    0.005025
5567    0.003521
5602    0.011667
5628    0.003580
5737    0.006377
5745    0.005108
5769    0.017662
5830    0.009314
5856    0.004016
5866    0.003353
5877    0.007560
5879    0.004844
6038    0.006761
6129    0.006160
6228    0.010554
6348    0.011280
6372    0.002980
6497    0.006624
6598    0.003230
6628    0.003868
6714    0.006834
6715    0.006761
6778    0.007451
6827    0.005256
6841    0.007073
6918    0.004998
6938    0.008800
6984    0.003731
7110    0.006624
7129    0.006377
7168    0.002491
7306    0.012520
7349    0.013117
7351    0.004318
7372    0.010554
7377    0.003509
7524    0.003580
7650    0.004681
7692    0.012520
7704    0.006211
7896    0.004971
7985    0.006160
8025    0.006859
8040    0.003171
8068    0.004998
8078    0.005036
8079    0.008589
8105    0.005710
8246    0.010040
8424    0.007560
8442    0.004749
8446    0.006793
8630    0.006453
8781    0.003854
8783    0.024764
8845    0.004411
8947    0.008589
9004    0.007349
9105    0.007451
9160    0.006060
9209    0.002855
9210    0.004681
9341    0.011280
9342    0.011280
9518    0.002664
9533    0.003897
9798    0.003509
9883    0.007451
9897    0.015597
9944    0.005671
9946    0.007073
9947    0.002920
10064    0.005750
10186    0.006265
10215    0.004264
10240    0.011280
10261    0.006266
10354    0.004470
10369    0.034172
10372    0.021109
10397    0.020547
10411    0.004998
10556    0.008589
10575    0.014321
10589    0.004658
10610    0.006109
10786    0.006990
10897    0.003654
11014    0.004593
11051    0.006160
11089    0.012640
11103    0.002841
11218    0.002678
11271    0.004411
11289    0.004726
11316    0.010554
11355    0.007300
11371    0.007560
11415    0.005225
11683    0.004717
11744    0.003745
11825    0.010554
11841    0.004132
11937    0.008230
11958    0.005052
12005    0.005036
12053    0.011583
12110    0.003386
12145    0.011280
12166    0.004658
12215    0.008401
12230    0.003882
12280    0.011280
12300    0.003210
12412    0.008401
12416    0.005417
12455    0.007161
12551    0.003260
12626    0.009039
12644    0.007799
12706    0.012520
12853    0.003985
12855    0.008687
12864    0.003897
12880    0.004144
12889    0.002871
12951    0.006834
12987    0.001797
13154    0.004726
13179    0.004658
13298    0.005671
13300    0.008401
13307    0.008589
13342    0.012520
13357    0.010518
13361    0.005137
13370    0.005791
13478    0.007931
13482    0.004796
13484    0.009788
13544    0.008401
13568    0.004593
13799    0.008230
13800    0.006211
13886    0.009372
14054    0.005791
14063    0.023380
14065    0.002958
14222    0.006990
14314    0.005287
14493    0.010040
14498    0.013329
14537    0.003521
14655    0.009314
14656    0.013383
14716    0.006496
14727    0.006160
14742    0.003834
14750    0.008589
15294    0.007161
15497    0.004194
15503    0.004998
15555    0.008635
15556    0.016151
15660    0.006559
15684    0.006012
15686    0.017801
15695    0.009361
15712    0.012002
15713    0.005791
15778    0.004681
15779    0.012218
15822    0.003718
15844    0.007560
15906    0.008635
15983    0.004894
15991    0.005876
16011    0.008589
16030    0.004593
16094    0.004681
16119    0.006265
16209    0.025039
16272    0.007451
16348    0.009039
16575    0.005486
16585    0.010189
16592    0.002693
16612    0.018327
16651    0.025039
16657    0.011189
16729    0.002040
16782    0.012520
16862    0.004392
16909    0.009039
16923    0.003475
16941    0.016381
16955    0.004894
17051    0.003667
17103    0.004572
17281    0.007041
17292    0.023643
17336    0.009039
17484    0.004174
17529    0.004796
17669    0.002971
17870    0.003911
17875    0.005108
17885    0.006761
17931    0.011500
17944    0.007931
18005    0.003191
18020    0.007349
18167    0.009633
18182    0.007725
18187    0.008589
18247    0.004636
18329    0.007161
18371    0.007252
18439    0.009314
18580    0.005558
18670    0.004354
18724    0.005521
18827    0.012520
18882    0.005401
18883    0.003840
18948    0.006911
18951    0.006060
19122    0.008230
19125    0.023074
19127    0.026161
19128    0.004572
19177    0.003592
19226    0.002971
19232    0.003926
19261    0.003745
19266    0.003629
19271    0.004636
19277    0.011264
19327    0.008863
19328    0.006211
19349    0.005319
19366    0.001740
19370    0.003985
19383    0.005791
19426    0.002459
19528    0.008401
19585    0.009039
19589    0.012319
19688    0.008401
19742    0.007560
19773    0.003143
19814    0.011280
19844    0.002342
19977    0.012520
19997    0.005710
20030    0.009039
20082    0.005384
20090    0.008496
20260    0.003193
20420    0.006834
20433    0.007252
20464    0.003758
20530    0.009039
20557    0.004144
20559    0.012753
20562    0.009314
20717    0.006381
20745    0.005521
20768    0.002946
20811    0.007161
20901    0.003882
20946    0.003375
20993    0.004490
21058    0.003667
21115    0.002937
21122    0.004111
21150    0.002855
21243    0.005678
21247    0.003630
21253    0.046801
21254    0.007793
21258    0.006060
21259    0.027788
21341    0.007349
