51
251    0.079171
1240    0.039632
2985    0.064843
3618    0.086564
3886    0.056997
4317    0.064843
4536    0.052160
4620    0.066119
5614    0.042918
6486    0.059101
6758    0.054509
6765    0.087841
6984    0.037247
8625    0.124973
9256    0.044819
10589    0.046501
11103    0.014178
11841    0.020624
12005    0.025134
12307    0.037780
12309    0.092564
12331    0.071478
13501    0.031753
14339    0.048115
14604    0.053473
15015    0.124973
15551    0.045225
15697    0.067493
16297    0.124973
16302    0.062536
16485    0.040556
16510    0.063085
16585    0.007265
16734    0.025068
17094    0.059553
17643    0.038611
18158    0.046723
18282    0.019375
18417    0.076615
18619    0.032143
19085    0.060016
19132    0.124973
19266    0.036227
19453    0.042038
19773    0.031371
19817    0.048854
20627    0.050158
20688    0.058660
20848    0.032442
21120    0.040088
21307    0.081429
