306
1    0.007927
161    0.006970
191    0.006661
370    0.013249
448    0.007990
451    0.005766
453    0.007927
469    0.005137
666    0.007055
670    0.010282
702    0.006142
1081    0.007806
1184    0.004885
1190    0.007635
1242    0.005920
1283    0.008814
1304    0.007581
1346    0.007927
1382    0.015495
1411    0.010457
1490    0.004435
1570    0.013915
1614    0.020667
1633    0.007747
1734    0.012710
1741    0.006186
1746    0.010125
1762    0.008465
1863    0.009216
1878    0.009967
1919    0.005791
1940    0.005645
1941    0.005295
2014    0.006554
2047    0.004688
2076    0.014871
2102    0.004131
2120    0.005234
2233    0.011917
2277    0.017324
2278    0.006697
2344    0.003986
2357    0.011917
2587    0.008121
2609    0.006292
2684    0.005552
2872    0.007425
2882    0.006000
2934    0.009689
3039    0.005463
3086    0.007055
3089    0.011821
3090    0.007012
3326    0.005867
3441    0.008484
3726    0.005766
3766    0.019378
3774    0.010645
4023    0.004118
4135    0.006970
4168    0.030990
4195    0.004449
4240    0.006764
4362    0.007012
4380    0.015832
4383    0.006889
4637    0.008121
4697    0.006056
4775    0.011075
4835    0.010645
4946    0.010282
4949    0.007055
4970    0.014871
5044    0.007098
5075    0.005744
5137    0.009824
5142    0.010457
5202    0.015945
5217    0.008054
5319    0.012710
5501    0.003276
5515    0.004478
5517    0.009967
5556    0.006201
5567    0.004642
5578    0.006261
5628    0.009440
5670    0.010119
5769    0.013971
5866    0.004421
5881    0.008564
5891    0.010119
6038    0.008914
6067    0.012710
6180    0.009824
6372    0.007858
6501    0.009561
6628    0.010199
6630    0.007806
6745    0.016506
6819    0.008484
6828    0.006084
6891    0.008332
7349    0.008647
7351    0.005692
7377    0.013879
7379    0.008647
7380    0.006261
7429    0.009967
7464    0.008914
7485    0.009967
7487    0.010282
7523    0.012710
7579    0.010282
7753    0.009014
7802    0.002188
7989    0.011531
8001    0.016814
8019    0.003975
8025    0.013564
8101    0.007098
8116    0.007160
8209    0.011324
8218    0.004010
8262    0.010851
8383    0.010851
8534    0.005315
8601    0.007747
8630    0.005672
8829    0.013236
8845    0.011632
8896    0.014871
9016    0.011786
9193    0.008564
9209    0.007528
9214    0.007581
9233    0.016506
9388    0.005621
9398    0.005176
9485    0.012280
9503    0.011324
9517    0.007701
9557    0.016506
9603    0.016506
9641    0.006323
9939    0.011075
9947    0.003850
9961    0.009325
10105    0.014112
10215    0.011242
10230    0.009824
10247    0.007376
10334    0.004801
10338    0.009440
10369    0.009011
10415    0.011602
10421    0.006625
10508    0.009216
10837    0.007793
10881    0.007098
11016    0.009325
11112    0.004581
11203    0.005816
11289    0.006231
11390    0.007425
11422    0.020563
11469    0.013915
11683    0.003109
11729    0.005420
12038    0.024560
12110    0.008927
12122    0.004143
12229    0.010851
12230    0.010237
12283    0.013001
12415    0.010162
12416    0.007142
12569    0.009111
12820    0.008054
12880    0.005463
12889    0.015140
12904    0.004325
12974    0.006261
12999    0.002717
13050    0.008337
13143    0.006589
13186    0.016506
13228    0.005295
13357    0.006933
13434    0.001499
13466    0.003861
13484    0.006452
13530    0.006697
13541    0.007233
13568    0.006056
13647    0.004379
13770    0.010119
13866    0.006849
14012    0.006486
14063    0.010275
14065    0.003900
14124    0.006625
14137    0.006849
14320    0.005598
14425    0.003884
14430    0.006452
14498    0.013180
14515    0.009824
14536    0.007142
14742    0.003370
14773    0.008407
14944    0.006697
14950    0.009824
14968    0.010645
15081    0.005893
15209    0.008733
15210    0.005867
15503    0.006589
15555    0.005692
15686    0.011734
15712    0.010549
15791    0.006355
16030    0.006056
16259    0.007865
16409    0.008259
16437    0.006889
16489    0.008259
16521    0.007528
16562    0.009441
16585    0.013433
16591    0.009011
16592    0.003551
16612    0.008054
16707    0.005946
16729    0.002690
16732    0.004106
16772    0.006697
16923    0.004581
16941    0.009256
17046    0.013236
17051    0.004834
17056    0.009689
17281    0.004642
17292    0.015585
17305    0.013915
17484    0.005503
17524    0.006486
17531    0.004704
17635    0.010119
17669    0.007835
17707    0.013915
17821    0.005816
17868    0.006589
17927    0.012710
17931    0.007581
17980    0.013236
18167    0.007620
18182    0.005093
18205    0.008914
18282    0.002559
18319    0.011059
18384    0.009824
18587    0.005062
18724    0.007279
18726    0.006292
18950    0.014871
19125    0.006084
19127    0.004311
19226    0.007835
19277    0.007425
19327    0.007790
19328    0.008189
19343    0.009325
19433    0.006231
19577    0.007528
19707    0.005399
19772    0.005621
19816    0.009967
19844    0.001544
19871    0.009441
19905    0.007990
20090    0.005601
20260    0.015435
20282    0.003610
20297    0.010282
20305    0.008259
20420    0.009011
20432    0.007376
20531    0.011602
20534    0.005507
20559    0.008407
20760    0.007187
20762    0.008121
20927    0.003998
20966    0.012710
20993    0.011839
20996    0.013236
21058    0.004834
21085    0.006486
21122    0.010840
21129    0.003722
21132    0.007327
21133    0.009216
21150    0.003764
21253    0.018148
21254    0.020549
