286
431    0.011773
450    0.009198
451    0.007190
455    0.013791
590    0.012822
927    0.011362
1116    0.017925
1186    0.020584
1242    0.007382
1283    0.005496
1399    0.020584
1416    0.018908
1455    0.022002
1529    0.007925
1681    0.008445
1689    0.006552
1712    0.014505
1725    0.019468
1740    0.015034
1741    0.011572
1746    0.012626
1747    0.017925
1753    0.018545
1762    0.005278
1949    0.006896
2003    0.008217
2014    0.008174
2089    0.015314
2124    0.037090
2281    0.008005
2373    0.017353
2380    0.009323
2565    0.011001
2587    0.010127
2598    0.013812
2719    0.017353
2729    0.014121
2801    0.011493
2857    0.007846
2949    0.015850
2995    0.020968
2997    0.020584
3010    0.015850
3039    0.013626
3077    0.007733
3084    0.022233
3089    0.004914
3343    0.012619
3473    0.007253
3478    0.020584
3492    0.016507
3583    0.009028
3619    0.008005
3676    0.020584
3686    0.009521
3861    0.020088
3925    0.010127
4111    0.017353
4118    0.010783
4137    0.005015
4258    0.005713
4380    0.003949
4390    0.008217
4450    0.005584
4505    0.010044
4599    0.011362
4656    0.009885
5043    0.003029
5074    0.013680
5075    0.003582
5156    0.016507
5164    0.020584
5317    0.020584
5540    0.017353
5670    0.012619
5754    0.020584
5758    0.020584
5769    0.011615
5866    0.005513
5867    0.013812
6230    0.018545
6489    0.012083
6667    0.020584
6719    0.006924
6828    0.022762
7043    0.018545
7168    0.004096
7176    0.010484
7188    0.007284
7196    0.012083
7408    0.010890
7416    0.011773
7779    0.008217
7856    0.012619
7931    0.014468
7946    0.014861
7964    0.010391
8009    0.020584
8019    0.004957
8058    0.014861
8092    0.020584
8116    0.004464
8233    0.007885
8275    0.007808
8375    0.012429
8403    0.018545
8476    0.006577
8505    0.008261
8545    0.014121
8613    0.008493
8709    0.069411
8719    0.012251
8734    0.020584
8823    0.020584
8994    0.015314
9044    0.012619
9210    0.007696
9214    0.009454
9388    0.007010
9398    0.006454
9400    0.014121
9411    0.003908
9517    0.004802
9518    0.004380
9526    0.010580
9537    0.020584
9641    0.007885
9649    0.033013
9654    0.020584
9658    0.020584
9659    0.018545
9776    0.020584
9800    0.014861
10005    0.020584
10012    0.020584
10074    0.005906
10105    0.005866
10255    0.020584
10475    0.014468
10790    0.009809
10816    0.028936
10836    0.010890
11117    0.015316
11176    0.020584
11207    0.007382
11355    0.004000
11376    0.020584
11415    0.017182
11423    0.014468
11434    0.005657
11444    0.007284
11519    0.008352
11569    0.011693
11683    0.007755
11750    0.011027
11841    0.010191
11882    0.011493
11889    0.008963
12045    0.008798
12050    0.014468
12144    0.013040
12230    0.006383
12283    0.004053
12319    0.011362
12338    0.020584
12551    0.005360
12562    0.020584
12565    0.014861
12605    0.007925
12644    0.012822
12684    0.004333
12808    0.015314
12853    0.019657
12904    0.005393
12983    0.005987
13050    0.005198
13434    0.001869
13647    0.010923
13702    0.011117
13825    0.012619
13906    0.010127
13939    0.006050
13994    0.016507
14058    0.010890
14065    0.002432
14093    0.008745
14241    0.018545
14303    0.005926
14305    0.018776
14327    0.020584
14406    0.006245
14423    0.018545
14498    0.005479
14594    0.010783
14604    0.004404
14607    0.006981
14669    0.013275
14682    0.013275
14742    0.002101
14745    0.004720
14974    0.020584
15052    0.018545
15175    0.018545
15497    0.006896
15503    0.008217
15623    0.007885
15705    0.013275
15853    0.014468
15966    0.018545
15968    0.028243
16265    0.009885
16340    0.016507
16376    0.020584
16461    0.016890
16501    0.006050
16578    0.009591
16585    0.003590
16692    0.010680
16707    0.014830
16862    0.007221
16896    0.015850
16959    0.006200
17165    0.020584
17216    0.013040
17231    0.020584
17496    0.010127
17531    0.005866
17553    0.018545
17695    0.022233
17789    0.015314
17808    0.011493
18114    0.017353
18131    0.016507
18143    0.015314
18167    0.006335
18182    0.003175
18223    0.010783
18319    0.006896
18382    0.007808
18435    0.014569
18446    0.009388
18586    0.018545
18587    0.006313
18589    0.011773
18638    0.018545
18670    0.007159
18814    0.013275
18816    0.018545
18821    0.015850
18882    0.004440
18887    0.009454
18901    0.019043
19112    0.011117
19125    0.007587
19200    0.012429
19211    0.026080
19414    0.020584
19416    0.007010
19455    0.010391
19541    0.026551
19572    0.011237
19648    0.010890
19751    0.009662
19820    0.006952
19822    0.011237
20090    0.003492
20260    0.008749
20275    0.005045
20282    0.004501
20452    0.007349
20642    0.010580
20648    0.008088
20695    0.008963
20746    0.012822
20785    0.006981
20807    0.008852
20833    0.012083
20859    0.010580
20868    0.004539
20894    0.005675
20946    0.005549
21040    0.015314
21129    0.004641
21249    0.020584
21253    0.009052
21266    0.005566
