274
402    0.017964
448    0.009651
455    0.006680
534    0.010656
666    0.008522
863    0.009977
1021    0.011550
1030    0.017964
1080    0.013107
1081    0.009429
1207    0.011704
1240    0.006323
1242    0.007151
1283    0.005324
1286    0.011867
1346    0.009575
1451    0.004746
1471    0.012224
1545    0.013107
1561    0.053892
1562    0.019939
1633    0.009359
1662    0.010065
1689    0.006347
1691    0.006347
1741    0.003737
1746    0.006115
1752    0.008737
1816    0.010065
1824    0.010549
1878    0.012040
1898    0.027358
1951    0.009094
2008    0.009223
2015    0.009158
2020    0.011550
2224    0.008274
2277    0.004185
2532    0.017964
2559    0.019939
2604    0.006935
2684    0.006707
2723    0.005570
2877    0.015353
2882    0.014497
2947    0.014366
3090    0.016941
3304    0.017964
3326    0.007087
3396    0.013359
3400    0.010549
3484    0.011867
3567    0.004691
3571    0.007349
3583    0.004372
3603    0.011265
3675    0.008371
3734    0.009031
3842    0.006470
4150    0.008627
4173    0.018315
4324    0.006935
4380    0.007650
4398    0.011550
4435    0.015989
4461    0.007419
4777    0.007917
4835    0.012859
4949    0.008522
5074    0.006626
5075    0.006939
5202    0.006420
5230    0.009359
5501    0.007915
5515    0.005409
5549    0.008682
5556    0.007490
5567    0.005607
5609    0.019939
5848    0.014834
5866    0.005341
5881    0.010345
6472    0.011006
6739    0.019939
6778    0.011867
6783    0.012859
6827    0.008371
6828    0.014699
6944    0.013379
7078    0.012040
7377    0.016765
7464    0.010768
7569    0.010345
7636    0.008227
7671    0.015353
7833    0.005113
7988    0.009729
7989    0.006965
8209    0.013679
8262    0.013107
8375    0.012040
8573    0.009810
8825    0.029668
9017    0.017964
9068    0.012040
9398    0.006252
9406    0.015353
9424    0.008522
9502    0.040451
9503    0.013679
9811    0.009651
9945    0.008522
9947    0.009302
10105    0.005683
10107    0.012224
10140    0.006323
10334    0.005800
10411    0.007960
10415    0.028029
10418    0.012224
10645    0.012859
10790    0.009501
10837    0.003138
10840    0.006790
10897    0.005820
11014    0.014631
11201    0.004718
11210    0.012859
11218    0.004266
11310    0.012631
11530    0.009575
11566    0.009290
11576    0.025262
11790    0.016809
11841    0.006581
11857    0.009977
11962    0.012859
12064    0.007917
12110    0.010784
12232    0.010768
12277    0.010549
12283    0.003926
12345    0.005444
12415    0.006138
12493    0.034650
12665    0.014834
12853    0.006347
12855    0.004611
12889    0.009145
12951    0.010884
12978    0.008574
13074    0.019939
13096    0.009729
13125    0.009158
13177    0.010884
13228    0.006396
13256    0.013679
13305    0.015353
13351    0.004678
13357    0.008375
13359    0.013107
13434    0.007242
13466    0.009329
13541    0.008737
13547    0.011404
13568    0.007315
13580    0.004858
13647    0.010580
13688    0.015353
13727    0.013107
13799    0.013107
13800    0.009892
13803    0.019619
13930    0.011404
13939    0.005860
14054    0.009223
14065    0.007067
14137    0.008274
14303    0.005740
14425    0.004691
14498    0.005307
14500    0.015989
14512    0.019939
14515    0.023734
14742    0.002035
14749    0.006819
14796    0.006371
15023    0.019151
15147    0.011132
15209    0.010549
15229    0.009094
15280    0.019939
15299    0.007794
15555    0.013752
15623    0.015276
15686    0.007087
15692    0.019939
15712    0.006371
15764    0.009290
15818    0.006071
15820    0.006905
16026    0.008627
16029    0.007876
16252    0.010768
16255    0.017964
16259    0.009501
16333    0.009892
16489    0.009977
16574    0.015353
16585    0.004636
16612    0.019459
16724    0.006935
16729    0.003250
16734    0.007999
16862    0.013990
16944    0.010749
17125    0.012040
17176    0.019939
17281    0.005607
17292    0.012551
17313    0.009031
17369    0.007917
17373    0.011404
17374    0.009977
17527    0.010884
17531    0.005683
17546    0.016809
17669    0.004732
17695    0.010768
17875    0.008135
17907    0.012631
18167    0.003068
18182    0.006152
18205    0.010768
18319    0.006680
18382    0.007563
18583    0.014014
18726    0.007601
18940    0.009651
19043    0.011031
19125    0.007349
19127    0.005208
19128    0.007282
19169    0.008002
19215    0.012420
19262    0.006762
19366    0.005542
19383    0.009223
19410    0.003689
19426    0.003916
19841    0.012224
19844    0.003730
20090    0.006766
20260    0.010170
20261    0.012631
20282    0.008721
20560    0.011265
20714    0.006573
20717    0.005081
20762    0.009810
20771    0.008522
20848    0.005176
20927    0.004830
20946    0.005375
21011    0.020498
21113    0.009501
21129    0.004496
21132    0.008851
21150    0.002274
21155    0.008046
21247    0.002891
21253    0.052613
21254    0.024823
21258    0.019303
