271
267    0.007354
534    0.008970
1135    0.012117
1163    0.007937
1184    0.004967
1190    0.007763
1194    0.008257
1207    0.009852
1242    0.012038
1278    0.007500
1283    0.013443
1403    0.022805
1408    0.016783
1451    0.007989
1530    0.013459
1555    0.015121
1621    0.023028
1676    0.010134
1699    0.001993
1741    0.006290
1746    0.020590
1859    0.007005
1878    0.010134
1951    0.007654
2093    0.010039
2224    0.006964
2277    0.010569
2278    0.013619
2357    0.012117
2745    0.009969
2819    0.005322
2882    0.061011
3009    0.009599
3077    0.006305
3086    0.007173
3089    0.004006
3090    0.007130
3309    0.007130
3338    0.007308
3592    0.009162
3603    0.028446
3629    0.053834
3643    0.077541
3726    0.005862
3732    0.007402
3733    0.006700
3789    0.006964
3842    0.005446
3845    0.009162
4023    0.004188
4102    0.009064
4195    0.004524
4240    0.006878
4258    0.004658
4380    0.003219
4456    0.013772
4632    0.016783
4662    0.005939
4743    0.008189
4774    0.007878
4778    0.008879
4933    0.012923
5070    0.022522
5075    0.002920
5121    0.010289
5521    0.014524
5770    0.010134
5854    0.010824
5897    0.011033
5899    0.007354
6050    0.011431
6306    0.009989
6403    0.008189
6430    0.007308
6628    0.010370
6666    0.016783
6714    0.018324
6715    0.018128
6827    0.007046
6846    0.045362
7199    0.005185
7212    0.015121
7281    0.009064
7323    0.015121
7349    0.008792
7351    0.005788
7379    0.008792
7380    0.006366
7401    0.011261
7443    0.012117
7475    0.010454
7531    0.004357
7571    0.006561
7578    0.016783
7736    0.004933
7753    0.009165
7774    0.016783
7797    0.010134
7802    0.002225
8078    0.003375
8105    0.007654
8116    0.003640
8233    0.006429
8294    0.014148
8300    0.009482
8383    0.011033
8630    0.002884
8781    0.030997
8783    0.027664
8947    0.023028
8971    0.010134
9023    0.006305
9039    0.010134
9266    0.026917
9282    0.005020
9304    0.008189
9388    0.005716
9491    0.015121
9518    0.003571
9533    0.005224
9812    0.005862
9936    0.008124
9944    0.007602
10140    0.010645
10261    0.004200
10290    0.017437
10334    0.004882
10338    0.004799
10363    0.010289
10367    0.015121
10397    0.048201
10411    0.006700
10421    0.006736
10575    0.038396
10589    0.006245
10614    0.008627
10790    0.007997
10814    0.014148
10837    0.002641
10840    0.005716
10846    0.005622
10897    0.009797
11014    0.055418
11016    0.009482
11115    0.015121
11180    0.003763
11218    0.003591
11244    0.009599
11310    0.010632
11468    0.005888
11474    0.011796
11491    0.015121
11509    0.016783
11683    0.003161
11744    0.005020
11750    0.004495
11887    0.009989
11963    0.012117
12181    0.015121
12202    0.007654
12230    0.010409
12276    0.014148
12277    0.026638
12319    0.009264
12626    0.012117
12627    0.012923
12702    0.013459
12764    0.018528
12978    0.021651
13014    0.003690
13042    0.016783
13228    0.005383
13351    0.003937
13355    0.007808
13434    0.009144
13478    0.021264
13480    0.012486
13482    0.012859
13541    0.022062
13568    0.006158
13580    0.008178
13799    0.022065
13800    0.008326
13886    0.004188
13909    0.006629
13939    0.004933
14065    0.001983
14180    0.014148
14406    0.005092
14485    0.006186
14498    0.004467
14717    0.007005
14726    0.008189
14742    0.003426
14857    0.006925
14860    0.015121
15204    0.005577
15218    0.010454
15591    0.007173
15782    0.009852
15807    0.008879
16030    0.006158
16082    0.011033
16083    0.012923
16409    0.008398
16501    0.004933
16585    0.014634
16592    0.003610
16707    0.006046
17117    0.004101
17235    0.015121
17451    0.006964
17875    0.006847
17916    0.006129
17932    0.010824
18061    0.012923
18167    0.002583
18182    0.005178
18268    0.014148
18392    0.010289
18411    0.014009
18558    0.033098
18580    0.007450
18587    0.010295
18652    0.004357
18655    0.005363
18658    0.011261
18724    0.014803
18726    0.012795
18731    0.018128
18940    0.008124
18949    0.010454
19072    0.012923
19106    0.007450
19125    0.037118
19127    0.008768
19128    0.006129
19177    0.004816
19327    0.007920
19349    0.007130
19528    0.011261
19557    0.008708
19586    0.010824
19589    0.008257
19844    0.009419
20090    0.005695
20260    0.005707
20270    0.016783
20275    0.004113
20282    0.003670
20381    0.016783
20432    0.007500
20514    0.013459
20760    0.007308
20769    0.014148
20854    0.013459
20868    0.003701
20902    0.005533
20927    0.004065
20946    0.004524
20964    0.005129
21129    0.003784
21150    0.001914
21156    0.012923
21247    0.007299
21253    0.033214
21254    0.010447
21266    0.004539
21276    0.016783
21290    0.006101
21328    0.013459
