265
1    0.010503
147    0.006428
370    0.008778
381    0.021870
394    0.033682
451    0.007639
479    0.009975
633    0.012669
653    0.010850
670    0.013623
786    0.008549
803    0.014675
808    0.019704
904    0.018437
927    0.012072
1184    0.006473
1188    0.011040
1272    0.007987
1283    0.005839
1314    0.011348
1346    0.010503
1376    0.033682
1377    0.021870
1490    0.005877
1496    0.035066
1507    0.021870
1799    0.017538
1877    0.039409
1892    0.021870
1893    0.019704
1895    0.021870
1949    0.007327
2047    0.006212
2078    0.021870
2089    0.016271
2093    0.006541
2102    0.005473
2211    0.012509
2280    0.012211
2281    0.008506
2344    0.005282
2396    0.005895
2609    0.008337
2642    0.021870
2644    0.028568
2860    0.015372
2861    0.010422
2872    0.009839
2978    0.016841
3011    0.014377
3013    0.010503
3039    0.021716
3080    0.019704
3140    0.010850
3400    0.011571
3416    0.016271
3630    0.021870
3644    0.012669
3727    0.012669
3729    0.031579
3763    0.018437
3852    0.021870
3903    0.008256
4023    0.005457
4168    0.010265
4300    0.010760
4374    0.039409
4380    0.029368
4441    0.012356
4465    0.015789
4493    0.017538
4612    0.021870
4613    0.014675
5115    0.010760
5138    0.019704
5170    0.011811
5202    0.014085
5465    0.019704
5495    0.004195
5620    0.012669
5789    0.016271
5820    0.009839
5840    0.012509
5866    0.011716
5867    0.014675
5885    0.015789
5899    0.009583
5977    0.005914
5999    0.021870
6598    0.011285
6624    0.011811
6828    0.008061
6831    0.021870
6885    0.016271
6931    0.058444
6957    0.016841
6994    0.011348
7176    0.011139
7377    0.006130
7409    0.018437
7443    0.015789
7531    0.005677
7616    0.019704
7712    0.010944
7779    0.008731
7802    0.002899
7820    0.015372
7836    0.021870
7877    0.014377
7989    0.007639
8116    0.004743
8410    0.021870
8476    0.006989
8781    0.006732
8783    0.007210
8828    0.012838
8845    0.007706
8862    0.010850
8926    0.018437
9299    0.015372
9311    0.010586
9411    0.004152
9641    0.016756
9749    0.011139
9799    0.036633
9903    0.019704
9932    0.016841
9947    0.005102
9951    0.016271
10333    0.009523
10455    0.019704
10500    0.017538
10564    0.012838
10579    0.019704
10697    0.010265
10837    0.003442
10857    0.013017
11052    0.013855
11087    0.007639
11118    0.009076
11129    0.013623
11218    0.004679
11271    0.007706
11408    0.013017
11744    0.006541
11882    0.012211
11958    0.008825
11959    0.021870
11966    0.009405
12122    0.005490
12245    0.005766
12273    0.013767
12399    0.021870
12413    0.011040
12414    0.035066
12416    0.009463
12433    0.018437
12459    0.016841
12569    0.012072
12638    0.019704
12674    0.013206
12720    0.014377
12788    0.021870
12818    0.019949
12821    0.021870
12880    0.014477
12894    0.020380
13143    0.017461
13228    0.007015
13434    0.003972
13466    0.010233
13481    0.013017
13482    0.008378
13483    0.016271
13484    0.008549
14003    0.016271
14069    0.015789
14124    0.008778
14184    0.021870
14498    0.005821
14538    0.008923
14592    0.013206
14606    0.021870
14607    0.007417
14795    0.013408
15007    0.015004
15009    0.010850
15029    0.011939
15193    0.013855
15287    0.075020
15712    0.006989
15783    0.009708
15908    0.011457
16259    0.010422
16286    0.014105
16422    0.018437
16440    0.013206
16459    0.023878
16585    0.001271
16734    0.004387
16847    0.035076
16907    0.006090
17035    0.018437
17159    0.016841
17250    0.017538
17271    0.017538
17281    0.012300
17284    0.017538
17292    0.020650
17471    0.009906
17539    0.021870
17593    0.021870
17669    0.005191
17671    0.019704
17890    0.018437
17951    0.012356
17957    0.021870
18056    0.021870
18063    0.012838
18068    0.012509
18135    0.015372
18218    0.021870
18223    0.011457
18499    0.008973
18502    0.012211
18593    0.016841
18674    0.011939
18841    0.016925
18882    0.004717
19010    0.010944
19217    0.021870
19327    0.005161
19381    0.024144
19455    0.011040
19464    0.006110
19522    0.019704
19568    0.026033
19586    0.014105
19844    0.002046
19898    0.019704
20115    0.016271
20260    0.005578
20275    0.005360
20282    0.019131
20305    0.010944
20357    0.021870
20421    0.016271
20432    0.009773
20568    0.013017
20632    0.016841
20700    0.011689
20703    0.019704
20756    0.017538
20762    0.010760
20768    0.005146
20785    0.007417
20789    0.014377
20823    0.030008
21060    0.021870
21085    0.008594
21126    0.011811
21152    0.009773
21247    0.003171
21253    0.009618
21335    0.021870
