281
219    0.005487
288    0.007892
582    0.014708
1081    0.009349
1190    0.009145
1222    0.010258
1242    0.014180
1309    0.006492
1364    0.008399
1451    0.004706
1458    0.009017
1604    0.009017
1814    0.012524
1816    0.009980
1842    0.012524
1844    0.012120
1859    0.008251
1940    0.006761
1946    0.009980
1948    0.013563
1951    0.009017
2021    0.024630
2071    0.013896
2277    0.004150
2284    0.010460
2432    0.006828
2458    0.009421
2539    0.008157
2556    0.013896
2675    0.008251
2690    0.011766
2706    0.005505
2710    0.007321
2792    0.010677
2931    0.012120
3278    0.011766
3283    0.013563
3309    0.008399
3341    0.006342
3396    0.006623
3575    0.009726
3588    0.011766
3592    0.010792
3611    0.011038
3821    0.011938
3931    0.012996
4137    0.004817
4240    0.024305
4380    0.003792
4389    0.010357
4512    0.010069
4599    0.010912
4600    0.016666
4636    0.018290
4656    0.009494
4662    0.006996
4701    0.009726
4782    0.017812
4872    0.009080
4899    0.005851
4903    0.013896
5043    0.002909
5047    0.009211
5076    0.019770
5121    0.012120
5220    0.025504
5265    0.013265
5487    0.008450
5495    0.018962
5501    0.011772
5521    0.008554
5523    0.007892
5532    0.004948
5535    0.009569
5570    0.011307
5602    0.009211
5717    0.007689
5763    0.011169
5854    0.012750
5866    0.005295
5881    0.010258
5991    0.007253
6036    0.009647
6079    0.019770
6326    0.019770
6628    0.006108
6715    0.010677
6718    0.013896
6719    0.006650
6908    0.009778
6929    0.015854
6981    0.019770
7084    0.019770
7305    0.014708
7466    0.006966
7490    0.019770
7650    0.007391
7753    0.005398
7787    0.017438
7802    0.002621
8019    0.009521
8040    0.015023
8118    0.015854
8218    0.004803
8253    0.015223
8291    0.015854
8383    0.012996
8424    0.011938
8534    0.006366
8568    0.004408
8569    0.012524
8591    0.015854
8714    0.011766
8742    0.017812
8786    0.008834
8845    0.006966
9090    0.017812
9203    0.011307
9282    0.011826
9309    0.016666
9320    0.008251
9357    0.011038
9388    0.006733
9411    0.003753
9455    0.009647
9459    0.009349
9482    0.014708
9518    0.008413
9812    0.006906
10309    0.019770
10406    0.011938
10411    0.015784
10413    0.039918
10415    0.013896
10417    0.011307
10478    0.009279
10632    0.019770
10738    0.012315
10851    0.012120
10902    0.012524
10922    0.012996
11117    0.004903
11180    0.004433
11181    0.005469
11207    0.007090
11334    0.005977
11434    0.005433
11561    0.012120
11581    0.007978
11683    0.007448
11684    0.009211
11757    0.006623
12084    0.008066
12230    0.006130
12232    0.010677
12345    0.010796
12414    0.010566
12459    0.015223
12462    0.012750
12505    0.007154
12683    0.014708
12765    0.006176
12855    0.009145
12889    0.004534
12911    0.006366
12951    0.010792
12987    0.005675
13050    0.004993
13154    0.007463
13175    0.009349
13178    0.014708
13241    0.011038
13298    0.017909
13355    0.013796
13357    0.002768
13434    0.003590
13537    0.015223
13800    0.029425
13803    0.019453
14012    0.023305
14019    0.019770
14298    0.012996
14320    0.006705
14430    0.023185
14507    0.014273
14536    0.008554
14742    0.012108
14746    0.007892
14796    0.012635
14811    0.010069
14865    0.007650
14998    0.012120
15060    0.019770
15229    0.018033
15350    0.015854
15358    0.014708
15470    0.011038
15488    0.007611
15489    0.016666
15556    0.008501
15819    0.014708
15888    0.011605
15889    0.010357
15910    0.007154
15982    0.013265
16030    0.007253
16047    0.021584
16067    0.017812
16085    0.011938
16237    0.005433
16333    0.009808
16342    0.015854
16377    0.012315
16409    0.009893
16585    0.009194
16657    0.008834
16668    0.010792
16772    0.016043
16831    0.015223
16836    0.015223
16893    0.013265
16923    0.005487
16925    0.012315
16941    0.007391
17037    0.012492
17209    0.012120
17221    0.010069
17413    0.018423
17529    0.007574
17678    0.013265
17782    0.013871
17800    0.017812
17916    0.007220
17966    0.007611
17979    0.019770
17980    0.015854
18005    0.005038
18082    0.008450
18138    0.008204
18167    0.003042
18182    0.003050
18203    0.006570
18256    0.009808
18329    0.011307
18336    0.011038
18491    0.015223
18609    0.009980
18901    0.009145
18951    0.009569
18987    0.014782
19125    0.007287
19127    0.005164
19204    0.007850
19226    0.009384
19278    0.007093
19327    0.004665
19366    0.002748
19457    0.009808
19576    0.016666
19718    0.022608
19766    0.011766
19773    0.004963
19844    0.003698
19905    0.009569
20090    0.003354
20260    0.003361
20282    0.004323
20534    0.019789
20803    0.003924
20839    0.013265
20901    0.006130
20946    0.010658
20977    0.011605
20983    0.006176
21118    0.007650
21122    0.006492
21150    0.002254
21157    0.011307
21238    0.012315
21247    0.002866
21307    0.006441
