200
297    0.015778
353    0.024906
666    0.010645
803    0.016711
989    0.024906
1012    0.017506
1059    0.024906
1099    0.026326
1452    0.018529
1699    0.002957
1762    0.012772
1863    0.013906
1919    0.008737
2203    0.013906
2224    0.010335
2291    0.016372
2604    0.008662
2609    0.009494
3297    0.009494
3343    0.030537
3563    0.023517
3583    0.005461
3622    0.020996
3700    0.024906
4011    0.024906
4023    0.006214
4137    0.012137
4142    0.011690
4380    0.019111
4450    0.006757
4469    0.017086
4522    0.010581
4640    0.019972
4899    0.007371
5075    0.004334
5093    0.010276
5202    0.024060
5220    0.010710
5292    0.015514
5374    0.016063
5414    0.008892
5495    0.009555
5750    0.015514
5820    0.011204
5866    0.006671
6372    0.005928
6562    0.014427
6783    0.016063
6808    0.012356
6866    0.017506
7180    0.011778
7181    0.008310
7295    0.015269
7377    0.020942
7523    0.028766
7524    0.007122
7714    0.010844
7753    0.006800
8078    0.005009
8149    0.024906
8166    0.019972
8218    0.006051
8500    0.005477
8538    0.016372
8577    0.012463
8622    0.022427
8724    0.022439
9016    0.008892
9039    0.015039
9160    0.024111
9209    0.005679
9224    0.099623
9256    0.008932
9364    0.008344
9460    0.013451
9484    0.009637
9499    0.015778
9586    0.024906
9600    0.022439
9631    0.009494
9664    0.008344
9692    0.029827
9694    0.030537
9798    0.013961
10074    0.021439
10105    0.014196
10445    0.021161
10493    0.017086
10605    0.014951
10653    0.016063
10837    0.007839
10845    0.022439
10892    0.005569
10898    0.025845
11196    0.012055
11201    0.005894
11214    0.015778
11218    0.005328
11270    0.022439
11386    0.008447
11390    0.011204
11503    0.005810
11570    0.015561
11588    0.013451
11622    0.014245
11757    0.008344
12008    0.012802
12110    0.026940
12319    0.013747
12415    0.007667
12505    0.009013
12560    0.014427
12880    0.024730
12889    0.022845
12974    0.009447
13014    0.005477
13050    0.012579
13143    0.049712
13185    0.029239
13352    0.007529
13353    0.009637
13357    0.006974
13416    0.019972
13434    0.004523
13451    0.022112
13580    0.006068
13724    0.099623
13725    0.024906
13825    0.015269
13983    0.013451
14065    0.002942
14130    0.010581
14176    0.018529
14200    0.010645
14231    0.032125
14323    0.008700
14498    0.006629
14638    0.018529
14749    0.008517
14946    0.014427
15342    0.013311
15577    0.017981
15713    0.011521
15783    0.066335
15801    0.010105
16093    0.016063
16321    0.009180
16396    0.011129
16405    0.024906
16585    0.013030
16592    0.005357
16952    0.010518
17037    0.007868
17269    0.014823
17281    0.021011
17366    0.009494
17432    0.020996
17455    0.014620
17492    0.018529
17531    0.007098
18186    0.018712
18198    0.015039
18282    0.003861
18326    0.009890
18652    0.012930
18711    0.015778
18713    0.010395
19048    0.013906
19057    0.022439
19072    0.019178
19212    0.010161
19223    0.009013
19228    0.013596
19309    0.009787
19327    0.011754
19328    0.012356
19370    0.007928
19416    0.008482
19426    0.009783
19523    0.013177
19576    0.020996
19707    0.008146
19772    0.016964
19830    0.010456
20251    0.010218
20260    0.002117
20282    0.016339
20439    0.012922
20540    0.020553
20557    0.008243
20671    0.012153
20708    0.024906
20778    0.011690
20916    0.012356
20983    0.015561
21111    0.010395
21115    0.005843
21150    0.005680
21243    0.005647
21254    0.007752
