61
1346    0.050163
1415    0.087193
1746    0.032037
1847    0.048318
2539    0.043099
3084    0.056412
3089    0.024935
3483    0.042151
3583    0.022906
3743    0.031242
4258    0.028989
4260    0.037800
4380    0.020038
4823    0.080434
5495    0.020038
5769    0.058944
6288    0.059743
6628    0.064544
6827    0.043852
8424    0.063073
8845    0.036805
9961    0.059015
9962    0.064037
10247    0.046676
10411    0.041699
10589    0.038867
10790    0.049775
11263    0.088058
11528    0.034573
11841    0.017238
11997    0.083764
12230    0.064782
12519    0.024935
12894    0.048669
13048    0.075412
13154    0.039430
13434    0.009485
13791    0.054721
14124    0.041923
14137    0.043346
14571    0.071661
14952    0.049397
15063    0.029870
15686    0.037129
15712    0.033378
15818    0.031806
16585    0.006072
17036    0.094110
17423    0.083764
17870    0.032632
18167    0.016074
18319    0.034993
18940    0.050561
20260    0.017759
20282    0.022843
20534    0.069704
20760    0.045482
20762    0.051390
20845    0.042618
20901    0.032391
21253    0.022969
