436
1    0.005276
147    0.003229
191    0.004433
333    0.002750
370    0.004410
451    0.003838
453    0.005276
455    0.003681
469    0.003420
479    0.005011
523    0.009754
534    0.005872
666    0.004696
670    0.006844
702    0.004088
850    0.005998
863    0.005498
1030    0.009899
1080    0.007222
1190    0.005082
1202    0.007932
1207    0.006449
1240    0.003484
1242    0.003940
1247    0.005872
1250    0.005596
1283    0.014667
1346    0.005276
1490    0.005904
1545    0.007222
1614    0.004586
1680    0.004640
1691    0.003497
1699    0.003914
1741    0.004118
1746    0.003370
1785    0.009899
1859    0.009171
1862    0.002239
1878    0.006634
1941    0.003524
1949    0.003681
1992    0.006960
2008    0.005082
2014    0.004363
2015    0.005046
2047    0.009362
2093    0.003286
2102    0.002750
2122    0.005700
2277    0.006919
2344    0.007960
2396    0.002962
2471    0.009262
2539    0.004533
2587    0.005405
2604    0.007643
2617    0.005872
2684    0.003696
2710    0.004069
2768    0.005596
2872    0.004942
2882    0.007988
2947    0.015832
2968    0.005157
3039    0.007273
3043    0.009885
3050    0.003049
3075    0.009262
3077    0.004127
3086    0.014087
3089    0.005245
3090    0.009335
3165    0.010987
3298    0.004845
3307    0.007372
3309    0.004667
3326    0.003905
3341    0.003524
3484    0.006539
3583    0.004818
3603    0.006207
3635    0.004586
3647    0.003100
3675    0.004612
3777    0.008810
3789    0.004559
3842    0.003565
4023    0.002741
4151    0.004754
4173    0.005046
4195    0.002962
4240    0.006753
4258    0.003049
4260    0.003976
4289    0.005813
4300    0.005405
4324    0.003821
4362    0.004667
4380    0.010538
4383    0.004586
4398    0.006364
4650    0.005196
4661    0.007537
4662    0.007776
4673    0.005872
4678    0.004433
4697    0.004031
4744    0.007086
4777    0.008725
4835    0.007086
4855    0.008460
4873    0.006064
4949    0.004696
5074    0.003651
5075    0.003823
5202    0.003538
5415    0.003976
5501    0.002181
5515    0.005961
5521    0.004754
5532    0.002750
5556    0.004127
5567    0.003090
5628    0.006284
5737    0.005596
5769    0.006200
5866    0.008828
5879    0.004251
5881    0.005700
5898    0.005196
5925    0.006064
5938    0.009899
5955    0.009262
5977    0.002971
6038    0.011867
6180    0.006539
6288    0.006284
6328    0.006064
6365    0.003622
6531    0.035429
6596    0.002766
6598    0.002834
6628    0.003394
6707    0.003726
6743    0.006284
6819    0.005647
6827    0.009225
6828    0.016199
7048    0.004108
7085    0.008810
7147    0.013471
7236    0.006449
7262    0.008174
7331    0.008174
7351    0.003789
7377    0.012317
7380    0.004168
7410    0.006844
7431    0.006539
7462    0.008810
7464    0.005933
7497    0.006634
7523    0.004230
7595    0.003565
7636    0.013600
7726    0.005700
7753    0.003000
7896    0.004363
7953    0.008460
7988    0.005361
7989    0.003838
8019    0.002646
8040    0.002783
8116    0.002383
8200    0.004458
8209    0.007537
8218    0.013345
8293    0.009899
8424    0.006634
8435    0.010987
8442    0.004168
8448    0.012268
8489    0.013757
8568    0.002450
8596    0.002915
8630    0.001888
8777    0.004725
8781    0.003382
8827    0.008174
8828    0.006449
8845    0.003871
9003    0.004031
9016    0.003923
9127    0.005405
9193    0.005700
9282    0.003286
9388    0.003742
9398    0.003445
9414    0.008810
9424    0.004696
9484    0.004251
9492    0.006634
9503    0.007537
9533    0.003420
9641    0.004209
9687    0.010811
9883    0.006539
9947    0.002563
10105    0.015656
10149    0.006539
10165    0.007722
10239    0.009262
10333    0.004784
10334    0.012783
10336    0.006844
10338    0.006284
10354    0.003923
10369    0.005998
10397    0.004508
10418    0.006735
10560    0.007372
10614    0.005647
10646    0.005756
10773    0.003742
10790    0.005235
10837    0.003458
10897    0.003207
11014    0.008062
11064    0.006207
11112    0.003049
11117    0.002725
11210    0.007086
11218    0.002350
11271    0.003871
11310    0.006960
11344    0.005196
11492    0.008174
11566    0.005119
11613    0.009508
11841    0.001813
11857    0.005498
11884    0.006539
11887    0.006539
11962    0.007086
12005    0.004419
12071    0.007988
12110    0.002971
12230    0.003407
12232    0.005933
12245    0.002897
12273    0.003458
12277    0.005813
12283    0.012981
12345    0.003000
12348    0.005700
12413    0.005546
12415    0.003382
12491    0.009899
12519    0.002623
12612    0.007932
12695    0.008460
12889    0.012597
12904    0.002879
12928    0.004012
12978    0.004725
12987    0.001577
12999    0.001809
13014    0.002416
13096    0.005361
13143    0.004386
13185    0.006449
13228    0.003524
13305    0.008460
13357    0.009230
13434    0.003990
13466    0.002570
13484    0.008590
13530    0.008916
13541    0.004814
13547    0.006284
13568    0.004031
13580    0.005354
13647    0.002915
13691    0.005933
13727    0.007222
13799    0.007222
13800    0.005451
13803    0.005405
13930    0.006284
14054    0.005082
14063    0.006839
14065    0.002596
14303    0.003163
14319    0.011995
14359    0.005276
14360    0.008174
14425    0.005170
14445    0.004696
14498    0.014621
14742    0.001121
14762    0.012414
14775    0.007932
14796    0.003511
14826    0.006539
15019    0.004640
15032    0.004877
15033    0.005082
15063    0.003142
15209    0.005813
15216    0.004188
15367    0.006284
15600    0.004976
15623    0.008418
15686    0.011716
15695    0.004108
15713    0.005082
15764    0.005119
15818    0.006691
15820    0.003805
15822    0.003263
16029    0.004340
16030    0.004031
16337    0.005998
16409    0.005498
16440    0.006634
16509    0.003789
16585    0.010857
16592    0.007090
16612    0.005361
16650    0.006284
16705    0.002879
16707    0.003958
16729    0.005372
16732    0.005466
16734    0.002204
16862    0.007709
16866    0.007372
16880    0.003773
16897    0.008810
16923    0.006098
16941    0.004107
16955    0.004295
16959    0.003310
17056    0.006449
17094    0.005235
17095    0.005647
17108    0.004230
17125    0.006634
17129    0.003345
17221    0.005596
17281    0.006179
17292    0.010374
17471    0.004976
17484    0.001831
17524    0.004317
17531    0.003131
17632    0.005813
17669    0.007822
17719    0.009899
17727    0.006960
17782    0.011563
17867    0.005700
17916    0.004012
18005    0.002800
18007    0.005756
18091    0.006207
18167    0.005072
18182    0.008474
18198    0.006634
18205    0.005933
18319    0.003681
18374    0.006735
18422    0.007222
18587    0.010109
18652    0.005704
18681    0.006960
18724    0.004845
18726    0.004188
18883    0.006739
18940    0.005318
18987    0.004108
18992    0.004784
19111    0.007086
19122    0.007222
19124    0.005872
19125    0.004050
19127    0.002870
19327    0.002592
19328    0.010902
19363    0.009262
19366    0.003054
19383    0.005082
19410    0.004065
19426    0.002158
19433    0.004147
19460    0.002548
19480    0.005157
19534    0.008174
19664    0.005451
19736    0.004433
19773    0.002758
19844    0.003083
19905    0.005318
20011    0.008460
20063    0.008460
20090    0.009320
20260    0.012142
20275    0.005386
20282    0.012013
20433    0.006364
20534    0.003666
20540    0.004533
20760    0.009568
20762    0.005405
20768    0.005170
20771    0.004696
20785    0.007452
20848    0.002852
20868    0.002423
20882    0.007222
20901    0.003407
20902    0.007244
20927    0.002661
20993    0.003940
21011    0.011295
21115    0.002578
21122    0.003608
21129    0.004954
21132    0.004877
21146    0.004559
21150    0.001253
21247    0.001593
21253    0.031407
21254    0.020517
21346    0.005933
