135
212    0.017661
219    0.010442
867    0.037626
1097    0.012605
1099    0.013258
1436    0.013555
1646    0.013805
1689    0.011978
1698    0.010208
1862    0.007669
2047    0.010687
2102    0.009417
2319    0.018828
2569    0.037656
2710    0.013934
3050    0.010442
3162    0.039814
3663    0.037626
3772    0.025813
3789    0.031228
3790    0.014862
4413    0.064561
4492    0.013555
4585    0.028974
4653    0.024267
4698    0.025247
4774    0.017661
4777    0.014941
5015    0.031720
5093    0.015525
5155    0.024734
5202    0.024232
5206    0.018069
5415    0.013616
5605    0.027993
5769    0.010616
5806    0.034810
5869    0.020769
5899    0.016488
5977    0.010175
6262    0.030203
6343    0.025247
6596    0.009473
7236    0.022087
7292    0.025247
7351    0.012976
7377    0.031638
7930    0.019523
7989    0.013143
8040    0.028593
8107    0.017208
8148    0.026447
8218    0.018282
8500    0.008274
8594    0.014486
8630    0.006465
9106    0.018993
9137    0.019523
9151    0.033900
9364    0.012605
9769    0.019907
9797    0.025813
9980    0.015796
10140    0.011932
10146    0.036139
10152    0.033900
10248    0.026447
10333    0.016383
10338    0.010760
10837    0.005921
10872    0.129067
10975    0.080408
10976    0.022720
11112    0.010442
11201    0.008904
11358    0.025417
11519    0.030534
11765    0.024267
11806    0.024734
11841    0.006209
12005    0.007567
12043    0.024734
12167    0.018993
12326    0.018213
12345    0.020547
12551    0.009798
12880    0.012454
12904    0.009859
12999    0.006194
13014    0.008274
13125    0.034563
13219    0.016813
13357    0.021073
13482    0.014414
14237    0.019340
14250    0.027165
14535    0.027165
14796    0.024047
15239    0.018993
15466    0.013258
15594    0.023438
15600    0.017042
15822    0.011175
15910    0.013616
15955    0.016703
16112    0.025247
16486    0.018512
16529    0.042894
16532    0.034321
16585    0.013124
16592    0.016188
16732    0.009360
16862    0.039600
16919    0.027165
17051    0.011020
17147    0.022394
17281    0.010581
18282    0.011667
18499    0.077188
18506    0.031720
18516    0.028974
18625    0.020321
19366    0.005229
19426    0.007390
19485    0.015351
19577    0.034321
19707    0.012306
20427    0.033900
20432    0.033627
20717    0.009589
20785    0.012761
20844    0.015712
21115    0.008828
21129    0.008484
21150    0.004290
