89
1207    0.040675
1309    0.022753
2546    0.048704
2714    0.035292
2737    0.023796
2757    0.050026
2925    0.058415
3271    0.046494
3341    0.022227
3583    0.015195
3593    0.019950
3618    0.023998
4137    0.016883
4141    0.029437
4195    0.018678
4240    0.014198
4317    0.035953
4620    0.036660
4678    0.027962
5096    0.018156
5475    0.041241
5614    0.023796
5708    0.036300
6174    0.043163
6758    0.045334
7188    0.024522
7194    0.026284
7456    0.023404
8019    0.016686
8040    0.017552
9518    0.014744
10186    0.034673
10261    0.017341
10486    0.037422
10942    0.046808
11103    0.007861
11750    0.018560
11753    0.033019
11858    0.037826
11958    0.027962
12307    0.083790
12332    0.043163
12519    0.016541
12659    0.023404
12675    0.064225
12684    0.014585
12911    0.022313
12999    0.011407
13306    0.055566
13492    0.033541
13501    0.017605
13544    0.046494
13644    0.039148
14604    0.029649
14742    0.014146
14745    0.015890
15017    0.048704
15022    0.048704
15570    0.037034
15822    0.020579
16510    0.034978
16585    0.004028
16772    0.028115
16907    0.019294
17074    0.077717
17075    0.026949
17152    0.069292
17395    0.037034
17643    0.021408
18005    0.017659
18143    0.051552
18325    0.055566
18383    0.021567
18619    0.017822
18670    0.024101
19086    0.040675
19410    0.012819
19693    0.036300
20281    0.025075
20481    0.032769
20601    0.023998
20678    0.037034
20848    0.017987
20946    0.018678
21016    0.026284
21115    0.016257
21120    0.022227
21150    0.007901
21307    0.022574
