128
103    0.016022
333    0.012163
621    0.017050
702    0.018084
1490    0.013059
1692    0.023159
2277    0.010202
2400    0.034160
2432    0.016785
2604    0.016904
2710    0.017999
2947    0.017508
3039    0.016086
3050    0.013488
3053    0.020524
3341    0.015590
3583    0.010657
3686    0.022481
4380    0.009323
4614    0.035087
4837    0.029347
5202    0.015650
5515    0.013185
5544    0.021864
5699    0.048601
5866    0.013018
5899    0.021296
6262    0.019506
6306    0.028926
6414    0.026531
6430    0.021162
6707    0.016483
7199    0.015015
7236    0.028529
7254    0.027797
7351    0.016761
7377    0.027244
7410    0.030274
7464    0.026247
7466    0.017124
7576    0.048601
7636    0.040106
7712    0.024319
7753    0.013270
7754    0.020772
7927    0.029347
7948    0.022322
7969    0.028926
8218    0.011807
8489    0.040569
8594    0.018711
9009    0.023715
9267    0.037424
9282    0.014536
9398    0.030479
9486    0.028926
9641    0.018618
9760    0.048601
9798    0.013622
9962    0.029795
10338    0.013898
10612    0.025217
10774    0.024319
10837    0.015297
11218    0.010398
11358    0.016415
11570    0.015183
11757    0.016282
11841    0.008021
12110    0.013143
12283    0.009570
12415    0.029921
12489    0.048601
12519    0.011602
12591    0.014434
12820    0.023715
12889    0.022290
13466    0.011370
13536    0.035087
13691    0.026247
14233    0.026531
14498    0.012935
14762    0.027458
15063    0.013898
15081    0.017352
15367    0.027797
15601    0.017749
15792    0.017199
15818    0.014798
15906    0.016761
16030    0.017831
16575    0.021296
16592    0.020909
16729    0.015841
16862    0.017050
16897    0.038974
17129    0.014798
17281    0.041001
17288    0.030789
17373    0.027797
17669    0.011535
17867    0.025217
17889    0.029347
18089    0.040972
18319    0.016282
18670    0.016904
18715    0.028529
18717    0.017749
18934    0.048601
19065    0.022645
19128    0.017749
19169    0.019506
19177    0.013945
19225    0.016348
19444    0.023159
19537    0.031344
19636    0.036158
20260    0.012394
20282    0.010628
20448    0.036158
20460    0.017275
20554    0.027458
20764    0.036158
20969    0.022322
21122    0.031917
21155    0.019612
21253    0.010687
21264    0.040106
