308
147    0.004349
333    0.007406
459    0.014796
479    0.006748
523    0.006568
609    0.037420
681    0.018433
688    0.030452
1099    0.010427
1240    0.004692
1250    0.007536
1276    0.013788
1283    0.023703
1415    0.006175
1423    0.006175
1490    0.007951
1496    0.007908
1699    0.005271
1707    0.010908
1741    0.002773
1746    0.004538
1808    0.009543
1862    0.003016
1940    0.005060
1941    0.004746
1987    0.024947
2015    0.006796
2047    0.004203
2093    0.004425
2120    0.014076
2122    0.007677
2277    0.012424
2432    0.002555
2457    0.017371
2458    0.007051
2604    0.005146
2660    0.008806
2706    0.004120
2747    0.006796
2920    0.006525
2947    0.010660
3039    0.004897
3043    0.006656
3050    0.012319
3077    0.011117
3090    0.006286
3306    0.007677
3309    0.018857
3326    0.005259
3341    0.004746
3362    0.011865
3558    0.011008
3583    0.003245
3590    0.011008
3642    0.012473
3647    0.004175
3726    0.005168
3842    0.004802
4008    0.013331
4101    0.014796
4176    0.054796
4252    0.012473
4360    0.009726
4380    0.008515
4511    0.010151
4599    0.008167
4697    0.010857
4870    0.004571
4986    0.014796
5031    0.014796
5043    0.002177
5115    0.007279
5142    0.009373
5493    0.008463
5515    0.008028
5535    0.007162
5573    0.006945
5866    0.011889
5898    0.006997
5978    0.011393
6049    0.006997
6288    0.008463
6305    0.008167
6520    0.014796
6562    0.008571
6628    0.004571
6774    0.039992
6783    0.009543
6828    0.010908
6956    0.029592
6989    0.011865
7136    0.011865
7147    0.009071
7199    0.004571
7203    0.011865
7377    0.012441
7380    0.005612
7790    0.037420
7802    0.001961
7833    0.007588
7853    0.009217
7857    0.011008
7948    0.006796
7994    0.013331
8019    0.003563
8040    0.007496
8153    0.007605
8157    0.011008
8200    0.006003
8218    0.017972
8223    0.006525
8328    0.013331
8394    0.010400
8414    0.013331
8489    0.024702
8665    0.014796
8777    0.006363
8805    0.012571
8857    0.012473
8881    0.008077
9016    0.015848
9158    0.010682
9209    0.006748
9214    0.006796
9398    0.009279
9442    0.006748
9484    0.005725
9532    0.009217
9625    0.013331
9641    0.005668
9679    0.010682
9687    0.007279
9724    0.011865
9751    0.008934
9811    0.007162
9945    0.006324
9947    0.003451
10074    0.004245
10105    0.021084
10106    0.006844
10331    0.007991
10338    0.008462
10491    0.006286
10641    0.012473
10659    0.007991
10786    0.016522
10802    0.011008
10837    0.009314
10854    0.014796
11002    0.014796
11032    0.013331
11033    0.013331
11044    0.014796
11064    0.008359
11067    0.014796
11117    0.007340
11201    0.003501
11214    0.009373
11416    0.024783
11453    0.006945
11499    0.007991
11679    0.014796
11739    0.008571
11787    0.019085
11793    0.014796
11841    0.002442
11889    0.006442
11899    0.009928
12024    0.014796
12038    0.022016
12059    0.012473
12071    0.010758
12122    0.007428
12161    0.017612
12273    0.004657
12283    0.002914
12356    0.008359
12411    0.008806
12415    0.018218
12527    0.014796
12591    0.017577
12600    0.013331
12820    0.014440
12880    0.004897
12889    0.013572
12901    0.011393
12902    0.012473
13041    0.012473
13047    0.014796
13143    0.011813
13241    0.008261
13351    0.006943
13352    0.004473
13355    0.003442
13356    0.016154
13357    0.012430
13434    0.004031
13462    0.006525
13484    0.005784
13587    0.014796
13740    0.011865
13751    0.008685
13808    0.010682
13876    0.014796
13964    0.006324
14054    0.006844
14063    0.013815
14065    0.001748
14319    0.016154
14425    0.003481
14498    0.003938
14507    0.010682
14604    0.003165
15032    0.006568
15367    0.008463
15554    0.008685
15601    0.005404
15609    0.022787
15686    0.010519
15713    0.006844
15775    0.008463
15792    0.010472
16048    0.007828
16117    0.005283
16182    0.012473
16204    0.008571
16207    0.006568
16247    0.014796
16337    0.008077
16346    0.014796
16354    0.014796
16386    0.009373
16388    0.014796
16448    0.010682
16509    0.005103
16539    0.012473
16585    0.008601
16592    0.041376
16649    0.006071
16650    0.016925
16681    0.014796
16705    0.003877
16709    0.014796
16818    0.011393
16819    0.010400
16866    0.009928
16871    0.062398
16941    0.002766
16959    0.004457
17037    0.004674
17051    0.008667
17129    0.009010
17144    0.003336
17147    0.008806
17227    0.012473
17281    0.004161
17292    0.009314
17407    0.004764
17442    0.014796
17670    0.007991
17835    0.014796
17875    0.006037
17923    0.037420
18005    0.007542
18088    0.011008
18182    0.002282
18186    0.005558
18587    0.004538
18783    0.014796
18845    0.009928
18883    0.004538
18958    0.014796
18987    0.005532
19003    0.062367
19086    0.008685
19127    0.007729
19151    0.015505
19327    0.006983
19357    0.011865
19377    0.023730
19383    0.006844
19662    0.008261
19664    0.014681
19721    0.014796
19736    0.005971
19844    0.004152
20090    0.002510
20094    0.009373
20260    0.007547
20305    0.029615
20422    0.012473
20432    0.006612
20673    0.006525
20731    0.020301
20785    0.005018
20868    0.003263
20883    0.010682
20894    0.004080
20946    0.003988
20964    0.004522
20966    0.011393
20996    0.011865
21032    0.011865
21085    0.005814
21102    0.014796
21234    0.009726
21253    0.016268
21254    0.004605
