338
314    0.005819
361    0.013941
363    0.013941
411    0.008418
455    0.009341
457    0.011313
539    0.006032
552    0.005263
583    0.007695
604    0.006976
1095    0.007166
1135    0.070455
1144    0.013941
1163    0.013186
1184    0.004126
1204    0.009657
1255    0.006544
1283    0.011167
1284    0.010735
1400    0.008832
1426    0.009165
1544    0.013941
1553    0.012560
1557    0.011753
1662    0.007037
1676    0.008418
1686    0.006859
1699    0.001655
1728    0.013941
1746    0.004276
1896    0.010372
1919    0.004891
2008    0.006449
2015    0.006403
2018    0.008547
2093    0.004170
2114    0.022143
2277    0.011706
2283    0.005595
2344    0.006734
2396    0.003758
2644    0.006070
2684    0.004689
2706    0.003882
2803    0.011753
2918    0.009354
2947    0.005022
3077    0.015712
3089    0.006656
3306    0.014467
3307    0.046772
3309    0.100685
3310    0.035258
3354    0.012560
3563    0.004388
3567    0.003280
3583    0.003057
3593    0.004014
3607    0.008076
3675    0.011705
3733    0.005565
3977    0.008418
4132    0.008184
4173    0.006403
4380    0.005349
4461    0.005187
4578    0.007166
4683    0.011753
4822    0.011753
4899    0.008252
4980    0.007876
5043    0.002051
5074    0.004633
5075    0.004852
5079    0.004560
5153    0.007451
5394    0.010735
5475    0.008297
5478    0.011753
5495    0.002674
5501    0.002767
5521    0.006032
5548    0.018689
5622    0.009354
5773    0.008991
5866    0.003734
5977    0.003770
5986    0.007695
6050    0.004748
6231    0.012560
6251    0.006748
6323    0.012898
6432    0.009799
6472    0.007695
6497    0.007376
6598    0.007193
6628    0.004307
6630    0.006593
6645    0.013941
6809    0.005959
6828    0.020555
6877    0.013941
6908    0.003448
6992    0.010065
7178    0.005853
7194    0.005288
7199    0.004307
7230    0.013941
7281    0.007529
7350    0.009799
7351    0.004808
7377    0.003907
7380    0.005288
7419    0.013941
7430    0.033539
7431    0.016595
7524    0.003987
7532    0.011753
7712    0.006976
7753    0.003807
7777    0.013941
7779    0.005565
7833    0.010724
8019    0.006714
8025    0.007638
8040    0.007063
8105    0.006358
8107    0.003188
8116    0.003024
8181    0.004560
8185    0.007784
8200    0.005657
8209    0.009564
8218    0.003387
8219    0.006695
8417    0.004670
8484    0.013941
8500    0.006131
8573    0.006859
8630    0.007186
8781    0.004291
8783    0.027576
8848    0.008076
8962    0.075363
9005    0.007376
9156    0.009564
9193    0.007233
9266    0.011180
9279    0.011180
9280    0.006403
9408    0.007784
9413    0.013941
9492    0.008418
9533    0.004339
9805    0.012560
9812    0.004870
9845    0.013941
9947    0.003252
9962    0.008547
9984    0.005720
9991    0.006593
10064    0.006403
10112    0.011753
10129    0.010065
10140    0.004421
10216    0.012560
10247    0.006230
10290    0.004828
10332    0.008832
10334    0.004055
10369    0.015221
10397    0.011440
10411    0.005565
10478    0.006544
10495    0.006496
10575    0.007974
10674    0.009799
10826    0.017368
10828    0.011753
10829    0.016367
10837    0.002194
10897    0.004069
11007    0.007037
11049    0.013941
11103    0.004745
11112    0.003869
11157    0.008184
11180    0.003126
11213    0.004438
11289    0.005263
11398    0.017093
11399    0.013087
11499    0.022587
11571    0.009165
11683    0.002626
11744    0.004170
11782    0.003458
11802    0.010065
11804    0.010065
12006    0.006643
12230    0.008646
12245    0.007351
12607    0.009799
12642    0.007784
12705    0.013941
12745    0.023506
12764    0.038476
13008    0.006070
13130    0.027883
13154    0.010525
13179    0.005187
13305    0.010735
13306    0.011180
13351    0.006542
13357    0.001952
13434    0.003798
13472    0.006403
13478    0.008832
13583    0.010735
13601    0.006358
13635    0.013941
13801    0.011180
13871    0.006695
13896    0.007101
13910    0.003831
13934    0.011180
13937    0.010372
13939    0.004097
14050    0.011180
14054    0.006449
14065    0.001647
14322    0.006358
14425    0.016401
14430    0.005450
14498    0.007421
14579    0.006593
14713    0.009564
14815    0.004200
14853    0.010065
14906    0.008076
14997    0.006358
15239    0.007037
15503    0.005565
15555    0.009616
15660    0.007303
15712    0.008910
15779    0.006803
15791    0.005367
15792    0.004934
15820    0.004828
15866    0.013941
15911    0.007303
15912    0.003597
15925    0.010372
15944    0.006496
16058    0.008991
16299    0.006643
16337    0.007610
16371    0.005819
16396    0.006230
16439    0.011180
16485    0.004524
16582    0.012560
16585    0.009725
16650    0.007974
16862    0.004891
16959    0.004200
17051    0.004083
17054    0.007376
17059    0.006643
17111    0.011775
17129    0.004245
17531    0.003973
17669    0.003309
17761    0.007233
17854    0.006148
17927    0.010735
17954    0.010735
18007    0.007303
18182    0.004301
18257    0.013941
18282    0.002161
18464    0.009165
18565    0.008184
18652    0.003619
18655    0.004455
18725    0.005626
18726    0.005314
18814    0.008991
18948    0.007695
18984    0.012560
19000    0.007876
19037    0.005752
19106    0.006189
19123    0.018709
19125    0.010278
19127    0.010924
19200    0.008418
19271    0.005163
19275    0.008991
19278    0.012505
19309    0.005478
19314    0.007610
19327    0.003290
19349    0.011845
19370    0.004438
19492    0.008832
19528    0.018709
19652    0.007529
19685    0.025937
19686    0.027494
19707    0.004560
19844    0.003912
20013    0.011753
20090    0.004731
20100    0.005785
20260    0.002370
20359    0.007610
20367    0.011180
20568    0.008297
20647    0.012560
20695    0.006070
20717    0.003553
20824    0.005626
20868    0.003074
20902    0.004596
20927    0.003377
20964    0.008521
21113    0.006643
21129    0.003143
21150    0.001590
21243    0.012644
21247    0.002021
21253    0.036787
21254    0.047730
21257    0.013941
21259    0.006189
21266    0.003770
