475
1    0.004754
147    0.005819
333    0.002477
370    0.003973
429    0.006507
451    0.003458
453    0.004754
455    0.003316
479    0.004515
534    0.005291
621    0.006945
653    0.004911
670    0.006166
702    0.003683
850    0.010808
1012    0.006958
1080    0.006507
1081    0.004681
1125    0.008345
1135    0.007147
1184    0.002930
1190    0.004579
1202    0.007147
1207    0.005811
1240    0.003139
1242    0.003550
1247    0.005291
1250    0.010084
1283    0.010572
1284    0.007622
1346    0.004754
1416    0.004546
1490    0.010639
1545    0.006507
1559    0.008345
1614    0.004132
1633    0.004646
1699    0.002351
1741    0.003710
1746    0.003036
1785    0.008918
1859    0.008263
1862    0.002017
1878    0.005977
1911    0.007938
1924    0.005662
1940    0.003385
1949    0.003316
1992    0.006271
2008    0.013737
2014    0.003931
2015    0.004546
2047    0.008435
2093    0.005921
2102    0.002477
2119    0.004515
2120    0.003139
2186    0.006384
2216    0.004681
2222    0.005977
2277    0.010390
2281    0.003850
2292    0.004016
2344    0.002391
2370    0.007622
2396    0.002668
2410    0.007622
2432    0.001709
2470    0.004911
2471    0.008345
2485    0.015245
2539    0.004084
2587    0.004870
2589    0.004911
2604    0.010329
2617    0.005291
2684    0.003330
2768    0.005042
2872    0.004453
2882    0.014394
2947    0.010698
2968    0.004646
3005    0.007147
3017    0.007622
3039    0.006553
3043    0.004453
3050    0.002747
3075    0.008345
3077    0.011156
3086    0.012692
3089    0.002363
3090    0.004205
3298    0.004366
3307    0.006642
3309    0.012616
3341    0.003175
3441    0.010176
3563    0.009347
3583    0.002171
3603    0.005593
3635    0.004132
3647    0.002793
3753    0.006507
3789    0.004108
3808    0.007938
3858    0.004394
3917    0.006384
3976    0.006958
4023    0.002470
4150    0.004283
4152    0.005593
4153    0.009362
4173    0.009093
4240    0.006085
4258    0.002747
4289    0.005237
4300    0.004870
4380    0.007596
4383    0.004132
4398    0.005734
4650    0.004681
4661    0.006791
4662    0.003503
4673    0.005291
4674    0.013284
4697    0.003632
4744    0.006384
4777    0.003931
4835    0.006384
4855    0.007622
4870    0.003058
4916    0.006791
5075    0.005167
5178    0.006166
5202    0.003188
5395    0.008345
5415    0.003582
5456    0.007147
5501    0.001965
5515    0.005371
5521    0.004283
5535    0.004792
5556    0.003719
5567    0.002784
5737    0.005042
5769    0.005586
5866    0.007954
5879    0.003830
5881    0.005136
5898    0.004681
5925    0.005464
5938    0.008918
5940    0.007938
6038    0.010692
6180    0.005892
6288    0.011323
6328    0.005464
6365    0.003263
6454    0.006642
6467    0.006166
6531    0.025537
6628    0.006117
6715    0.005346
6738    0.003995
6819    0.005088
6827    0.008311
6828    0.010946
6856    0.007147
7048    0.003701
7085    0.007938
7147    0.006069
7173    0.004061
7236    0.005811
7262    0.007365
7330    0.002961
7351    0.003414
7377    0.008323
7380    0.003755
7410    0.006166
7430    0.015876
7431    0.005892
7462    0.007938
7497    0.005977
7592    0.006507
7595    0.003212
7636    0.008169
7642    0.003995
7726    0.005136
7753    0.002703
7833    0.002538
7860    0.011185
7896    0.007861
7902    0.004953
7948    0.004546
7953    0.007622
7988    0.004830
8019    0.007151
8040    0.002507
8107    0.002264
8200    0.004016
8209    0.006791
8218    0.016834
8219    0.004754
8225    0.006791
8293    0.008918
8343    0.005136
8424    0.005977
8448    0.011054
8489    0.016526
8568    0.002207
8596    0.002626
8630    0.001701
8777    0.004257
8781    0.012189
8783    0.003263
8805    0.004205
8827    0.007365
8828    0.005811
8837    0.004646
8845    0.006976
8918    0.003276
9016    0.003534
9127    0.009740
9158    0.007147
9193    0.005136
9214    0.004546
9282    0.005921
9374    0.009899
9388    0.003371
9398    0.003104
9408    0.005527
9414    0.007938
9442    0.004515
9484    0.003830
9492    0.005977
9533    0.006162
9641    0.003792
9687    0.004870
9883    0.005892
9947    0.004618
9991    0.004681
10105    0.005642
10149    0.005892
10165    0.006958
10239    0.008345
10261    0.002477
10331    0.005346
10334    0.005759
10338    0.011323
10369    0.005404
10396    0.007938
10397    0.012184
10405    0.008345
10411    0.003952
10413    0.004997
10418    0.006069
10489    0.007365
10560    0.006642
10564    0.005811
10575    0.011323
10614    0.005088
10646    0.005186
10773    0.003371
10790    0.004717
10794    0.004061
10837    0.006231
10897    0.008668
11014    0.014527
11051    0.004870
11180    0.002219
11218    0.002118
11308    0.007365
11344    0.009362
11492    0.007365
11500    0.007147
11613    0.004283
11841    0.001634
11857    0.004953
11884    0.005892
11887    0.005892
11900    0.008918
11962    0.006384
12005    0.003982
12048    0.007622
12071    0.003599
12230    0.003070
12232    0.005346
12233    0.005734
12245    0.002610
12273    0.003116
12277    0.010474
12283    0.009746
12345    0.002703
12413    0.004997
12415    0.006094
12493    0.005734
12519    0.002363
12612    0.007147
12703    0.008345
12763    0.004453
12764    0.005464
12817    0.003371
12889    0.009080
12904    0.002594
12928    0.003615
12978    0.004257
13014    0.002177
13096    0.004830
13143    0.003952
13228    0.003175
13357    0.008316
13415    0.006791
13434    0.001798
13466    0.002316
13484    0.007739
13530    0.012049
13547    0.005662
13568    0.003632
13799    0.006507
13800    0.004911
13803    0.004870
14037    0.014293
14054    0.004579
14063    0.003081
14065    0.002339
14303    0.002850
14319    0.005404
14359    0.004754
14360    0.007365
14425    0.004658
14445    0.004231
14498    0.013173
14742    0.003031
14762    0.005593
14775    0.007147
14781    0.005237
14796    0.003163
14826    0.005892
14859    0.005346
14944    0.004016
15019    0.004180
15025    0.007622
15032    0.008788
15033    0.004579
15063    0.002831
15209    0.005237
15216    0.007547
15325    0.005464
15367    0.005662
15551    0.003582
15623    0.003792
15686    0.010556
15764    0.004612
16029    0.007820
16030    0.003632
16260    0.007365
16337    0.005404
16440    0.005977
16509    0.003414
16566    0.007938
16585    0.010933
16592    0.012776
16612    0.004830
16650    0.005662
16707    0.003566
16729    0.003227
16732    0.002463
16734    0.001986
16862    0.003473
16866    0.006642
16880    0.006799
16897    0.007938
16923    0.002747
16941    0.003701
16955    0.003870
16959    0.002982
17056    0.005811
17059    0.004717
17095    0.005088
17108    0.003811
17129    0.003014
17221    0.005042
17281    0.005567
17292    0.009347
17458    0.007147
17471    0.004484
17484    0.003300
17524    0.003890
17555    0.007147
17556    0.007365
17632    0.005237
17669    0.002349
17719    0.008918
17727    0.006271
17782    0.010418
17867    0.005136
17916    0.003615
18098    0.007903
18167    0.004570
18182    0.009162
18282    0.001535
18317    0.003973
18319    0.003316
18374    0.006069
18416    0.004911
18422    0.006507
18587    0.009108
18652    0.005139
18724    0.008731
18726    0.003773
18940    0.004792
18951    0.004792
18955    0.006384
18987    0.003701
19000    0.005593
19043    0.002738
19122    0.006507
19124    0.010581
19125    0.003649
19127    0.002586
19261    0.002961
19278    0.001776
19327    0.007007
19328    0.004911
19349    0.004205
19363    0.008345
19366    0.001376
19383    0.004579
19460    0.002296
19534    0.007365
19609    0.006384
19648    0.005237
19736    0.003995
19773    0.002485
19844    0.001852
19905    0.004792
19907    0.005404
20063    0.007622
20090    0.011756
20251    0.004061
20260    0.012622
20275    0.004852
20282    0.008659
20305    0.004953
20327    0.007365
20433    0.011468
20534    0.003303
20710    0.007622
20717    0.002523
20742    0.004546
20760    0.004310
20762    0.009740
20768    0.004658
20785    0.006714
20789    0.006507
20803    0.001965
20848    0.002570
20868    0.002183
20882    0.006507
20901    0.003070
20902    0.009790
20969    0.004546
20977    0.005811
21011    0.005088
21115    0.002322
21122    0.003250
21129    0.004464
21132    0.004394
21133    0.005527
21146    0.004108
21253    0.021767
21254    0.015405
21258    0.004792
21259    0.004394
21323    0.008345
