115
333    0.011300
621    0.031680
653    0.022401
702    0.016800
850    0.024648
1283    0.012056
1416    0.020738
1490    0.036397
2119    0.041185
2120    0.014319
2277    0.009478
2292    0.018320
2432    0.007797
2470    0.022401
2604    0.047113
2947    0.016266
2968    0.021193
3017    0.034768
3039    0.014944
3050    0.037592
3086    0.019298
3664    0.023208
3733    0.018025
3753    0.059363
3842    0.029305
3858    0.020043
4300    0.022214
4380    0.008661
5075    0.007857
5456    0.032597
5675    0.024385
5866    0.012094
5977    0.012210
6288    0.025824
6414    0.024648
6454    0.030296
6467    0.028125
6628    0.013950
7173    0.018525
7330    0.013505
7377    0.012655
7464    0.024385
7531    0.023442
7636    0.037260
7642    0.018220
7833    0.011577
7860    0.051019
7896    0.017929
7902    0.022594
7910    0.027680
7948    0.020738
8019    0.032619
8218    0.021938
8489    0.056535
8805    0.019182
8918    0.014944
9158    0.032597
9282    0.013505
9398    0.014158
9442    0.020593
10105    0.025736
10564    0.026504
10837    0.007106
11064    0.051019
11117    0.011199
11344    0.021352
11613    0.019537
12071    0.049242
12233    0.026155
12245    0.011905
12283    0.008891
12889    0.020708
13014    0.009929
13357    0.006322
14037    0.032597
14498    0.012017
15325    0.024923
15367    0.025824
15601    0.032979
15686    0.016049
15713    0.041772
16585    0.007874
16592    0.058275
16705    0.011830
16729    0.007359
16734    0.009057
17059    0.021516
17129    0.013748
17281    0.012697
17292    0.014211
17458    0.032597
17669    0.010716
18005    0.011507
18098    0.018025
18182    0.013931
18317    0.018122
18587    0.013848
18883    0.041545
18955    0.029120
19412    0.025510
19480    0.021193
19609    0.029120
19636    0.033592
19844    0.004223
20090    0.015321
20260    0.015353
20282    0.009874
20789    0.029681
20803    0.008962
20902    0.014885
20946    0.024342
20969    0.020738
21155    0.018220
21253    0.009929
21254    0.014053
