108
49    0.049989
433    0.030185
486    0.032240
523    0.022191
590    0.031139
666    0.021366
674    0.027289
689    0.025234
763    0.049989
963    0.042142
1053    0.049989
1376    0.038493
1456    0.022799
1458    0.045598
1854    0.049989
2278    0.020283
2319    0.025014
2366    0.023464
2375    0.031139
2631    0.168568
2819    0.015853
3117    0.040087
3326    0.017769
3393    0.023292
3398    0.037191
4380    0.009589
4537    0.040087
4646    0.049989
4877    0.058688
5248    0.025461
5866    0.013390
5879    0.019343
6578    0.045038
6607    0.049989
6749    0.049989
6908    0.012362
7602    0.026717
7619    0.031350
8019    0.012038
8218    0.012144
8446    0.013562
8918    0.016546
9301    0.023464
9311    0.024197
9517    0.011661
9541    0.049989
9572    0.049989
9812    0.017462
10376    0.124556
10589    0.018600
11093    0.018870
11103    0.017013
11169    0.045038
11178    0.018173
11676    0.099979
12068    0.042142
12069    0.042142
12070    0.042142
12110    0.013518
12889    0.011463
12944    0.053434
12974    0.018962
13319    0.016286
13347    0.023124
13742    0.034295
14073    0.034626
14507    0.036090
14920    0.025937
15335    0.029752
15468    0.019746
15907    0.015058
16065    0.030646
16585    0.008718
16941    0.009344
17105    0.014491
17281    0.014058
17283    0.090077
17294    0.049989
17413    0.023292
17543    0.038493
17567    0.042142
17854    0.022046
17926    0.037191
18411    0.041728
18904    0.024393
19053    0.049989
19093    0.040087
19327    0.011796
19589    0.024594
20082    0.107483
20282    0.010932
20336    0.033542
20620    0.014899
20624    0.024801
20659    0.090077
20692    0.076987
20714    0.016480
20768    0.023524
20812    0.040087
20841    0.013180
20844    0.010437
21115    0.011728
21119    0.024393
21120    0.048105
21126    0.107990
21150    0.017100
21243    0.011335
21253    0.010992
