151
103    0.012471
106    0.056289
147    0.011118
1069    0.035513
1221    0.024398
1256    0.021914
1276    0.017626
1283    0.010101
1456    0.017253
1490    0.010165
1699    0.004492
1741    0.007089
1784    0.031891
1844    0.023192
1887    0.034083
1898    0.025953
1925    0.019096
2120    0.011997
2193    0.037830
2278    0.015349
2604    0.013158
2710    0.014010
2711    0.015975
3050    0.041995
3341    0.012135
3575    0.018612
3638    0.031891
3686    0.017499
3820    0.021373
3825    0.022206
4026    0.017499
4137    0.018435
4289    0.020014
4383    0.031578
4390    0.015102
4475    0.037830
4512    0.019268
4697    0.013879
4950    0.031891
5043    0.011133
5115    0.018612
5415    0.013690
5515    0.020526
5528    0.058260
5686    0.025953
5856    0.012135
5865    0.017018
6262    0.015183
6298    0.037830
6705    0.012830
6707    0.012830
6809    0.016169
6819    0.019445
6860    0.037830
7109    0.025383
7377    0.010603
7472    0.022206
7476    0.021121
7522    0.045030
7531    0.009820
7619    0.011862
7753    0.010329
7802    0.005015
7896    0.015022
8019    0.009110
8208    0.031891
8222    0.022843
8489    0.015789
8568    0.008435
8630    0.006500
9003    0.013879
9050    0.037830
9127    0.018612
9209    0.008626
9398    0.011862
9411    0.021545
9631    0.014420
9641    0.014492
9898    0.019268
9947    0.008825
10105    0.010781
10240    0.034083
10252    0.021121
10338    0.010818
10357    0.028145
10369    0.041302
11051    0.037223
11744    0.011315
12071    0.013752
12243    0.037830
12551    0.009851
12604    0.063783
12889    0.017350
12999    0.006227
13143    0.015102
13351    0.008875
13355    0.008799
13386    0.023965
13434    0.003435
13886    0.009439
14065    0.004469
14374    0.037830
14498    0.030206
14578    0.031891
14629    0.021914
14762    0.021373
15037    0.021637
15367    0.043273
15555    0.013046
15601    0.013815
15779    0.018459
16259    0.018027
16280    0.037830
16585    0.002199
16592    0.008138
16692    0.019628
16732    0.009411
16885    0.034749
16886    0.027311
16933    0.028145
16941    0.007071
17105    0.010966
17129    0.011519
17281    0.021276
17292    0.035720
17407    0.012182
18182    0.005836
18222    0.037830
18223    0.019818
18322    0.031891
18355    0.037830
18725    0.015266
19192    0.025953
19193    0.037830
19349    0.016071
19410    0.027994
19562    0.016793
19592    0.037830
19609    0.024398
20090    0.006418
20167    0.034083
20260    0.006432
20530    0.027311
20540    0.015609
20568    0.022515
20673    0.016684
20717    0.009641
20803    0.015017
20844    0.007898
20882    0.024868
21253    0.049911
