258
1    0.009885
103    0.006786
106    0.015314
333    0.005151
504    0.011493
1069    0.009662
1072    0.009964
1097    0.020687
1128    0.010680
1262    0.008445
1324    0.013275
1346    0.009885
1415    0.008591
1741    0.007715
1862    0.004195
2047    0.005847
2051    0.012429
2084    0.007190
2093    0.006157
2120    0.006528
2277    0.004321
2396    0.005549
2460    0.009809
2684    0.006924
2688    0.007190
2723    0.005750
2744    0.005513
2872    0.009260
3090    0.008745
3327    0.018275
3583    0.009028
3635    0.008591
3686    0.009521
3831    0.025238
3925    0.010127
4195    0.005549
4253    0.018545
4313    0.013275
4317    0.010680
4380    0.007897
4512    0.010484
4766    0.014861
5043    0.006058
5074    0.006840
5075    0.003582
5202    0.006628
5293    0.012619
5313    0.014468
5389    0.027623
5408    0.010580
5415    0.014898
5480    0.009521
5487    0.008798
5501    0.004085
5515    0.016753
5532    0.015454
5573    0.009662
5620    0.011924
5897    0.013531
5977    0.005566
5978    0.015850
6139    0.020584
6372    0.004899
6437    0.016507
6562    0.011924
6620    0.012429
6628    0.006359
6828    0.015175
6908    0.005090
7173    0.008445
7188    0.007284
7482    0.013040
7500    0.014861
7523    0.015850
7524    0.029431
7604    0.020584
7631    0.008174
7638    0.020584
7726    0.010680
7802    0.002729
7849    0.013275
8107    0.004707
8157    0.015314
8414    0.018545
8478    0.014121
8500    0.004526
8536    0.009137
8568    0.009179
8573    0.010127
8581    0.009128
8596    0.005461
8622    0.006178
8680    0.020584
8683    0.015850
8711    0.007129
8727    0.015314
8822    0.012619
8860    0.018545
8872    0.012822
9002    0.009521
9003    0.015104
9005    0.010890
9106    0.010391
9152    0.009964
9204    0.012619
9242    0.010044
9454    0.005967
9467    0.017353
9629    0.020584
9638    0.017353
9687    0.010127
9881    0.009964
9992    0.016507
10105    0.005866
10140    0.006528
10154    0.015314
10188    0.020584
10335    0.023259
10546    0.020584
10605    0.024714
10613    0.015850
10760    0.020584
10769    0.029721
10780    0.014861
10888    0.011924
10892    0.009205
11031    0.015314
11032    0.018545
11103    0.004670
11196    0.009964
11283    0.008217
11355    0.004000
11358    0.006952
11398    0.012619
11416    0.011493
11531    0.006952
11570    0.006430
11661    0.019770
11683    0.003877
11744    0.006157
11841    0.006794
11927    0.023847
12005    0.008280
12230    0.006383
12245    0.005427
12415    0.031681
12503    0.016507
12889    0.033042
12999    0.010165
13050    0.005198
13288    0.015850
13353    0.007965
13357    0.005764
13382    0.028936
13388    0.007770
13434    0.003738
13647    0.005461
13669    0.014468
13886    0.005136
13910    0.005657
14063    0.019220
14065    0.002432
14159    0.020584
14161    0.022002
14200    0.017595
14395    0.012251
14410    0.014121
14498    0.005479
14701    0.011237
14752    0.012429
14762    0.023259
15006    0.010391
15026    0.012619
15033    0.009521
15115    0.015850
15204    0.006840
15458    0.018545
15484    0.008852
15515    0.017353
15695    0.007696
15712    0.006577
15804    0.014468
15818    0.006268
15831    0.013040
15878    0.012251
15907    0.006200
16094    0.007696
16154    0.013812
16272    0.012251
16585    0.003590
16591    0.033710
16592    0.004428
16649    0.008445
16729    0.003355
16836    0.015850
16941    0.007695
17044    0.018039
17051    0.006029
17215    0.018545
17269    0.024502
17281    0.052096
17292    0.012957
17374    0.010300
17669    0.004885
17821    0.007253
17913    0.009885
17966    0.007925
18146    0.011001
18159    0.007885
18319    0.006896
18476    0.011773
18557    0.020584
18876    0.015850
18882    0.004440
18998    0.011117
19046    0.007925
19106    0.009137
19128    0.007517
19169    0.016523
19173    0.009809
19204    0.008174
19225    0.006924
19226    0.009770
19366    0.002861
19374    0.020584
19377    0.016507
19410    0.007616
19433    0.007770
19452    0.018545
19557    0.010680
19844    0.001925
19894    0.010680
19944    0.014121
20002    0.013531
20260    0.005249
20282    0.009003
20671    0.010044
20672    0.010484
20714    0.006786
20762    0.010127
20768    0.004843
20803    0.004085
20838    0.014861
20868    0.013616
20894    0.005675
20909    0.027623
20927    0.004986
20956    0.008174
20998    0.010890
21039    0.011001
21111    0.008591
21113    0.009809
21129    0.009282
21140    0.017353
21141    0.010783
21247    0.002984
21253    0.009052
21290    0.014966
