335
251    0.009852
444    0.008228
483    0.009009
800    0.011976
1097    0.005210
1116    0.006772
1207    0.009129
1240    0.004932
1325    0.011976
1382    0.007300
1436    0.005603
1486    0.008069
1665    0.008584
1677    0.006345
1689    0.004951
1699    0.003693
1862    0.006339
2093    0.009303
2102    0.007784
2114    0.006176
2367    0.015552
2380    0.007044
2432    0.005371
2451    0.013111
2595    0.009852
2637    0.013111
2658    0.008399
2737    0.026704
2739    0.019375
2981    0.007469
2984    0.020060
2985    0.016139
3003    0.010670
3126    0.007651
3225    0.013111
3278    0.009256
3441    0.007994
3471    0.027388
3472    0.009129
3524    0.010931
3567    0.007318
3571    0.005733
3583    0.010231
3593    0.004478
3618    0.005386
3647    0.017552
3734    0.007044
3850    0.005706
3886    0.007093
3889    0.014012
3921    0.009256
3925    0.007651
4023    0.003881
4075    0.007716
4130    0.014286
4137    0.003789
4141    0.006607
4150    0.006729
4195    0.008385
4260    0.011256
4317    0.024208
4494    0.009534
4536    0.012982
4581    0.007355
4620    0.008228
4777    0.006176
4839    0.010670
4937    0.021863
4969    0.010931
5043    0.002288
5056    0.008787
5075    0.008118
5079    0.010173
5130    0.010224
5331    0.007469
5352    0.011359
5355    0.009256
5495    0.002983
5500    0.012472
5597    0.011976
5614    0.005341
6046    0.017790
6048    0.015552
6174    0.009688
6194    0.015552
6251    0.007528
6343    0.010435
6486    0.007355
6598    0.004012
6707    0.005275
6758    0.003392
6761    0.008520
6769    0.007994
6778    0.009256
6891    0.007851
6908    0.003846
7142    0.013630
7168    0.003095
7274    0.010931
7486    0.005628
7642    0.006276
7736    0.004571
7747    0.010030
7768    0.015552
7802    0.004123
7893    0.014012
8019    0.007490
8025    0.004260
8040    0.003939
8119    0.013111
8378    0.009391
8442    0.005899
8446    0.004219
8449    0.009391
8505    0.006242
8630    0.010688
8638    0.006454
8757    0.013111
8991    0.009391
9200    0.004233
9209    0.003546
9282    0.004652
9314    0.009688
9315    0.011571
9426    0.009391
9455    0.007589
9517    0.003628
9663    0.008787
9829    0.026222
9945    0.006647
9980    0.006529
9983    0.015552
10100    0.015552
10150    0.009688
10290    0.005386
10312    0.013111
10354    0.005553
10386    0.012472
10803    0.006208
10911    0.018512
10942    0.015759
10991    0.015552
11038    0.015552
11093    0.005871
11103    0.001764
11181    0.004302
11183    0.011975
11330    0.009256
11334    0.004702
11390    0.006996
11400    0.010030
11607    0.009391
11683    0.002930
11729    0.015320
11747    0.005787
11857    0.007782
11858    0.008490
11861    0.011571
11863    0.009852
11896    0.011228
11953    0.015552
11958    0.006276
12005    0.003128
12043    0.010224
12053    0.007194
12064    0.012351
12283    0.006125
12307    0.023508
12309    0.034557
12326    0.007528
12331    0.026685
12519    0.003713
12542    0.008584
12551    0.004050
12591    0.004619
12641    0.010224
12664    0.010224
12904    0.004075
12916    0.009534
12942    0.009688
12967    0.010030
12987    0.002232
13082    0.010435
13141    0.009852
13154    0.005871
13199    0.012472
13434    0.002824
13501    0.027660
13504    0.014012
13593    0.011228
13644    0.008787
13647    0.004126
13892    0.008069
13909    0.006143
13976    0.026222
13997    0.021339
14065    0.007349
14425    0.014637
14485    0.005733
14559    0.010224
14604    0.006654
14614    0.011976
14746    0.006208
14749    0.005319
14769    0.007246
14824    0.007355
14971    0.010224
15019    0.006568
15023    0.022406
15028    0.009391
15109    0.014012
15135    0.007411
15140    0.004260
15299    0.012159
15322    0.011976
15344    0.005680
15468    0.006143
15555    0.005363
15656    0.008228
15660    0.008147
15728    0.009688
15820    0.010772
15907    0.004685
15917    0.009256
15927    0.012982
15932    0.009852
15949    0.015552
16003    0.016139
16116    0.009238
16252    0.008399
16257    0.010670
16299    0.007411
16302    0.007782
16317    0.006647
16432    0.006018
16437    0.006491
16485    0.010094
16510    0.015701
16562    0.008895
16585    0.003616
16734    0.003120
16791    0.007194
16907    0.012991
16941    0.002907
17074    0.011629
17077    0.015564
17094    0.007411
17326    0.009391
17331    0.005760
17395    0.016624
17438    0.007093
17451    0.006454
17609    0.014012
17643    0.004805
17670    0.008399
17870    0.004859
17922    0.005528
18038    0.010030
18068    0.008895
18106    0.009256
18167    0.004786
18179    0.005553
18182    0.002399
18193    0.011976
18214    0.009391
18326    0.006176
18382    0.005899
18411    0.006491
18416    0.007716
18417    0.019069
18446    0.007093
18462    0.007246
18539    0.015552
18579    0.008490
18619    0.004000
18653    0.007921
18655    0.009939
18659    0.014012
18904    0.007589
18927    0.009852
19085    0.007469
19220    0.023141
19226    0.003691
19232    0.004877
19266    0.009016
19274    0.016624
19275    0.010030
19278    0.002790
19327    0.003670
19349    0.006607
19366    0.002161
19543    0.005504
19546    0.015056
19562    0.006904
19572    0.008490
19649    0.008895
19707    0.005087
19709    0.021863
19710    0.009688
19756    0.008399
19773    0.007808
19785    0.025728
19820    0.005253
19844    0.005819
20085    0.015552
20086    0.011571
20090    0.002639
20131    0.008228
20150    0.009256
20251    0.006381
20274    0.005409
20275    0.003812
20487    0.009391
20601    0.005386
20627    0.012484
20660    0.013111
20678    0.008312
20693    0.014012
20695    0.006772
20731    0.010670
20778    0.007300
20868    0.003429
20894    0.004288
20901    0.009645
20902    0.005127
21011    0.007994
21058    0.004555
21087    0.009047
21115    0.007297
21120    0.004989
21187    0.010030
21266    0.004206
21306    0.006111
21307    0.010133
21310    0.012621
