130
147    0.012619
460    0.017421
552    0.016207
610    0.016207
621    0.015063
653    0.021302
920    0.018814
1242    0.015398
1283    0.011464
1415    0.017920
1438    0.026745
1646    0.015753
1862    0.008751
2233    0.030998
2277    0.009013
2281    0.016698
2470    0.021302
2947    0.030935
3075    0.036196
3306    0.022277
3309    0.018240
3583    0.009415
4265    0.022277
4289    0.022716
4362    0.018240
4380    0.024709
4601    0.033062
4652    0.024557
4974    0.038683
5217    0.020951
5399    0.022277
5415    0.046612
5515    0.011648
5619    0.036196
5686    0.029456
5808    0.042936
5866    0.023001
5899    0.018814
6288    0.024557
6344    0.030178
6628    0.013265
6647    0.038683
6828    0.031652
6908    0.010617
7141    0.019186
7142    0.018814
7144    0.030998
7173    0.017616
7178    0.018025
7236    0.025203
7377    0.048136
7410    0.026745
7595    0.013933
7607    0.022493
7914    0.038683
7948    0.019720
8107    0.009818
8200    0.017421
8489    0.017920
9200    0.011686
9398    0.013463
9484    0.016614
9486    0.025554
9517    0.010016
10072    0.036196
10105    0.036710
10259    0.022493
10338    0.024556
10687    0.077366
11201    0.010161
11218    0.009186
11271    0.015128
11355    0.008345
11499    0.046376
11530    0.020619
11895    0.025926
12018    0.077366
12230    0.013314
12283    0.016909
12415    0.026433
12591    0.012752
12889    0.029538
12999    0.014136
13213    0.058911
13214    0.034431
13357    0.012024
13434    0.003899
13481    0.025554
13549    0.042936
14012    0.016871
14063    0.013363
14097    0.042936
14498    0.011428
14607    0.014562
14852    0.034431
15343    0.022947
15677    0.024258
15912    0.011077
16585    0.004992
16592    0.036944
16734    0.008612
16766    0.016698
16830    0.042936
16923    0.011916
17221    0.021868
17524    0.016871
17867    0.022277
17980    0.034431
18005    0.010942
18609    0.021673
18664    0.030178
18883    0.013169
18898    0.016287
19128    0.015680
19410    0.007943
20086    0.031943
20150    0.025554
20260    0.014600
20282    0.018779
20534    0.014326
20695    0.018695
20768    0.010102
20807    0.018463
20901    0.013314
20993    0.015398
21011    0.022069
21115    0.010073
21253    0.018883
21254    0.026727
21265    0.028809
