206
469    0.007261
1081    0.022064
1136    0.023328
1251    0.037415
1256    0.027027
1262    0.009571
1283    0.018686
1416    0.010714
1451    0.005553
1455    0.012468
1633    0.021900
1677    0.009518
1699    0.002770
1741    0.004372
1746    0.007155
1779    0.016004
1780    0.026360
1862    0.009509
1876    0.023328
1897    0.016397
2120    0.007398
2205    0.019666
2265    0.015653
2285    0.015335
2286    0.013884
2688    0.008149
2723    0.019551
2744    0.018745
2882    0.008481
2909    0.010950
3152    0.014086
3278    0.013884
3341    0.007483
3393    0.021739
3499    0.019666
3862    0.009911
4102    0.012599
4380    0.004475
4456    0.009571
4639    0.011477
4673    0.012468
4697    0.008559
4899    0.006904
5074    0.015505
5075    0.016237
5080    0.014302
5093    0.009625
5217    0.011383
5331    0.011203
5515    0.012658
5722    0.016004
5866    0.006248
5925    0.012877
5975    0.007155
5988    0.009465
6049    0.011032
6288    0.066713
6372    0.011105
6628    0.007207
6734    0.009681
6761    0.012781
6809    0.009971
7109    0.015653
7147    0.014302
7156    0.019666
7298    0.021018
7377    0.006539
7431    0.013884
7460    0.010158
7531    0.012112
7579    0.014532
7595    0.007570
7632    0.010950
8040    0.005909
8078    0.004692
8101    0.010032
8223    0.010288
8233    0.008937
8489    0.009737
8534    0.015024
8536    0.010356
8568    0.005201
8630    0.024049
8737    0.013514
8783    0.030762
8845    0.016439
9174    0.023328
9200    0.006349
9454    0.006762
9997    0.023328
10179    0.013343
10215    0.007945
10246    0.031306
10331    0.012599
10354    0.016658
10369    0.012735
10397    0.009571
10605    0.014004
10611    0.009852
10881    0.010032
10897    0.006809
11016    0.013180
11103    0.005293
11213    0.014852
11271    0.008220
11282    0.010950
11289    0.008806
11386    0.007912
11490    0.019666
11528    0.015443
11841    0.003850
11882    0.013025
12122    0.011712
12133    0.012735
12230    0.007234
12415    0.007181
12432    0.015045
12566    0.033684
12659    0.007879
12660    0.008404
12662    0.017356
12684    0.014731
12889    0.010699
12949    0.010222
13154    0.008806
13357    0.003266
13381    0.014302
13434    0.002118
13484    0.018239
13697    0.019666
13803    0.011477
13897    0.010950
13939    0.006856
14430    0.054717
14537    0.006560
14579    0.011032
14742    0.002381
14762    0.013180
14769    0.010869
14847    0.023328
14863    0.011116
15128    0.016842
15140    0.012781
15204    0.015505
15497    0.007815
15506    0.023328
15530    0.014302
15623    0.008937
15686    0.024877
15712    0.014909
15780    0.017356
15958    0.014086
15977    0.023328
16592    0.005018
16612    0.022767
16729    0.007604
16734    0.004679
16862    0.008184
16944    0.006288
16954    0.011776
17056    0.013694
17129    0.007103
17408    0.021018
17816    0.016397
17924    0.013694
17931    0.010714
17994    0.013180
18182    0.003599
18466    0.021018
18652    0.006056
18656    0.013180
18903    0.011032
19065    0.010869
19072    0.017964
19106    0.010356
19169    0.018726
19223    0.025326
19226    0.005537
19271    0.017279
19347    0.012735
19349    0.019821
19370    0.007426
19688    0.015653
19757    0.023148
19772    0.015889
19773    0.011712
19997    0.010639
20090    0.003958
20260    0.017848
20281    0.016884
20327    0.017356
20359    0.038205
20717    0.011890
20868    0.005144
21035    0.058999
21057    0.007912
21085    0.009167
21129    0.005260
21150    0.002660
21155    0.009414
21243    0.015869
21247    0.003382
21253    0.051297
21254    0.021782
21261    0.012599
21265    0.015653
