76
1283    0.042468
1699    0.009443
1741    0.014904
1747    0.034628
1816    0.040145
2008    0.036788
2093    0.023787
2224    0.033002
2281    0.061860
2370    0.061239
2558    0.086829
2659    0.057416
2846    0.055899
2967    0.063775
2995    0.040506
3077    0.029876
3084    0.042950
3306    0.041264
3309    0.067572
3567    0.018712
3571    0.029314
3726    0.027780
4152    0.044932
4380    0.015256
5532    0.019903
5620    0.046069
5866    0.042603
5977    0.021506
6043    0.047333
6827    0.033387
6828    0.058629
7377    0.022290
8019    0.019151
8781    0.048962
8783    0.026218
9282    0.023787
9398    0.024937
9442    0.036271
10397    0.065259
10411    0.031748
10413    0.040145
10417    0.045486
10837    0.012515
11932    0.067044
12494    0.067044
12607    0.055899
13248    0.079529
13361    0.032629
13731    0.050381
13800    0.039456
13803    0.039127
14320    0.026972
14338    0.159057
14428    0.041264
14498    0.021167
14781    0.042076
15912    0.020518
16029    0.031414
16259    0.037897
16585    0.009246
16592    0.017107
16907    0.022144
16959    0.023956
17140    0.048022
17144    0.017932
17281    0.022364
18182    0.012268
19433    0.030020
19536    0.049539
20090    0.013493
20108    0.038192
20228    0.037897
20260    0.020282
20282    0.017391
21253    0.017488
21264    0.032814
