259
303    0.011199
348    0.009074
523    0.008582
554    0.019333
567    0.027177
621    0.006782
1175    0.015503
1219    0.019333
1250    0.009847
1253    0.012247
1345    0.010794
1441    0.013589
1692    0.009213
1699    0.004591
1721    0.017418
1727    0.057999
1762    0.004957
1872    0.016298
1918    0.008116
1919    0.006782
1968    0.013263
2224    0.008023
2313    0.012043
2321    0.009759
2422    0.017418
2423    0.038666
2458    0.009213
2510    0.011199
2524    0.013263
2531    0.139345
2737    0.013278
2739    0.036128
2747    0.008879
2806    0.006812
2819    0.006131
2857    0.007370
2958    0.019333
3341    0.006201
3472    0.011348
3563    0.006085
3583    0.012718
3673    0.017418
3754    0.009143
3861    0.009434
3911    0.014252
3988    0.019333
4069    0.038666
4130    0.008879
4398    0.011199
4578    0.009937
4642    0.034836
4833    0.010333
4870    0.005973
5229    0.014887
5230    0.009074
5231    0.014887
5264    0.009213
5292    0.012043
5316    0.014887
5717    0.007519
5719    0.005491
6421    0.011199
6446    0.034836
6461    0.012469
6492    0.011199
6509    0.019333
6511    0.038666
6513    0.017418
6514    0.019333
6646    0.015503
6705    0.006557
6758    0.008432
6904    0.012469
7008    0.013957
7110    0.010228
7117    0.008639
7168    0.003847
7188    0.006842
7190    0.019333
7355    0.011674
7358    0.015503
7442    0.019333
7631    0.007677
7652    0.019333
7672    0.015503
7810    0.017418
8025    0.010592
8181    0.012646
8186    0.009592
8211    0.011674
8233    0.007406
8254    0.011199
8323    0.013929
8357    0.019333
8446    0.005245
8500    0.008502
8568    0.004311
8581    0.008573
8596    0.005129
8630    0.006643
8783    0.019120
8786    0.008639
8976    0.014383
9002    0.008943
9108    0.016298
9152    0.018716
9209    0.004408
9344    0.017418
9644    0.008116
9739    0.019023
9873    0.012034
9980    0.040581
10159    0.014383
10219    0.013589
10350    0.011674
10574    0.019333
10611    0.008164
10612    0.010031
10773    0.006584
10832    0.014383
10892    0.004323
11103    0.002193
11355    0.003757
11417    0.012709
11427    0.012709
11429    0.017418
11503    0.004510
11660    0.016298
11735    0.011506
11841    0.006381
11863    0.012247
12005    0.007776
12162    0.018149
12166    0.007194
12167    0.009759
12169    0.019333
12173    0.019333
12307    0.011689
12319    0.010671
12548    0.006249
12682    0.019333
12759    0.036742
12760    0.017418
12761    0.019333
12927    0.006530
12932    0.008314
12983    0.005623
12987    0.008325
13014    0.004251
13023    0.057999
13050    0.004882
13115    0.019333
13231    0.009847
13298    0.008757
13434    0.005266
13543    0.012469
13546    0.041872
13636    0.017418
13643    0.019333
13843    0.019333
13886    0.009648
13930    0.011057
14065    0.013704
14091    0.016298
14161    0.020665
14222    0.010794
14226    0.013957
14305    0.008817
14339    0.022330
14439    0.004656
14452    0.011506
14462    0.019333
14463    0.019333
14523    0.007759
14604    0.004136
14730    0.016298
14742    0.001973
14745    0.008867
14769    0.009008
14928    0.013589
15016    0.007977
15044    0.013263
15299    0.022673
15345    0.013589
15382    0.011057
15488    0.007443
15497    0.006477
15498    0.019333
15591    0.008263
15709    0.038666
15710    0.024493
15916    0.011057
16167    0.010128
16241    0.008213
16333    0.067141
16420    0.017418
16585    0.002248
16734    0.015512
16959    0.005824
17067    0.015954
17074    0.014456
17075    0.007519
17076    0.019333
17103    0.007060
17117    0.004724
17369    0.007677
17502    0.019333
17643    0.005973
17740    0.038666
17755    0.010333
17814    0.006298
17857    0.010333
17916    0.007060
18106    0.011506
18158    0.007228
18164    0.019333
18251    0.027915
18317    0.007759
18319    0.012953
18482    0.011057
18652    0.005019
18670    0.006724
18852    0.013957
18903    0.009143
19065    0.009008
19133    0.010923
19223    0.006996
19416    0.013168
19464    0.005401
19523    0.020457
19545    0.019333
19581    0.012972
19653    0.017418
19741    0.009074
19773    0.004853
19830    0.008116
20070    0.012972
20439    0.010031
20595    0.012469
20620    0.051858
20626    0.007932
20848    0.005019
20965    0.015503
20969    0.008879
21094    0.008943
21111    0.008069
21129    0.004359
21132    0.008582
21150    0.002204
21170    0.017418
21228    0.038666
21232    0.019333
21243    0.004384
21273    0.038666
21290    0.035140
21292    0.011057
21297    0.026526
21308    0.024495
21310    0.031377
