274
147    0.006103
267    0.009100
455    0.006957
479    0.009471
534    0.011099
850    0.011337
1077    0.020767
1081    0.009821
1184    0.006146
1207    0.012190
1262    0.008520
1283    0.016635
1284    0.015991
1285    0.020767
1382    0.009748
1451    0.009886
1530    0.016653
1532    0.020767
1555    0.018710
1556    0.020767
1633    0.009748
1664    0.009538
1682    0.010879
1699    0.004932
1741    0.003892
1746    0.006369
1862    0.004233
1940    0.007102
2093    0.006211
2277    0.008719
2283    0.008335
2305    0.020767
2470    0.010303
2571    0.015991
2604    0.007223
2609    0.007916
2615    0.020767
2616    0.020767
2683    0.041534
2688    0.007254
2723    0.005801
2882    0.037747
2947    0.007481
3050    0.005763
3089    0.004957
3090    0.008822
3155    0.016653
3198    0.012731
3257    0.018710
3307    0.013934
3309    0.008822
3338    0.009042
3450    0.013156
3629    0.016653
3647    0.005859
3669    0.018710
3672    0.010217
3842    0.006739
3861    0.010134
4023    0.005182
4028    0.008380
4046    0.018710
4102    0.011216
4380    0.007967
4450    0.005634
4614    0.014993
4636    0.009606
5010    0.011878
5070    0.013934
5075    0.003614
5217    0.010134
5230    0.009748
5316    0.015991
5341    0.018710
5397    0.020767
5457    0.014993
5501    0.004122
5532    0.005197
5567    0.005840
5646    0.011099
5746    0.013652
5856    0.006661
5866    0.005562
6038    0.011216
6531    0.013393
6652    0.031983
6778    0.012360
6827    0.008718
6828    0.007655
6845    0.014597
6906    0.020767
7168    0.004133
7281    0.011216
7284    0.014993
7377    0.011641
7418    0.016653
7465    0.011463
7531    0.005391
7539    0.020767
7600    0.009342
7797    0.012540
7896    0.008246
8025    0.005689
8040    0.010521
8041    0.012540
8078    0.004177
8110    0.013934
8116    0.004504
8181    0.006792
8218    0.005045
8533    0.006874
8630    0.007136
8781    0.019178
8783    0.020539
8825    0.015450
8845    0.007317
8850    0.020767
8862    0.010303
8947    0.014247
9092    0.020767
9155    0.009606
9352    0.020767
9364    0.006957
9411    0.003943
9445    0.014247
9454    0.006020
9488    0.012360
9491    0.018710
9492    0.012540
9687    0.010217
9782    0.012190
9799    0.011595
9873    0.006464
9947    0.009689
9952    0.018710
10027    0.012731
10150    0.012936
10367    0.018710
10397    0.017041
10435    0.016653
10480    0.012936
10490    0.020767
10500    0.016653
10575    0.011878
10790    0.009896
10814    0.017507
10825    0.016653
10826    0.012936
10828    0.035014
10829    0.024381
10837    0.006536
10897    0.006061
11014    0.015239
11016    0.023466
11093    0.007839
11118    0.008618
11157    0.012190
11180    0.004656
11401    0.011216
11613    0.008986
11963    0.014993
12005    0.004177
12232    0.011216
12273    0.006536
12277    0.010987
12283    0.008179
12702    0.016653
12853    0.006611
12978    0.008930
13008    0.009042
13014    0.004567
13157    0.008822
13298    0.009406
13434    0.001886
13568    0.007619
13617    0.015450
13745    0.020767
13799    0.013652
13886    0.005182
13983    0.011216
14065    0.004907
14124    0.008335
14322    0.009471
14406    0.006301
14425    0.004886
14432    0.018710
14498    0.005527
14726    0.010134
14742    0.002120
14945    0.013934
15103    0.011463
15128    0.014993
15140    0.005689
15210    0.007382
15432    0.013934
15555    0.007162
15686    0.014764
15792    0.014699
15936    0.011595
15952    0.006901
15960    0.018710
16024    0.011099
16148    0.010052
16364    0.017507
16371    0.008668
16585    0.007243
16592    0.004467
16612    0.010134
16650    0.011878
16923    0.005763
16941    0.007764
16944    0.005598
16958    0.008822
17051    0.006082
17094    0.009896
17219    0.012936
17292    0.006536
17524    0.008160
17669    0.004929
17868    0.008290
18005    0.010585
18020    0.012190
18061    0.015991
18182    0.003204
18383    0.006464
18403    0.013652
18553    0.010134
18587    0.006369
18743    0.020767
18940    0.010052
18951    0.010052
19111    0.013393
19127    0.016273
19128    0.007584
19271    0.007691
19278    0.003726
19327    0.004900
19428    0.016653
19518    0.010483
19526    0.020767
19528    0.055738
19562    0.009219
19566    0.015450
19569    0.011216
19577    0.009471
19662    0.011595
19685    0.007727
19688    0.013934
19690    0.014993
19691    0.041534
19779    0.017507
19844    0.005828
20063    0.015991
20090    0.003523
20260    0.010592
20274    0.021669
20282    0.004541
20433    0.012030
20514    0.016653
20562    0.015450
20670    0.020767
20762    0.010217
20824    0.008380
20902    0.020539
20927    0.005030
20964    0.006346
20986    0.012030
21150    0.002368
21247    0.006021
21253    0.031966
21254    0.006464
21259    0.027656
21290    0.007549
21328    0.016653
