258
147    0.005529
621    0.006600
653    0.009334
681    0.011719
702    0.007000
1097    0.006303
1099    0.019886
1165    0.009761
1242    0.013494
1245    0.007207
1283    0.020093
1304    0.008641
1690    0.008965
1691    0.005989
1692    0.008965
1698    0.005104
1699    0.004468
1707    0.006935
1740    0.006871
1741    0.003526
1845    0.009106
1940    0.006434
1941    0.006035
2053    0.015860
2109    0.012367
2216    0.008897
2224    0.007807
2233    0.013582
2273    0.015087
2277    0.003949
2287    0.018069
2344    0.004544
2432    0.003249
2457    0.066260
2706    0.005238
2947    0.020332
3043    0.016927
3050    0.005221
3077    0.014135
3089    0.004491
3232    0.033900
3647    0.005308
3653    0.015087
3767    0.014487
3861    0.009180
3862    0.007992
3911    0.006935
4023    0.004694
4031    0.014487
4168    0.035322
4202    0.015985
4240    0.003855
4362    0.023977
4380    0.028871
4441    0.010629
4461    0.007000
4512    0.009582
4630    0.015860
4652    0.010760
4697    0.006902
4699    0.015087
4881    0.015087
5170    0.010160
5202    0.012116
5206    0.009035
5337    0.015860
5501    0.003734
5515    0.020416
5563    0.007551
5567    0.005291
5628    0.010760
5686    0.012907
5864    0.011918
5899    0.008244
5904    0.009856
6372    0.008956
6403    0.009180
6497    0.009953
6562    0.010898
6734    0.015614
6828    0.006935
6978    0.012133
7117    0.008407
7188    0.006658
7236    0.011043
7351    0.012976
7377    0.015819
7380    0.007136
7410    0.011719
7464    0.020321
7514    0.009856
7636    0.015525
7651    0.023836
7802    0.002494
7833    0.004824
7926    0.011043
7948    0.008641
7962    0.011197
7965    0.008641
8040    0.004765
8069    0.010270
8218    0.018282
8260    0.020110
8489    0.007852
8783    0.006202
9016    0.026868
9200    0.005120
9209    0.004290
9214    0.017281
9282    0.005627
9398    0.005899
9411    0.003572
9454    0.010907
9494    0.012907
9798    0.005273
9936    0.009106
10074    0.005398
10105    0.005362
10140    0.005966
10259    0.009856
10290    0.006516
10334    0.005472
10445    0.007992
10786    0.010504
10837    0.002961
10846    0.006303
10897    0.005491
11121    0.022087
11178    0.006839
11218    0.004025
11344    0.008897
11355    0.003656
11358    0.006354
11390    0.008463
11468    0.006600
11528    0.006227
11683    0.007088
11729    0.006177
11733    0.011197
11750    0.005039
11795    0.018813
11984    0.007676
12005    0.003784
12048    0.007243
12071    0.006839
12085    0.006543
12118    0.008521
12230    0.005834
12346    0.011197
12415    0.023165
12569    0.010384
12820    0.009180
12880    0.006227
12889    0.043142
13143    0.007510
13145    0.008830
13151    0.010160
13232    0.010629
13357    0.005268
13376    0.018813
13434    0.005125
13484    0.007354
13580    0.004584
13647    0.004992
14063    0.011711
14099    0.009106
14323    0.013143
14406    0.005708
14428    0.009761
14498    0.015022
14515    0.011197
14604    0.004025
14617    0.011197
14717    0.007852
14742    0.001920
14749    0.006434
14762    0.010629
14868    0.020321
15032    0.008351
15046    0.015860
15081    0.006717
15601    0.006871
15603    0.010504
15669    0.025813
15684    0.009035
15686    0.020062
15783    0.008351
15792    0.006658
15820    0.006516
15822    0.005587
15944    0.008766
16034    0.007034
16050    0.013582
16117    0.006717
16148    0.036426
16151    0.015087
16552    0.015087
16585    0.017498
16590    0.016950
16591    0.010270
16592    0.004047
16650    0.010760
16771    0.011918
16772    0.007633
16923    0.005221
16941    0.010550
17129    0.005728
17281    0.031743
17292    0.017764
17407    0.006058
17484    0.003136
17814    0.006129
17830    0.006600
18005    0.004795
18133    0.008244
18158    0.007034
18198    0.011360
18282    0.002917
18317    0.007551
18319    0.012605
18619    0.004839
18670    0.006543
18898    0.007136
19127    0.009828
19226    0.004465
19352    0.015860
19366    0.002615
19370    0.005989
19433    0.007102
19480    0.008830
19523    0.009953
19577    0.008580
19652    0.010160
19844    0.001760
20260    0.004798
20274    0.006543
20275    0.009222
20282    0.004114
20289    0.010384
20305    0.009414
20421    0.013997
20460    0.006687
20481    0.008897
20557    0.006227
20563    0.010160
20713    0.010175
20760    0.008192
20803    0.007468
20841    0.004960
20868    0.004148
20927    0.013671
20969    0.008641
20993    0.006747
21058    0.005510
21243    0.004266
21253    0.004137
21254    0.005855
21259    0.008351
