204
677    0.014611
889    0.020339
1021    0.015836
1081    0.012928
1208    0.021051
1276    0.012738
1346    0.013129
1415    0.022820
1604    0.012468
1680    0.011545
1699    0.003246
1741    0.005123
1746    0.008385
1847    0.012646
1938    0.027338
1941    0.008769
2014    0.010855
2021    0.068116
2277    0.005739
2281    0.021264
2285    0.017971
2539    0.011280
2764    0.021051
2780    0.024630
3089    0.006526
3164    0.038430
3238    0.010030
3483    0.011032
3571    0.010077
3693    0.015445
3726    0.009549
3743    0.008177
3881    0.011684
4028    0.011032
4240    0.011203
4258    0.015174
4260    0.009893
4272    0.027338
4380    0.005244
4480    0.012556
4501    0.010421
4521    0.017971
4637    0.013450
4644    0.046093
4661    0.018755
4823    0.021051
4870    0.008446
4873    0.015090
5230    0.012832
5266    0.019215
5362    0.023046
5661    0.027338
5769    0.023140
5866    0.007322
5966    0.018755
6167    0.024630
6288    0.015636
6628    0.016892
6714    0.014924
6734    0.011344
6827    0.022954
6907    0.017029
6908    0.006760
7154    0.023046
7192    0.011684
7194    0.010370
7393    0.012216
7414    0.027338
7456    0.009234
7814    0.024630
7987    0.010855
8040    0.006925
8218    0.013283
8424    0.016508
8489    0.011410
8521    0.027338
8845    0.009632
8887    0.027338
9361    0.009632
9482    0.020339
9518    0.017451
9768    0.014611
9961    0.015445
9962    0.016760
10220    0.013800
10247    0.012216
10261    0.006842
10311    0.020339
10411    0.043653
10413    0.013800
10442    0.015636
10476    0.023046
10486    0.014764
10589    0.010172
10635    0.024630
10773    0.009310
10790    0.013027
10851    0.016760
11180    0.006130
11182    0.013563
11263    0.023046
11283    0.010913
11310    0.017319
11344    0.012928
11528    0.009048
11684    0.012738
11740    0.027338
11932    0.023046
11997    0.021923
12042    0.012298
12110    0.007393
12163    0.021051
12230    0.016955
12346    0.016271
12493    0.015836
12519    0.006526
12594    0.020339
12683    0.020339
12894    0.012738
12942    0.017029
13048    0.019737
13154    0.010320
13165    0.017971
13298    0.012382
13434    0.002482
13541    0.011979
13791    0.014322
13799    0.017971
13800    0.027126
13803    0.013450
13886    0.006821
14012    0.010742
14124    0.010972
14137    0.011344
14195    0.017631
14571    0.018755
14742    0.008372
14798    0.019215
14874    0.009848
14952    0.012928
15063    0.007818
15261    0.021051
15648    0.018755
15686    0.009717
15712    0.017471
15778    0.010221
15818    0.008324
15874    0.012928
16001    0.017319
16053    0.024630
16207    0.012136
16527    0.009158
16585    0.015892
16707    0.009848
16923    0.007587
17032    0.030180
17036    0.024630
17051    0.016014
17423    0.021923
17426    0.029847
17529    0.010473
17530    0.017971
17789    0.020339
17870    0.008540
18005    0.027868
18167    0.012620
18182    0.004217
18319    0.009158
18652    0.007097
18848    0.017631
18901    0.025291
18940    0.013233
19037    0.011280
19087    0.017631
19125    0.010077
19251    0.027338
19327    0.006451
19366    0.003799
19512    0.015090
19589    0.013450
19772    0.009310
19773    0.006862
19802    0.027338
19928    0.027338
20090    0.004638
20260    0.009296
20274    0.019017
20282    0.005978
20490    0.021051
20534    0.063850
20762    0.013450
20845    0.011154
20901    0.008477
20946    0.007369
21050    0.024630
21058    0.008007
21115    0.006414
21129    0.006164
21133    0.015264
21150    0.003117
21223    0.027338
21238    0.017029
21253    0.006011
21290    0.009938
