174
1    0.013662
621    0.009981
624    0.025632
701    0.019517
786    0.011121
804    0.028449
1012    0.019996
1097    0.009531
1283    0.015192
1304    0.026133
1411    0.018023
1423    0.011874
1440    0.011943
1698    0.007718
1919    0.009981
2119    0.012975
2203    0.015884
2263    0.017441
2457    0.016700
2872    0.012798
3077    0.021374
3297    0.010845
3400    0.030103
3510    0.018023
3643    0.021907
3644    0.016480
3886    0.012975
4300    0.013997
4380    0.032744
4467    0.011418
4512    0.014490
4577    0.013255
4587    0.021166
4678    0.011480
4777    0.011297
4939    0.016932
5043    0.004186
5202    0.027483
5206    0.013662
5209    0.013997
5414    0.030472
5415    0.010295
5501    0.005646
5523    0.011357
5866    0.022860
6244    0.018023
6262    0.022836
6275    0.017441
6305    0.015703
6358    0.013997
6429    0.011480
6486    0.013454
6562    0.016480
6955    0.017441
6984    0.025437
7168    0.005661
7199    0.008790
7228    0.013771
7325    0.012629
7326    0.028449
7330    0.008509
7351    0.009811
7464    0.030729
7466    0.010024
7595    0.009232
7709    0.025950
7849    0.018348
7896    0.022594
7922    0.019089
8148    0.019996
8218    0.020734
8225    0.019517
8275    0.010791
8375    0.017179
8729    0.016271
8828    0.016700
8845    0.010024
9110    0.021166
9118    0.008988
9209    0.012974
9231    0.048219
9398    0.008921
9641    0.032695
9873    0.008855
10457    0.018348
10637    0.013160
10773    0.009689
10786    0.015884
10892    0.006361
11087    0.009938
11178    0.010342
11218    0.006086
11279    0.010390
11334    0.008600
11340    0.013771
11569    0.008081
11729    0.009342
12043    0.018702
12245    0.022503
12413    0.014361
12659    0.019218
12660    0.010249
12871    0.019089
12889    0.045667
12987    0.004084
12999    0.004683
13014    0.012512
13143    0.011357
13298    0.025771
13580    0.006932
14063    0.017709
14093    0.012086
14137    0.011806
14430    0.011121
14498    0.007572
14537    0.008000
14604    0.006086
15500    0.014361
15575    0.018702
15753    0.022814
15849    0.013557
15878    0.016932
15879    0.038178
15881    0.031407
15944    0.013255
16034    0.010636
16048    0.015052
16116    0.008449
16117    0.010157
16321    0.010486
16585    0.016538
16700    0.019517
16734    0.005706
16766    0.022129
17051    0.008332
17144    0.006415
17172    0.025632
17281    0.088003
17292    0.017908
17689    0.048219
17830    0.009981
18005    0.014501
18091    0.016073
18136    0.019089
18282    0.004411
18449    0.021166
18450    0.019517
18526    0.017441
18708    0.025632
18987    0.021272
19127    0.007431
19128    0.010390
19177    0.008163
19213    0.014114
19389    0.015884
19534    0.021166
19542    0.028449
19844    0.002661
20282    0.031107
20305    0.014236
20432    0.012713
20713    0.007693
20785    0.009649
20791    0.016271
20807    0.012234
20844    0.005940
20868    0.006273
21094    0.013160
21115    0.013349
21150    0.003244
21191    0.012798
21247    0.004124
21253    0.006256
21290    0.010342
