507
1    0.004694
161    0.004128
333    0.004892
370    0.007846
428    0.004694
429    0.006425
451    0.003414
455    0.003275
479    0.004458
480    0.009774
534    0.005224
606    0.008240
621    0.003429
624    0.008806
850    0.005336
993    0.008806
1012    0.006870
1080    0.006425
1099    0.003444
1125    0.008240
1135    0.007057
1207    0.005738
1240    0.003100
1250    0.009957
1283    0.010439
1304    0.004489
1415    0.004080
1416    0.004489
1490    0.010506
1529    0.003763
1545    0.006425
1559    0.008240
1576    0.009774
1614    0.004080
1691    0.003111
1741    0.005495
1762    0.002506
1794    0.007527
1816    0.004934
1859    0.008159
1900    0.007527
1911    0.007838
1918    0.004103
1941    0.003135
2008    0.013564
2014    0.003881
2020    0.005662
2042    0.007838
2047    0.005553
2093    0.002924
2102    0.002446
2119    0.004458
2120    0.006199
2186    0.006304
2222    0.005902
2224    0.004056
2277    0.010259
2281    0.011404
2292    0.007932
2344    0.004721
2356    0.006425
2370    0.007527
2396    0.002635
2410    0.007527
2457    0.005738
2458    0.004658
2470    0.004849
2485    0.015053
2587    0.004809
2604    0.010199
2745    0.002903
2872    0.004397
2877    0.007527
2882    0.014213
2947    0.014085
2968    0.004588
2989    0.009774
3005    0.007057
3017    0.007527
3039    0.006470
3043    0.004397
3050    0.005425
3077    0.007344
3086    0.012533
3089    0.004667
3090    0.004152
3173    0.008806
3298    0.004311
3307    0.006559
3309    0.008305
3441    0.010048
3483    0.003944
3563    0.012306
3603    0.005522
3647    0.002758
3698    0.006304
3726    0.006829
3733    0.003902
3753    0.006425
3836    0.008240
3858    0.004339
3917    0.006304
3929    0.007057
3976    0.006870
4023    0.004878
4137    0.004763
4150    0.008459
4152    0.005522
4153    0.004622
4168    0.004588
4173    0.008979
4240    0.002003
4258    0.002713
4262    0.004809
4274    0.007272
4289    0.005171
4300    0.004809
4324    0.003400
4380    0.009375
4398    0.005662
4461    0.003637
4486    0.004891
4522    0.008305
4536    0.004080
4661    0.006706
4662    0.003459
4670    0.009774
4744    0.006304
4788    0.009774
4838    0.007527
4870    0.003020
5063    0.006559
5074    0.003248
5075    0.001701
5142    0.006192
5178    0.006089
5202    0.003147
5217    0.004770
5267    0.009774
5395    0.008240
5456    0.007057
5515    0.007955
5521    0.004229
5535    0.004731
5605    0.007272
5737    0.004978
5769    0.002758
5826    0.006089
5866    0.005236
5867    0.006559
5899    0.004283
5940    0.007838
6038    0.015836
6180    0.005817
6262    0.003923
6288    0.005590
6328    0.005395
6430    0.004256
6454    0.006559
6467    0.006089
6472    0.005395
6531    0.006304
6560    0.007057
6567    0.007838
6628    0.003020
6715    0.005279
6738    0.003944
6809    0.004178
6811    0.006706
6819    0.005024
6827    0.004103
6828    0.010809
6856    0.007057
6891    0.004934
6978    0.006304
7048    0.003654
7081    0.009774
7155    0.008806
7199    0.003020
7330    0.002924
7351    0.006742
7377    0.010958
7380    0.003708
7430    0.007838
7431    0.005817
7592    0.006425
7595    0.006344
7642    0.003944
7833    0.002506
7860    0.011045
7896    0.003881
7902    0.004891
7909    0.004809
7948    0.008979
7953    0.007527
7988    0.004770
8019    0.009415
8021    0.003708
8025    0.002678
8040    0.002476
8107    0.004470
8218    0.014247
8219    0.004694
8343    0.005072
8375    0.005902
8407    0.004229
8408    0.005279
8425    0.007838
8489    0.016318
8596    0.005187
8777    0.004203
8781    0.015044
8783    0.003222
8805    0.004152
8810    0.005072
8827    0.007272
8828    0.005738
8837    0.004588
8845    0.003444
8918    0.003235
9016    0.013959
9077    0.005457
9127    0.004809
9158    0.007057
9193    0.005072
9209    0.002229
9282    0.002924
9322    0.007057
9398    0.006130
9408    0.005457
9411    0.001856
9414    0.007838
9442    0.004458
9502    0.003966
9533    0.006084
9641    0.003744
9687    0.004809
9798    0.002740
9945    0.004178
9947    0.002280
10048    0.009774
10119    0.005738
10140    0.003100
10149    0.005817
10165    0.006870
10215    0.003329
10261    0.002446
10290    0.003385
10333    0.004256
10334    0.002843
10338    0.008385
10369    0.005336
10396    0.007838
10397    0.004010
10405    0.008240
10408    0.005590
10411    0.003902
10413    0.004934
10418    0.005992
10475    0.006870
10489    0.007272
10560    0.006559
10564    0.005738
10575    0.005590
10769    0.007057
10786    0.005457
10837    0.007691
10897    0.008559
11014    0.014345
11051    0.004809
11087    0.006829
11180    0.002192
11210    0.006304
11218    0.002091
11308    0.007272
11310    0.006192
11344    0.004622
11355    0.001900
11386    0.003315
11422    0.006089
11492    0.007272
11500    0.007057
11604    0.008240
11613    0.008459
11683    0.001841
11750    0.002618
11841    0.001613
11857    0.004891
11882    0.005457
11884    0.011635
11962    0.006304
12005    0.001966
12048    0.003763
12071    0.003553
12109    0.004368
12110    0.002643
12232    0.005279
12245    0.005154
12246    0.008240
12256    0.009774
12273    0.003076
12277    0.010343
12283    0.005774
12345    0.002669
12413    0.004934
12493    0.011324
12505    0.003537
12529    0.007272
12567    0.006559
12618    0.004103
12684    0.002057
12703    0.008240
12763    0.004397
12764    0.005395
12765    0.003054
12812    0.009774
12817    0.003329
12820    0.004770
12880    0.003235
12889    0.013449
12978    0.004203
12983    0.002843
13014    0.002149
13096    0.004770
13143    0.003902
13227    0.009774
13352    0.002955
13355    0.004547
13357    0.001369
13415    0.006706
13417    0.008240
13434    0.003550
13529    0.004128
13530    0.003966
13541    0.004283
13547    0.005590
13568    0.003586
13580    0.004763
13647    0.007780
13799    0.012851
13800    0.014548
13802    0.009774
13803    0.009618
13896    0.004978
13969    0.008806
13980    0.007272
14037    0.007057
14054    0.004521
14063    0.006084
14065    0.004619
14137    0.004056
14303    0.008442
14498    0.010406
14559    0.006425
14604    0.002091
14742    0.001995
14749    0.003343
14781    0.005171
14796    0.003123
14944    0.003966
15019    0.004128
15025    0.007527
15030    0.006304
15033    0.004521
15140    0.002678
15216    0.003726
15325    0.005395
15336    0.005590
15367    0.005590
15378    0.005662
15387    0.006089
15551    0.003537
15556    0.004203
15667    0.007057
15686    0.003474
15792    0.003459
15879    0.006559
16023    0.005522
16029    0.011583
16030    0.007172
16034    0.003654
16048    0.005171
16231    0.006706
16259    0.004658
16260    0.007272
16337    0.005336
16437    0.004080
16509    0.003371
16566    0.007838
16585    0.011364
16592    0.008410
16650    0.005590
16692    0.005072
16707    0.003521
16729    0.001593
16734    0.001961
16862    0.003429
16871    0.006870
16880    0.003357
16895    0.009774
16923    0.002713
16941    0.001827
16955    0.003821
17056    0.005738
17059    0.004658
17105    0.002833
17125    0.005902
17144    0.002204
17201    0.005590
17221    0.004978
17281    0.016492
17292    0.009229
17458    0.007057
17471    0.008854
17484    0.001629
17555    0.007057
17556    0.007272
17632    0.005171
17669    0.006959
17727    0.006192
17782    0.006858
17836    0.005457
17886    0.007527
17952    0.009774
18003    0.003726
18005    0.004982
18074    0.007057
18091    0.005522
18098    0.003902
18167    0.003008
18182    0.003016
18203    0.003248
18205    0.005279
18313    0.006870
18317    0.003923
18403    0.006425
18416    0.004849
18582    0.006559
18587    0.002998
18624    0.007057
18652    0.005075
18717    0.003570
18724    0.004311
18754    0.006425
18883    0.002998
18888    0.003275
18951    0.004731
18955    0.006304
19043    0.002704
19111    0.006304
19122    0.006425
19124    0.005224
19125    0.003603
19265    0.005522
19327    0.002306
19328    0.004849
19349    0.004152
19351    0.005457
19366    0.001358
19410    0.001808
19433    0.003690
19609    0.006304
19680    0.006089
19772    0.003329
19844    0.001829
19905    0.004731
19973    0.008240
19997    0.004458
20090    0.004975
20251    0.004010
20260    0.010802
20274    0.003400
20275    0.004791
20282    0.002137
20288    0.005817
20305    0.004891
20421    0.007272
20433    0.011324
20710    0.007527
20717    0.002491
20742    0.004489
20768    0.002300
20785    0.003315
20803    0.001940
20823    0.006706
20845    0.003988
20848    0.002537
20882    0.012851
20894    0.002695
20902    0.012889
20946    0.002635
20966    0.015053
20977    0.005738
21011    0.005024
21085    0.003841
21115    0.004586
21122    0.003210
21129    0.006612
21133    0.005457
21146    0.004056
21150    0.003344
21155    0.003944
21253    0.015045
21254    0.006084
21259    0.004339
21266    0.002643
21323    0.008240
