320
333    0.003990
427    0.011860
920    0.006986
1097    0.005341
1116    0.006941
1123    0.013439
1283    0.004257
1309    0.005235
1310    0.015942
1351    0.009007
1529    0.006138
1614    0.006654
1699    0.001893
1712    0.011234
1741    0.002988
1811    0.012276
1916    0.009930
1925    0.008047
1978    0.014363
2194    0.014363
2277    0.003346
2292    0.006468
2388    0.009358
2396    0.004297
2432    0.008259
2458    0.007597
2825    0.015942
2826    0.007717
2968    0.007483
3162    0.008434
3297    0.006077
3473    0.039320
3593    0.009180
3596    0.009358
3597    0.018716
3618    0.011042
3619    0.018600
3686    0.007374
3694    0.009488
3736    0.010697
3792    0.010099
3815    0.028726
3842    0.010347
3886    0.007271
3903    0.006018
4075    0.007909
4093    0.010937
4240    0.006533
4245    0.005452
4380    0.003058
4433    0.009930
4448    0.010282
4450    0.004325
4701    0.007843
4768    0.015942
4774    0.014966
5180    0.010099
5220    0.013711
5225    0.007779
5440    0.006200
5495    0.012233
5501    0.003164
5515    0.004325
5537    0.006814
5562    0.008120
5567    0.004483
5614    0.005475
5718    0.013231
5725    0.006898
5752    0.011509
5866    0.004270
5925    0.008800
5933    0.010480
5975    0.004889
5987    0.009235
5989    0.011860
6046    0.009118
6202    0.009626
6207    0.015942
6242    0.013439
6304    0.015942
6340    0.019547
6507    0.007656
6628    0.009851
6651    0.011808
6655    0.006169
6663    0.015312
6758    0.006953
6778    0.018976
7168    0.006345
7176    0.008120
7228    0.007717
7343    0.022448
7351    0.005498
7510    0.009235
7511    0.015942
7602    0.008520
7736    0.004685
7753    0.008706
7964    0.008047
7965    0.007322
8027    0.009488
8040    0.004038
8218    0.007746
8342    0.007909
8362    0.006773
8446    0.004325
8476    0.005094
8500    0.003506
8534    0.005133
8581    0.003535
8613    0.085511
8616    0.008800
8662    0.015942
8964    0.012594
8984    0.012529
9132    0.011860
9143    0.006200
9183    0.010099
9218    0.010937
9231    0.009007
9355    0.012276
9398    0.004999
9411    0.006053
9492    0.009626
9518    0.010176
9533    0.009924
9798    0.004468
9885    0.011860
9943    0.014363
10060    0.009626
10277    0.010282
10312    0.013439
10354    0.005692
10360    0.010480
10363    0.009773
10417    0.009118
10422    0.020694
10486    0.008610
10610    0.007779
10649    0.015942
10904    0.063768
11112    0.004424
11178    0.005795
11207    0.005717
11218    0.003411
11245    0.031884
11271    0.011234
11279    0.005822
11326    0.011205
11355    0.006197
11386    0.005407
11434    0.004381
11528    0.015829
11536    0.013439
11591    0.007779
11744    0.004768
11750    0.004270
11787    0.010282
11788    0.008272
11891    0.009626
11987    0.009773
12005    0.003206
12042    0.007172
12086    0.008047
12201    0.011509
12230    0.009887
12232    0.008610
12245    0.012610
12258    0.008901
12636    0.014363
12684    0.006711
12855    0.003687
12864    0.004962
12952    0.007656
12969    0.015942
12987    0.006865
12999    0.002624
13008    0.006941
13110    0.012784
13177    0.008703
13195    0.007656
13300    0.010697
13320    0.012275
13349    0.008194
13434    0.004343
13581    0.008901
13661    0.015942
13666    0.011860
13702    0.008610
13803    0.007843
13886    0.003978
14012    0.025057
14065    0.005650
14093    0.006773
14129    0.012276
14177    0.014363
14285    0.012276
14303    0.004590
14314    0.006732
14324    0.011205
14335    0.009358
14339    0.006138
14343    0.006578
14406    0.009673
14430    0.012464
14445    0.006814
14453    0.007077
14468    0.015942
14498    0.004243
14684    0.013439
14690    0.011205
14716    0.008272
14725    0.010697
14742    0.006509
14745    0.003656
14865    0.006169
14874    0.011486
14928    0.011205
15063    0.004559
15080    0.007539
15207    0.008194
15218    0.009930
15395    0.025568
15410    0.006504
15525    0.015942
15781    0.010480
15791    0.006138
15928    0.022275
15931    0.006364
15958    0.009626
16467    0.015942
16509    0.005498
16521    0.007271
16585    0.007414
16592    0.003429
16698    0.012276
16729    0.002598
16732    0.003966
16747    0.015942
16907    0.004439
16941    0.005960
16944    0.004297
17056    0.009358
17306    0.013439
17331    0.005904
17366    0.006077
17426    0.017405
17447    0.007779
17460    0.015942
17529    0.006107
17702    0.011509
17741    0.010697
17755    0.008520
17818    0.010937
17949    0.006898
18005    0.008126
18086    0.008434
18293    0.013439
18328    0.010282
18370    0.026879
18384    0.009488
18389    0.014363
18579    0.008703
18611    0.012276
18654    0.020960
18655    0.005094
18689    0.008703
18691    0.014363
18725    0.006433
18803    0.015942
18882    0.013755
18924    0.014363
18976    0.020198
18987    0.005960
19128    0.005822
19204    0.006330
19225    0.005362
19226    0.011351
19271    0.005904
19278    0.002860
19366    0.004431
19460    0.003698
19681    0.014363
19707    0.005214
19751    0.007483
19763    0.015942
19817    0.012464
19935    0.010697
19999    0.010937
20100    0.006615
20133    0.012784
20145    0.012784
20260    0.005421
20282    0.003486
20334    0.013439
20452    0.005692
20464    0.004785
20534    0.010638
20594    0.025568
20626    0.013081
20648    0.006264
20657    0.011205
20717    0.004063
20760    0.006941
20768    0.007502
20791    0.009118
20803    0.006328
20807    0.006855
20818    0.011205
20848    0.004138
20860    0.009626
20927    0.011585
20946    0.012892
21019    0.006398
21115    0.003740
21136    0.011860
21150    0.003636
21247    0.002311
21253    0.003506
