131
96    0.033266
212    0.020277
219    0.011989
348    0.020277
450    0.019304
469    0.013446
621    0.015156
1097    0.014473
1222    0.022415
1741    0.008096
1862    0.008805
2319    0.021617
2321    0.021807
2344    0.010434
2391    0.033266
2432    0.007460
2688    0.015090
2710    0.015999
3215    0.060729
3297    0.016468
3441    0.022206
3469    0.027862
3790    0.017064
4001    0.044006
4023    0.010779
4303    0.031189
4413    0.024709
4536    0.018031
4537    0.034643
4545    0.023583
4678    0.017433
4877    0.076077
5202    0.013911
5410    0.038922
5523    0.017246
5745    0.017626
5836    0.030365
5840    0.024709
5865    0.019434
5899    0.018930
5962    0.021080
5977    0.011682
6085    0.017064
7286    0.021080
7292    0.057974
7325    0.019177
7378    0.022206
7642    0.017433
7798    0.044006
8040    0.010943
8594    0.016632
8596    0.011462
8603    0.024120
8937    0.034643
8938    0.043201
9118    0.013648
9209    0.009851
9768    0.023089
9881    0.020911
10975    0.073856
11358    0.014591
12005    0.008688
12283    0.025521
12300    0.011077
12391    0.038922
12519    0.020625
12530    0.032140
12684    0.009093
12952    0.020746
12999    0.007112
13109    0.027368
13165    0.028399
13167    0.039967
13219    0.019304
13319    0.014074
13348    0.017626
13357    0.012098
13359    0.028399
13370    0.019983
13482    0.033099
13484    0.016888
13886    0.010779
14073    0.014962
14163    0.030365
14745    0.009907
15333    0.023089
15556    0.018577
15600    0.019567
15822    0.025661
15908    0.022632
15916    0.024709
15991    0.020277
16034    0.016151
16060    0.016888
16111    0.072838
16112    0.028987
16464    0.093567
16501    0.012697
16529    0.024624
16585    0.005023
16729    0.021122
16765    0.027862
16873    0.028987
17108    0.016632
17221    0.022003
17407    0.013911
17445    0.019841
17484    0.007201
17507    0.045712
17910    0.077844
18082    0.018464
18182    0.006664
18282    0.006698
18309    0.043201
18485    0.024709
18499    0.053174
18502    0.024120
18519    0.036419
18882    0.009318
18920    0.086401
19261    0.012921
19426    0.008485
19485    0.017626
20090    0.007329
20260    0.003672
20452    0.015424
20868    0.009526
20894    0.011911
21115    0.010135
21147    0.023089
21150    0.019704
