333
147    0.004164
219    0.003932
333    0.003546
428    0.006803
448    0.006857
450    0.006331
455    0.004746
702    0.010543
1129    0.011943
1163    0.006700
1275    0.007151
1283    0.018913
1304    0.006507
1436    0.005104
1440    0.011895
1466    0.006130
1691    0.004510
1698    0.003843
1699    0.001682
1741    0.005310
1758    0.014167
1862    0.002887
1941    0.004544
1949    0.004746
2008    0.006553
2093    0.004237
2102    0.003546
2120    0.008985
2122    0.007351
2277    0.017843
2281    0.011020
2290    0.007820
2307    0.009958
2321    0.007151
2341    0.012764
2432    0.002446
2457    0.016632
2587    0.006970
2706    0.003945
2714    0.007216
2729    0.009719
2768    0.007216
2801    0.007910
2882    0.005150
2934    0.008316
2947    0.005104
3039    0.014067
3077    0.005322
3089    0.010146
3090    0.006019
3092    0.018274
3282    0.006857
3284    0.008685
3396    0.004746
3446    0.011361
3536    0.010909
3567    0.003333
3647    0.003997
3654    0.007422
3726    0.004949
3790    0.005596
3842    0.004597
3861    0.006913
3862    0.006019
3998    0.012764
3999    0.011943
4023    0.003535
4087    0.008685
4137    0.003452
4150    0.018390
4151    0.006130
4168    0.006650
4179    0.006913
4195    0.007638
4380    0.008153
4383    0.023652
4446    0.009958
4468    0.007282
4597    0.014167
4601    0.010909
4629    0.009313
4630    0.011943
4697    0.005198
4879    0.035829
5043    0.006254
5075    0.002465
5179    0.007216
5202    0.009124
5212    0.004906
5414    0.010116
5479    0.011943
5495    0.002718
5501    0.002812
5584    0.014564
5628    0.016205
5820    0.006373
5876    0.009137
5879    0.005482
5899    0.006208
5904    0.007422
5923    0.009137
6049    0.006700
6129    0.006970
6144    0.010228
6262    0.005686
6288    0.008103
6365    0.004670
6518    0.009506
6598    0.003655
6628    0.004377
6799    0.014167
6827    0.005948
6828    0.010444
6841    0.008004
6879    0.010228
6984    0.004222
7168    0.002819
7188    0.005014
7234    0.009313
7240    0.010228
7303    0.007422
7325    0.006289
7330    0.008475
7349    0.014843
7351    0.009771
7364    0.014178
7377    0.003971
7380    0.032243
7406    0.014843
7416    0.008103
7464    0.007651
7472    0.008316
7595    0.009195
7619    0.004442
7636    0.017536
7802    0.005634
7965    0.006507
7967    0.007282
7988    0.006913
8019    0.003412
8043    0.008685
8078    0.002849
8107    0.003240
8212    0.008316
8218    0.017208
8246    0.011361
8260    0.015143
8446    0.003843
8622    0.004252
8630    0.002434
8781    0.008722
8783    0.004670
8872    0.008825
8881    0.007734
9016    0.010116
9282    0.008475
9319    0.007572
9347    0.009958
9398    0.004442
9420    0.011361
9502    0.005748
9641    0.005427
9663    0.016008
9749    0.014431
9811    0.006857
9947    0.006609
10074    0.004065
10154    0.010540
10164    0.012764
10215    0.004825
10332    0.008975
10334    0.004121
10338    0.004051
10354    0.005058
10397    0.011625
10786    0.007910
10790    0.006751
10829    0.008316
10840    0.004825
10897    0.004135
11008    0.009506
11014    0.005198
11103    0.001607
11210    0.009137
11355    0.008260
11358    0.004785
11399    0.006650
11434    0.003893
11493    0.010540
11752    0.012764
11984    0.005780
12050    0.009958
12188    0.011361
12230    0.004393
12245    0.007471
12283    0.005579
12548    0.004580
12684    0.002982
12880    0.004689
12889    0.003249
12911    0.004562
12987    0.004067
13050    0.003578
13085    0.014167
13185    0.008316
13351    0.003324
13355    0.019772
13357    0.031738
13370    0.006553
13386    0.008975
13434    0.005146
13484    0.016614
13530    0.005748
13541    0.006208
13568    0.005198
13647    0.003759
13702    0.007651
13712    0.011943
13886    0.003535
13929    0.010540
14063    0.004409
14064    0.010228
14065    0.003347
14099    0.006857
14172    0.014167
14239    0.010228
14303    0.008158
14498    0.018853
14537    0.003984
14592    0.017109
14593    0.011361
14671    0.014167
14857    0.005845
14868    0.015302
15046    0.011943
15140    0.003881
15204    0.004708
15432    0.009506
15551    0.005127
15669    0.019438
15684    0.006803
15686    0.010071
15712    0.004527
15729    0.011361
15892    0.010540
15907    0.008535
16029    0.016788
16148    0.013715
16387    0.014167
16440    0.008554
16486    0.006970
16585    0.018942
16592    0.006095
16650    0.008103
16707    0.005104
16732    0.003524
16845    0.010228
16941    0.007944
17037    0.008951
17095    0.007282
17144    0.009583
17247    0.011943
17281    0.003984
17292    0.004459
17407    0.004562
17447    0.006913
17484    0.002362
17524    0.005567
17669    0.003362
17836    0.007910
17837    0.014167
17846    0.006373
17867    0.007351
17931    0.006507
17935    0.010540
18005    0.003610
18182    0.002185
18282    0.002196
18319    0.014238
18326    0.005626
18329    0.008103
18348    0.014167
18587    0.004345
18674    0.007734
18888    0.004746
18940    0.006857
18992    0.006169
19046    0.010909
19127    0.011101
19133    0.008004
19327    0.010029
19343    0.008004
19366    0.001969
19402    0.010228
19460    0.003286
19484    0.010228
19528    0.009506
19562    0.006289
19577    0.006461
19589    0.006970
19871    0.008103
19991    0.012764
20009    0.008004
20090    0.002404
20116    0.007651
20181    0.012764
20260    0.007226
20274    0.004927
20275    0.010417
20360    0.014167
20379    0.014167
20420    0.007734
20557    0.004689
20713    0.007662
20745    0.024992
20760    0.006169
20762    0.006970
20771    0.006055
20776    0.006553
20785    0.009609
20824    0.005717
20833    0.008316
20841    0.003735
20845    0.005780
20868    0.003124
20972    0.007734
21057    0.004805
21129    0.006389
21150    0.001615
21253    0.006230
21254    0.013228
21266    0.003831
21279    0.005081
