550
161    0.003284
264    0.005335
277    0.007006
333    0.001946
370    0.003121
374    0.006555
441    0.003705
451    0.002716
607    0.006555
646    0.005335
681    0.004844
708    0.004926
744    0.004114
850    0.004245
1006    0.006555
1039    0.005335
1081    0.003677
1099    0.013700
1165    0.008069
1184    0.002301
1188    0.003925
1192    0.005218
1212    0.007006
1240    0.004932
1242    0.002789
1255    0.003650
1274    0.003764
1283    0.014534
1286    0.004628
1345    0.004342
1381    0.005335
1490    0.002089
1633    0.003650
1692    0.003705
1699    0.002770
1741    0.002915
1762    0.001994
1764    0.004245
1816    0.003925
1846    0.005433
1862    0.001585
1925    0.003925
1940    0.002659
1947    0.004292
1949    0.020840
1990    0.008490
2008    0.007194
2014    0.003088
2015    0.003571
2020    0.004505
2093    0.002326
2102    0.003892
2117    0.004342
2122    0.004035
2173    0.002318
2177    0.005218
2188    0.004245
2201    0.013111
2268    0.004926
2277    0.013058
2278    0.012621
2279    0.012599
2281    0.003024
2283    0.003121
2396    0.004192
2403    0.006236
2432    0.001343
2450    0.004245
2468    0.005112
2470    0.003858
2485    0.005988
2539    0.003208
2587    0.003826
2604    0.002705
2691    0.008312
2706    0.008661
2729    0.005335
2745    0.002309
2801    0.004342
2889    0.005988
2947    0.022410
2968    0.003650
3039    0.012869
3043    0.003498
3077    0.002921
3089    0.005569
3162    0.004114
3309    0.009911
3311    0.005112
3326    0.002764
3396    0.002605
3493    0.005112
3563    0.002447
3571    0.002866
3590    0.005785
3593    0.002239
3647    0.002194
3726    0.005433
3766    0.004565
3789    0.003227
3861    0.003794
3917    0.005015
4102    0.004200
4110    0.006236
4135    0.003284
4151    0.003365
4152    0.004393
4195    0.006288
4201    0.005218
4202    0.006607
4258    0.002158
4289    0.008228
4380    0.020884
4383    0.006491
4450    0.002110
4468    0.003997
4545    0.016980
4575    0.007006
4587    0.005785
4629    0.005112
4656    0.003734
4710    0.005988
4870    0.002402
4871    0.003246
5043    0.006865
5075    0.001353
5105    0.005785
5115    0.003826
5196    0.005785
5202    0.010016
5217    0.003794
5262    0.004767
5414    0.008329
5415    0.011256
5417    0.005335
5439    0.008228
5493    0.004448
5495    0.008950
5498    0.006555
5515    0.002110
5532    0.003892
5563    0.003121
5573    0.003650
5574    0.005785
5595    0.005466
5599    0.006555
5605    0.005785
5628    0.002224
5798    0.006236
5820    0.013993
5827    0.006555
5866    0.008331
5876    0.005015
5877    0.004695
5879    0.003009
5928    0.010670
5982    0.007006
6025    0.012472
6042    0.003858
6043    0.004628
6049    0.003677
6144    0.005614
6262    0.006242
6274    0.005112
6365    0.005127
6472    0.004292
6531    0.020060
6562    0.004505
6588    0.004628
6604    0.005988
6628    0.002402
6663    0.003734
6684    0.004926
6705    0.005275
6707    0.010549
6772    0.005614
6827    0.003265
6828    0.008599
6934    0.006236
6941    0.006236
6949    0.004565
6950    0.007006
6984    0.002318
7000    0.003858
7007    0.005466
7048    0.002907
7057    0.006236
7141    0.003475
7148    0.006555
7168    0.003095
7178    0.003265
7188    0.002752
7199    0.004805
7330    0.002326
7351    0.008045
7364    0.007782
7377    0.008718
7378    0.003997
7379    0.004074
7380    0.002950
7406    0.012221
7407    0.007006
7408    0.004114
7410    0.004844
7416    0.004448
7497    0.004695
7531    0.010093
7595    0.002523
7607    0.004074
7642    0.003138
7712    0.003891
7798    0.003961
7802    0.001031
7877    0.005112
7896    0.003088
7897    0.005988
7902    0.003891
7927    0.009391
7939    0.005112
7967    0.003997
7987    0.003088
8019    0.001873
8021    0.002950
8218    0.017002
8233    0.002979
8260    0.004156
8375    0.004695
8378    0.004695
8407    0.003365
8424    0.004695
8454    0.006555
8465    0.005785
8581    0.001724
8622    0.002334
8781    0.011968
8783    0.010254
8828    0.004565
8845    0.008220
9016    0.019434
9136    0.003365
9301    0.003650
9398    0.007315
9492    0.004695
9495    0.006236
9517    0.001814
9533    0.002420
9631    0.002964
9669    0.004767
9745    0.006555
9752    0.010030
9811    0.003764
9812    0.005433
9831    0.007006
9947    0.003628
10062    0.005988
10119    0.004565
10140    0.002466
10147    0.006555
10215    0.002648
10220    0.003925
10259    0.004074
10323    0.005988
10333    0.003386
10334    0.002262
10338    0.002224
10354    0.002776
10369    0.008490
10397    0.015952
10411    0.003104
10413    0.003925
10417    0.004448
10420    0.003121
10610    0.003794
10794    0.003190
10837    0.002447
10846    0.005210
10881    0.003344
10892    0.001739
10981    0.004767
11008    0.005218
11087    0.005433
11090    0.003961
11103    0.000882
11112    0.002158
11117    0.003857
11165    0.004628
11184    0.007194
11201    0.001840
11218    0.001664
11344    0.003677
11346    0.007006
11355    0.001511
11386    0.002637
11422    0.009688
11434    0.002137
11444    0.002752
11468    0.002728
11499    0.004200
11528    0.002574
11570    0.002429
11600    0.004505
11603    0.005785
11613    0.003365
11683    0.001465
11750    0.004166
11841    0.002567
12005    0.001564
12110    0.002103
12122    0.009760
12132    0.004844
12188    0.006236
12230    0.002411
12272    0.004767
12273    0.002447
12283    0.001531
12365    0.002907
12414    0.004156
12415    0.009575
12494    0.006555
12505    0.002814
12548    0.002514
12567    0.005218
12569    0.017169
12635    0.005988
12659    0.002626
12709    0.006555
12889    0.021398
12893    0.007006
12894    0.003623
12904    0.002037
12911    0.002504
12999    0.001280
13050    0.005891
13154    0.002935
13179    0.002893
13180    0.005218
13311    0.003407
13349    0.003997
13353    0.003009
13357    0.009799
13415    0.005335
13434    0.000706
13466    0.001819
13482    0.002979
13484    0.009119
13541    0.003407
13580    0.003789
13609    0.006555
13647    0.004126
13704    0.004926
13712    0.006555
13803    0.003826
13886    0.001940
13939    0.004571
14054    0.003597
14063    0.002420
14096    0.006555
14108    0.005112
14124    0.006242
14137    0.006454
14200    0.003324
14211    0.007006
14303    0.002239
14314    0.006568
14335    0.009129
14343    0.003208
14406    0.009437
14428    0.004035
14498    0.008279
14535    0.005614
14536    0.003365
14537    0.004373
14538    0.003173
14742    0.000794
14774    0.004448
14781    0.004114
14859    0.004200
14889    0.015045
14961    0.004505
15068    0.005785
15070    0.004114
15089    0.005785
15140    0.004260
15204    0.005168
15210    0.002764
15294    0.008895
15459    0.007006
15551    0.005628
15555    0.002682
15604    0.010495
15686    0.005528
15694    0.005218
15712    0.002485
15788    0.006555
15820    0.005386
15822    0.002309
15827    0.004342
15881    0.008584
15892    0.005785
15903    0.004565
15907    0.007027
15910    0.005628
15912    0.006019
15944    0.003623
16029    0.003072
16030    0.002853
16034    0.002907
16085    0.004695
16130    0.004342
16396    0.003475
16459    0.004245
16585    0.007685
16592    0.005018
16612    0.003794
16613    0.005614
16625    0.007006
16650    0.008895
16657    0.003475
16707    0.002801
16732    0.003869
16772    0.003155
16815    0.004342
16863    0.005466
16880    0.005341
16885    0.003571
16952    0.003284
16959    0.004685
16997    0.007006
17037    0.002457
17144    0.003507
17147    0.004628
17244    0.007006
17247    0.006555
17281    0.015307
17292    0.002447
17331    0.002880
17345    0.003498
17374    0.003891
17407    0.010016
17451    0.003227
17484    0.005185
17507    0.008228
17547    0.003925
17560    0.004844
17617    0.004695
17632    0.004114
17669    0.009228
17670    0.008399
17836    0.008683
17867    0.004035
17875    0.003173
17924    0.009129
17931    0.007143
17966    0.002994
18005    0.005945
18090    0.006236
18138    0.003227
18158    0.002907
18167    0.001197
18182    0.003599
18282    0.001206
18289    0.005785
18319    0.007815
18326    0.006176
18397    0.005785
18411    0.003246
18422    0.005112
18479    0.007006
18526    0.004767
18544    0.005112
18572    0.005015
18580    0.003452
18587    0.002385
18652    0.002019
18728    0.004245
18731    0.004200
18736    0.005218
18824    0.005614
18837    0.007006
18882    0.001677
18959    0.007006
18987    0.002907
18992    0.003386
19064    0.004926
19065    0.003623
19092    0.006236
19111    0.005015
19124    0.004156
19125    0.008599
19127    0.008125
19192    0.005335
19261    0.002326
19309    0.003056
19314    0.004245
19327    0.012844
19343    0.008787
19366    0.002161
19383    0.003597
19426    0.001527
19433    0.005871
19534    0.005785
19557    0.004035
19562    0.003452
19589    0.003826
19820    0.002626
19844    0.005819
19871    0.004448
19945    0.004114
20071    0.004628
20090    0.003958
20108    0.003734
20174    0.006555
20260    0.008594
20275    0.005718
20281    0.002814
20359    0.004245
20417    0.006236
20426    0.004695
20432    0.027798
20433    0.004505
20554    0.004393
20695    0.003386
20745    0.010288
20760    0.003386
20768    0.001830
20776    0.003597
20785    0.007912
20796    0.004200
20848    0.004037
20853    0.005988
20868    0.001715
20883    0.005614
20901    0.002411
20902    0.002564
20927    0.003767
20946    0.002096
20964    0.002376
20972    0.004245
20976    0.005335
21065    0.006729
21111    0.003246
21129    0.003507
21133    0.004342
21146    0.003227
21150    0.002660
21155    0.006276
21247    0.001127
21253    0.003420
21254    0.012101
21259    0.003452
