551
161    0.003280
264    0.005329
277    0.006998
370    0.003117
374    0.006548
441    0.003701
451    0.002713
607    0.006548
646    0.005329
681    0.004838
708    0.004921
744    0.004110
850    0.004240
920    0.003404
1006    0.006548
1039    0.005329
1081    0.003673
1099    0.013684
1165    0.008060
1184    0.002299
1188    0.003921
1192    0.005212
1212    0.006998
1240    0.004926
1242    0.002786
1255    0.003646
1274    0.003760
1283    0.014518
1286    0.004623
1345    0.004337
1381    0.005329
1490    0.002087
1633    0.003646
1692    0.003701
1699    0.002767
1741    0.001456
1762    0.001992
1764    0.004240
1816    0.003921
1846    0.005426
1862    0.001583
1925    0.003921
1940    0.002656
1947    0.004287
1949    0.020817
1990    0.008480
2008    0.007186
2014    0.003084
2015    0.003568
2020    0.004500
2093    0.002323
2102    0.003888
2117    0.004337
2122    0.004030
2173    0.002315
2177    0.005212
2188    0.004240
2201    0.013096
2268    0.004921
2277    0.013044
2278    0.012607
2279    0.012585
2281    0.003021
2283    0.003117
2396    0.004188
2403    0.006229
2432    0.001341
2450    0.004240
2468    0.005106
2470    0.003854
2485    0.005981
2539    0.003205
2587    0.003821
2604    0.002702
2691    0.008303
2706    0.008651
2729    0.005329
2745    0.002307
2801    0.004337
2889    0.005981
2947    0.022386
2968    0.003646
3039    0.012854
3043    0.003494
3077    0.002918
3089    0.005563
3162    0.004110
3309    0.009900
3311    0.005106
3326    0.002761
3396    0.002602
3493    0.005106
3563    0.002445
3571    0.002863
3590    0.005779
3593    0.002236
3647    0.002192
3726    0.005426
3766    0.004560
3789    0.003223
3861    0.003790
3917    0.005010
4102    0.004195
4110    0.006229
4135    0.003280
4151    0.003361
4152    0.004388
4195    0.006281
4201    0.005212
4202    0.006600
4258    0.002156
4289    0.008219
4380    0.020860
4383    0.006484
4450    0.002107
4468    0.003993
4545    0.016961
4575    0.006998
4587    0.005779
4629    0.005106
4656    0.003730
4710    0.005981
4870    0.002400
4871    0.003242
5043    0.006858
5075    0.001352
5105    0.005779
5115    0.003821
5196    0.005779
5202    0.010005
5217    0.003790
5262    0.004762
5414    0.008320
5415    0.011244
5417    0.005329
5439    0.008219
5493    0.004443
5495    0.008940
5498    0.006548
5515    0.004215
5532    0.003888
5563    0.003117
5573    0.003646
5574    0.005779
5595    0.005460
5599    0.006548
5605    0.005779
5628    0.002221
5798    0.006229
5820    0.013977
5827    0.006548
5866    0.008322
5876    0.005010
5877    0.004690
5879    0.003006
5928    0.010658
5982    0.006998
6025    0.012458
6042    0.003854
6043    0.004623
6049    0.003673
6144    0.005608
6262    0.006235
6274    0.005106
6365    0.005121
6472    0.004287
6531    0.020038
6562    0.004500
6588    0.004623
6604    0.005981
6628    0.002400
6663    0.003730
6684    0.004921
6705    0.005269
6707    0.010537
6772    0.005608
6827    0.003261
6828    0.008589
6934    0.006229
6941    0.006229
6949    0.004560
6950    0.006998
6984    0.002315
7000    0.003854
7007    0.005460
7048    0.002904
7057    0.006229
7141    0.003471
7148    0.006548
7168    0.003091
7178    0.003261
7188    0.002749
7199    0.004800
7330    0.002323
7351    0.008036
7364    0.007774
7377    0.008708
7378    0.003993
7379    0.004069
7380    0.002946
7406    0.012207
7407    0.006998
7408    0.004110
7410    0.004838
7416    0.004443
7497    0.004690
7531    0.010082
7595    0.002521
7607    0.004069
7642    0.003134
7712    0.003887
7798    0.003956
7802    0.001030
7877    0.005106
7896    0.003084
7897    0.005981
7902    0.003887
7927    0.009381
7939    0.005106
7967    0.003993
7987    0.003084
8019    0.001870
8021    0.002946
8218    0.016983
8233    0.002976
8260    0.004151
8375    0.004690
8378    0.004690
8407    0.003361
8424    0.004690
8454    0.006548
8465    0.005779
8581    0.001722
8622    0.002331
8781    0.011955
8783    0.010243
8828    0.004560
8845    0.008211
9016    0.019413
9136    0.003361
9301    0.003646
9398    0.007307
9492    0.004690
9495    0.006229
9517    0.001812
9533    0.002418
9631    0.002961
9669    0.004762
9745    0.006548
9752    0.010019
9811    0.003760
9812    0.005426
9831    0.006998
9947    0.003624
10062    0.005981
10119    0.004560
10140    0.002463
10147    0.006548
10215    0.002645
10220    0.003921
10259    0.004069
10323    0.005981
10333    0.003382
10334    0.002259
10338    0.002221
10354    0.002773
10369    0.008480
10397    0.015934
10411    0.003101
10413    0.003921
10417    0.004443
10420    0.003117
10610    0.003790
10794    0.003187
10837    0.002445
10846    0.005204
10881    0.003340
10892    0.001737
10981    0.004762
11008    0.005212
11087    0.005426
11090    0.003956
11103    0.000881
11112    0.002156
11117    0.003853
11165    0.004623
11184    0.007186
11201    0.001838
11218    0.001662
11344    0.003673
11346    0.006998
11355    0.001510
11386    0.002634
11422    0.009677
11434    0.002135
11444    0.002749
11468    0.002725
11499    0.004195
11528    0.002571
11570    0.002427
11600    0.004500
11603    0.005779
11613    0.003361
11683    0.001463
11750    0.004161
11841    0.002564
12005    0.001562
12110    0.002101
12122    0.009749
12132    0.004838
12188    0.006229
12230    0.002409
12272    0.004762
12273    0.002445
12283    0.001530
12365    0.002904
12414    0.004151
12415    0.009564
12494    0.006548
12505    0.002811
12548    0.002511
12567    0.005212
12569    0.017150
12635    0.005981
12659    0.002624
12709    0.006548
12889    0.021375
12893    0.006998
12894    0.003619
12904    0.002035
12911    0.002501
12999    0.001279
13050    0.005885
13154    0.002932
13179    0.002890
13180    0.005212
13311    0.003404
13349    0.003993
13353    0.003006
13357    0.009788
13415    0.005329
13434    0.000705
13466    0.001817
13482    0.002976
13484    0.009109
13541    0.003404
13580    0.003785
13609    0.006548
13647    0.004122
13704    0.004921
13712    0.006548
13803    0.003821
13886    0.001938
13939    0.004566
14054    0.003593
14063    0.002418
14096    0.006548
14108    0.005106
14124    0.006235
14137    0.006447
14200    0.003320
14211    0.006998
14303    0.002236
14314    0.006560
14335    0.009119
14343    0.003205
14406    0.009426
14428    0.004030
14498    0.008270
14535    0.005608
14536    0.003361
14537    0.004369
14538    0.003169
14742    0.000793
14762    0.004388
14774    0.004443
14781    0.004110
14859    0.004195
14889    0.015029
14961    0.004500
15068    0.005779
15070    0.004110
15089    0.005779
15140    0.004256
15204    0.005162
15210    0.002761
15294    0.008885
15459    0.006998
15551    0.005622
15555    0.002679
15604    0.010483
15686    0.005522
15694    0.005212
15712    0.002482
15788    0.006548
15820    0.005380
15822    0.002307
15827    0.004337
15881    0.008575
15892    0.005779
15903    0.004560
15907    0.007019
15910    0.005622
15912    0.006012
15944    0.003619
16029    0.003068
16030    0.002850
16034    0.002904
16085    0.004690
16130    0.004337
16396    0.003471
16459    0.004240
16585    0.007676
16592    0.005013
16612    0.003790
16613    0.005608
16625    0.006998
16650    0.008885
16657    0.003471
16707    0.002798
16732    0.003865
16772    0.003152
16815    0.004337
16863    0.005460
16880    0.005335
16885    0.003568
16952    0.003280
16959    0.004680
16997    0.006998
17037    0.002454
17144    0.003503
17147    0.004623
17244    0.006998
17247    0.006548
17281    0.015290
17292    0.002445
17331    0.002877
17345    0.003494
17374    0.003887
17407    0.010005
17451    0.003223
17484    0.005179
17507    0.008219
17547    0.003921
17560    0.004838
17617    0.004690
17632    0.004110
17669    0.009217
17670    0.008390
17836    0.008674
17867    0.004030
17875    0.003169
17924    0.009119
17931    0.007135
17966    0.002991
18005    0.005939
18090    0.006229
18138    0.003223
18158    0.002904
18167    0.001195
18182    0.003595
18282    0.001204
18289    0.005779
18319    0.007806
18326    0.006169
18397    0.005779
18411    0.003242
18422    0.005106
18479    0.006998
18526    0.004762
18544    0.005106
18572    0.005010
18580    0.003448
18587    0.002382
18652    0.002016
18728    0.004240
18731    0.004195
18736    0.005212
18824    0.005608
18837    0.006998
18882    0.001675
18959    0.006998
18987    0.002904
18992    0.003382
19064    0.004921
19065    0.003619
19092    0.006229
19111    0.005010
19124    0.004151
19125    0.008589
19127    0.008116
19192    0.005329
19261    0.002323
19309    0.003052
19314    0.004240
19327    0.012830
19343    0.008777
19366    0.002159
19383    0.003593
19426    0.001526
19433    0.005864
19534    0.005779
19557    0.004030
19562    0.003448
19589    0.003821
19820    0.002624
19844    0.005812
19871    0.004443
19945    0.004110
20071    0.004623
20090    0.003954
20108    0.003730
20174    0.006548
20260    0.008584
20275    0.005711
20281    0.002811
20359    0.004240
20417    0.006229
20426    0.004690
20432    0.027767
20433    0.004500
20554    0.004388
20695    0.003382
20745    0.010277
20760    0.003382
20768    0.001828
20776    0.003593
20785    0.007903
20796    0.004195
20848    0.004033
20853    0.005981
20868    0.001713
20883    0.005608
20901    0.002409
20902    0.002561
20927    0.003763
20946    0.002094
20964    0.002374
20972    0.004240
20976    0.005329
21065    0.006722
21111    0.003242
21129    0.003503
21133    0.004337
21146    0.003223
21150    0.002657
21155    0.006269
21247    0.001126
21253    0.003416
21254    0.012088
21259    0.003448
