82
103    0.025078
1255    0.035706
1283    0.020311
1699    0.009033
1844    0.046635
2432    0.013136
2604    0.026458
2947    0.027404
3050    0.021112
3621    0.061002
3858    0.033768
4301    0.033992
4371    0.061002
4380    0.014593
4383    0.031750
5515    0.020637
5532    0.019038
6430    0.033122
7330    0.022753
7351    0.026234
7377    0.021321
7595    0.024686
7833    0.019505
7896    0.030207
7948    0.034938
8025    0.020838
8044    0.056595
8218    0.036961
8489    0.031750
9129    0.044654
9200    0.041408
9411    0.028883
9442    0.034694
9687    0.037426
10333    0.033122
10647    0.044066
10837    0.011971
11358    0.025693
11750    0.020375
11887    0.045275
11899    0.051043
12118    0.034455
12415    0.023417
12889    0.034889
12999    0.012523
13050    0.019211
13143    0.060735
14063    0.023676
14322    0.034694
14498    0.040494
14762    0.042978
16265    0.036532
16561    0.068537
16562    0.043508
16592    0.049091
16705    0.039864
16734    0.015259
17101    0.028040
17105    0.022051
17129    0.023163
17830    0.026687
18158    0.028440
18182    0.011735
18340    0.031037
18883    0.023331
19065    0.035444
19328    0.037741
19366    0.010572
19433    0.028715
19464    0.021251
20090    0.012906
20260    0.012933
20282    0.016635
20460    0.027040
20488    0.045275
20540    0.031387
20803    0.015098
20841    0.020057
20844    0.015882
20859    0.039101
21115    0.017847
21253    0.016727
