177
145    0.031383
1184    0.018576
1188    0.015842
1242    0.011255
1466    0.013579
1486    0.016283
1614    0.013099
1741    0.005881
1919    0.011010
1951    0.014313
1990    0.017132
2102    0.007854
2233    0.022657
2234    0.021530
2273    0.025167
2277    0.039527
2278    0.012734
2292    0.012734
2723    0.008767
2933    0.016283
2947    0.045223
3039    0.041549
3436    0.026457
3693    0.017731
3788    0.014215
3789    0.013023
4151    0.013579
4258    0.008710
4301    0.014024
4380    0.024081
4579    0.031383
4743    0.015314
5043    0.004618
5044    0.026991
5121    0.019240
5414    0.011205
5521    0.013579
5573    0.014731
5820    0.014118
5866    0.016812
5898    0.014841
5991    0.011514
6429    0.012664
6819    0.016131
6891    0.015842
6940    0.015842
6949    0.018422
7181    0.010471
7364    0.015704
7377    0.008796
7424    0.028275
7443    0.022657
7531    0.008147
8025    0.008597
8116    0.006807
8377    0.023349
8534    0.010106
8781    0.009661
8783    0.020692
8845    0.011058
9002    0.014517
9210    0.011733
9301    0.014731
9411    0.005958
9517    0.007321
9518    0.006678
9533    0.009768
9641    0.012023
9901    0.019240
10108    0.017950
10317    0.056550
10334    0.009129
10338    0.008974
10369    0.017132
10492    0.056550
10837    0.009878
10846    0.021027
10897    0.009160
11218    0.006714
11334    0.009487
11373    0.021058
11386    0.010644
11531    0.010600
11567    0.013665
11588    0.016949
11661    0.030143
11709    0.014841
11729    0.010305
11802    0.022657
12043    0.020631
12079    0.023349
12122    0.007878
12161    0.018678
12232    0.016949
12569    0.034646
12684    0.013211
13125    0.014414
13143    0.012528
13228    0.010067
13281    0.022059
13311    0.013752
13335    0.031383
13347    0.014517
13370    0.014517
13434    0.002850
13451    0.013931
13478    0.019881
13481    0.018678
13691    0.016949
13886    0.015661
13894    0.022657
13896    0.015984
14063    0.058607
14124    0.012596
14320    0.010644
14322    0.014313
14430    0.012268
14498    0.008353
14607    0.010644
14703    0.026457
15095    0.022059
15140    0.017194
15685    0.017132
15778    0.011733
16026    0.013579
16029    0.012396
16030    0.011514
16034    0.011733
16398    0.025167
16437    0.013099
16440    0.018950
16592    0.020253
16729    0.005115
16734    0.018885
16765    0.020240
16772    0.012734
16862    0.011010
16955    0.012268
17281    0.008825
17292    0.009878
17529    0.012023
17531    0.008944
17669    0.014897
17808    0.017522
17868    0.012528
18133    0.013752
18167    0.004829
18223    0.016441
18326    0.012462
18587    0.009625
18607    0.017522
18882    0.006769
19127    0.016395
19128    0.022922
19212    0.012804
19215    0.019549
19278    0.005630
19366    0.008723
19416    0.010688
19558    0.022059
19844    0.002936
20038    0.021530
20260    0.008004
20275    0.007692
20282    0.020589
20456    0.026457
20481    0.014841
20540    0.012949
20745    0.013841
20760    0.027330
20868    0.006920
20946    0.008460
21058    0.009192
21129    0.007076
21150    0.003578
21155    0.012664
21253    0.013802
