418
1    0.005726
161    0.005035
333    0.005968
370    0.004785
429    0.007838
451    0.004165
455    0.003994
469    0.003711
479    0.005438
534    0.006372
606    0.010051
653    0.005915
686    0.004864
702    0.004436
707    0.011923
993    0.010742
1012    0.008380
1080    0.007838
1099    0.008402
1125    0.010051
1135    0.008607
1207    0.006999
1240    0.003781
1245    0.004567
1250    0.012145
1272    0.004354
1283    0.015917
1362    0.009181
1411    0.007553
1415    0.004976
1416    0.005476
1440    0.005005
1490    0.006407
1545    0.007838
1559    0.010051
1689    0.003795
1698    0.003234
1699    0.001416
1741    0.002234
1762    0.003057
1900    0.009181
1911    0.009561
1918    0.005005
2008    0.016545
2014    0.004734
2047    0.003386
2093    0.003566
2102    0.002984
2122    0.006186
2186    0.007689
2203    0.006657
2215    0.007427
2222    0.007199
2277    0.007508
2281    0.009274
2344    0.002879
2356    0.007838
2370    0.009181
2410    0.009181
2457    0.013997
2485    0.018361
2587    0.005866
2604    0.004147
2686    0.010742
2706    0.003320
2723    0.003331
2744    0.006387
2872    0.005363
2877    0.009181
2882    0.017337
2947    0.008590
2968    0.005596
3005    0.008607
3029    0.005258
3039    0.003946
3043    0.005363
3050    0.003309
3077    0.004479
3086    0.005096
3089    0.005692
3090    0.005065
3263    0.010742
3307    0.008000
3309    0.010130
3388    0.011923
3441    0.012257
3563    0.011258
3583    0.002614
3603    0.006736
3647    0.003364
3726    0.004165
3842    0.003869
3917    0.007689
3976    0.008380
4023    0.002975
4137    0.002905
4150    0.010318
4152    0.006736
4153    0.005638
4173    0.010952
4258    0.003309
4262    0.005866
4274    0.008870
4300    0.005866
4380    0.020584
4383    0.004976
4398    0.006906
4441    0.006736
4461    0.004436
4661    0.008179
4744    0.007689
4939    0.007096
5178    0.007427
5202    0.015357
5206    0.005726
5209    0.005866
5275    0.011923
5395    0.010051
5414    0.004257
5515    0.003234
5517    0.007199
5521    0.005159
5523    0.004759
5535    0.005771
5628    0.006819
5674    0.007838
5737    0.006072
5769    0.006728
5866    0.009580
5898    0.005638
5940    0.009561
6038    0.006439
6244    0.007553
6262    0.009570
6288    0.006819
6358    0.005866
6414    0.006508
6531    0.023068
6532    0.005726
6596    0.003002
6598    0.003076
6628    0.003684
6707    0.004044
6715    0.006439
6738    0.004811
6811    0.008179
6819    0.006128
6827    0.005005
6828    0.013184
6844    0.004637
6856    0.008607
6908    0.002948
6978    0.007689
7157    0.009561
7199    0.003684
7240    0.008607
7330    0.003566
7351    0.008223
7377    0.016708
7380    0.004522
7430    0.009561
7431    0.007096
7531    0.003095
7592    0.007838
7595    0.007738
7651    0.007553
7802    0.003161
7833    0.003057
7948    0.010952
7953    0.009181
7988    0.005818
8019    0.008613
8040    0.006040
8107    0.005453
8200    0.004838
8218    0.014482
8219    0.005726
8225    0.008179
8343    0.006186
8375    0.007199
8408    0.006439
8489    0.019904
8596    0.006327
8777    0.005127
8781    0.018350
8783    0.003930
8810    0.006186
8828    0.006999
8837    0.005596
8845    0.004201
9016    0.004257
9110    0.008870
9126    0.005400
9127    0.005866
9209    0.005437
9282    0.003566
9322    0.008607
9398    0.007477
9408    0.006657
9411    0.002263
9484    0.004613
9494    0.008179
9499    0.007553
9502    0.004838
9533    0.007422
9641    0.013702
9687    0.005866
9812    0.004165
9947    0.005562
9963    0.006128
10105    0.003398
10119    0.006999
10140    0.003781
10215    0.004060
10261    0.002984
10333    0.005191
10334    0.003468
10338    0.010228
10369    0.006508
10396    0.009561
10397    0.004892
10405    0.010051
10408    0.006819
10411    0.004759
10413    0.006018
10418    0.007309
10475    0.008380
10489    0.008870
10560    0.008000
10575    0.006819
10612    0.006186
10769    0.008607
10773    0.004060
10774    0.005966
10786    0.006657
10837    0.011257
10897    0.006960
11014    0.017497
11064    0.006736
11180    0.002673
11218    0.002551
11386    0.004044
11500    0.008607
11613    0.005159
11857    0.005966
11882    0.006657
11884    0.007096
11962    0.007689
12005    0.002398
12048    0.004590
12071    0.004334
12110    0.003224
12232    0.006439
12273    0.003753
12277    0.012616
12283    0.009391
12286    0.007096
12345    0.003255
12413    0.006018
12416    0.005159
12493    0.006906
12529    0.008870
12591    0.003541
12703    0.010051
12764    0.006581
12817    0.004060
12820    0.005818
12853    0.003795
12889    0.016404
12904    0.003124
12978    0.005127
12987    0.001711
13014    0.002622
13096    0.005818
13143    0.009519
13298    0.005400
13355    0.002773
13357    0.003339
13415    0.008179
13434    0.003248
13529    0.005035
13547    0.006819
13568    0.004374
13647    0.003163
13800    0.005915
13803    0.005866
13897    0.005596
13968    0.007309
14065    0.001409
14303    0.010298
14498    0.006347
14554    0.009561
14559    0.007838
14604    0.002551
14742    0.001217
14781    0.006308
14796    0.003810
14859    0.006439
14944    0.004838
15019    0.005035
15025    0.009181
15030    0.007689
15368    0.005681
15378    0.006906
15387    0.007427
15551    0.004314
15667    0.008607
15713    0.005515
15792    0.004219
15820    0.004129
15879    0.008000
15910    0.004314
15944    0.011110
16029    0.014128
16048    0.006308
16116    0.003541
16231    0.008179
16259    0.005681
16260    0.008870
16337    0.006508
16527    0.003994
16566    0.009561
16585    0.009703
16592    0.012823
16650    0.006819
16692    0.006186
16705    0.018743
16707    0.004295
16734    0.002391
16766    0.004637
16772    0.004838
16862    0.004183
16923    0.003309
16937    0.006999
16941    0.002229
16955    0.004661
17051    0.003492
17056    0.006999
17105    0.003456
17201    0.006819
17221    0.006072
17281    0.020117
17292    0.007505
17484    0.001987
17531    0.003398
17555    0.008607
17556    0.008870
17669    0.002830
17782    0.004183
17924    0.006999
18005    0.009115
18074    0.008607
18091    0.006736
18182    0.005518
18203    0.003962
18205    0.006439
18253    0.006581
18328    0.007689
18391    0.007553
18403    0.007838
18587    0.003657
18626    0.009561
18652    0.006190
18717    0.004354
18724    0.005258
18883    0.003657
18888    0.003994
18951    0.005771
18987    0.004457
19043    0.003298
19111    0.007689
19122    0.007838
19124    0.006372
19125    0.008789
19127    0.003114
19177    0.003421
19327    0.005627
19349    0.005065
19351    0.006657
19366    0.001657
19389    0.006657
19426    0.002342
19664    0.011830
19680    0.007427
19844    0.003346
19905    0.005771
20090    0.008091
20251    0.004892
20260    0.011149
20274    0.004147
20282    0.010429
20305    0.005966
20710    0.009181
20717    0.003038
20768    0.002805
20770    0.010051
20785    0.004044
20845    0.009729
20848    0.003095
20882    0.007838
20902    0.003930
20927    0.002888
20946    0.003214
20977    0.006999
21011    0.006128
21057    0.004044
21085    0.004685
21115    0.005594
21118    0.004613
21129    0.002688
21133    0.006657
21150    0.002719
21155    0.004811
21253    0.013108
21254    0.007422
21259    0.005292
21323    0.010051
21346    0.006439
