239
333    0.005373
850    0.011719
1017    0.011246
1081    0.020304
1277    0.017215
1304    0.029580
1309    0.007049
1436    0.007734
1456    0.009791
1479    0.020951
1480    0.010003
1529    0.008265
1604    0.009791
1633    0.010076
1699    0.007647
1741    0.004023
1842    0.040800
1859    0.008960
1940    0.007342
2017    0.017215
2021    0.013373
2071    0.015089
2074    0.011246
2263    0.013161
2277    0.009013
2287    0.020619
2297    0.009232
2388    0.025203
2432    0.003707
2539    0.008858
2931    0.013161
3238    0.015753
3249    0.028225
3283    0.014728
3297    0.008183
3309    0.009120
3563    0.006757
3567    0.005051
3593    0.006181
3611    0.011986
3950    0.011719
4023    0.010713
4168    0.010076
4240    0.026392
4300    0.010562
4380    0.008236
4467    0.017232
4469    0.014728
4662    0.007597
4666    0.009468
4672    0.012602
4908    0.015499
4909    0.017215
4912    0.018098
4944    0.018098
5043    0.006318
5047    0.010003
5220    0.009232
5266    0.015089
5501    0.004261
5719    0.006098
5739    0.010152
5763    0.012129
5866    0.005750
5987    0.012436
5991    0.007876
6034    0.015089
6050    0.007311
6598    0.011077
6628    0.019898
6684    0.013600
6707    0.007281
6715    0.023188
6719    0.007221
6741    0.018098
6904    0.027691
6908    0.010617
7168    0.004272
7377    0.006017
7595    0.006967
7634    0.012602
7753    0.005862
7797    0.012963
7876    0.018098
7896    0.017049
8189    0.011850
8218    0.015646
8289    0.013373
8407    0.009289
8424    0.012963
8446    0.005824
8500    0.004721
8613    0.008858
9398    0.006732
9456    0.013600
9482    0.031943
9488    0.012777
9518    0.018271
9812    0.007499
10220    0.010837
10244    0.010230
10277    0.013845
10411    0.008570
10417    0.012278
10486    0.011594
10501    0.012963
10837    0.003378
10851    0.013161
10857    0.012777
10902    0.040800
11103    0.002435
11112    0.005958
11180    0.004813
11181    0.005938
11408    0.012777
11434    0.005900
11503    0.005008
11581    0.008663
11685    0.017215
12048    0.008265
12085    0.014934
12230    0.019971
12232    0.023188
12345    0.005862
12421    0.008711
12493    0.012436
12519    0.010249
12566    0.015499
12594    0.015972
12659    0.007251
12683    0.079858
12855    0.004965
12871    0.014405
12880    0.007105
12889    0.004923
12932    0.009232
12942    0.013373
12944    0.011474
12999    0.003534
13050    0.010843
13310    0.013161
13352    0.006490
13355    0.004993
13484    0.008392
13800    0.031952
13803    0.010562
13886    0.005357
14012    0.025307
14099    0.010391
14303    0.006181
14320    0.007281
14391    0.009066
14439    0.010339
14672    0.018098
14742    0.017531
14745    0.004923
14749    0.007342
14796    0.006860
14798    0.015089
14982    0.026322
15697    0.011594
15712    0.006860
15820    0.007435
15861    0.014405
15907    0.006467
16007    0.011719
16030    0.007876
16321    0.007913
16333    0.010651
16585    0.009984
16592    0.004618
16612    0.010475
16705    0.011250
16707    0.007734
16893    0.014405
16923    0.011916
16925    0.026745
16941    0.004013
17104    0.012436
17214    0.018098
17345    0.009658
17407    0.006913
17426    0.011719
17522    0.014405
17529    0.008224
17846    0.009658
17916    0.007840
18003    0.016367
18119    0.015972
18167    0.003303
18204    0.011035
18319    0.007192
18329    0.012278
18609    0.043347
18619    0.005522
18848    0.013845
18882    0.004631
18901    0.009930
18904    0.031426
19037    0.017716
19127    0.005607
19278    0.003851
19327    0.005066
19328    0.010651
19370    0.006834
19416    0.007311
19426    0.004216
19457    0.010651
19460    0.004979
19464    0.005997
19480    0.010076
19512    0.011850
19543    0.007597
19557    0.011139
19648    0.011358
19718    0.016367
19852    0.016531
19905    0.020783
20260    0.005475
20282    0.004695
20421    0.015972
20447    0.018098
20452    0.015329
20534    0.014326
20605    0.012602
20629    0.010651
20760    0.009347
20901    0.006657
20927    0.005200
20946    0.023148
21058    0.006288
21111    0.017920
21115    0.005037
21118    0.008307
21122    0.007049
21150    0.002448
21238    0.013373
21253    0.004721
21254    0.006682
