281
115    0.007422
143    0.010817
191    0.007008
291    0.013372
333    0.004346
504    0.009696
568    0.006686
595    0.009811
653    0.008616
702    0.012923
1014    0.015646
1173    0.009010
1240    0.005507
1283    0.009274
1416    0.007976
1477    0.006256
1490    0.032664
1511    0.011416
1691    0.005528
1692    0.008275
1746    0.005326
1747    0.007561
1762    0.004453
1862    0.007079
1949    0.011635
2102    0.004346
2120    0.027536
2277    0.014581
2292    0.007046
2396    0.004681
2432    0.002999
2460    0.008275
2525    0.012537
2526    0.025840
2604    0.036241
2609    0.006620
2714    0.008845
2943    0.008845
2947    0.006256
2968    0.008151
3017    0.013372
3039    0.005748
3050    0.014459
3086    0.007422
3089    0.004145
3099    0.011416
3327    0.007709
3341    0.005571
3349    0.013926
3471    0.020388
3516    0.013372
3664    0.008926
3726    0.012132
3733    0.006933
3753    0.034248
3754    0.008212
3842    0.005636
3858    0.007709
3912    0.008406
4036    0.013372
4282    0.010486
4377    0.020388
4380    0.009994
4669    0.010817
4678    0.007008
5052    0.012920
5075    0.003022
5290    0.012920
5355    0.010336
5482    0.011001
5493    0.009932
5495    0.003331
5505    0.013926
5523    0.006933
5628    0.004966
5674    0.011416
5717    0.006754
5767    0.012206
5806    0.008033
5816    0.010817
5866    0.004651
5977    0.004696
5986    0.009586
6050    0.011828
6160    0.015646
6266    0.013926
6288    0.009932
6313    0.008033
6414    0.028440
6454    0.011652
6467    0.010817
6486    0.008212
6487    0.010486
6595    0.015646
6628    0.005365
6752    0.012920
7149    0.025840
7173    0.007125
7295    0.021293
7330    0.005194
7377    0.004867
7438    0.018960
7523    0.006686
7531    0.004508
7636    0.014331
7642    0.007008
7720    0.009480
7802    0.009209
7833    0.017811
7860    0.019623
7902    0.008690
7909    0.017088
7965    0.007976
7975    0.022832
8001    0.008845
8019    0.012546
8116    0.003766
8163    0.011914
8218    0.004219
8489    0.028992
8500    0.003819
8526    0.014640
8568    0.003872
8686    0.026745
8711    0.006014
8781    0.026729
8805    0.007378
8873    0.009811
8918    0.005748
9023    0.006524
9126    0.015731
9137    0.009010
9158    0.012537
9282    0.005194
9398    0.005445
9411    0.009891
9442    0.007920
9461    0.012920
9484    0.020159
9510    0.006200
9517    0.004051
9873    0.005405
10105    0.004949
10106    0.016066
10491    0.007378
10564    0.010194
10647    0.010060
10748    0.015646
10837    0.005466
11064    0.068680
11117    0.012922
11218    0.003715
11271    0.006119
11344    0.008212
11367    0.011416
11453    0.008151
11750    0.004651
11841    0.002866
12071    0.025252
12122    0.004359
12129    0.013926
12238    0.015646
12273    0.005466
12283    0.010259
12286    0.010336
12356    0.009811
12817    0.005914
12853    0.005528
12880    0.005748
12889    0.003982
12907    0.006970
12927    0.005865
12999    0.002859
13014    0.003819
13143    0.006933
13236    0.012920
13357    0.002432
13434    0.004731
13554    0.010336
13647    0.004608
13775    0.008926
13939    0.005104
13961    0.011200
14137    0.007206
14165    0.015646
14316    0.017040
14317    0.013926
14320    0.005890
14406    0.010538
14498    0.009244
15325    0.009586
15367    0.039730
15546    0.014640
15601    0.006342
15623    0.006653
15669    0.011914
15686    0.006173
15713    0.008033
15910    0.006284
16189    0.026745
16506    0.027852
16516    0.014640
16575    0.007610
16585    0.006057
16591    0.009480
16592    0.026149
16705    0.009100
16729    0.002830
16734    0.003483
16907    0.004835
17059    0.008275
17095    0.008926
17108    0.006686
17111    0.007334
17123    0.009932
17129    0.015863
17281    0.004884
17292    0.005466
17346    0.011416
17352    0.012537
17405    0.015646
17452    0.015646
17458    0.012537
17669    0.008243
17829    0.008690
17916    0.006342
18089    0.014640
18098    0.006933
18182    0.008037
18186    0.006524
18282    0.002692
18317    0.006970
18399    0.024412
18403    0.011416
18476    0.009932
18587    0.005326
18614    0.009696
18670    0.006040
18679    0.012920
18846    0.011914
18882    0.003746
18955    0.022400
19046    0.006686
19223    0.006284
19245    0.012920
19278    0.003115
19389    0.009696
19410    0.003213
19426    0.003411
19480    0.008151
19609    0.011200
19634    0.008616
19645    0.012537
19664    0.017232
19696    0.011200
19718    0.006620
19844    0.003249
20090    0.008839
20260    0.007381
20282    0.007595
20540    0.007165
20673    0.007659
20686    0.009811
20691    0.011200
20713    0.004696
20714    0.005725
20789    0.011416
20803    0.003447
20827    0.008926
20830    0.007812
20902    0.005725
20908    0.014640
20969    0.007976
21014    0.012537
21058    0.005086
21085    0.006824
21155    0.035039
21164    0.011200
21250    0.012537
21253    0.007637
21254    0.005405
