289
173    0.016987
333    0.004251
460    0.006892
850    0.009273
1017    0.008899
1081    0.016066
1190    0.007858
1277    0.013622
1278    0.007591
1304    0.023405
1309    0.005578
1436    0.006119
1456    0.007747
1479    0.016578
1480    0.007915
1529    0.006540
1604    0.007747
1633    0.007973
1699    0.006051
1741    0.003183
1747    0.007396
1842    0.032283
1859    0.007090
1940    0.005809
2017    0.013622
2021    0.010581
2071    0.011939
2074    0.008899
2106    0.011398
2263    0.010414
2277    0.007131
2287    0.016315
2297    0.007305
2388    0.019942
2432    0.005867
2539    0.007009
2931    0.010414
3238    0.012465
3249    0.022333
3283    0.011654
3297    0.006475
3309    0.007216
3563    0.005346
3567    0.003997
3593    0.004891
3611    0.009484
3950    0.009273
4023    0.008477
4168    0.007973
4240    0.024364
4300    0.008357
4324    0.005908
4380    0.009776
4467    0.013635
4469    0.011654
4662    0.006011
4666    0.007491
4672    0.009971
4870    0.005248
4908    0.012264
4909    0.013622
4912    0.014320
4944    0.014320
5043    0.004999
5047    0.007915
5220    0.007305
5266    0.011939
5501    0.003371
5626    0.007216
5719    0.004825
5739    0.008033
5763    0.009597
5866    0.004550
5954    0.011939
5987    0.009840
5991    0.012465
6034    0.011939
6050    0.005785
6598    0.008765
6628    0.020993
6683    0.014320
6684    0.021522
6705    0.005761
6707    0.005761
6715    0.018348
6719    0.005714
6741    0.014320
6820    0.033973
6904    0.021911
6908    0.012602
6920    0.008428
7168    0.003380
7377    0.009522
7595    0.005512
7634    0.009971
7753    0.009276
7797    0.010257
7876    0.014320
7896    0.013490
7989    0.005934
8189    0.009376
8218    0.012380
8289    0.010581
8398    0.013622
8407    0.007350
8424    0.010257
8446    0.004608
8500    0.003735
8505    0.006818
8581    0.003766
8613    0.007009
8664    0.016987
9003    0.006232
9023    0.006381
9388    0.005785
9398    0.005326
9456    0.010761
9482    0.025275
9488    0.010110
9518    0.014457
9800    0.012264
9812    0.005934
10220    0.008575
10244    0.008095
10247    0.007591
10277    0.010955
10411    0.006781
10417    0.009715
10486    0.009174
10501    0.010257
10837    0.005346
10839    0.011654
10851    0.010414
10857    0.010110
10902    0.032283
11103    0.001927
11112    0.004714
11180    0.003809
11181    0.009398
11408    0.010110
11434    0.004668
11444    0.006011
11503    0.007925
11581    0.006855
11685    0.013622
11973    0.008814
11984    0.013861
12005    0.003416
12048    0.006540
12085    0.011816
12230    0.021070
12232    0.018348
12345    0.004638
12421    0.006892
12493    0.009840
12519    0.008110
12566    0.012264
12594    0.012638
12659    0.005737
12683    0.075826
12765    0.005307
12855    0.003929
12871    0.011398
12880    0.005622
12889    0.003895
12932    0.007305
12942    0.010581
12944    0.009079
12999    0.002796
13050    0.008580
13298    0.007694
13310    0.010414
13352    0.005135
13357    0.002378
13484    0.006640
13800    0.025283
13803    0.008357
13886    0.004238
14012    0.020024
14065    0.004014
14099    0.008222
14303    0.004891
14320    0.005761
14391    0.007173
14439    0.008181
14672    0.014320
14742    0.017339
14745    0.003895
14749    0.005809
14796    0.005428
14798    0.011939
14946    0.009840
14982    0.020827
15299    0.006640
15466    0.005985
15632    0.015304
15697    0.009174
15712    0.010856
15820    0.005883
15861    0.011398
15907    0.005117
15910    0.006147
16007    0.009273
16030    0.006232
16259    0.008095
16321    0.006261
16333    0.008428
16481    0.015304
16585    0.009875
16592    0.010962
16612    0.008289
16705    0.013352
16707    0.006119
16776    0.016987
16893    0.011398
16923    0.009428
16925    0.021162
16941    0.003175
17104    0.009840
17214    0.014320
17345    0.007642
17407    0.005470
17426    0.018546
17522    0.011398
17529    0.006507
17846    0.007642
17916    0.006204
18003    0.012950
18119    0.012638
18167    0.002614
18204    0.008731
18319    0.005691
18329    0.009715
18435    0.006011
18609    0.042873
18619    0.004369
18652    0.004410
18848    0.010955
18882    0.003664
18887    0.015603
18901    0.007858
18904    0.024866
18962    0.007973
19037    0.014018
19112    0.009174
19127    0.004437
19278    0.003047
19327    0.004008
19328    0.008428
19370    0.005407
19410    0.003143
19416    0.005785
19426    0.006672
19457    0.008428
19460    0.003940
19480    0.007973
19512    0.018753
19543    0.006011
19557    0.008814
19648    0.017974
19718    0.012950
19852    0.013080
19905    0.016445
20260    0.004332
20274    0.005908
20282    0.007429
20338    0.011167
20421    0.012638
20447    0.014320
20452    0.012130
20534    0.022671
20605    0.009971
20629    0.008428
20760    0.007396
20847    0.011398
20848    0.004410
20901    0.010535
20915    0.008987
20927    0.004115
20946    0.018316
21058    0.004975
21111    0.014179
21115    0.003985
21118    0.006573
21122    0.011155
21150    0.001937
21238    0.010581
21253    0.003735
21254    0.005287
