145
99    0.082130
103    0.022509
1057    0.068278
1062    0.034139
1069    0.064096
1072    0.066099
1272    0.012468
1466    0.014772
1521    0.034139
1604    0.015570
1686    0.016796
1946    0.017233
1951    0.015570
2093    0.020422
2737    0.011724
2984    0.022018
3009    0.019526
3675    0.014332
4141    0.014503
4450    0.009262
4484    0.027377
5043    0.005023
5260    0.027704
5297    0.034139
5307    0.034139
5374    0.022018
5626    0.014503
5737    0.052164
5769    0.009632
5773    0.022018
5856    0.010951
5897    0.022442
6174    0.021266
6463    0.025399
6758    0.014890
6761    0.018703
7097    0.013144
7104    0.028780
7806    0.020614
8500    0.007507
8568    0.015224
8786    0.015255
8882    0.136883
9200    0.009292
9454    0.009896
9466    0.024647
9518    0.007264
9957    0.028780
10149    0.020319
10150    0.021266
10942    0.011531
11087    0.011925
11103    0.003873
11180    0.007654
11358    0.011531
11610    0.061516
11684    0.015907
11697    0.021627
11924    0.061516
11958    0.013776
11984    0.013929
12005    0.006866
12307    0.041282
12519    0.016299
12865    0.019526
12904    0.008945
12945    0.027377
12999    0.033719
13012    0.028780
13014    0.015014
13351    0.008009
13388    0.012887
13501    0.034696
13644    0.019288
13702    0.018437
14015    0.019288
14065    0.004033
14320    0.011578
14322    0.015570
14439    0.008221
14523    0.013702
14604    0.007304
14607    0.011578
14742    0.006970
14754    0.013628
15016    0.014086
15070    0.018062
15139    0.020614
15142    0.026691
15245    0.061843
15290    0.068278
15484    0.014681
15808    0.023995
16504    0.022018
16510    0.017233
16529    0.019459
16585    0.001985
16734    0.006848
16772    0.027704
16923    0.018949
17033    0.015570
17044    0.014959
17074    0.025527
17273    0.024647
17368    0.022018
17373    0.039051
17451    0.014167
17643    0.021095
18167    0.010507
18411    0.014249
18435    0.024163
18543    0.019526
18547    0.018636
18614    0.057182
18619    0.008781
18620    0.015792
18655    0.010909
18656    0.019288
18789    0.026288
19086    0.020040
19204    0.013556
19226    0.016205
19410    0.025263
19444    0.032536
19452    0.030758
19453    0.034451
19822    0.018636
19844    0.003193
20260    0.002902
20461    0.021266
20464    0.010247
20582    0.012825
20601    0.011823
20803    0.006776
20811    0.019526
20844    0.007128
20845    0.013929
20946    0.009203
21087    0.009930
21113    0.016268
21128    0.034139
21129    0.023092
21195    0.016024
21306    0.013415
21307    0.011122
