49
787    0.105668
1324    0.088502
1699    0.016294
2283    0.055076
2737    0.047125
3484    0.081672
3618    0.047525
3647    0.038718
4130    0.063026
4153    0.064895
4260    0.049659
4317    0.071200
4492    0.049435
5131    0.092077
5614    0.047125
6758    0.059853
6761    0.037590
7473    0.099071
8500    0.030175
8630    0.023577
10942    0.046349
11201    0.032474
11569    0.038978
12307    0.041484
12331    0.078486
13320    0.052832
13501    0.069732
13910    0.037712
14604    0.029358
14742    0.014007
15342    0.073341
15555    0.047324
16510    0.069270
17117    0.033534
17531    0.039109
17643    0.042397
17741    0.092077
18417    0.084127
18462    0.063938
18540    0.137226
18652    0.035622
18655    0.043850
19410    0.025387
20601    0.047525
20620    0.040899
20742    0.063026
21005    0.043850
21306    0.053922
21307    0.044706
