286
115    0.007296
143    0.010633
191    0.006888
291    0.013144
333    0.004272
504    0.009530
568    0.006572
595    0.009644
653    0.008469
702    0.012703
1014    0.015379
1173    0.008857
1240    0.005413
1276    0.007953
1283    0.009115
1416    0.007840
1477    0.006149
1490    0.032106
1511    0.011221
1691    0.005434
1692    0.008134
1746    0.005235
1747    0.007432
1762    0.004377
1862    0.006958
1949    0.011437
2102    0.004272
2120    0.027066
2277    0.014332
2292    0.006926
2396    0.004601
2432    0.002948
2460    0.008134
2525    0.012323
2526    0.025399
2604    0.035622
2609    0.006507
2714    0.008694
2943    0.008694
2947    0.006149
2968    0.008012
3017    0.013144
3039    0.005650
3050    0.014212
3086    0.007296
3089    0.004075
3099    0.011221
3327    0.007577
3341    0.005475
3349    0.013688
3471    0.020040
3516    0.013144
3664    0.008774
3726    0.011925
3733    0.006814
3753    0.033663
3754    0.008072
3842    0.005539
3858    0.007577
3912    0.008262
4036    0.013144
4282    0.010307
4377    0.020040
4380    0.009823
4669    0.010633
4678    0.006888
5052    0.012699
5075    0.002970
5290    0.012699
5355    0.010159
5482    0.010814
5493    0.009763
5495    0.003274
5505    0.013688
5523    0.006814
5628    0.004881
5674    0.011221
5717    0.006639
5767    0.011998
5806    0.007896
5816    0.010633
5866    0.004572
5977    0.004616
5986    0.009422
6050    0.011626
6160    0.015379
6266    0.013688
6288    0.009763
6313    0.007896
6414    0.027955
6454    0.011453
6467    0.010633
6486    0.008072
6487    0.010307
6595    0.015379
6628    0.005274
6752    0.012699
7149    0.025399
7173    0.007003
7295    0.020929
7330    0.005105
7377    0.004784
7438    0.018636
7523    0.006572
7531    0.004431
7636    0.014086
7642    0.006888
7720    0.009318
7802    0.009051
7833    0.017507
7860    0.019288
7902    0.008541
7909    0.016796
7965    0.007840
7975    0.022442
8001    0.008694
8019    0.012331
8116    0.003702
8163    0.011710
8218    0.004147
8489    0.028497
8500    0.003753
8526    0.014390
8568    0.003806
8686    0.026288
8711    0.005912
8781    0.026272
8805    0.007252
8873    0.009644
8918    0.005650
9023    0.006412
9126    0.015463
9137    0.008857
9158    0.012323
9282    0.005105
9398    0.005352
9411    0.009722
9442    0.007785
9461    0.012699
9484    0.019815
9510    0.006094
9517    0.003982
9873    0.005313
10105    0.009730
10106    0.015792
10491    0.007252
10564    0.010020
10647    0.009888
10748    0.015379
10837    0.005372
11064    0.067507
11117    0.012701
11218    0.003652
11271    0.006014
11344    0.008072
11367    0.011221
11453    0.008012
11750    0.004572
11841    0.002817
12071    0.024821
12122    0.004285
12129    0.013688
12238    0.015379
12273    0.005372
12283    0.010084
12286    0.010159
12356    0.009644
12817    0.005813
12853    0.005434
12880    0.005650
12889    0.003914
12907    0.006851
12927    0.005765
12999    0.002810
13014    0.003753
13143    0.006814
13236    0.012699
13357    0.002390
13434    0.004650
13554    0.010159
13647    0.004529
13775    0.008774
13939    0.005017
13961    0.011009
14137    0.007083
14165    0.015379
14316    0.016749
14317    0.013688
14320    0.005789
14406    0.010358
14498    0.009086
14554    0.013688
15325    0.009422
15367    0.039051
15546    0.014390
15601    0.006234
15623    0.006539
15669    0.011710
15686    0.006067
15713    0.007896
15910    0.006177
15944    0.007953
16189    0.026288
16506    0.027377
16516    0.014390
16575    0.007480
16585    0.005954
16591    0.009318
16592    0.029375
16705    0.008945
16729    0.002782
16734    0.003424
16907    0.004753
17059    0.008134
17095    0.008774
17108    0.006572
17111    0.007208
17123    0.009763
17129    0.015593
17281    0.004800
17292    0.005372
17346    0.011221
17352    0.012323
17405    0.015379
17452    0.015379
17458    0.012323
17531    0.004865
17669    0.008102
17829    0.008541
17916    0.006234
18089    0.014390
18098    0.006814
18182    0.007900
18186    0.006412
18282    0.002646
18317    0.006851
18391    0.010814
18399    0.023995
18403    0.011221
18476    0.009763
18587    0.005235
18614    0.009530
18670    0.005937
18679    0.012699
18846    0.011710
18882    0.003682
18955    0.022018
19046    0.006572
19223    0.006177
19245    0.012699
19278    0.003062
19389    0.009530
19410    0.003158
19426    0.003352
19480    0.008012
19609    0.011009
19634    0.008469
19645    0.012323
19664    0.025406
19696    0.011009
19718    0.006507
19844    0.003193
20090    0.008688
20260    0.007255
20282    0.007466
20540    0.007043
20673    0.007528
20686    0.009644
20691    0.011009
20713    0.004616
20714    0.005627
20789    0.011221
20803    0.003388
20827    0.008774
20830    0.007679
20902    0.005627
20908    0.014390
20969    0.007840
21014    0.012323
21058    0.004999
21085    0.006707
21155    0.027552
21164    0.011009
21250    0.012323
21253    0.007507
21254    0.005313
