265
1    0.009035
333    0.004708
701    0.012907
708    0.011918
1097    0.012605
1099    0.013258
1245    0.007207
1283    0.015069
1411    0.011918
1415    0.015704
1692    0.008965
1698    0.005104
1699    0.004468
1741    0.003526
1845    0.009106
1846    0.006572
1940    0.006434
1941    0.006035
2119    0.008580
2207    0.014487
2221    0.012907
2273    0.015087
2277    0.003949
2287    0.009035
2344    0.004544
2432    0.003249
2457    0.055217
2706    0.010477
2872    0.008463
3043    0.016927
3050    0.005221
3077    0.007067
3079    0.018813
3089    0.004491
3298    0.008297
3766    0.011043
3790    0.007431
3861    0.009180
3862    0.007992
4240    0.003855
4271    0.009953
4300    0.009256
4380    0.021654
4383    0.007852
4441    0.010629
4461    0.007000
4512    0.009582
4577    0.008766
4630    0.015860
4823    0.014487
4881    0.015087
4939    0.011197
5028    0.009180
5075    0.003274
5202    0.012116
5206    0.027104
5414    0.026868
5501    0.007468
5515    0.005104
5523    0.007510
5628    0.005380
5769    0.010616
5866    0.010078
5869    0.010384
5898    0.017794
5904    0.009856
5925    0.010384
6244    0.011918
6262    0.007551
6358    0.009256
6429    0.007592
6486    0.008897
6628    0.005812
6827    0.007898
6949    0.011043
6955    0.011533
6978    0.012133
6984    0.011214
7116    0.011360
7168    0.003744
7188    0.006658
7228    0.009106
7325    0.008351
7351    0.006488
7377    0.010546
7464    0.020321
7651    0.011918
7716    0.009106
7802    0.002494
7849    0.012133
7850    0.015087
7896    0.007470
7910    0.011533
7926    0.011043
7927    0.011360
7964    0.009497
7989    0.006572
8040    0.004765
8218    0.009141
8225    0.012907
8260    0.010055
8489    0.007852
8729    0.010760
8828    0.011043
8845    0.006629
9016    0.020151
9110    0.013997
9209    0.012870
9214    0.008641
9398    0.005899
9411    0.014286
9494    0.012907
9518    0.008006
9641    0.014414
9798    0.005273
9873    0.005855
9936    0.009106
9945    0.008041
10095    0.008351
10334    0.005472
10338    0.005380
10486    0.010160
10773    0.006407
10786    0.010504
10837    0.002961
10846    0.006303
10892    0.004206
11178    0.006839
11218    0.004025
11355    0.003656
11390    0.008463
11444    0.013316
11468    0.006600
11503    0.004389
11528    0.006227
11569    0.005344
11729    0.018532
11733    0.011197
11841    0.003105
12118    0.017042
12230    0.011668
12245    0.019841
12283    0.003705
12413    0.009497
12415    0.011582
12569    0.010384
12659    0.012708
12660    0.006777
12684    0.003960
12820    0.009180
12889    0.025885
12927    0.006354
12987    0.002700
13014    0.008274
13143    0.015021
13154    0.007102
13298    0.008521
13357    0.007903
13434    0.006833
13909    0.007431
13999    0.009953
14063    0.011711
14093    0.007992
14099    0.009106
14124    0.007551
14320    0.006380
14323    0.006572
14428    0.009761
14466    0.016950
14498    0.015022
14515    0.011197
14571    0.025813
14604    0.004025
14654    0.012907
14742    0.001920
14749    0.006434
14868    0.020321
15046    0.015860
15081    0.006717
15387    0.011719
15575    0.012367
15603    0.010504
15669    0.025813
15686    0.006687
15712    0.006012
15753    0.015087
15783    0.008351
15792    0.006658
15878    0.022394
15879    0.012623
15881    0.010384
15910    0.006808
15944    0.017531
16030    0.006902
16034    0.007034
16050    0.013582
16089    0.018813
16116    0.005587
16148    0.018213
16151    0.015087
16398    0.015087
16585    0.010936
16591    0.010270
16592    0.008094
16705    0.004929
16923    0.005221
16941    0.014066
17051    0.005510
17105    0.005453
17108    0.007243
17111    0.007945
17144    0.004242
17173    0.018813
17281    0.026453
17292    0.023685
17426    0.010270
17524    0.007393
17689    0.021258
17814    0.006129
17830    0.006600
18005    0.009589
18167    0.002895
18182    0.002902
18282    0.002917
18319    0.006303
18450    0.012907
18526    0.011533
18670    0.006543
18707    0.018813
18882    0.004058
18987    0.014067
19127    0.004914
19177    0.005398
19226    0.004465
19327    0.004439
19352    0.015860
19366    0.002615
19389    0.010504
19426    0.003695
19460    0.004364
19577    0.008580
19696    0.012133
19844    0.005279
20090    0.003192
20260    0.001599
20275    0.004611
20282    0.016456
20305    0.018828
20760    0.016383
20789    0.012367
20803    0.003734
20807    0.008090
20841    0.009921
20844    0.003928
20845    0.007676
20868    0.012445
20927    0.013671
20946    0.010143
21085    0.007393
21115    0.004414
21118    0.007280
21150    0.002145
21191    0.008463
21253    0.004137
21259    0.008351
