246
333    0.005077
850    0.011074
1017    0.010627
1081    0.019186
1277    0.016267
1304    0.027951
1309    0.006661
1436    0.007308
1456    0.009252
1479    0.019797
1480    0.009452
1529    0.007810
1604    0.009252
1633    0.009522
1699    0.007226
1741    0.003802
1842    0.038553
1859    0.008467
1940    0.006937
2017    0.016267
2021    0.012636
2071    0.014258
2074    0.010627
2106    0.013611
2263    0.012436
2277    0.008516
2287    0.019484
2297    0.008723
2388    0.023815
2432    0.003503
2539    0.008370
2931    0.012436
3238    0.014885
3249    0.026670
3283    0.013917
3297    0.007733
3309    0.008618
3563    0.006385
3567    0.004773
3593    0.005840
3611    0.011326
3950    0.011074
4023    0.010123
4168    0.009522
4240    0.024939
4300    0.009980
4324    0.007056
4380    0.007783
4467    0.016283
4469    0.013917
4662    0.007179
4666    0.008946
4672    0.011908
4908    0.014645
4909    0.016267
4912    0.017101
4944    0.017101
5043    0.005970
5047    0.009452
5220    0.008723
5266    0.014258
5501    0.004026
5719    0.005762
5739    0.009593
5763    0.011461
5866    0.005433
5987    0.011751
5991    0.007443
6034    0.014258
6050    0.006908
6598    0.010467
6628    0.018802
6684    0.012851
6707    0.006880
6715    0.021911
6719    0.006824
6741    0.017101
6904    0.026166
6908    0.010033
7168    0.004037
7377    0.005686
7595    0.006583
7634    0.011908
7753    0.005539
7797    0.012249
7876    0.017101
7896    0.016110
8189    0.011197
8218    0.014784
8289    0.012636
8407    0.008777
8424    0.012249
8446    0.005503
8500    0.004461
8581    0.004498
8613    0.008370
9398    0.006361
9456    0.012851
9482    0.030184
9488    0.012073
9518    0.017265
9812    0.007086
10220    0.010240
10244    0.009667
10277    0.013083
10411    0.008098
10417    0.011602
10486    0.010955
10501    0.012249
10837    0.003192
10851    0.012436
10857    0.012073
10902    0.038553
11103    0.002301
11112    0.005630
11180    0.004548
11181    0.011223
11408    0.012073
11434    0.005575
11503    0.004732
11581    0.008186
11685    0.016267
12048    0.007810
12085    0.014111
12230    0.018871
12232    0.021911
12345    0.005539
12421    0.008231
12493    0.011751
12519    0.009685
12566    0.014645
12594    0.015092
12659    0.006852
12683    0.090552
12855    0.004692
12871    0.013611
12880    0.006714
12889    0.004652
12932    0.008723
12942    0.012636
12944    0.010842
12999    0.003339
13050    0.010246
13298    0.009188
13310    0.012436
13352    0.006132
13357    0.002840
13484    0.007930
13800    0.030193
13803    0.009980
13886    0.005062
14012    0.023913
14099    0.009819
14303    0.005840
14320    0.006880
14391    0.008567
14439    0.009770
14672    0.017101
14742    0.020707
14745    0.004652
14749    0.006937
14796    0.006482
14798    0.014258
14946    0.011751
14982    0.024872
15466    0.007148
15697    0.010955
15712    0.012964
15820    0.007026
15861    0.013611
15907    0.006111
15910    0.007341
16007    0.011074
16030    0.007443
16321    0.007477
16333    0.010064
16585    0.009434
16592    0.004364
16612    0.009899
16705    0.010630
16707    0.007308
16893    0.013611
16923    0.011260
16925    0.025272
16941    0.003792
17104    0.011751
17214    0.017101
17345    0.009126
17407    0.006532
17426    0.022148
17522    0.013611
17529    0.007771
17846    0.009126
17916    0.007408
18003    0.015465
18119    0.015092
18167    0.003122
18204    0.010427
18319    0.006796
18329    0.011602
18609    0.051200
18619    0.005217
18848    0.013083
18882    0.004376
18901    0.009384
18904    0.029696
19037    0.016740
19127    0.005299
19278    0.003639
19327    0.004787
19328    0.010064
19370    0.006457
19410    0.003753
19416    0.006908
19426    0.007968
19457    0.010064
19460    0.004705
19480    0.009522
19512    0.022394
19543    0.007179
19557    0.010525
19648    0.021465
19718    0.015465
19852    0.015620
19905    0.019638
20260    0.005173
20282    0.004436
20421    0.015092
20447    0.017101
20452    0.014485
20534    0.013537
20605    0.011908
20629    0.010064
20760    0.008833
20901    0.012581
20927    0.004914
20946    0.021873
21058    0.005941
21111    0.016933
21115    0.004759
21118    0.007849
21122    0.013322
21150    0.002313
21238    0.012636
21253    0.004461
21254    0.006314
