517
147    0.002542
161    0.003653
163    0.008651
333    0.004330
348    0.004060
370    0.003472
451    0.003022
482    0.007794
541    0.006937
607    0.007293
621    0.003035
653    0.004292
712    0.008651
713    0.008651
741    0.008651
985    0.005303
1039    0.005935
1081    0.004091
1088    0.008651
1099    0.018289
1165    0.008977
1184    0.002560
1240    0.002743
1242    0.009307
1272    0.003159
1274    0.004187
1275    0.004367
1283    0.023098
1286    0.005149
1411    0.005480
1435    0.013596
1436    0.003116
1440    0.003632
1490    0.004649
1505    0.007794
1614    0.003611
1633    0.004060
1680    0.007306
1682    0.004532
1689    0.005508
1692    0.004122
1698    0.002347
1699    0.002054
1707    0.006377
1746    0.005307
1762    0.002218
1779    0.011870
1846    0.006044
1847    0.004002
1862    0.001763
1897    0.012161
1925    0.004367
1949    0.002898
1992    0.005480
2014    0.003435
2015    0.003973
2093    0.002587
2102    0.002165
2117    0.004830
2119    0.003945
2120    0.005487
2215    0.005389
2221    0.005935
2265    0.005805
2277    0.005448
2278    0.003510
2279    0.004672
2281    0.003364
2356    0.005687
2380    0.003918
2403    0.006937
2432    0.001494
2457    0.005078
2470    0.012876
2552    0.007794
2587    0.004256
2604    0.003009
2613    0.005224
2710    0.003204
2755    0.006661
2873    0.006661
2947    0.028048
2954    0.008651
3001    0.008651
3039    0.002863
3043    0.003892
3050    0.002401
3056    0.006080
3073    0.006937
3074    0.006436
3086    0.003697
3160    0.007794
3307    0.005805
3309    0.007350
3590    0.006436
3646    0.007794
3726    0.003022
3733    0.003453
3766    0.005078
3789    0.003590
3790    0.006834
3943    0.003840
4102    0.004672
4117    0.006937
4137    0.002108
4240    0.001773
4258    0.002401
4380    0.019914
4383    0.010832
4512    0.004406
4545    0.009445
4637    0.004256
4665    0.006245
4666    0.011446
4697    0.003174
4871    0.007221
4918    0.005389
4939    0.005149
4946    0.005389
4949    0.003697
5043    0.002546
5074    0.002875
5075    0.001505
5110    0.005011
5137    0.005149
5202    0.011143
5205    0.011609
5206    0.008309
5226    0.006937
5414    0.009266
5415    0.003131
5439    0.004577
5471    0.007794
5495    0.003319
5523    0.003453
5574    0.006436
5602    0.004031
5610    0.004775
5628    0.002474
5634    0.008651
5674    0.005687
5686    0.005935
5788    0.005579
5820    0.011675
5827    0.007293
5856    0.002775
5866    0.011586
5898    0.004091
5988    0.003510
5991    0.003174
6025    0.006937
6049    0.004091
6243    0.007794
6274    0.005687
6288    0.009896
6309    0.007794
6358    0.004256
6403    0.004221
6414    0.004722
6463    0.006436
6531    0.022317
6596    0.002178
6628    0.005345
6684    0.005480
6705    0.002934
6743    0.004948
6809    0.007395
6844    0.006729
6892    0.006937
6949    0.005078
6957    0.006661
6984    0.002578
7048    0.003234
7057    0.006937
7141    0.003866
7147    0.005303
7199    0.002673
7330    0.005175
7351    0.008950
7377    0.009699
7380    0.003281
7402    0.005078
7406    0.004532
7408    0.004577
7410    0.005389
7497    0.005224
7531    0.002246
7595    0.002807
7619    0.005425
7636    0.003569
7668    0.007293
7691    0.008651
7704    0.012876
7726    0.004489
7798    0.004406
7833    0.004436
7896    0.006870
7902    0.004329
7926    0.005078
7930    0.004489
7939    0.005687
7948    0.011920
7969    0.005149
7996    0.003675
8041    0.005224
8048    0.008651
8078    0.001740
8107    0.001978
8200    0.003510
8218    0.012610
8225    0.011870
8379    0.008651
8417    0.002898
8446    0.002347
8489    0.014442
8500    0.001902
8594    0.003331
8630    0.001486
8633    0.007293
8781    0.005326
8785    0.005480
8845    0.003048
9003    0.003174
9016    0.015443
9020    0.025952
9110    0.006436
9136    0.003743
9168    0.004624
9203    0.004948
9209    0.003945
9282    0.005175
9311    0.008375
9398    0.005425
9411    0.001642
9484    0.013390
9502    0.007020
9641    0.003314
9669    0.005303
9867    0.008651
9939    0.005805
9945    0.003697
9947    0.006054
9951    0.006436
9991    0.008182
10095    0.007680
10105    0.002465
10119    0.005078
10140    0.005487
10215    0.005892
10333    0.003767
10334    0.012581
10338    0.009895
10355    0.004624
10397    0.003549
10610    0.004221
10611    0.003653
10697    0.004060
10773    0.002946
10786    0.004830
10837    0.004084
10892    0.001934
11064    0.004887
11087    0.009065
11089    0.004367
11090    0.004406
11157    0.005078
11180    0.007759
11184    0.004002
11201    0.004094
11214    0.005480
11218    0.003701
11416    0.009660
11422    0.005389
11434    0.002377
11468    0.003035
11503    0.002018
11613    0.003743
11683    0.001630
11736    0.005011
11803    0.005303
11830    0.005149
11841    0.002855
11882    0.004830
11884    0.010297
11900    0.007794
12046    0.004830
12053    0.004002
12110    0.009358
12122    0.002172
12228    0.008651
12230    0.005365
12272    0.005303
12283    0.008517
12300    0.002218
12415    0.002663
12505    0.003131
12567    0.011609
12569    0.009550
12635    0.006661
12642    0.004830
12659    0.002922
12684    0.001821
12765    0.002703
12853    0.002754
12889    0.023805
12894    0.008061
12949    0.003791
12987    0.002483
12993    0.006436
12999    0.001424
13050    0.006554
13053    0.007293
13143    0.003453
13179    0.003219
13231    0.004406
13311    0.011372
13349    0.004447
13355    0.002012
13357    0.007268
13434    0.002357
13478    0.005480
13482    0.006628
13484    0.006763
13530    0.003510
13554    0.005149
13580    0.002108
13625    0.007794
13689    0.007794
13691    0.004672
13780    0.008651
13886    0.002159
13950    0.008651
13968    0.010607
14054    0.004002
14063    0.005385
14065    0.001022
14117    0.006436
14124    0.003472
14131    0.004122
14137    0.003590
14303    0.002491
14316    0.002829
14439    0.002083
14498    0.013815
14537    0.002433
14538    0.007059
14554    0.006937
14559    0.005687
14564    0.006937
14592    0.005224
14656    0.004624
14742    0.001766
14745    0.001984
14859    0.009344
14943    0.005078
15006    0.004367
15009    0.004292
15029    0.004722
15091    0.008651
15239    0.004367
15273    0.006436
15278    0.005805
15367    0.004948
15470    0.004830
15604    0.003892
15686    0.006150
15698    0.007293
15732    0.006245
15750    0.007794
15753    0.006937
15818    0.002634
15820    0.008988
15822    0.002569
15854    0.008651
15881    0.004775
15910    0.003131
15911    0.004532
15912    0.004464
15940    0.005224
15942    0.005389
15944    0.004031
15948    0.006937
16058    0.005579
16061    0.005149
16231    0.005935
16391    0.004887
16396    0.003866
16440    0.005224
16449    0.006245
16459    0.009445
16511    0.005389
16549    0.017302
16585    0.005532
16592    0.005583
16612    0.021106
16692    0.004489
16695    0.005480
16705    0.011333
16707    0.003116
16729    0.004230
16732    0.002152
16772    0.003510
16813    0.006245
16880    0.002971
16941    0.001617
16955    0.003382
16959    0.002606
17106    0.004775
17117    0.002114
17129    0.002634
17147    0.005149
17281    0.017029
17289    0.008651
17292    0.010891
17374    0.004329
17400    0.008651
17401    0.014586
17407    0.005571
17484    0.004326
17496    0.004256
17507    0.004577
17531    0.002465
17617    0.005224
17830    0.003035
17836    0.014490
17875    0.003530
18005    0.004409
18006    0.013874
18061    0.013323
18138    0.003590
18182    0.001335
18205    0.004672
18282    0.002682
18329    0.004948
18391    0.005480
18392    0.005303
18397    0.006436
18426    0.007794
18569    0.004722
18580    0.003840
18581    0.005805
18582    0.005805
18587    0.002653
18649    0.008061
18652    0.008983
18715    0.005078
18887    0.003973
18987    0.019405
19037    0.003569
19039    0.006661
19048    0.004830
19078    0.015588
19093    0.006937
19111    0.005579
19127    0.011298
19128    0.003159
19177    0.002482
19195    0.004887
19260    0.008651
19286    0.007794
19309    0.003399
19327    0.004083
19366    0.001202
19383    0.004002
19447    0.006661
19537    0.005579
19627    0.008651
19634    0.004292
19664    0.004292
19753    0.007794
19844    0.001618
19948    0.007794
20006    0.008651
20057    0.005935
20068    0.010607
20073    0.006245
20088    0.004060
20090    0.001468
20197    0.007293
20201    0.007794
20227    0.006080
20260    0.011031
20275    0.004241
20281    0.003131
20305    0.004329
20426    0.010447
20432    0.007731
20433    0.015034
20557    0.002863
20560    0.004887
20606    0.008651
20677    0.008651
20714    0.002852
20760    0.003767
20762    0.008512
20768    0.006106
20769    0.007293
20776    0.004002
20785    0.008802
20789    0.017060
20807    0.003720
20827    0.004447
20845    0.003530
20868    0.001908
20883    0.006245
20969    0.003973
21065    0.003743
21115    0.004059
21122    0.002841
21146    0.003590
21150    0.002959
21155    0.010473
21191    0.007783
21247    0.001254
21253    0.001902
21254    0.013462
21259    0.007680
