43
1490    0.042739
2277    0.033388
2470    0.078912
2604    0.055322
3050    0.044142
3341    0.051021
3753    0.104559
4258    0.044142
4380    0.030512
5866    0.042603
6414    0.086829
7524    0.045484
7833    0.040784
7857    0.118335
8019    0.038302
8489    0.066386
8805    0.067572
8992    0.127550
9411    0.030196
9442    0.072542
10837    0.025031
11117    0.039450
12110    0.043013
12118    0.072042
12283    0.031321
14316    0.052022
14823    0.127550
14872    0.102582
15601    0.058088
15849    0.075794
15940    0.096044
16117    0.056789
16592    0.068429
17105    0.046107
17281    0.044729
17331    0.058904
18883    0.048784
19411    0.079591
19634    0.078912
19844    0.014878
20260    0.013521
20282    0.034783
21264    0.065628
