32
1255    0.096616
1466    0.089065
2332    0.120828
2604    0.071593
3621    0.165065
4383    0.085911
4642    0.185452
5075    0.035817
7377    0.057693
7896    0.163471
7987    0.081735
8025    0.056385
8724    0.185452
9411    0.039077
9448    0.185452
11103    0.023352
11214    0.130399
11507    0.205839
11750    0.055134
11887    0.122509
13050    0.051982
13143    0.082171
16561    0.185452
16772    0.083518
17101    0.075873
17266    0.205839
17493    0.205839
20460    0.073166
20488    0.122509
20540    0.084930
20844    0.085951
20894    0.056753
