368
1    0.006190
161    0.005443
333    0.006451
370    0.005173
451    0.004502
455    0.004318
469    0.004011
479    0.005878
534    0.006888
606    0.010865
653    0.006394
660    0.012889
686    0.005259
702    0.004796
708    0.008165
1012    0.009059
1080    0.008473
1099    0.013624
1157    0.004581
1207    0.007566
1240    0.004087
1245    0.004937
1250    0.006564
1272    0.004707
1276    0.006005
1283    0.020648
1362    0.009925
1411    0.008165
1415    0.005379
1416    0.005920
1440    0.005411
1490    0.006926
1545    0.008473
1689    0.008206
1698    0.003497
1699    0.003061
1745    0.012889
1762    0.006610
1844    0.015803
1900    0.009925
2008    0.005962
2014    0.005118
2102    0.003226
2120    0.008175
2203    0.007196
2215    0.008028
2277    0.002705
2278    0.005230
2281    0.005013
2292    0.005230
2344    0.003113
2457    0.015131
2522    0.008312
2539    0.005318
2547    0.009059
2587    0.006341
2604    0.008966
2686    0.011612
2706    0.003589
2723    0.003601
2744    0.006904
2872    0.005798
2882    0.014056
2947    0.004643
2968    0.006050
3039    0.004266
3043    0.005798
3050    0.010731
3077    0.004842
3084    0.006961
3086    0.005509
3089    0.006153
3090    0.005475
3263    0.011612
3306    0.006687
3307    0.008648
3309    0.005475
3450    0.008165
3583    0.002826
3603    0.007282
3647    0.007273
3733    0.005145
3826    0.007783
3842    0.004183
4137    0.006281
4152    0.007282
4153    0.012190
4173    0.005920
4300    0.006341
4380    0.024724
4383    0.005379
4398    0.007466
4441    0.007282
4444    0.012889
4661    0.008842
4744    0.008312
4759    0.010865
4939    0.007671
5079    0.004215
5179    0.006564
5202    0.016601
5206    0.006190
5209    0.006341
5414    0.004602
5495    0.002472
5515    0.006993
5517    0.007783
5521    0.005577
5523    0.005145
5623    0.013777
5628    0.007371
5675    0.006961
5737    0.006564
5769    0.007273
5866    0.010357
5901    0.009925
6038    0.006961
6244    0.008165
6262    0.010346
6288    0.007372
6358    0.006341
6414    0.007036
6531    0.024937
6596    0.003245
6628    0.003982
6809    0.005509
6811    0.008842
6819    0.006625
6827    0.005411
6828    0.009502
6844    0.005013
6908    0.003187
6978    0.008312
7157    0.010336
7199    0.003982
7240    0.009305
7330    0.003855
7351    0.008890
7377    0.018062
7380    0.004889
7391    0.008028
7431    0.007671
7531    0.003346
7595    0.008365
7651    0.008165
7673    0.010865
7802    0.006834
7817    0.009925
7833    0.003305
7948    0.011839
7953    0.009925
7988    0.006289
8019    0.009311
8040    0.013059
8107    0.002947
8200    0.005230
8218    0.009393
8225    0.008842
8255    0.010865
8275    0.004889
8409    0.011612
8424    0.007783
8489    0.026897
8596    0.006839
8630    0.002214
8777    0.005542
8781    0.007935
8783    0.004249
8828    0.007566
8845    0.004541
9016    0.004602
9110    0.009589
9126    0.005838
9127    0.006341
9209    0.005878
9282    0.003855
9398    0.004041
9411    0.004894
9484    0.004987
9494    0.008842
9533    0.004011
9641    0.009875
9687    0.006341
9812    0.009004
9947    0.006013
9963    0.006625
9979    0.006819
10105    0.003673
10216    0.011612
10333    0.005612
10338    0.003686
10369    0.007036
10397    0.005288
10411    0.005145
10418    0.007901
10560    0.008648
10612    0.006687
10769    0.009305
10773    0.004389
10786    0.007196
10837    0.008113
11014    0.014186
11064    0.007282
11117    0.003197
11218    0.005515
11386    0.004371
11613    0.005577
11841    0.002127
11857    0.006449
11862    0.009925
11962    0.008312
12005    0.002592
12071    0.004685
12110    0.003485
12133    0.007036
12232    0.006961
12273    0.004057
12277    0.006819
12283    0.010152
12286    0.007671
12345    0.003519
12348    0.020062
12413    0.006506
12416    0.005577
12820    0.012578
12853    0.004103
12880    0.004266
12889    0.017734
12978    0.005542
12987    0.001850
13014    0.002834
13096    0.006289
13127    0.008842
13143    0.015435
13179    0.004796
13298    0.005838
13355    0.002998
13357    0.005414
13434    0.003511
13547    0.007372
13568    0.004729
13800    0.006394
13803    0.006341
13886    0.003216
13897    0.012099
14065    0.001523
14303    0.007421
14316    0.004215
14320    0.004371
14498    0.006861
14554    0.010336
14604    0.002757
14726    0.006289
14796    0.004118
14859    0.006961
15017    0.009059
15019    0.005443
15023    0.006190
15030    0.008312
15368    0.006142
15387    0.008028
15591    0.005509
15601    0.004707
15670    0.010865
15713    0.005962
15764    0.006005
15778    0.004819
15792    0.004561
15820    0.004464
15879    0.008648
15888    0.007566
15910    0.004664
15944    0.012010
16029    0.010182
16048    0.006819
16116    0.003828
16260    0.009589
16337    0.007036
16575    0.005648
16585    0.009740
16592    0.013862
16650    0.007372
16692    0.006687
16705    0.027016
16706    0.006625
16707    0.004643
16734    0.002585
16766    0.005013
16772    0.005230
16923    0.003577
16937    0.007566
16941    0.004818
16955    0.005038
17051    0.003775
17056    0.015131
17105    0.003736
17108    0.004962
17201    0.007372
17221    0.006564
17281    0.007249
17292    0.008113
17484    0.002148
17531    0.003673
17669    0.003059
17870    0.008053
17924    0.007566
18005    0.009854
18091    0.007282
18179    0.009203
18182    0.005965
18203    0.004283
18328    0.008312
18391    0.008165
18440    0.007901
18587    0.003953
18652    0.006691
18717    0.004707
18882    0.002780
18883    0.003953
18987    0.004819
19111    0.008312
19122    0.016945
19125    0.014252
19127    0.003367
19128    0.009414
19177    0.003698
19245    0.009589
19327    0.003041
19328    0.006394
19351    0.007196
19366    0.001791
19389    0.007196
19426    0.002531
19664    0.019183
19680    0.008028
19820    0.004353
19844    0.003617
19905    0.006239
19907    0.007036
20090    0.008747
20260    0.009861
20274    0.004483
20282    0.011274
20289    0.007114
20305    0.006449
20540    0.005318
20678    0.006888
20768    0.003033
20770    0.010865
20785    0.004371
20845    0.010517
20848    0.003346
20882    0.008473
20901    0.003997
20902    0.004249
20927    0.003122
21011    0.006625
21085    0.005064
21112    0.011612
21115    0.006048
21118    0.004987
21129    0.002906
21132    0.005721
21150    0.002939
21155    0.010402
21253    0.025507
21254    0.020057
21258    0.006239
