175
103    0.011039
333    0.008380
644    0.030169
1097    0.011218
1099    0.011799
1150    0.033486
1190    0.015490
1242    0.012009
1248    0.033486
1356    0.033486
1490    0.008998
1699    0.003976
1741    0.006275
1903    0.026853
2120    0.021238
2604    0.011647
2711    0.014141
2713    0.019152
2723    0.009354
2768    0.017055
2882    0.012173
2933    0.017374
3050    0.027879
3089    0.015987
3090    0.014226
3451    0.012702
3733    0.013368
3842    0.010867
3944    0.010619
4324    0.011647
4380    0.019271
4401    0.026853
4627    0.030169
4673    0.017897
4690    0.016756
4870    0.010346
4871    0.013976
4948    0.024913
5079    0.010952
5112    0.019397
5225    0.016340
5419    0.033486
5515    0.018169
5524    0.017716
5544    0.015064
5567    0.009417
5628    0.009576
5769    0.028344
5898    0.015836
6036    0.016340
6204    0.025785
6414    0.018280
6430    0.014580
6697    0.016756
6827    0.014058
6996    0.026853
7048    0.012519
7180    0.015836
7199    0.031037
7261    0.020859
7325    0.014865
7351    0.011548
7377    0.009385
7563    0.030169
7595    0.021733
7754    0.014312
7802    0.004439
7833    0.008586
8003    0.022973
8019    0.008064
8044    0.024913
8233    0.012828
8362    0.014226
8500    0.014727
8504    0.018919
8630    0.005753
8745    0.024175
8781    0.010308
9105    0.019930
9200    0.009114
9209    0.007636
9798    0.009385
9909    0.028229
10011    0.019152
10074    0.019216
10105    0.009543
10334    0.029220
10338    0.019151
10599    0.051570
10608    0.056458
10714    0.023194
10790    0.015957
10837    0.005270
10892    0.014974
11014    0.012286
11340    0.016209
11386    0.011357
11472    0.023536
11752    0.030169
11841    0.005526
12416    0.014489
12419    0.026853
12505    0.012118
12765    0.010461
12853    0.010659
12880    0.011083
12898    0.015064
12900    0.014312
12927    0.011310
12999    0.005512
13193    0.030169
13355    0.007789
13434    0.003041
13482    0.012828
13543    0.021596
13568    0.012286
13601    0.015272
14065    0.003956
14183    0.023536
14316    0.010952
14537    0.009417
14683    0.018280
14742    0.003418
14762    0.018919
14865    0.012957
14874    0.012063
15103    0.018483
15216    0.012764
15822    0.019890
15830    0.016756
16112    0.022469
16114    0.028229
16486    0.016474
16585    0.001947
16592    0.007203
16734    0.006717
16880    0.011499
16896    0.025785
17455    0.019656
17890    0.056458
17924    0.019656
17951    0.018919
18282    0.005191
18366    0.020220
18446    0.015272
18587    0.010270
18724    0.014768
18726    0.012764
18940    0.016209
19127    0.017493
19128    0.024458
19211    0.021213
19261    0.030046
19347    0.018280
19351    0.018696
19366    0.004654
19410    0.012390
19453    0.011264
19464    0.009354
19640    0.013816
19844    0.003132
20253    0.024913
20260    0.005693
20282    0.014645
20460    0.011903
20713    0.009055
20768    0.015757
20785    0.022713
20791    0.019152
20796    0.018084
20803    0.006646
20955    0.024913
21115    0.007856
21253    0.022090
21296    0.016756
