110
103    0.056272
333    0.014240
370    0.022836
666    0.024319
1391    0.051263
1441    0.039992
1699    0.006756
1712    0.020048
1741    0.010663
1844    0.034882
1862    0.011596
2432    0.009826
2524    0.039035
2706    0.015843
3044    0.031061
3333    0.051263
3340    0.032960
3621    0.045628
3692    0.047967
3825    0.033399
3858    0.050515
4059    0.045628
4084    0.023477
4297    0.047967
4380    0.010915
4383    0.023748
4473    0.051263
4497    0.032146
5075    0.009901
5308    0.047967
5495    0.021830
5515    0.015436
5891    0.034882
5976    0.027993
6193    0.035443
6562    0.032960
6866    0.039992
7176    0.028980
7331    0.042331
7509    0.030103
7590    0.056898
7802    0.007543
7860    0.032146
7896    0.022594
8407    0.049239
8801    0.039035
9411    0.021604
9415    0.126994
9447    0.043814
9454    0.016493
9533    0.017709
9663    0.032146
10105    0.016216
10610    0.027764
11103    0.006455
11841    0.009390
11896    0.041078
12864    0.017709
12880    0.018832
12889    0.013048
12894    0.026511
12898    0.025596
12999    0.009366
13050    0.014369
13143    0.045428
13361    0.023345
13434    0.005167
13702    0.030729
13886    0.014197
14065    0.006722
14498    0.015144
14604    0.012173
14726    0.027764
15140    0.015586
15830    0.028472
15837    0.036696
16003    0.029522
16116    0.016899
16272    0.033864
16592    0.036718
16772    0.023086
17058    0.047967
17105    0.016493
17144    0.025658
17478    0.032960
17521    0.030103
17785    0.045628
18160    0.031407
18195    0.056898
18388    0.051263
18446    0.051900
18616    0.056898
18888    0.019061
18998    0.030729
19265    0.032146
19410    0.010526
19411    0.028472
19444    0.027113
19523    0.030103
19578    0.036696
19696    0.036696
20071    0.033864
20205    0.056898
20282    0.012443
20320    0.042331
20488    0.033864
20540    0.023477
20787    0.051263
20844    0.011879
20868    0.012546
