157
103    0.024286
1262    0.015113
1605    0.029538
1698    0.019986
2116    0.021067
2432    0.006361
2675    0.015374
2737    0.037948
3341    0.011815
3563    0.011593
3571    0.013577
4058    0.031052
4141    0.015648
4200    0.036834
4317    0.019112
4690    0.018432
4917    0.031052
4953    0.027404
5043    0.005420
5075    0.006409
5131    0.024715
5495    0.007066
5501    0.014621
5646    0.019686
5737    0.018761
6174    0.022944
6291    0.021923
6429    0.014864
6430    0.016038
6655    0.014253
6705    0.012492
6758    0.016066
6908    0.009109
7168    0.007330
7473    0.026593
7531    0.009562
7770    0.018594
8446    0.009993
8505    0.014783
8581    0.008167
8623    0.024214
8630    0.006329
8786    0.016460
9023    0.013837
9077    0.020566
9160    0.017829
9256    0.013210
9411    0.006993
9454    0.021355
9517    0.008592
9664    0.024679
9947    0.008592
9994    0.022581
10064    0.016917
10106    0.017038
10417    0.021067
10488    0.033186
10578    0.016140
10773    0.012544
10890    0.036834
10942    0.012441
11089    0.018594
11093    0.013904
11103    0.008357
11180    0.008259
11181    0.010189
11667    0.048428
11744    0.011017
11782    0.009136
12005    0.007408
12085    0.012811
12162    0.017289
12245    0.009712
12307    0.077947
12309    0.013641
12326    0.035659
12331    0.021067
12551    0.009591
12865    0.021067
12898    0.016570
12999    0.006064
13229    0.031052
13370    0.017038
13497    0.019893
13501    0.046794
13803    0.018122
13851    0.036834
13869    0.025270
13886    0.009191
13909    0.014549
14014    0.036244
14322    0.016799
14425    0.017333
14604    0.015761
14742    0.003760
14745    0.008447
14754    0.014704
15016    0.015198
15019    0.046665
15023    0.017689
15094    0.033186
15478    0.017974
15484    0.015840
15663    0.031052
15710    0.015555
15907    0.011096
15912    0.009503
16167    0.019296
16301    0.022944
16510    0.018594
16734    0.014777
16923    0.010222
17077    0.036863
17079    0.018122
17144    0.016610
17366    0.014041
17395    0.019686
17643    0.022760
17861    0.031052
18012    0.033186
18167    0.005668
18182    0.005682
18307    0.019893
18319    0.012340
18382    0.013972
18411    0.015374
18417    0.022581
18701    0.033186
18888    0.012340
19087    0.023756
19177    0.010569
19226    0.008742
19261    0.011017
19266    0.032032
19275    0.023756
19327    0.008692
19410    0.006814
19426    0.007234
19453    0.024780
19773    0.009246
19830    0.015464
19844    0.003445
20090    0.006249
20464    0.011056
20560    0.020810
20601    0.012757
20620    0.010978
20745    0.016245
20796    0.019893
20845    0.015028
20848    0.009562
21019    0.014783
21087    0.010714
21266    0.009961
21306    0.014474
21333    0.027404
21348    0.021067
