234
333    0.005340
444    0.011289
1095    0.010967
1250    0.010867
1283    0.017091
1403    0.009664
1456    0.009731
1677    0.008705
1699    0.002534
1725    0.010090
1741    0.019993
1873    0.011289
1918    0.008958
1998    0.017987
2014    0.008473
2015    0.019600
2040    0.015874
2206    0.012204
2224    0.008854
2277    0.004479
2345    0.010090
2558    0.011648
2688    0.007453
2690    0.012699
2745    0.006337
2857    0.008133
3051    0.014638
3090    0.009065
3164    0.014997
3234    0.021337
3510    0.013517
3797    0.012360
3850    0.007828
3911    0.007865
4023    0.005324
4141    0.009065
4324    0.007421
4380    0.004093
4408    0.019224
4456    0.008754
4463    0.009119
4467    0.017127
4505    0.010412
4636    0.009870
4673    0.011404
4701    0.010497
4801    0.028634
4833    0.011404
4870    0.013184
4899    0.006315
4903    0.014997
5070    0.028634
5074    0.007090
5075    0.003713
5170    0.011523
5175    0.021337
5549    0.009290
5567    0.012000
5570    0.012204
5623    0.011404
5769    0.012040
5856    0.006844
5866    0.005715
5898    0.010090
5923    0.013761
5975    0.006544
6038    0.011523
6308    0.019224
6365    0.007034
6628    0.006592
6651    0.007902
6714    0.011648
6828    0.007865
6943    0.014997
7180    0.010090
7192    0.009119
7197    0.021337
7351    0.007358
7377    0.011961
7431    0.012699
8025    0.005845
8096    0.019224
8218    0.005184
8442    0.008094
8446    0.011577
8449    0.012884
8533    0.007062
8569    0.013517
8630    0.003666
8716    0.017110
8783    0.028136
8805    0.009065
8845    0.015036
9016    0.007618
9152    0.010328
9209    0.019461
9214    0.009800
9342    0.019224
9454    0.006185
9873    0.006641
9888    0.021337
9901    0.013081
10095    0.009472
10245    0.013291
10369    0.011648
10411    0.008518
10412    0.021337
10427    0.016430
10610    0.010412
10722    0.015404
10837    0.003358
10881    0.018351
11090    0.010867
11213    0.006792
11355    0.004147
11468    0.007485
11750    0.005715
11757    0.007148
12046    0.011913
12230    0.006616
12283    0.016806
12626    0.015404
12659    0.007207
12889    0.014679
12944    0.011404
12972    0.021337
12973    0.021337
13124    0.021337
13353    0.016513
13357    0.002988
13374    0.017987
13427    0.021337
13483    0.015874
13580    0.005199
13702    0.011523
13886    0.005324
14054    0.009870
14063    0.026564
14124    0.008564
14196    0.017987
14305    0.009731
14314    0.009011
14320    0.007236
14323    0.007453
14498    0.022716
14515    0.012699
14523    0.008564
14726    0.020823
14773    0.010867
14796    0.006818
14920    0.011071
14952    0.010090
15207    0.010967
15427    0.035975
15556    0.009175
15576    0.013761
15623    0.008174
15684    0.010247
15686    0.030337
15693    0.017110
15712    0.020454
15713    0.009870
15728    0.013291
15764    0.009942
15778    0.015954
15939    0.010586
16013    0.021337
16029    0.008428
16030    0.023485
16059    0.021337
16094    0.007977
16116    0.006337
16142    0.016430
16150    0.013517
16159    0.017110
16207    0.009472
16575    0.009350
16585    0.011163
16592    0.004590
16705    0.005591
16707    0.007687
16729    0.003477
16732    0.005308
16862    0.014971
16941    0.015953
17033    0.009731
17037    0.006741
17051    0.006249
17108    0.008215
17144    0.009622
17281    0.006000
17292    0.026862
17484    0.007114
17529    0.008174
17922    0.007584
18005    0.005438
18167    0.006567
18182    0.006583
18203    0.007090
18329    0.012204
18366    0.012884
18410    0.019224
18468    0.013081
18567    0.009232
18583    0.014997
18670    0.007421
18866    0.014026
19127    0.016720
19128    0.023377
19271    0.007902
19327    0.005035
19383    0.009870
19572    0.011648
19585    0.015404
19773    0.005356
19813    0.012699
20090    0.007240
20260    0.009069
20274    0.007421
20442    0.021337
20481    0.010090
20563    0.034570
20714    0.007034
20716    0.008428
20717    0.010875
20791    0.012204
20824    0.008610
20910    0.009472
20927    0.005168
21135    0.011071
21150    0.002433
21253    0.065686
21259    0.028415
21341    0.050099
