231
191    0.018046
291    0.017217
333    0.011192
595    0.012633
661    0.013708
686    0.009123
1283    0.011940
1477    0.008055
1490    0.012016
1741    0.004190
1752    0.009798
1762    0.005733
1862    0.013671
2102    0.005596
2119    0.010198
2120    0.014181
2122    0.011601
2277    0.009387
2430    0.014698
2432    0.007722
2525    0.016142
2526    0.033270
2604    0.015554
2697    0.016142
2723    0.006246
2744    0.005989
2943    0.011388
2947    0.008055
2968    0.010495
3039    0.007401
3050    0.006205
3086    0.009556
3089    0.005337
3099    0.014698
3126    0.011001
3297    0.008523
3326    0.007948
3327    0.009926
3464    0.013501
3516    0.017217
3567    0.005261
3583    0.004903
3726    0.007810
3753    0.014698
3842    0.014512
3929    0.048427
4036    0.017217
4151    0.009675
4157    0.017930
4198    0.012342
4377    0.013125
4380    0.004289
4398    0.012952
4463    0.009556
4637    0.011001
4662    0.007913
4980    0.012633
5050    0.013308
5290    0.016635
5501    0.004438
5532    0.005596
5646    0.011950
5674    0.014698
5816    0.013928
5866    0.005989
5975    0.006858
5977    0.006047
6050    0.007615
6246    0.018850
6414    0.012206
6596    0.011259
6598    0.005769
6752    0.016635
6864    0.011287
7020    0.016142
7297    0.016142
7357    0.016142
7377    0.006267
7438    0.012206
7456    0.007552
7523    0.008608
7644    0.010738
7778    0.017930
7802    0.002964
7833    0.017200
7860    0.012633
7902    0.011189
7975    0.014698
7987    0.008879
8001    0.011388
8019    0.005384
8050    0.017217
8105    0.010198
8116    0.004849
8163    0.015340
8200    0.009072
8487    0.012484
8489    0.018664
8544    0.056549
8581    0.004958
8686    0.034435
8781    0.006883
8931    0.018850
8984    0.008786
9127    0.022001
9137    0.011601
9322    0.016142
9398    0.007011
9411    0.016979
9461    0.016635
9484    0.051912
9687    0.011001
9749    0.011388
9759    0.018850
9991    0.010574
10095    0.009926
10105    0.025490
10106    0.031029
10408    0.012788
10491    0.009499
10794    0.009174
10837    0.003519
11013    0.017217
11052    0.014165
11064    0.025265
11117    0.005546
11203    0.007878
11218    0.004784
11223    0.012788
11367    0.014698
11503    0.005216
11519    0.009072
11613    0.009675
11639    0.017930
11750    0.005989
11841    0.014760
12064    0.008879
12071    0.024385
12122    0.005613
12283    0.017612
12356    0.012633
12613    0.010198
12720    0.014698
12889    0.010255
12904    0.005859
13014    0.004917
13352    0.013519
13357    0.006261
13361    0.009174
13434    0.008121
13436    0.017217
13580    0.005448
13647    0.005932
14065    0.002642
14137    0.009278
14318    0.017217
14498    0.005951
14594    0.011713
14697    0.017217
15063    0.006394
15100    0.017930
15367    0.012788
15685    0.012206
15695    0.008359
15713    0.010343
15832    0.017217
16116    0.006641
16189    0.017217
16377    0.013928
16585    0.010398
16591    0.012206
16592    0.033668
16705    0.023434
16944    0.006027
17094    0.010655
17095    0.011493
17103    0.008166
17117    0.005464
17144    0.005041
17145    0.012788
17281    0.018863
17288    0.014165
17303    0.012206
17346    0.014698
17407    0.007200
17616    0.012484
17669    0.005307
17783    0.016635
17966    0.008608
18091    0.012633
18182    0.003449
18186    0.008400
18203    0.014861
18282    0.010399
18587    0.006858
18619    0.005751
18712    0.013308
18717    0.008166
18846    0.015340
18888    0.007491
18898    0.008481
18998    0.012076
19278    0.004011
19426    0.004391
19480    0.010495
19482    0.018850
19634    0.022186
19645    0.016142
19662    0.012484
19718    0.008523
19844    0.006274
20090    0.003794
20260    0.007603
20282    0.004890
20714    0.014742
20785    0.007583
20803    0.008876
20851    0.014165
20983    0.006985
21058    0.006549
21063    0.012633
21083    0.009332
21085    0.008786
21114    0.012484
21115    0.005246
21150    0.002550
21155    0.018046
21165    0.017930
21253    0.009833
21254    0.006959
21290    0.016257
