76
333    0.019680
661    0.048207
1099    0.027707
1490    0.042259
1741    0.014736
1746    0.024118
2120    0.024937
2287    0.037763
2432    0.013579
2604    0.054700
2947    0.028328
3050    0.021823
4135    0.033207
4240    0.032224
4380    0.030169
4461    0.029259
5075    0.013683
5202    0.025321
5515    0.021333
5545    0.050715
5675    0.042468
5763    0.044427
5977    0.021265
6414    0.042926
7377    0.022040
7524    0.022486
7753    0.021471
7833    0.020163
8019    0.018936
8489    0.032820
8596    0.020863
8698    0.046801
9411    0.014928
9445    0.053947
9447    0.060551
9484    0.030428
9687    0.038687
10105    0.022411
11218    0.016823
11334    0.023772
11468    0.027587
12110    0.021265
12118    0.071233
12591    0.023354
12668    0.033815
12675    0.024295
12880    0.026027
13143    0.062782
13737    0.060551
13987    0.063059
14323    0.027468
14439    0.018936
14742    0.008027
14749    0.026891
15367    0.044975
16125    0.070847
16585    0.004571
16592    0.084576
16724    0.027350
17105    0.045589
17111    0.033207
18182    0.012131
18282    0.012191
18319    0.026343
19173    0.037471
19410    0.029095
19664    0.039013
19773    0.019739
20090    0.013341
20282    0.034392
20460    0.027951
20540    0.032445
20803    0.015607
20841    0.020733
21264    0.032445
21290    0.028586
