57
161    0.047669
702    0.084002
716    0.062307
796    0.063024
1440    0.047388
2277    0.023695
2947    0.040664
3050    0.031327
3089    0.026946
3790    0.044587
4697    0.041414
5515    0.030623
5866    0.030235
6598    0.029122
6628    0.034875
6908    0.027914
6955    0.069201
7234    0.074203
7330    0.067524
7351    0.038928
7380    0.085636
7595    0.036631
7756    0.083980
8001    0.057492
8783    0.037212
9398    0.035395
9641    0.043242
10331    0.060962
10332    0.071509
11416    0.063024
12005    0.022702
12230    0.035003
12415    0.034747
12880    0.037361
13357    0.031610
14063    0.035133
14592    0.068160
14762    0.063774
15603    0.063024
16592    0.024281
16729    0.036793
17144    0.025451
17868    0.045062
17922    0.040123
18587    0.034621
18724    0.049782
18725    0.045550
18726    0.043029
18987    0.042201
19065    0.052594
19127    0.029484
19480    0.052983
20275    0.027666
20845    0.046054
21115    0.026483
21253    0.024821
21266    0.030525
