221
348    0.011732
568    0.009623
716    0.013796
796    0.013955
802    0.024995
1075    0.022519
1194    0.024594
1221    0.016120
1273    0.024995
1283    0.006674
1364    0.010618
1490    0.006716
1692    0.011911
1699    0.005936
1816    0.012617
1835    0.018045
1940    0.008548
2047    0.014199
2120    0.007926
2229    0.013644
2277    0.010493
2279    0.013499
2432    0.004316
2525    0.018045
2604    0.008693
2710    0.009256
2723    0.006982
2792    0.013499
2916    0.019247
2947    0.027013
3009    0.014296
3030    0.019247
3039    0.008273
3089    0.005967
3464    0.030185
3513    0.040087
3574    0.010142
3686    0.011562
3842    0.008111
3911    0.009213
3929    0.054135
4026    0.011562
4075    0.024801
4117    0.020044
4245    0.008548
4301    0.011169
4380    0.014384
4607    0.017568
4639    0.012297
4870    0.007722
5043    0.007356
5074    0.008306
5480    0.011562
5495    0.004795
5537    0.010683
5584    0.012848
5626    0.010618
5628    0.007147
5669    0.017147
5769    0.007052
5856    0.008018
5866    0.006695
6014    0.022519
6452    0.012848
6504    0.021071
6596    0.006293
6628    0.007722
7188    0.008845
7199    0.007722
7330    0.007476
7380    0.009481
7523    0.009623
7531    0.012977
7736    0.007346
7802    0.003313
8001    0.038191
8116    0.010842
8144    0.020044
8489    0.010432
8536    0.011095
8596    0.006632
8845    0.008807
9003    0.009170
9153    0.018426
9282    0.022428
9398    0.007837
9411    0.004745
9470    0.018596
9641    0.009575
9687    0.012297
9747    0.010142
9947    0.005830
9992    0.020044
10082    0.022519
10105    0.028494
10106    0.023124
10130    0.013644
10228    0.018596
10291    0.015093
10334    0.007270
10338    0.007147
10773    0.008512
10892    0.005589
11064    0.028243
11090    0.012730
11103    0.002836
11207    0.008964
11244    0.014296
11341    0.012297
11378    0.021071
11434    0.006869
11528    0.016546
11600    0.014479
11750    0.006695
11782    0.006199
11786    0.012297
12048    0.009623
12049    0.015569
12053    0.011562
12071    0.018173
12122    0.012548
12230    0.007751
12519    0.005967
12551    0.006508
12591    0.007423
12720    0.016431
12855    0.005781
12889    0.005732
12907    0.010032
13357    0.003500
13434    0.004539
13580    0.006090
14063    0.007779
14124    0.010032
14130    0.010618
14303    0.007196
14305    0.011399
14316    0.008175
14498    0.006653
14515    0.014876
14537    0.007029
14592    0.015093
14697    0.019247
14701    0.013644
14742    0.002551
14755    0.022519
15081    0.008924
15204    0.008306
15220    0.015834
15367    0.014296
15600    0.011321
15603    0.013955
15684    0.024007
15685    0.013644
15686    0.017769
15699    0.016771
15712    0.007987
15818    0.007611
15907    0.007529
15912    0.006448
15944    0.011646
16034    0.009345
16265    0.012003
16269    0.035732
16585    0.002906
16592    0.043013
16647    0.017568
16729    0.004073
16734    0.015041
16941    0.004672
16944    0.006738
17095    0.012848
17292    0.015734
17440    0.018596
17457    0.015834
17531    0.007123
17669    0.005932
17817    0.011646
17867    0.012969
17931    0.011480
17984    0.017568
18003    0.009528
18159    0.019150
18182    0.003856
18282    0.007750
18334    0.014876
18384    0.014876
18452    0.013224
18670    0.008693
18681    0.015834
18726    0.009528
18883    0.015332
19204    0.009925
19228    0.013644
19262    0.008477
19271    0.018513
19370    0.007957
19664    0.012401
19718    0.009528
19844    0.007014
20005    0.018596
20090    0.004241
20260    0.004250
20274    0.008693
20275    0.006126
20282    0.016398
20402    0.049989
20686    0.028243
20714    0.008240
20785    0.008477
20803    0.004961
20868    0.005511
20894    0.006891
20910    0.022191
20927    0.018163
20956    0.009925
20983    0.007808
21085    0.009821
21146    0.010372
21180    0.022519
21254    0.007779
