183
161    0.012794
333    0.007582
348    0.014221
370    0.012160
451    0.010583
455    0.010150
534    0.016192
568    0.011664
1072    0.014665
1099    0.010675
1207    0.017784
1240    0.009608
1242    0.010865
1283    0.016178
1286    0.018032
1364    0.012871
1415    0.012645
1490    0.008141
1604    0.013818
1699    0.003597
1762    0.007768
1919    0.021257
2014    0.012030
2015    0.027830
2047    0.034422
2102    0.007582
2277    0.012719
2587    0.014905
2744    0.008115
2792    0.065448
2882    0.022027
2947    0.010914
3089    0.014464
3090    0.012871
3743    0.009062
4195    0.008167
4240    0.006208
4245    0.010361
4289    0.016029
4380    0.005812
4512    0.015431
4730    0.014549
4870    0.009360
4911    0.024295
5043    0.004458
5517    0.018294
5567    0.008520
5605    0.022540
5623    0.016192
5628    0.008664
5769    0.008548
5856    0.009718
5898    0.014327
6133    0.021295
6305    0.016723
6365    0.019975
6628    0.009360
6827    0.012719
6908    0.007492
7010    0.014784
7380    0.011492
7464    0.016362
7753    0.008272
7988    0.014784
8019    0.007296
8262    0.019916
8323    0.010914
8505    0.012160
8845    0.010675
9003    0.011116
9209    0.006908
9282    0.018123
9873    0.009430
9936    0.014665
9947    0.007067
10130    0.016539
10333    0.013192
10837    0.014303
11014    0.022231
11181    0.008381
11283    0.012094
11371    0.018294
11570    0.009465
11684    0.014116
11962    0.019539
12071    0.011014
12084    0.012361
12133    0.016539
12232    0.016362
12283    0.017898
12551    0.007889
12668    0.013028
12820    0.014784
12855    0.007007
12889    0.006948
12894    0.014116
12900    0.012949
12904    0.015876
12927    0.010233
12932    0.013028
12978    0.013028
13298    0.013722
13357    0.004242
13515    0.017328
13547    0.017328
13568    0.011116
13760    0.017328
13896    0.015431
13939    0.008904
14054    0.028029
14065    0.007159
14108    0.019916
14124    0.012160
14137    0.012572
14387    0.017784
14406    0.018384
14498    0.016127
14537    0.008520
14607    0.010275
14742    0.006185
14749    0.010361
15029    0.016539
15229    0.013818
15623    0.011606
15684    0.014549
15685    0.016539
15686    0.010769
15928    0.010583
15943    0.019193
16030    0.011116
16148    0.014665
16269    0.014437
16585    0.015851
16592    0.006517
16668    0.016539
16705    0.007938
16707    0.010914
16734    0.006077
16862    0.010629
16923    0.008408
16941    0.011326
17051    0.008873
17281    0.008520
17292    0.028607
17484    0.005050
17669    0.007190
17875    0.012361
17878    0.024295
18159    0.011606
18167    0.004662
18182    0.009347
18256    0.015031
18329    0.017328
18356    0.027296
18526    0.018573
18587    0.009292
18619    0.007792
18725    0.012226
18883    0.009292
18948    0.016723
19125    0.022335
19127    0.015827
19226    0.007190
19229    0.019193
19256    0.027296
19271    0.011220
19383    0.014014
19844    0.005668
20090    0.010280
20260    0.012877
20275    0.007426
20282    0.006625
20432    0.013538
20671    0.014784
20678    0.016192
20762    0.029811
20844    0.006325
20927    0.007339
20963    0.018872
21058    0.008873
21150    0.003455
21247    0.004392
21253    0.019986
