198
252    0.023794
333    0.013219
661    0.016190
686    0.010775
688    0.018118
1099    0.009305
1128    0.013703
1173    0.013703
1184    0.007816
1283    0.007051
1490    0.014193
1699    0.003136
1733    0.038133
1762    0.020315
1862    0.010765
1914    0.017361
1940    0.009031
2081    0.017720
2173    0.007871
2277    0.016631
2432    0.004561
2604    0.018371
2723    0.007378
2909    0.012396
3029    0.011647
3030    0.020336
3050    0.007329
3089    0.006304
3096    0.012216
3099    0.017361
3327    0.011723
3341    0.016943
3349    0.021178
3464    0.015947
3472    0.015502
3513    0.021178
3664    0.013575
3754    0.012489
3842    0.008570
3929    0.019066
4033    0.019648
4156    0.026409
4176    0.013972
4198    0.014577
4380    0.010132
4467    0.010599
4586    0.016451
4980    0.014921
5044    0.011357
5355    0.015718
5515    0.007165
5563    0.010599
6313    0.036649
6361    0.018563
6588    0.015718
6596    0.006649
6598    0.006813
6628    0.008159
6864    0.013331
6891    0.013331
6984    0.007871
7117    0.011801
7147    0.016190
7149    0.019648
7438    0.028834
7508    0.011801
7523    0.010168
7650    0.009874
7651    0.016730
7778    0.021178
7833    0.006772
7902    0.013215
7909    0.025986
8001    0.013451
8050    0.020336
8144    0.021178
8417    0.008847
8489    0.022045
8500    0.005807
8581    0.005856
8584    0.026409
8596    0.007007
8622    0.007927
8709    0.022264
8711    0.009146
8981    0.016730
9009    0.012887
9126    0.011962
9411    0.030082
9484    0.030657
9687    0.012993
9947    0.006161
10105    0.060213
10106    0.012216
10603    0.026409
10837    0.008312
11064    0.044762
11117    0.006550
11218    0.011300
11377    0.026409
11434    0.007258
11588    0.014263
11639    0.021178
11744    0.007899
11841    0.004358
12071    0.019201
12194    0.017032
12230    0.008189
12283    0.010401
12286    0.015718
12591    0.007844
12927    0.008920
13071    0.026409
13143    0.010543
13236    0.019648
13352    0.023951
13357    0.003698
13434    0.011990
13451    0.011723
13580    0.006435
13948    0.023794
14014    0.012993
14176    0.019648
14316    0.025913
14391    0.011153
15100    0.021178
15358    0.019648
15367    0.030210
15500    0.013331
15686    0.009387
15713    0.012216
15770    0.026409
15910    0.009557
16039    0.019648
16116    0.007844
16207    0.011723
16309    0.018118
16437    0.011023
16585    0.004606
16591    0.028834
16592    0.039767
16705    0.013839
16734    0.005297
16944    0.007119
17095    0.027150
17117    0.006454
17144    0.011909
17281    0.007427
17288    0.033461
17303    0.014417
17345    0.011881
17358    0.015298
17406    0.018563
17451    0.010959
17531    0.007527
17582    0.016451
17984    0.018563
18087    0.022264
18182    0.008148
18186    0.009921
18204    0.013575
18319    0.008847
18399    0.018563
18567    0.022854
18587    0.008100
18596    0.017361
18619    0.013585
18681    0.016730
18883    0.008100
18888    0.008847
18901    0.012216
19212    0.010775
19246    0.021178
19254    0.052819
19278    0.004738
19322    0.022264
19328    0.013102
19557    0.013703
19634    0.013102
19636    0.019648
19648    0.013972
19664    0.013102
19718    0.010067
19976    0.021178
20088    0.012396
20090    0.008961
20260    0.004490
20282    0.011551
20305    0.013215
20673    0.023294
20797    0.015718
20803    0.005242
20827    0.013575
20868    0.005823
20902    0.008706
21114    0.014745
21253    0.011615
21266    0.007142
