246
161    0.009207
333    0.005456
348    0.010233
370    0.008750
451    0.007616
455    0.007304
534    0.011652
568    0.008394
706    0.019643
1072    0.010553
1190    0.010085
1207    0.012798
1240    0.006914
1242    0.007819
1276    0.010158
1283    0.011642
1286    0.012976
1304    0.010013
1309    0.007159
1364    0.009262
1415    0.009100
1490    0.005858
1604    0.009943
1699    0.002589
1762    0.005590
1919    0.015297
2014    0.008657
2015    0.020027
2047    0.024771
2102    0.005456
2277    0.009153
2587    0.010726
2744    0.005840
2792    0.047098
2882    0.015851
2968    0.010233
3089    0.026022
3090    0.009262
3341    0.006994
3567    0.005130
3743    0.006521
3792    0.013812
3804    0.034967
4023    0.005440
4168    0.020467
4202    0.009262
4240    0.008935
4245    0.007456
4362    0.009262
4380    0.008365
4512    0.022209
4730    0.010470
4870    0.006736
4899    0.006453
4911    0.017484
5043    0.003208
5202    0.014041
5517    0.013165
5567    0.006131
5605    0.016220
5623    0.011652
5628    0.012469
5769    0.006151
5856    0.006994
5866    0.005840
5898    0.010310
6133    0.015324
6305    0.012034
6365    0.014375
6372    0.005189
6403    0.010639
6628    0.006736
6767    0.015324
6827    0.009153
6908    0.005391
7010    0.010639
7377    0.006111
7380    0.008270
7456    0.007364
7464    0.011775
7486    0.007890
7712    0.010910
7753    0.005953
7927    0.026330
7988    0.010639
8001    0.011104
8019    0.005250
8262    0.014332
8323    0.007854
8454    0.018380
8505    0.008750
8783    0.007187
8845    0.007682
9003    0.007999
9016    0.007784
9200    0.005934
9209    0.004971
9248    0.015740
9282    0.013042
9377    0.019643
9398    0.013673
9631    0.008311
9641    0.008352
9873    0.006786
9936    0.010553
9947    0.005086
10013    0.013165
10041    0.021802
10130    0.011902
10231    0.019643
10333    0.009493
10837    0.006862
10840    0.007425
10892    0.004875
11014    0.015998
11181    0.006031
11283    0.008703
11371    0.013165
11569    0.006193
11570    0.006811
11684    0.010158
11962    0.014061
12047    0.013581
12071    0.007926
12084    0.008895
12133    0.011902
12232    0.011775
12283    0.012880
12356    0.012318
12551    0.005677
12668    0.009375
12820    0.010639
12853    0.006940
12855    0.005042
12880    0.007216
12889    0.005000
12894    0.010158
12900    0.009318
12904    0.011425
12927    0.007364
12928    0.007962
12932    0.009375
12978    0.009375
13298    0.009875
13357    0.006105
13484    0.017046
13515    0.012470
13547    0.012470
13568    0.007999
13760    0.012470
13896    0.011104
13939    0.006408
14054    0.020170
14065    0.005151
14108    0.014332
14124    0.008750
14137    0.009047
14358    0.011207
14387    0.012798
14406    0.006615
14498    0.011606
14537    0.006131
14604    0.013993
14607    0.007394
14742    0.002225
14749    0.007456
15029    0.011902
15089    0.016220
15093    0.018380
15604    0.009808
15623    0.008352
15684    0.010470
15685    0.011902
15686    0.007750
15796    0.034967
15859    0.016220
15928    0.007616
15943    0.013812
16030    0.015998
16047    0.011902
16048    0.011535
16148    0.010553
16269    0.010389
16585    0.017744
16592    0.004690
16668    0.011902
16700    0.014957
16705    0.005713
16707    0.007854
16734    0.004373
16862    0.007649
16923    0.012101
16941    0.008150
16944    0.005877
17051    0.006386
17118    0.017484
17281    0.012262
17292    0.027448
17484    0.003634
17669    0.005174
17875    0.008895
17878    0.017484
18159    0.008352
18167    0.003355
18182    0.006727
18256    0.010817
18328    0.014061
18329    0.012470
18356    0.019643
18526    0.013366
18587    0.006687
18619    0.011215
18725    0.008798
18841    0.008436
18883    0.006687
18948    0.012034
19125    0.024109
19127    0.005695
19212    0.017790
19229    0.013812
19256    0.019643
19271    0.008074
19327    0.005145
19383    0.010085
19460    0.005057
19559    0.032441
19844    0.004079
20090    0.007398
20260    0.009267
20275    0.005344
20282    0.004768
20420    0.011902
20432    0.009742
20671    0.010639
20678    0.011652
20762    0.021453
20785    0.014788
20844    0.004552
20927    0.005281
20993    0.007819
21058    0.006386
21122    0.007159
21150    0.002486
21247    0.003161
21253    0.014382
21259    0.009678
