36
483    0.101352
1486    0.090780
2113    0.070991
2396    0.047163
4774    0.082123
5043    0.025745
5495    0.033563
6492    0.101352
8446    0.047466
8630    0.060123
9411    0.033216
11181    0.048398
11861    0.130169
12005    0.035188
12064    0.069475
12307    0.105785
12309    0.064795
12331    0.100069
12675    0.108111
13014    0.038473
13351    0.041048
13357    0.024498
14425    0.041166
14435    0.157634
15140    0.047928
15466    0.061648
16729    0.028514
16907    0.048716
17072    0.091658
17643    0.054056
18411    0.146049
18693    0.140305
19410    0.032368
19822    0.095511
20754    0.140305
21307    0.057000
