164
161    0.014631
333    0.008671
796    0.019344
1071    0.029207
1184    0.010254
1314    0.017976
1699    0.004114
1707    0.012771
1845    0.016770
1878    0.020920
2052    0.034646
2253    0.031215
2277    0.007273
2609    0.013207
2684    0.011654
2690    0.020620
2706    0.009647
2747    0.015912
3029    0.015280
3050    0.009615
3089    0.016541
3371    0.021948
3406    0.031215
3613    0.026679
3726    0.012102
3727    0.020070
3774    0.022345
3912    0.016770
4362    0.014719
4380    0.019938
4775    0.023247
4871    0.014460
4899    0.010254
5075    0.006029
5093    0.014295
5202    0.011156
5414    0.037109
5415    0.012538
5495    0.013292
5528    0.053357
5567    0.009743
5573    0.016262
5623    0.018517
5628    0.009907
5838    0.029207
5865    0.015586
5879    0.026812
5899    0.030363
5991    0.038134
6114    0.024352
6372    0.008246
6767    0.024352
7010    0.016906
7168    0.006895
7172    0.034646
7199    0.010704
7325    0.015380
7377    0.009711
7460    0.015085
7832    0.025013
8222    0.020920
8275    0.013142
8281    0.016770
8581    0.007682
8630    0.005953
8781    0.010665
8783    0.011422
8918    0.011467
9088    0.024352
9210    0.012953
9398    0.010864
9631    0.013207
9873    0.010783
10259    0.018150
10338    0.019815
10892    0.007746
10897    0.010112
11195    0.021948
11213    0.011029
11271    0.012207
11444    0.024522
11569    0.019682
11889    0.015085
12118    0.015692
12192    0.031215
12283    0.006822
12319    0.019124
12415    0.010665
12557    0.034646
12604    0.058415
12894    0.016143
13297    0.022345
13356    0.018913
13357    0.014553
13482    0.013272
14065    0.004093
14314    0.014631
14320    0.011750
14406    0.010511
14490    0.016510
14604    0.007412
14742    0.003537
14944    0.014058
15102    0.021948
15210    0.012315
15500    0.017489
15684    0.016638
15818    0.010549
15821    0.014991
15889    0.018150
15912    0.008938
16026    0.029982
16030    0.012711
16064    0.021240
16337    0.018913
16585    0.002014
16592    0.022358
16729    0.005646
16880    0.023796
16923    0.009615
17037    0.010946
17105    0.010043
17118    0.027783
17127    0.026679
17144    0.007812
17201    0.019816
17281    0.029229
17292    0.010905
17506    0.050026
17932    0.022345
17947    0.019344
18182    0.005345
18282    0.005371
18394    0.034646
18476    0.019816
18567    0.014991
18584    0.022775
18639    0.034646
18882    0.007473
18962    0.016262
19046    0.013339
19065    0.016143
19124    0.018517
19225    0.011654
19366    0.004815
19410    0.006410
19444    0.033019
19453    0.011654
19841    0.021240
19915    0.027783
20090    0.005878
20260    0.029452
20282    0.007576
20559    0.017646
20785    0.011750
20803    0.006876
20836    0.025013
20868    0.007640
20927    0.008392
20993    0.012425
21094    0.016026
21115    0.008128
21253    0.038092
21259    0.015380
