298
219    0.004115
333    0.003711
457    0.006016
504    0.008279
583    0.008184
1194    0.007295
1262    0.006083
1275    0.007485
1283    0.031671
1286    0.026474
1364    0.006299
1383    0.010422
1436    0.016024
1455    0.007925
1604    0.006762
1691    0.004720
1699    0.005282
1706    0.022063
1873    0.007845
1919    0.005202
1941    0.004756
2008    0.006859
2040    0.011031
2047    0.004212
2102    0.003711
2174    0.006960
2277    0.012450
2609    0.005652
2688    0.005179
2706    0.004129
2714    0.007552
2744    0.003971
2745    0.013211
2792    0.032031
2806    0.005224
3009    0.008480
3039    0.024538
3089    0.003539
3492    0.011890
3510    0.009393
3567    0.006977
3607    0.008589
3694    0.008825
3805    0.014827
4128    0.009090
4195    0.003997
4245    0.005071
4303    0.010705
4362    0.012598
4377    0.008704
4380    0.011377
4383    0.006189
4467    0.005951
4536    0.018566
4537    0.047561
4639    0.007295
4703    0.012500
4871    0.006189
4877    0.008704
4879    0.025000
5043    0.008727
5074    0.004927
5075    0.002580
5212    0.005135
5440    0.005767
5524    0.007845
5549    0.006456
5567    0.004170
5573    0.006960
5623    0.007925
5628    0.012720
5769    0.008367
5856    0.004756
5866    0.003971
5867    0.009949
5876    0.009563
5879    0.005737
5898    0.007012
6004    0.014827
6275    0.009090
6305    0.008184
6365    0.009776
6372    0.007058
6394    0.009393
6429    0.011967
6596    0.003733
6598    0.003825
7168    0.002951
7199    0.004581
7310    0.010705
7351    0.005113
7364    0.014839
7380    0.011249
7408    0.007845
7456    0.005008
7463    0.016961
7489    0.009090
7595    0.004812
7598    0.008589
7636    0.006118
7653    0.012500
7683    0.010172
7753    0.008097
7899    0.013359
7965    0.006810
8019    0.003571
8025    0.004062
8043    0.009090
8107    0.006781
8148    0.020844
8260    0.007925
8375    0.008953
8442    0.005624
8581    0.006575
8634    0.013359
8712    0.007693
8845    0.005224
9016    0.026469
9037    0.009949
9105    0.008825
9214    0.006810
9282    0.004435
9304    0.007235
9347    0.010422
9398    0.004649
9533    0.004615
9644    0.006225
9663    0.008377
9747    0.006016
10052    0.010172
10130    0.016188
10145    0.008589
10290    0.010270
10334    0.008626
10335    0.008377
10338    0.012720
10341    0.007845
10354    0.015882
10445    0.006299
10837    0.002333
10892    0.003315
11146    0.004947
11162    0.010705
11163    0.013359
11180    0.003325
11213    0.004720
11218    0.003172
11355    0.002882
11371    0.008953
11493    0.011031
11503    0.003459
11528    0.004908
11572    0.022063
11613    0.006416
11614    0.013359
11684    0.006909
11747    0.005517
11786    0.007295
11840    0.011890
12045    0.012674
12049    0.009236
12084    0.012099
12122    0.003722
12230    0.004598
12283    0.005839
12508    0.007485
12565    0.010705
12853    0.004720
12855    0.003429
12880    0.004908
12889    0.006800
12894    0.006909
12899    0.014827
12941    0.008589
12987    0.002128
13298    0.006716
13357    0.022837
13434    0.004039
13484    0.023185
13529    0.006262
13554    0.008825
13580    0.007225
13701    0.022835
13760    0.016961
13930    0.008480
13983    0.008008
14063    0.018460
14093    0.006299
14124    0.005951
14197    0.029655
14239    0.010705
14279    0.011031
14314    0.006262
14406    0.008997
14425    0.003489
14498    0.043411
14515    0.017650
14592    0.008953
14726    0.014470
14742    0.001514
14749    0.010141
14762    0.008377
14773    0.007552
14824    0.007012
14917    0.014590
15009    0.007356
15032    0.013164
15033    0.006859
15210    0.010541
15334    0.007121
15503    0.011838
15556    0.006376
15623    0.005680
15684    0.007121
15686    0.036893
15712    0.014214
15822    0.004404
15928    0.005179
15948    0.011890
16019    0.011031
16028    0.020344
16094    0.005543
16154    0.009949
16371    0.006189
16575    0.006497
16585    0.014653
16592    0.003190
16668    0.008094
16729    0.002416
16823    0.013359
16862    0.005202
16908    0.013359
16923    0.008230
16941    0.022172
16942    0.014827
16944    0.003997
16955    0.005796
16959    0.004466
17025    0.006189
17037    0.004684
17044    0.006497
17059    0.007066
17144    0.003343
17292    0.009334
17407    0.004775
17418    0.011418
17484    0.004943
17524    0.011653
17528    0.014827
17568    0.013359
17669    0.007038
17836    0.008279
17935    0.011031
18005    0.003779
18136    0.009949
18138    0.006153
18167    0.004563
18326    0.005888
18367    0.013359
18435    0.010495
18493    0.007845
18565    0.008704
18587    0.004548
18619    0.019068
18724    0.006539
18728    0.008094
19125    0.005465
19128    0.005415
19226    0.003519
19262    0.005029
19278    0.002660
19567    0.008704
19682    0.010705
19844    0.002774
20226    0.007621
20260    0.010084
20274    0.010314
20275    0.003634
20281    0.010731
20444    0.014827
20560    0.008377
20563    0.016015
20642    0.007621
20713    0.004010
20762    0.029179
20768    0.003489
20803    0.002943
20868    0.013078
20910    0.006582
20927    0.010775
20975    0.012500
20993    0.005318
21035    0.012500
21155    0.005983
21243    0.003362
21253    0.006521
21296    0.014839
21341    0.017407
