84
1276    0.068649
1283    0.019670
1314    0.076447
1940    0.025193
2277    0.030928
3298    0.032489
3315    0.034838
3341    0.023631
3804    0.059076
4023    0.018381
4168    0.034578
4362    0.031296
4380    0.014132
4450    0.019986
4467    0.029567
5217    0.035947
5313    0.051780
5495    0.014132
5628    0.021066
5866    0.019732
6628    0.022760
6864    0.037187
7456    0.024882
7464    0.039786
7524    0.021066
7825    0.073669
8019    0.017740
8025    0.040360
8489    0.030747
8711    0.025514
8727    0.054808
8774    0.031679
10105    0.020995
10338    0.021066
10892    0.016471
11757    0.024679
11889    0.032076
12048    0.028363
12071    0.026781
12110    0.019922
12230    0.022844
12853    0.023451
12880    0.048766
12883    0.073669
12889    0.016893
13014    0.016199
13143    0.029409
13357    0.010315
13484    0.028798
14117    0.054808
14498    0.019607
14920    0.038223
15133    0.048428
15551    0.026659
15554    0.043244
15712    0.023540
15751    0.051780
15796    0.059076
16117    0.026302
16585    0.004282
16592    0.015847
16766    0.028651
16923    0.020445
16941    0.027540
17292    0.023187
18182    0.022729
18386    0.056727
18619    0.018948
18962    0.034578
19127    0.019242
19246    0.059076
19278    0.013216
19328    0.036549
19426    0.014468
19664    0.036549
19844    0.006891
20090    0.024997
20260    0.025050
20420    0.040215
20629    0.036549
20993    0.026420
21057    0.024985
21254    0.022929
21266    0.019922
