423
348    0.004415
567    0.006612
603    0.009407
1056    0.007930
1097    0.003151
1171    0.007543
1214    0.006184
1242    0.003373
1363    0.006791
1382    0.004415
1451    0.002239
1477    0.003389
1597    0.038720
1598    0.018813
1599    0.061836
1689    0.002994
1707    0.006935
1762    0.002412
1781    0.005314
1787    0.009407
1921    0.005959
2174    0.004415
2283    0.003775
2292    0.003817
2344    0.002272
2345    0.004448
2432    0.001624
2496    0.005859
2497    0.023067
2710    0.003484
2737    0.022613
2744    0.002520
2747    0.004320
2770    0.009407
2773    0.006791
2819    0.002983
2931    0.011533
3089    0.002245
3193    0.005252
3318    0.005449
3357    0.006998
3393    0.008766
3593    0.002708
3632    0.007719
3743    0.002813
3831    0.017300
3903    0.003551
3915    0.020769
4194    0.006998
4202    0.003996
4319    0.004667
4450    0.002552
4498    0.007243
4500    0.004176
4522    0.023977
4578    0.004835
4581    0.004448
4586    0.005859
4636    0.008702
4637    0.009256
4652    0.005380
4774    0.004415
4790    0.006791
4872    0.004320
5047    0.021914
5074    0.003126
5093    0.003881
5170    0.005080
5211    0.004176
5212    0.003258
5214    0.005680
5219    0.011719
5399    0.009761
5477    0.013582
5495    0.001804
5501    0.001867
5577    0.005959
5614    0.003230
5688    0.009407
5717    0.003658
5718    0.003903
5719    0.013359
5720    0.007930
5722    0.006453
5725    0.004070
5771    0.005599
5856    0.003017
5924    0.004448
5925    0.005192
6014    0.008475
6050    0.009610
6131    0.007543
6132    0.006184
6199    0.009407
6372    0.002239
6588    0.005599
6622    0.006067
6655    0.003640
6673    0.012133
6756    0.003551
6758    0.004103
6761    0.005154
6786    0.018813
6907    0.005859
6908    0.004652
7011    0.006453
7106    0.006453
7129    0.004791
7142    0.004122
7168    0.005616
7178    0.011847
7180    0.004448
7192    0.004020
7239    0.008475
7241    0.004482
7250    0.009407
7254    0.005380
7325    0.004176
7393    0.008407
7441    0.009035
7531    0.007326
7566    0.009407
7569    0.004881
7585    0.008475
7600    0.004232
7619    0.002950
7631    0.003735
8021    0.003568
8025    0.002577
8193    0.005859
8212    0.005522
8256    0.018813
8323    0.020332
8446    0.002552
8448    0.005252
8496    0.005680
8500    0.004137
8534    0.003029
8568    0.002097
8581    0.006257
8594    0.003622
8596    0.002496
8630    0.016162
8637    0.008475
8729    0.010760
8759    0.009407
8781    0.005791
8964    0.011147
9005    0.004977
9075    0.009407
9118    0.002972
9135    0.009407
9165    0.008475
9200    0.002560
9209    0.004290
9451    0.028220
9455    0.004590
9490    0.005767
9533    0.002928
9727    0.008475
9730    0.009407
9739    0.004628
9798    0.005273
9803    0.015756
9873    0.002928
9945    0.004020
9947    0.002194
9979    0.019907
9980    0.003949
9981    0.006184
10010    0.007930
10074    0.002699
10186    0.009414
10244    0.004482
10251    0.005080
10261    0.025896
10290    0.003258
10420    0.003775
10422    0.004070
10482    0.008475
10512    0.018813
10578    0.008244
10679    0.015087
10846    0.003151
10892    0.002103
10931    0.009407
10932    0.173498
10933    0.047033
10934    0.009407
10935    0.008475
10942    0.015886
10943    0.017930
10967    0.009407
11007    0.004748
11071    0.005767
11119    0.015860
11180    0.002109
11181    0.007806
11182    0.004667
11201    0.004452
11213    0.002994
11241    0.012367
11242    0.006184
11400    0.006067
11439    0.003838
11468    0.003300
11503    0.010971
11517    0.006453
11519    0.003817
11528    0.003113
11581    0.007592
11683    0.001772
11747    0.007000
11750    0.002520
11841    0.003105
11987    0.005767
12109    0.004203
12205    0.018813
12245    0.007440
12307    0.019906
12309    0.003484
12415    0.002896
12455    0.005380
12464    0.006184
12530    0.006998
12675    0.031968
12684    0.001980
12765    0.005877
12855    0.008702
12857    0.005859
12864    0.002928
12867    0.004320
12869    0.006067
12920    0.004835
12927    0.003177
12952    0.004517
12987    0.008101
12999    0.003097
13008    0.004096
13125    0.004320
13226    0.009407
13228    0.003017
13298    0.004261
13306    0.015087
13320    0.007243
13351    0.008828
13434    0.002562
13501    0.002390
13886    0.011735
13892    0.004881
13893    0.006067
13897    0.008830
13910    0.002585
13939    0.002765
14014    0.004628
14065    0.003334
14200    0.004020
14303    0.002708
14339    0.003622
14439    0.011326
14490    0.008965
14527    0.004881
14537    0.002645
14538    0.003838
14539    0.008351
14604    0.008050
14677    0.007930
14742    0.002881
14745    0.004314
14746    0.003755
14785    0.005449
14817    0.010270
14821    0.021730
14822    0.009407
14874    0.003389
14969    0.007543
15014    0.009407
15016    0.003881
15032    0.004176
15063    0.002690
15203    0.009407
15204    0.003126
15207    0.004835
15229    0.008580
15378    0.005449
15439    0.006184
15474    0.005599
15476    0.009407
15488    0.003622
15492    0.005599
15504    0.007543
15555    0.006488
15571    0.005380
15600    0.004261
15659    0.006184
15672    0.005027
15694    0.006312
15704    0.006312
15705    0.006067
15712    0.003006
15779    0.013770
15794    0.007243
15910    0.003404
15912    0.004854
15913    0.006612
15927    0.003926
15936    0.005252
16000    0.008475
16012    0.009334
16026    0.008140
16042    0.007243
16063    0.003716
16116    0.008381
16167    0.004928
16237    0.002585
16307    0.007243
16371    0.003926
16480    0.009407
16486    0.004628
16501    0.005529
16578    0.004383
16585    0.000547
16729    0.001533
16734    0.013208
16772    0.003817
16928    0.007243
16941    0.003517
16944    0.002536
16950    0.004517
16955    0.003677
16989    0.006998
16995    0.015087
17037    0.002972
17067    0.003881
17072    0.009856
17074    0.059785
17075    0.018292
17079    0.027767
17206    0.008475
17273    0.006791
17312    0.018813
17484    0.001568
17526    0.006998
17531    0.002681
17643    0.005812
17797    0.006184
17846    0.004232
17873    0.004628
17916    0.006871
18003    0.007171
18087    0.007930
18091    0.005314
18098    0.003755
18179    0.003358
18180    0.005080
18182    0.001451
18198    0.011360
18383    0.002928
18435    0.006658
18493    0.009953
18526    0.005767
18652    0.004884
18882    0.002029
18883    0.005770
18901    0.004351
19065    0.004383
19097    0.003696
19106    0.004176
19112    0.005080
19160    0.009407
19177    0.002699
19225    0.006328
19226    0.015627
19228    0.005135
19244    0.009407
19262    0.003190
19265    0.005314
19278    0.001688
19298    0.007543
19329    0.005522
19366    0.001307
19411    0.009414
19416    0.003203
19460    0.004364
19474    0.005959
19536    0.005859
19844    0.001760
19894    0.004881
19905    0.004553
19908    0.006791
19913    0.007543
20055    0.006791
20090    0.003192
20096    0.008475
20256    0.005027
20260    0.001599
20297    0.005859
20464    0.005647
20481    0.004448
20487    0.011360
20587    0.007945
20594    0.007543
20601    0.003258
20717    0.004795
20768    0.015493
20807    0.004045
20812    0.007543
20848    0.002442
20859    0.004835
20868    0.004148
20901    0.005834
20927    0.002279
20956    0.003735
21005    0.003006
21058    0.002755
21115    0.002207
21129    0.004242
21135    0.004881
21150    0.005363
21306    0.007393
21307    0.015323
21310    0.007633
21334    0.018813
