376
1    0.006402
147    0.003918
333    0.003336
370    0.005350
451    0.004656
455    0.004466
457    0.005409
534    0.007125
568    0.005132
653    0.006614
686    0.005439
701    0.009145
708    0.008445
709    0.009145
761    0.013330
1097    0.004466
1099    0.004697
1194    0.006558
1204    0.004617
1283    0.021356
1304    0.006123
1345    0.007443
1411    0.016890
1439    0.006670
1490    0.003582
1587    0.009370
1699    0.003166
1725    0.012608
1762    0.003418
1846    0.004656
1859    0.005564
1862    0.005434
1940    0.004559
2008    0.006166
2014    0.005293
2047    0.007573
2102    0.003336
2106    0.008945
2116    0.007624
2117    0.007443
2120    0.004227
2277    0.013991
2292    0.005409
2344    0.006439
2396    0.003593
2432    0.002302
2558    0.007277
2572    0.012010
2587    0.006558
2604    0.004636
2706    0.014847
2710    0.004937
2723    0.011172
2784    0.008445
2872    0.005997
2882    0.004846
2942    0.010690
2947    0.024011
3009    0.007624
3039    0.013236
3043    0.005997
3050    0.011099
3051    0.018291
3089    0.006364
3090    0.005663
3286    0.007277
3338    0.005804
3371    0.016890
3404    0.010690
3437    0.010690
3493    0.008763
3635    0.005564
3727    0.007722
3733    0.005322
3962    0.012010
4150    0.005768
4196    0.010690
4258    0.003700
4289    0.007053
4380    0.007672
4383    0.011128
4390    0.005322
4400    0.008763
4445    0.010265
4450    0.007233
4467    0.005350
4536    0.005564
4545    0.007277
4662    0.004718
4684    0.019835
4817    0.007199
4867    0.010690
4876    0.013330
4887    0.009624
4899    0.003945
4949    0.005697
5043    0.005885
5137    0.007934
5179    0.013579
5202    0.021463
5206    0.006402
5217    0.006505
5292    0.008304
5357    0.010265
5515    0.003616
5517    0.008049
5567    0.003749
5573    0.025028
5602    0.006211
5678    0.007934
5820    0.005997
5866    0.010712
5879    0.005158
5881    0.006917
5899    0.005841
5918    0.016099
6028    0.009624
6038    0.007199
6171    0.007199
6262    0.005350
6305    0.007358
6307    0.010690
6429    0.005379
6588    0.007934
6598    0.003439
6707    0.004521
6827    0.005596
6978    0.008597
6983    0.007199
7228    0.006453
7351    0.009194
7377    0.007473
7379    0.006983
7380    0.005057
7725    0.014554
7736    0.003918
7772    0.009145
7820    0.009370
7832    0.019248
7833    0.003418
7924    0.010265
7927    0.008049
7931    0.009370
8006    0.009918
8019    0.006420
8025    0.003652
8069    0.007277
8110    0.008945
8260    0.014249
8275    0.005057
8378    0.008049
8407    0.005768
8455    0.008172
8489    0.005564
8534    0.004293
8630    0.002290
8781    0.008207
8828    0.007825
8845    0.004697
8984    0.005238
9016    0.009519
9088    0.009370
9118    0.004211
9210    0.004984
9249    0.010265
9411    0.002531
9485    0.009918
9533    0.008298
9641    0.005107
9812    0.004656
9824    0.006729
9947    0.003110
9990    0.009145
10074    0.007650
10105    0.007598
10146    0.006402
10338    0.003812
10397    0.005469
10420    0.005350
10697    0.006257
10773    0.004540
10775    0.017889
10790    0.006352
10803    0.010643
10837    0.008391
11014    0.004891
11052    0.008445
11103    0.001512
11117    0.003306
11203    0.004697
11289    0.005032
11344    0.006304
11401    0.014399
11416    0.007443
11422    0.008304
11531    0.004502
11569    0.003786
11683    0.002511
11889    0.005804
11961    0.008304
12005    0.002681
12048    0.005132
12079    0.009918
12110    0.007210
12118    0.006038
12139    0.010265
12161    0.007934
12167    0.013458
12277    0.007053
12283    0.005250
12365    0.004984
12413    0.006729
12415    0.008207
12480    0.007531
12505    0.004824
12579    0.010265
12613    0.006080
12626    0.009624
12880    0.008824
12889    0.006114
13050    0.003366
13143    0.010643
13151    0.007199
13180    0.008945
13260    0.010690
13298    0.006038
13311    0.005841
13348    0.005439
13353    0.005158
13355    0.006201
13357    0.013066
13379    0.010690
13434    0.001210
13466    0.003119
13568    0.004891
13580    0.003248
13707    0.009624
13909    0.005266
13926    0.007199
14065    0.004725
14093    0.005663
14124    0.005350
14237    0.013704
14260    0.008172
14304    0.006038
14316    0.004360
14320    0.004521
14355    0.009370
14406    0.004044
14439    0.003210
14498    0.014192
14499    0.011238
14604    0.005704
14607    0.009042
14642    0.008597
14824    0.006304
15033    0.006166
15089    0.009918
15095    0.009370
15209    0.007053
15210    0.009477
15329    0.013330
15334    0.006402
15387    0.008304
15432    0.008945
15466    0.004697
15500    0.006729
15686    0.014215
15706    0.008304
15778    0.004984
15802    0.010265
15807    0.007053
15820    0.004617
15908    0.006983
15987    0.010265
16029    0.005266
16272    0.007934
16575    0.005841
16585    0.007749
16592    0.008603
16705    0.003493
16707    0.004802
16714    0.007531
16729    0.002173
16767    0.007722
16825    0.012010
16880    0.004578
16885    0.006123
16938    0.009624
16941    0.012459
16982    0.009918
17037    0.008423
17051    0.003904
17108    0.005132
17234    0.008945
17281    0.033738
17288    0.008445
17292    0.008391
17345    0.005997
17484    0.002222
17531    0.003799
17552    0.015868
17623    0.010265
17669    0.003164
17776    0.009624
17922    0.004738
17931    0.006123
17944    0.008445
18003    0.005081
18159    0.005107
18182    0.004113
18186    0.005008
18282    0.006200
18296    0.011238
18317    0.005350
18329    0.007624
18385    0.007934
18567    0.005768
18579    0.007277
18580    0.005918
18587    0.004089
18619    0.006857
18648    0.010690
18652    0.003460
18725    0.005379
18883    0.004089
18940    0.006453
18962    0.006257
18963    0.011238
19125    0.004914
19127    0.006964
19128    0.004868
19278    0.002391
19328    0.006614
19366    0.001853
19402    0.019248
19537    0.008597
19640    0.005500
19652    0.007199
19673    0.009370
19772    0.004540
19820    0.004502
19844    0.004988
19871    0.007624
20005    0.009918
20090    0.004523
20260    0.013599
20275    0.006534
20282    0.002915
20296    0.011238
20305    0.006670
20432    0.005957
20433    0.023166
20554    0.007531
20700    0.007125
20762    0.013117
20768    0.003136
20785    0.009042
20786    0.011238
20789    0.008763
20840    0.013330
20844    0.002783
20855    0.008304
20882    0.008763
20964    0.004074
20990    0.009918
21098    0.008945
21118    0.005158
21129    0.003006
21150    0.003040
21155    0.005379
21172    0.007277
21174    0.009918
21243    0.003023
21253    0.005863
21254    0.020745
