238
333    0.005560
501    0.022217
523    0.009863
526    0.014605
621    0.007794
638    0.012870
653    0.022045
702    0.008267
706    0.020017
978    0.009015
1017    0.023278
1075    0.020017
1283    0.005932
1691    0.014145
1762    0.005697
1837    0.022217
1919    0.007794
2092    0.010754
2120    0.007046
2216    0.021014
2263    0.013621
2277    0.004664
2432    0.003837
2620    0.022217
2691    0.011874
2706    0.006186
2968    0.010428
3285    0.017817
3327    0.009863
3340    0.012870
3454    0.022217
3464    0.013416
3625    0.022217
3726    0.007761
3842    0.007210
3929    0.016040
4009    0.022217
4023    0.005544
4028    0.008965
4078    0.020017
4099    0.031761
4300    0.021861
4361    0.022217
4380    0.008524
4383    0.009273
4390    0.008869
4398    0.012870
4614    0.016040
4634    0.022217
4728    0.022217
4917    0.018730
5053    0.020017
5075    0.003866
5202    0.014308
5290    0.016529
5532    0.005560
5753    0.022217
5866    0.005951
6310    0.014908
6313    0.010277
6424    0.020017
6467    0.013840
6596    0.005594
6598    0.005732
6844    0.008641
6978    0.014329
7010    0.010841
7173    0.018231
7377    0.006227
7406    0.011639
7429    0.013416
7524    0.025413
7525    0.015616
7571    0.008685
7636    0.009167
7644    0.010670
7650    0.008306
7682    0.022217
7860    0.012552
7896    0.008822
7926    0.013042
7944    0.015616
7946    0.016040
7948    0.020408
8001    0.011316
8144    0.035633
8223    0.009798
8274    0.020017
8417    0.007443
8489    0.009273
8534    0.007154
8745    0.016040
8857    0.112379
8860    0.080068
9002    0.010277
9136    0.009613
9153    0.008189
9210    0.008306
9247    0.016040
9398    0.006967
9411    0.008436
9454    0.006440
9484    0.008597
9485    0.033059
9518    0.004727
9588    0.020017
9638    0.018730
9810    0.022217
10105    0.050656
10106    0.030832
10508    0.012405
10578    0.009736
10611    0.009382
10837    0.003496
11064    0.025105
11201    0.005258
11207    0.007968
11244    0.012707
11334    0.013433
11355    0.004318
11387    0.013621
11567    0.009674
11580    0.066652
11588    0.023998
11613    0.009613
11641    0.020017
11782    0.005511
11938    0.012128
12071    0.008077
12074    0.014075
12110    0.024033
12118    0.010063
12122    0.005577
12128    0.022217
12163    0.017108
12286    0.013223
12514    0.044435
12591    0.013197
12618    0.009327
12671    0.034216
12720    0.029210
12765    0.006941
12880    0.014707
12889    0.035664
12927    0.007504
12928    0.008114
12974    0.008428
12999    0.003657
13143    0.017739
13350    0.015242
13353    0.008597
13357    0.003111
13451    0.009863
13580    0.005413
13691    0.011999
13777    0.012707
13866    0.009220
14065    0.005250
14219    0.018730
14303    0.006397
14316    0.021800
14387    0.013042
14391    0.009382
14498    0.011827
14517    0.017108
14789    0.014605
15033    0.010277
15358    0.016529
15379    0.018730
15497    0.007443
15600    0.010063
15609    0.017108
15686    0.007897
15713    0.010277
15728    0.013840
15783    0.029588
15821    0.009613
15831    0.014075
16094    0.008306
16125    0.020017
16199    0.022217
16585    0.011624
16591    0.024257
16592    0.009558
16595    0.017817
16871    0.015616
16944    0.005989
17037    0.007019
17095    0.022840
17105    0.006440
17347    0.018439
17407    0.007154
17484    0.007407
17531    0.006332
17669    0.005273
17814    0.007238
17821    0.007828
17829    0.011117
17966    0.008554
18005    0.005662
18186    0.008346
18211    0.017817
18282    0.003444
18319    0.007443
18392    0.013621
18399    0.015616
18569    0.012128
18619    0.017143
18652    0.005767
18955    0.014329
19204    0.008822
19226    0.005273
19248    0.013042
19278    0.003986
19327    0.010485
19328    0.011023
19366    0.003088
19634    0.011023
19757    0.011023
19844    0.002078
19871    0.012707
20260    0.003777
20275    0.005445
20282    0.004859
20673    0.009798
20688    0.010428
20797    0.013223
20868    0.004899
20894    0.006126
20947    0.017108
21085    0.008730
21150    0.002533
21157    0.012707
21180    0.020017
21247    0.003221
21259    0.009863
21264    0.009167
21296    0.011117
