401
370    0.005454
431    0.015545
444    0.007190
451    0.004747
560    0.010898
1067    0.010898
1110    0.011456
1127    0.008331
1157    0.004830
1163    0.006426
1304    0.012483
1309    0.004462
1349    0.008465
1397    0.011456
1511    0.008933
1514    0.006072
1676    0.008206
1677    0.005544
1680    0.005739
1698    0.003687
1705    0.008933
1746    0.004168
2008    0.012572
2014    0.005396
2051    0.008206
2084    0.009494
2102    0.006802
2117    0.007587
2133    0.010898
2203    0.007587
2277    0.005705
2345    0.006426
2380    0.018465
2432    0.002347
2444    0.010898
2457    0.007977
2458    0.006476
2460    0.006476
2587    0.006686
2613    0.008206
2617    0.007263
2688    0.009494
2723    0.003796
2729    0.009323
2776    0.009811
2806    0.004788
2895    0.010898
2936    0.009552
3077    0.005105
3089    0.006488
3168    0.010464
3335    0.011456
3341    0.004359
3393    0.006332
3431    0.010110
3473    0.004788
3483    0.005484
3583    0.002980
3694    0.008088
3732    0.005993
3743    0.004065
3861    0.013262
3980    0.009552
3997    0.010464
4023    0.003391
4168    0.006379
4195    0.003663
4262    0.006686
4380    0.002607
4458    0.008331
4465    0.009811
4468    0.006985
4501    0.005180
4506    0.011456
4581    0.006426
4586    0.008465
4601    0.010464
4774    0.006379
4803    0.009118
4868    0.011456
4899    0.008044
4949    0.005808
4980    0.007678
5028    0.006631
5043    0.002000
5047    0.006332
5079    0.004445
5232    0.022255
5352    0.004963
5380    0.011456
5440    0.010570
5537    0.011616
5630    0.010898
5771    0.008088
5775    0.011456
5826    0.008465
5866    0.003640
5924    0.006426
5941    0.008764
5966    0.009323
5988    0.005514
6036    0.006631
6050    0.004628
6321    0.011456
6340    0.008331
6365    0.004480
6372    0.003235
6405    0.010110
6492    0.007872
6608    0.010464
6628    0.012596
6637    0.010464
6651    0.005033
6716    0.010110
6734    0.005639
6809    0.005808
6944    0.009118
7044    0.008088
7169    0.011456
7192    0.011616
7199    0.004199
7241    0.012951
7281    0.007339
7343    0.006379
7351    0.004686
7405    0.010110
7408    0.007190
7441    0.013052
7470    0.008764
7476    0.007587
7486    0.004918
7510    0.007872
7693    0.006631
7704    0.006742
7802    0.003603
7877    0.008933
7944    0.009552
8025    0.022335
8040    0.003442
8059    0.010464
8078    0.002733
8124    0.010898
8131    0.005880
8295    0.010110
8306    0.008764
8413    0.011456
8476    0.004342
8505    0.005454
8533    0.004498
8534    0.004376
8554    0.010110
8568    0.003030
8581    0.003013
8630    0.004670
8783    0.013440
8808    0.010464
8845    0.004788
8881    0.007418
8885    0.010898
8948    0.010464
8949    0.011456
9003    0.004986
9105    0.008088
9126    0.006155
9177    0.006921
9213    0.010464
9282    0.004065
9488    0.016176
9489    0.011456
9518    0.002891
9526    0.006985
9533    0.004230
9764    0.010110
9765    0.008764
9799    0.007587
9873    0.004230
9914    0.009811
9976    0.007263
10051    0.011456
10052    0.009323
10064    0.006241
10140    0.004309
10145    0.007872
10181    0.007872
10215    0.013884
10247    0.012145
10261    0.006802
10328    0.009811
10397    0.016726
10418    0.008331
10589    0.010113
10733    0.011456
10786    0.007587
10837    0.002139
10840    0.004628
10846    0.004553
10895    0.008331
11087    0.004747
11129    0.008465
11201    0.003216
11203    0.004788
11204    0.011456
11206    0.006631
11209    0.011456
11210    0.026293
11214    0.008609
11218    0.002907
11279    0.004963
11289    0.005130
11355    0.002641
11369    0.019622
11372    0.010464
11386    0.004609
11415    0.005672
11434    0.003735
11503    0.003170
11683    0.002560
11884    0.016176
12005    0.002733
12045    0.005808
12124    0.011456
12130    0.009811
12230    0.012642
12245    0.003583
12283    0.002676
12414    0.007263
12660    0.004895
12684    0.002860
12763    0.006113
12765    0.012736
12790    0.010464
12853    0.004326
12855    0.003143
12864    0.004230
12876    0.007263
12880    0.008996
12947    0.006032
13145    0.006379
13219    0.006072
13232    0.007678
13278    0.011456
13320    0.005232
13352    0.004108
13361    0.005575
13370    0.006286
13434    0.002468
13466    0.003179
13481    0.016176
13484    0.010625
13495    0.007678
13529    0.005739
13580    0.009933
13672    0.011456
13702    0.007339
13921    0.006686
13978    0.010898
14002    0.007977
14063    0.004230
14124    0.005454
14303    0.011737
14305    0.024791
14306    0.009552
14314    0.011478
14406    0.008246
14412    0.005425
14425    0.003197
14430    0.005312
14431    0.011456
14498    0.003617
14537    0.003821
14656    0.014526
14682    0.008764
14692    0.011456
14720    0.011456
14726    0.006631
14742    0.001387
14769    0.006332
14785    0.007872
14803    0.009118
14934    0.008933
14985    0.009811
15008    0.008331
15081    0.004852
15099    0.011456
15140    0.007445
15245    0.008206
15294    0.007772
15368    0.006476
15470    0.007587
15482    0.009118
15486    0.009811
15488    0.005232
15591    0.005808
15642    0.008933
15686    0.004830
15712    0.021712
15778    0.005081
15830    0.006800
15837    0.008764
15874    0.006426
15968    0.009323
16003    0.007051
16207    0.006032
16269    0.006476
16272    0.008088
16489    0.006800
16585    0.004740
16707    0.004895
16708    0.009323
16729    0.004429
16907    0.003784
16941    0.012700
16958    0.005773
16959    0.004094
16986    0.010898
17103    0.004963
17106    0.007501
17108    0.010464
17182    0.008933
17277    0.011456
17355    0.008609
17413    0.006332
17478    0.007872
17480    0.006155
17732    0.011456
17804    0.019103
17934    0.010110
18005    0.003463
18037    0.006332
18144    0.010898
18167    0.004182
18182    0.006289
18189    0.010898
18203    0.004516
18205    0.014678
18256    0.006742
18282    0.004214
18319    0.004553
18326    0.005396
18351    0.010898
18436    0.008088
18454    0.008331
18464    0.008933
18587    0.004168
18649    0.006332
18652    0.003528
18670    0.004727
18836    0.010464
18838    0.010464
18882    0.005862
18951    0.006578
18980    0.009323
19125    0.005009
19127    0.007099
19128    0.019851
19212    0.005544
19223    0.004918
19225    0.004571
19232    0.004261
19349    0.005773
19410    0.002514
19652    0.007339
19707    0.004445
19736    0.021935
19751    0.006379
19760    0.008206
19767    0.018646
19907    0.007418
20048    0.009323
20090    0.009222
20208    0.009118
20246    0.009811
20260    0.011552
20281    0.009835
20405    0.009118
20420    0.007418
20464    0.008158
20568    0.008088
20605    0.007977
20640    0.011456
20642    0.013970
20713    0.003675
20717    0.003463
20764    0.010110
20771    0.005808
20803    0.002697
20824    0.005484
20868    0.002996
20923    0.008764
20927    0.006583
20956    0.005396
20986    0.007872
21048    0.008764
21115    0.003188
21129    0.006128
21141    0.007119
21146    0.005639
21147    0.007263
21150    0.004649
21152    0.006072
21253    0.014941
