296
147    0.005399
166    0.010256
481    0.007757
483    0.010641
552    0.006934
621    0.006444
633    0.010641
716    0.010139
1116    0.007998
1157    0.006529
1162    0.016550
1204    0.006362
1255    0.008622
1436    0.006617
1486    0.009531
1682    0.009623
1684    0.016550
1689    0.005847
1699    0.002181
1855    0.015485
1940    0.006282
1949    0.006154
1968    0.012602
2094    0.014145
2102    0.004597
2113    0.014906
2114    0.007294
2396    0.004952
2432    0.003172
2509    0.012325
2595    0.023273
2722    0.012325
2737    0.025232
2812    0.013261
2815    0.018369
2890    0.018369
2920    0.008101
2936    0.012911
2985    0.009531
2988    0.010256
3003    0.012602
3022    0.016550
3258    0.016550
3321    0.018369
3361    0.015485
3393    0.008559
3441    0.009442
3524    0.012911
3567    0.008644
3647    0.005183
3733    0.007333
3850    0.006739
3921    0.010933
3922    0.011442
3925    0.009037
3972    0.014145
4023    0.004583
4130    0.008437
4137    0.004476
4153    0.008687
4202    0.007804
4260    0.006647
4274    0.013666
4317    0.028592
4319    0.009113
4492    0.006617
4839    0.012602
4860    0.010506
4932    0.011637
4963    0.016550
5055    0.008891
5056    0.010378
5212    0.006362
5220    0.015798
5260    0.007453
5331    0.008821
5352    0.006708
5355    0.010933
5495    0.003524
5501    0.003646
5597    0.014145
5636    0.013666
5706    0.009718
5856    0.005892
6056    0.009192
6180    0.010933
6188    0.014145
6193    0.011442
6214    0.014730
6251    0.008891
6273    0.015485
6425    0.009531
6430    0.007998
6454    0.012325
6486    0.017373
6546    0.014730
6758    0.012018
6761    0.010064
6762    0.007108
6809    0.007851
6830    0.012602
7085    0.014730
7254    0.010506
7274    0.012911
7475    0.011442
7736    0.005399
7747    0.011847
7793    0.011442
7802    0.004870
7806    0.011092
8027    0.010933
8040    0.004653
8119    0.015485
8378    0.022183
8404    0.012602
8442    0.006968
8446    0.004983
8630    0.015780
9282    0.005494
9314    0.011442
9631    0.007002
9664    0.006154
9812    0.006416
9936    0.008891
9941    0.013261
10175    0.007144
10186    0.009192
10288    0.011637
10312    0.015485
10478    0.008622
10589    0.006835
10803    0.007333
10892    0.004107
10911    0.010933
10942    0.012408
11103    0.002084
11181    0.010162
11330    0.010933
11390    0.008263
11425    0.013261
11444    0.006501
11569    0.015653
11655    0.010506
11742    0.018369
11744    0.010988
11857    0.009192
11858    0.030082
11861    0.013666
11890    0.010506
12008    0.009442
12053    0.016994
12064    0.007294
12140    0.018369
12283    0.003617
12307    0.049977
12309    0.013605
12326    0.026674
12331    0.010506
12542    0.010139
12551    0.004783
12654    0.011442
12865    0.010506
12916    0.011261
12999    0.003024
13064    0.015485
13082    0.024651
13199    0.014730
13270    0.018369
13351    0.004310
13357    0.002572
13434    0.001668
13501    0.032669
13502    0.014145
13529    0.007757
13546    0.013261
13603    0.018369
13727    0.012075
13872    0.012911
13886    0.009167
13997    0.012602
14065    0.008680
14066    0.010641
14208    0.012911
14324    0.012911
14425    0.012966
14604    0.011789
14742    0.003750
14745    0.004212
14824    0.008687
14884    0.015485
14954    0.014730
15019    0.015514
15023    0.008821
15063    0.005253
15135    0.008753
15322    0.014145
15344    0.013417
15764    0.017117
15818    0.005593
15820    0.019085
15889    0.019246
15907    0.011066
15927    0.007667
15978    0.011092
16116    0.005455
16237    0.005048
16252    0.009920
16299    0.008753
16317    0.007851
16347    0.011847
16371    0.007667
16504    0.011847
16510    0.009272
16562    0.010506
16585    0.004271
16594    0.033099
16791    0.008497
16907    0.005115
16910    0.016550
16952    0.007757
17053    0.007412
17066    0.008263
17074    0.006867
17079    0.009037
17326    0.011092
17336    0.013261
17395    0.009817
17438    0.008378
17451    0.007622
17643    0.005675
17670    0.009920
17870    0.005738
17875    0.014989
17922    0.006529
18005    0.004681
18037    0.008559
18069    0.016550
18098    0.007333
18179    0.006558
18193    0.014145
18247    0.006803
18325    0.014730
18383    0.005717
18411    0.007667
18415    0.025822
18416    0.027340
18417    0.011261
18446    0.008378
18462    0.008559
18619    0.009449
18650    0.012602
18655    0.005870
18883    0.005634
18888    0.012307
19042    0.011637
19085    0.008821
19220    0.027332
19266    0.005325
19274    0.009817
19275    0.011847
19276    0.012911
19327    0.004334
19366    0.005106
19408    0.015485
19426    0.007215
19430    0.013666
19535    0.006678
19543    0.019502
19709    0.012911
19756    0.009920
19785    0.010129
19820    0.006204
20118    0.012325
20200    0.016550
20260    0.001562
20275    0.004502
20535    0.009442
20568    0.010933
20601    0.006362
20620    0.005475
20626    0.007536
20627    0.007372
20633    0.016550
20688    0.017244
20713    0.004967
20742    0.008437
21011    0.009442
21058    0.005380
21087    0.005343
21115    0.008619
21120    0.017677
21150    0.008378
21306    0.014436
21310    0.007453
21344    0.016550
21348    0.010506
