386
147    0.007646
333    0.006511
370    0.005221
451    0.009088
455    0.004358
457    0.005278
534    0.006952
568    0.005008
633    0.007535
653    0.006454
686    0.005307
701    0.008924
708    0.008241
709    0.008924
850    0.007101
1001    0.010017
1028    0.010017
1081    0.006152
1099    0.009167
1184    0.003850
1204    0.004505
1242    0.004665
1255    0.006106
1283    0.024313
1400    0.008241
1402    0.010966
1403    0.005892
1404    0.009143
1411    0.024722
1490    0.010486
1633    0.006106
1682    0.006815
1699    0.001545
1762    0.003336
1846    0.004544
1862    0.005302
1940    0.004449
2008    0.006017
2014    0.005165
2047    0.007390
2048    0.005221
2116    0.007440
2277    0.010923
2292    0.005278
2344    0.003142
2432    0.002246
2587    0.006400
2604    0.004524
2706    0.007244
2710    0.009635
2723    0.003634
2784    0.008241
2882    0.018916
2947    0.018745
2948    0.008728
3039    0.008611
3043    0.005852
3050    0.003610
3089    0.003105
3090    0.005526
3286    0.007101
3338    0.005664
3371    0.008241
3405    0.023440
3437    0.010432
3493    0.008551
3632    0.005337
3644    0.007535
3686    0.006017
3732    0.005737
3733    0.005193
3842    0.004221
3850    0.004773
4150    0.005629
4258    0.003610
4377    0.007636
4380    0.012477
4383    0.005429
4390    0.005193
4400    0.008551
4445    0.010017
4463    0.005560
4467    0.005221
4545    0.007101
4665    0.018783
4666    0.005737
4684    0.009678
4817    0.007025
4867    0.010432
5043    0.007657
5179    0.006626
5202    0.012566
5206    0.018741
5217    0.006348
5230    0.006106
5357    0.010017
5415    0.004707
5493    0.007440
5501    0.002582
5517    0.007855
5573    0.012212
5602    0.006061
5628    0.003720
5745    0.005307
5806    0.006017
5820    0.005852
5866    0.003484
5881    0.006749
5918    0.007855
6028    0.009391
6038    0.007025
6050    0.004430
6171    0.007025
6262    0.005221
6305    0.007180
6307    0.010432
6313    0.006017
6429    0.005249
6449    0.010432
6518    0.008728
6531    0.008390
6588    0.007742
6767    0.009143
6769    0.006686
6827    0.005461
6978    0.008390
7048    0.004863
7295    0.007975
7351    0.004486
7377    0.010938
7379    0.006815
7380    0.004934
7463    0.007440
7725    0.014202
7772    0.008924
7789    0.011720
7820    0.009143
7854    0.011720
7892    0.005059
7896    0.005165
7922    0.008728
7927    0.007855
7931    0.009143
7948    0.005975
8006    0.009678
8019    0.003133
8025    0.003563
8110    0.008728
8116    0.002821
8165    0.015272
8275    0.004934
8442    0.004934
8455    0.007975
8489    0.016288
8568    0.002900
8630    0.002235
8781    0.008009
8964    0.005138
8984    0.005112
9016    0.009289
9088    0.009143
9179    0.005526
9210    0.004863
9398    0.004079
9411    0.007409
9484    0.005034
9485    0.009678
9533    0.004049
9641    0.004983
9812    0.004544
9824    0.006566
9898    0.006626
9990    0.008924
10095    0.005775
10105    0.011122
10146    0.006247
10338    0.003720
10354    0.004644
10397    0.005337
10420    0.005221
10491    0.005526
10503    0.011720
10697    0.006106
10712    0.011720
10773    0.008860
10775    0.008728
10790    0.006199
10794    0.005337
10803    0.005193
10837    0.008189
10897    0.003797
11014    0.019091
11064    0.007349
11117    0.003226
11201    0.003078
11340    0.006297
11355    0.002528
11358    0.004394
11401    0.014051
11445    0.005278
11531    0.004394
11569    0.003695
11613    0.005629
11683    0.002450
11744    0.003891
11961    0.008103
12005    0.002616
12048    0.005008
12071    0.004729
12084    0.005307
12139    0.010017
12161    0.007742
12167    0.006566
12277    0.006882
12283    0.005123
12365    0.004863
12415    0.008009
12480    0.007349
12519    0.015526
12613    0.005933
12660    0.004686
12880    0.008611
12889    0.005966
13008    0.005664
13143    0.005193
13260    0.010432
13311    0.005700
13353    0.005034
13355    0.009077
13357    0.010928
13379    0.010432
13434    0.001181
13466    0.006086
13568    0.009545
13580    0.006339
13707    0.009391
13793    0.009678
13909    0.005138
14065    0.004610
14093    0.005526
14237    0.006686
14355    0.009143
14406    0.003947
14439    0.003133
14498    0.006925
14499    0.010966
14604    0.005566
14607    0.004412
14742    0.001328
14754    0.005193
15072    0.006509
15089    0.009678
15093    0.010966
15095    0.009143
15209    0.006882
15210    0.004624
15387    0.008103
15466    0.009167
15550    0.006626
15551    0.004707
15684    0.006247
15686    0.009248
15695    0.004863
15706    0.008103
15713    0.006017
15728    0.008103
15778    0.004863
15792    0.004604
15802    0.010017
15820    0.009010
15881    0.007180
15908    0.006815
15987    0.010017
16029    0.005138
16041    0.010432
16048    0.006882
16116    0.003863
16272    0.007742
16488    0.007975
16506    0.010432
16585    0.007562
16592    0.016789
16612    0.006348
16707    0.004686
16729    0.002120
16767    0.007535
16772    0.005278
16882    0.007440
16938    0.009391
16941    0.009726
17034    0.006686
17037    0.004110
17281    0.018291
17292    0.016377
17345    0.005852
17346    0.008551
17484    0.006505
17531    0.003707
17552    0.007742
17623    0.010017
17632    0.006882
17669    0.003087
17830    0.009127
17964    0.006815
18005    0.003315
18088    0.009678
18159    0.004983
18179    0.004644
18182    0.006020
18186    0.004887
18203    0.004323
18317    0.005221
18329    0.007440
18385    0.007742
18558    0.008551
18579    0.007101
18580    0.005775
18587    0.003990
18619    0.006691
18648    0.010432
18725    0.010499
18728    0.007101
18841    0.005034
18896    0.031899
18916    0.010432
18940    0.006297
18963    0.010966
19056    0.009143
19111    0.008390
19123    0.008728
19125    0.009590
19127    0.006796
19128    0.004751
19327    0.003070
19366    0.001808
19402    0.009391
19443    0.008924
19455    0.013133
19640    0.005367
19707    0.004255
19718    0.004959
19773    0.003265
19785    0.003587
19820    0.004394
19844    0.006084
19871    0.007440
20090    0.006621
20118    0.008728
20248    0.011720
20260    0.012164
20275    0.006377
20281    0.009415
20282    0.002845
20296    0.010966
20355    0.011720
20432    0.005813
20433    0.015071
20460    0.009248
20540    0.005367
20542    0.010966
20554    0.007349
20557    0.004306
20700    0.006952
20760    0.005664
20762    0.006400
20768    0.003061
20785    0.013235
20786    0.010966
20789    0.008551
20841    0.003430
20844    0.002716
20882    0.008551
20902    0.004288
20964    0.003975
20990    0.009678
21058    0.003810
21098    0.008728
21118    0.005034
21122    0.004271
21129    0.002933
21150    0.004450
21155    0.005249
21172    0.007101
21174    0.009678
21253    0.005721
21254    0.016195
