237
348    0.010265
392    0.021870
447    0.009708
552    0.008256
572    0.017538
882    0.012669
920    0.009583
1102    0.019704
1477    0.007879
1514    0.009773
1612    0.016271
1681    0.008973
1699    0.005194
1731    0.019704
1762    0.005608
1791    0.021870
1792    0.011811
2113    0.008874
2120    0.006936
2173    0.006518
2547    0.015372
2666    0.016271
2684    0.014713
2706    0.006090
2737    0.007511
3286    0.011939
3297    0.016674
3402    0.018437
3583    0.009592
3618    0.007574
3850    0.008024
3922    0.013623
4099    0.010422
4130    0.010045
4389    0.011457
4515    0.014377
4516    0.018926
4518    0.021870
4700    0.021870
5043    0.003218
5075    0.011417
5229    0.016841
5266    0.046116
5475    0.013017
5495    0.004195
5550    0.011242
5562    0.011139
5563    0.008778
5615    0.009291
5660    0.021870
5717    0.017012
5856    0.007015
5870    0.018437
6581    0.065611
6596    0.005506
6651    0.008099
6761    0.005991
6923    0.015372
7053    0.010117
7134    0.015789
7165    0.021870
7303    0.011457
7406    0.011457
7524    0.006254
7531    0.005677
7571    0.008549
7623    0.012509
7802    0.002899
7892    0.008506
7937    0.021870
7987    0.008684
8025    0.011982
8110    0.014675
8536    0.009708
8568    0.004876
8573    0.010760
8725    0.035076
8984    0.008594
9118    0.013819
9195    0.015789
9209    0.004987
9411    0.004152
9518    0.004654
9533    0.006807
9739    0.010760
9769    0.034713
9873    0.006807
10420    0.008778
10611    0.009236
10741    0.174963
10773    0.007448
10851    0.026815
10942    0.029547
11051    0.021520
11090    0.011139
11103    0.002481
11130    0.010760
11183    0.008420
11213    0.006962
11264    0.021870
11308    0.016271
11355    0.008501
11439    0.008923
11440    0.022080
11444    0.007740
11499    0.011811
11503    0.010203
11683    0.004120
11744    0.006541
11958    0.008825
12005    0.004399
12110    0.011829
12166    0.008138
12215    0.014675
12254    0.018437
12307    0.039670
12515    0.021870
12516    0.021870
12517    0.043741
12519    0.005221
12864    0.006807
12949    0.009583
12987    0.003139
13255    0.015789
13319    0.007125
13444    0.018437
13474    0.026412
13488    0.012356
13501    0.005557
13510    0.015004
13554    0.013017
13565    0.013017
13590    0.014675
13591    0.010503
13666    0.016271
13899    0.008778
13939    0.006428
13962    0.021870
13998    0.021870
14065    0.010335
14161    0.011689
14304    0.009906
14320    0.014835
14322    0.009975
14339    0.016840
14356    0.019704
14428    0.011348
14442    0.011811
14453    0.019417
14537    0.006150
14547    0.021870
14597    0.012669
14604    0.009358
14629    0.012669
14742    0.004465
14745    0.005015
14798    0.092233
14811    0.011139
14971    0.014377
15475    0.021870
15555    0.007542
15556    0.009405
15566    0.035076
15604    0.009839
15798    0.019704
15820    0.007574
15821    0.009463
15932    0.013855
15984    0.021870
15997    0.013017
16046    0.019704
16048    0.023142
16063    0.008639
16116    0.012991
16119    0.021888
16233    0.017538
16257    0.030008
16371    0.018256
16379    0.016271
16449    0.031579
16485    0.007097
16490    0.009583
16585    0.008900
16732    0.005441
17066    0.009839
17072    0.011457
17074    0.024530
17185    0.013623
17369    0.008684
17643    0.006757
17788    0.013408
17830    0.007673
17936    0.021870
18086    0.011571
18179    0.007808
18182    0.003374
18203    0.014536
18282    0.006781
18382    0.008296
18579    0.011939
18580    0.009708
18619    0.022500
18652    0.005677
18784    0.010422
19169    0.008778
19223    0.007914
19305    0.059113
19410    0.004046
19507    0.012838
19523    0.023142
19707    0.007153
19757    0.010850
19772    0.007448
19820    0.007387
19844    0.002046
19862    0.016841
20090    0.003711
20260    0.001859
20544    0.016841
20557    0.007239
20601    0.007574
20717    0.011147
20742    0.010045
20868    0.004822
20888    0.018437
20927    0.005298
20977    0.012838
21005    0.006989
21058    0.006405
21111    0.009128
21129    0.009862
21150    0.007481
21152    0.009773
21243    0.004959
21247    0.003171
21307    0.021375
21310    0.017748
