46
451    0.048893
1023    0.139970
1403    0.063397
1404    0.098381
1698    0.037973
1940    0.047867
2277    0.029382
2723    0.039102
2882    0.101766
3297    0.053356
4380    0.026850
4697    0.051354
4942    0.107781
5515    0.037973
6769    0.071946
7377    0.039231
7753    0.038218
9168    0.074808
10338    0.040026
11014    0.102708
11103    0.015879
11445    0.056793
12415    0.043086
13568    0.051354
15801    0.056793
15818    0.042620
16030    0.051354
16048    0.074053
16490    0.061334
16592    0.030109
16734    0.028076
17129    0.042620
17281    0.039361
17484    0.023333
18088    0.104135
18282    0.043400
18725    0.056482
18896    0.085809
19065    0.065217
19127    0.036561
19213    0.069443
19773    0.070271
20282    0.030609
20848    0.036335
20963    0.087189
21120    0.044898
