45
653    0.072336
2604    0.050712
4380    0.027969
4614    0.105262
7243    0.122915
7330    0.043609
7377    0.040866
7524    0.041694
8116    0.031622
8489    0.060854
8726    0.083391
9411    0.027680
9484    0.112835
9485    0.108474
10105    0.041553
11358    0.049245
11841    0.024062
12110    0.039428
12880    0.048258
13050    0.036821
13143    0.058205
14517    0.112272
15058    0.122915
15791    0.056134
15792    0.051598
15818    0.044395
16116    0.043303
16119    0.072958
16123    0.145802
16592    0.094091
17144    0.032874
17292    0.045890
17531    0.041553
17966    0.056134
18182    0.022492
18681    0.092366
18995    0.112272
19410    0.026973
19444    0.069478
19975    0.122915
20011    0.112272
20090    0.024737
20540    0.060159
20841    0.038442
21264    0.060159
