413
147    0.006902
333    0.005877
370    0.004713
451    0.008203
455    0.003934
457    0.004764
534    0.006276
568    0.004521
621    0.004119
633    0.006802
653    0.005826
686    0.004791
701    0.008056
708    0.007439
709    0.008056
850    0.006410
927    0.006482
1001    0.009042
1028    0.009042
1081    0.005553
1097    0.003934
1099    0.008275
1116    0.005113
1169    0.011742
1184    0.006951
1204    0.004067
1242    0.004211
1255    0.005512
1283    0.021947
1400    0.007439
1402    0.009899
1403    0.005319
1404    0.008253
1411    0.022317
1440    0.009859
1490    0.012621
1633    0.005512
1682    0.006152
1699    0.001394
1762    0.003011
1846    0.004102
1862    0.004786
1940    0.004016
2008    0.005432
2014    0.004663
2047    0.006671
2048    0.004713
2110    0.009042
2116    0.006716
2277    0.009860
2292    0.004764
2344    0.002836
2388    0.006893
2432    0.002028
2587    0.005777
2604    0.008168
2706    0.006539
2710    0.008697
2723    0.003280
2784    0.007439
2882    0.017075
2947    0.021151
2948    0.007879
3039    0.007773
3043    0.005282
3050    0.003259
3089    0.002803
3090    0.004989
3286    0.006410
3338    0.005113
3371    0.007439
3405    0.021159
3437    0.009416
3493    0.007719
3582    0.011742
3632    0.004818
3644    0.006802
3686    0.005432
3732    0.005179
3733    0.004688
3842    0.003811
3850    0.004308
4150    0.005081
4258    0.003259
4377    0.006893
4380    0.011263
4383    0.004901
4390    0.004688
4400    0.007719
4445    0.009042
4463    0.005019
4467    0.004713
4545    0.006410
4665    0.016955
4666    0.005179
4684    0.008736
4817    0.006342
4867    0.018833
5043    0.006911
5179    0.005981
5202    0.011344
5206    0.016917
5217    0.005730
5230    0.005512
5357    0.009042
5415    0.004249
5493    0.006716
5501    0.002331
5517    0.007090
5573    0.011023
5602    0.005471
5628    0.003358
5745    0.004791
5806    0.005432
5820    0.005282
5866    0.003145
5881    0.006093
5918    0.007090
6028    0.008478
6038    0.006342
6050    0.003999
6171    0.006342
6262    0.004713
6305    0.006482
6307    0.009416
6313    0.005432
6429    0.004738
6449    0.009416
6518    0.007879
6531    0.007573
6588    0.006989
6767    0.008253
6769    0.006036
6827    0.004930
6940    0.005927
6978    0.007573
7010    0.005730
7048    0.004390
7199    0.003628
7295    0.007199
7351    0.008099
7377    0.009874
7379    0.006152
7380    0.008908
7463    0.013432
7595    0.011432
7619    0.003682
7725    0.012820
7772    0.008056
7789    0.010579
7820    0.008253
7854    0.010579
7892    0.004567
7896    0.004663
7909    0.005777
7922    0.007879
7927    0.007090
7931    0.008253
7948    0.005393
8006    0.008736
8019    0.005655
8025    0.003217
8110    0.007879
8116    0.002547
8165    0.013786
8275    0.004454
8442    0.004454
8455    0.007199
8489    0.019604
8505    0.004713
8568    0.002618
8630    0.002018
8781    0.010844
8964    0.004638
8984    0.004614
9016    0.008385
9088    0.008253
9179    0.004989
9210    0.004390
9398    0.003682
9411    0.006688
9455    0.005730
9484    0.004544
9485    0.008736
9502    0.004764
9533    0.003655
9641    0.004498
9812    0.004102
9824    0.005927
9898    0.005981
9990    0.008056
10095    0.005213
10105    0.010040
10146    0.005639
10338    0.006716
10354    0.004192
10397    0.004818
10420    0.004713
10491    0.004989
10503    0.010579
10697    0.005512
10712    0.010579
10773    0.007998
10775    0.007879
10790    0.005596
10794    0.004818
10803    0.004688
10837    0.007392
10897    0.003427
11014    0.017233
11064    0.006634
11090    0.005981
11117    0.005825
11146    0.003918
11201    0.002779
11203    0.004137
11340    0.005684
11355    0.002282
11358    0.003966
11401    0.012683
11445    0.004764
11468    0.004119
11531    0.003966
11569    0.003335
11613    0.005081
11683    0.002212
11744    0.003512
11961    0.007315
12005    0.002362
12048    0.004521
12071    0.004269
12084    0.004791
12139    0.009042
12161    0.006989
12167    0.005927
12277    0.006213
12283    0.004625
12365    0.004390
12415    0.007229
12480    0.006634
12519    0.019622
12613    0.005355
12660    0.004230
12880    0.007773
12889    0.005386
13008    0.005113
13143    0.004688
13260    0.009416
13311    0.005145
13353    0.004544
13355    0.008194
13357    0.014797
13379    0.009416
13434    0.001066
13466    0.005494
13568    0.008616
13580    0.005722
13707    0.008478
13793    0.008736
13909    0.004638
14065    0.004162
14093    0.004989
14237    0.006036
14355    0.008253
14406    0.003563
14439    0.002828
14498    0.006251
14499    0.009899
14604    0.005024
14607    0.003982
14742    0.001199
14754    0.004688
15072    0.005876
15089    0.008736
15093    0.009899
15095    0.008253
15209    0.006213
15210    0.004174
15367    0.006716
15387    0.007315
15466    0.008275
15468    0.004638
15550    0.005981
15551    0.004249
15684    0.005639
15686    0.008348
15695    0.004390
15706    0.007315
15713    0.005432
15728    0.007315
15778    0.004390
15792    0.004156
15802    0.009042
15820    0.012200
15881    0.006482
15908    0.006152
15987    0.009042
16029    0.004638
16041    0.009416
16048    0.006213
16116    0.003487
16272    0.006989
16488    0.007199
16506    0.009416
16585    0.007509
16592    0.015156
16612    0.005730
16707    0.004230
16729    0.001914
16767    0.006802
16772    0.004764
16882    0.006716
16938    0.008478
16941    0.008780
17034    0.006036
17037    0.003710
17281    0.016511
17292    0.014783
17345    0.005282
17346    0.007719
17484    0.005872
17531    0.003347
17552    0.006989
17623    0.009042
17632    0.006213
17669    0.002787
17830    0.008239
17964    0.006152
18005    0.002993
18088    0.008736
18159    0.004498
18179    0.004192
18182    0.005434
18186    0.004411
18203    0.003902
18282    0.001820
18317    0.004713
18329    0.006716
18385    0.006989
18558    0.007719
18579    0.006410
18580    0.005213
18587    0.003601
18619    0.006040
18648    0.009416
18725    0.009477
18728    0.006410
18841    0.004544
18896    0.028795
18916    0.009416
18940    0.005684
18963    0.009899
19004    0.007573
19056    0.008253
19111    0.007573
19123    0.007879
19125    0.008657
19127    0.006134
19128    0.004288
19327    0.002771
19366    0.001632
19402    0.008478
19443    0.008056
19455    0.011855
19640    0.004845
19707    0.003841
19718    0.004476
19741    0.005512
19773    0.002948
19785    0.003238
19820    0.003966
19844    0.006590
19871    0.006716
20090    0.005977
20118    0.007879
20248    0.010579
20260    0.011979
20275    0.005756
20281    0.008499
20282    0.005136
20296    0.009899
20355    0.010579
20432    0.005247
20433    0.013604
20460    0.008348
20540    0.004845
20542    0.009899
20554    0.006634
20557    0.003887
20700    0.006276
20760    0.005113
20762    0.005777
20768    0.005526
20785    0.011947
20786    0.009899
20789    0.007719
20841    0.003096
20844    0.002452
20882    0.007719
20902    0.003871
20964    0.003588
20990    0.008736
21058    0.003439
21098    0.007879
21118    0.004544
21122    0.003856
21129    0.002648
21150    0.005356
21155    0.004738
21172    0.006410
21174    0.008736
21253    0.012910
21254    0.014619
