236
103    0.007716
219    0.006496
297    0.014828
372    0.015387
481    0.009884
505    0.023406
1099    0.008247
1245    0.008967
1276    0.010906
1451    0.005571
1454    0.019732
1490    0.006289
1587    0.016452
1689    0.014902
1692    0.011154
1741    0.004386
1767    0.019732
1808    0.045287
1919    0.008211
1987    0.019732
2084    0.008176
2102    0.005858
2277    0.014740
2279    0.012641
2652    0.014580
2710    0.008668
2752    0.021088
2882    0.008509
2947    0.042160
3029    0.010323
3039    0.007747
3086    0.010004
3340    0.013559
3375    0.023406
3491    0.019732
3574    0.009497
4074    0.023406
4153    0.011069
4191    0.016898
4380    0.031430
4685    0.023406
4739    0.014828
4949    0.010004
5043    0.003444
5070    0.015705
5075    0.004073
5086    0.022843
5202    0.015074
5288    0.019732
5415    0.008470
5515    0.006350
5573    0.021973
5866    0.006269
5879    0.009057
5880    0.019732
5899    0.010256
5975    0.014358
5991    0.008588
6100    0.017414
6156    0.023406
6365    0.007716
6628    0.007232
6707    0.007938
6845    0.016452
6949    0.013740
7010    0.011421
7168    0.004658
7181    0.007810
7194    0.008879
7199    0.007232
7295    0.014349
7377    0.006560
7510    0.013559
7595    0.007596
7683    0.016058
7753    0.012782
7791    0.023406
7798    0.011921
7802    0.003103
7805    0.023406
7927    0.014134
7956    0.023406
7967    0.012031
7969    0.013931
7996    0.009944
8019    0.005636
8223    0.010323
8229    0.017414
8260    0.025019
8275    0.008879
8500    0.005147
8505    0.009394
8577    0.011712
8596    0.006210
8622    0.014051
8643    0.023406
8774    0.010065
8781    0.007205
8918    0.007747
8926    0.019732
9003    0.008588
9016    0.008357
9023    0.008793
9152    0.011330
9177    0.011921
9209    0.005337
9411    0.004444
9641    0.008967
9739    0.011516
9947    0.005460
10096    0.011241
10175    0.009103
10177    0.018770
10338    0.006693
10578    0.030769
11014    0.008588
11184    0.010827
11355    0.009098
11386    0.007938
11390    0.010530
11528    0.015494
11569    0.006648
11750    0.006269
11757    0.007841
11884    0.013931
12045    0.010004
12048    0.009012
12161    0.013931
12230    0.007258
12263    0.029160
12365    0.008751
12415    0.014410
12508    0.011815
12684    0.009853
12889    0.005367
12956    0.070219
12987    0.003360
13145    0.010986
13357    0.003277
13434    0.010627
13451    0.010390
13482    0.008967
13484    0.009150
13568    0.008588
13886    0.005840
14063    0.021855
14065    0.005530
14237    0.012031
14360    0.017414
14410    0.016058
14425    0.005507
14607    0.007938
14742    0.002389
14769    0.010906
15032    0.010390
15080    0.011069
15138    0.023406
15204    0.007778
15488    0.009012
15497    0.007841
15604    0.010530
15728    0.014580
15792    0.008283
15818    0.007127
15830    0.011712
15906    0.008072
15912    0.006039
16026    0.010128
16030    0.017175
16396    0.010459
16592    0.010070
16713    0.011154
16772    0.009497
16941    0.004375
16944    0.006309
16959    0.007051
17147    0.013931
17281    0.013164
17287    0.023406
17288    0.014828
17292    0.007367
17521    0.012384
17698    0.023406
17720    0.021088
17858    0.014828
18035    0.018024
18091    0.013224
18159    0.008967
18182    0.003611
18221    0.019732
18223    0.012262
18254    0.013740
18282    0.007258
18587    0.007179
18652    0.006076
18713    0.009769
18717    0.008548
18903    0.011069
18998    0.012641
19065    0.010906
19097    0.009197
19119    0.018024
19127    0.012228
19173    0.011154
19177    0.013432
19262    0.007938
19266    0.006785
19275    0.015096
19278    0.008398
19366    0.003253
19402    0.016898
19410    0.004330
19437    0.021812
19447    0.018024
19453    0.023620
19535    0.008509
19559    0.017414
19640    0.009658
19656    0.023406
19736    0.018890
19844    0.004379
20090    0.003971
20243    0.023406
20260    0.005969
20282    0.020474
20465    0.011712
20557    0.007747
20688    0.021973
20803    0.009291
20848    0.006076
20887    0.023406
20894    0.012907
21113    0.022307
21129    0.005278
21243    0.005307
21253    0.025735
