33
333    0.048652
1081    0.091934
1165    0.100867
1222    0.100867
1242    0.139437
1283    0.051906
1633    0.091248
1741    0.036432
2344    0.046951
2947    0.070033
3567    0.045740
5212    0.067328
5686    0.266738
7199    0.060062
7377    0.054488
8025    0.053253
10096    0.093359
10145    0.112613
10837    0.030593
11103    0.022054
14701    0.106124
14705    0.144632
14742    0.039688
16592    0.041818
16604    0.175149
16612    0.094861
16734    0.038994
16941    0.036338
17374    0.097278
20260    0.016526
20844    0.040588
21253    0.042748
21258    0.094100
