173
333    0.006369
1242    0.009127
1262    0.010441
1283    0.013590
1486    0.013204
1568    0.045857
1698    0.013808
1741    0.028615
1746    0.007805
1919    0.008928
1977    0.018373
2102    0.006369
2114    0.020211
2116    0.014556
2174    0.011945
2177    0.017076
2344    0.018439
2658    0.013744
2755    0.019597
2865    0.017888
2947    0.009168
3089    0.012150
3092    0.016413
3152    0.015367
3586    0.017459
3647    0.014361
3743    0.007612
4165    0.022929
4203    0.025449
4262    0.012521
4312    0.018934
4380    0.004882
4450    0.006904
4467    0.010214
4500    0.022594
4739    0.016122
4779    0.021454
4873    0.014047
4946    0.015853
4949    0.065262
5074    0.016914
5075    0.008856
5212    0.008814
5214    0.046101
5329    0.017459
5864    0.016122
5919    0.016413
5923    0.016413
6102    0.017076
6130    0.014209
6596    0.006408
6673    0.065652
7199    0.031451
7228    0.012319
7351    0.008777
7753    0.013898
7985    0.025041
7989    0.008890
8025    0.006971
8040    0.006446
8181    0.008324
8275    0.009653
8408    0.013744
8505    0.010214
8581    0.005643
8596    0.006752
8630    0.008745
8638    0.010561
9004    0.014939
9106    0.012846
9155    0.011772
9799    0.014209
9873    0.007921
9936    0.073911
10071    0.021454
10074    0.014604
10273    0.018934
10333    0.011081
10334    0.022207
10335    0.014378
10338    0.021832
10837    0.004005
10846    0.025577
10892    0.034141
11103    0.002887
11283    0.010159
11413    0.015147
11531    0.008596
11683    0.004794
12166    0.009469
12283    0.005011
12493    0.029484
12684    0.010713
12711    0.017459
12889    0.005836
13008    0.011081
13009    0.016730
13282    0.045857
13434    0.002311
13926    0.013744
14065    0.015033
14213    0.032244
14233    0.041678
14303    0.007327
14498    0.020320
14523    0.010214
14705    0.018934
14742    0.005195
14782    0.018373
14874    0.009168
15466    0.008967
15468    0.010052
15479    0.045857
15778    0.028543
16012    0.012626
16130    0.028418
16142    0.019597
16585    0.007397
16592    0.005474
16604    0.045857
16650    0.029111
16732    0.012662
16734    0.005105
16941    0.004757
16962    0.022929
17105    0.014754
17144    0.005738
17210    0.014556
17407    0.024584
17413    0.011858
17846    0.011449
17913    0.012222
18182    0.007852
18509    0.014939
18670    0.008851
18725    0.010270
18883    0.007805
18901    0.011772
18903    0.024070
19000    0.014378
19106    0.022594
19125    0.009381
19169    0.020428
19177    0.014604
19225    0.017121
19226    0.006040
19366    0.003537
19410    0.014124
19426    0.004998
19568    0.015147
20090    0.008635
20260    0.008654
20282    0.005565
20465    0.012735
20713    0.020646
20762    0.012521
20803    0.005051
20848    0.006606
20902    0.008390
20911    0.018934
20915    0.013464
20956    0.010105
21088    0.014939
21113    0.012127
21115    0.005971
21129    0.011476
21182    0.016730
21253    0.027980
21254    0.039604
21255    0.025449
21258    0.024637
21266    0.020646
21346    0.013744
