99
58    0.047199
485    0.039353
1081    0.026477
1242    0.020079
1436    0.020169
1456    0.025535
1477    0.060508
1633    0.026280
1740    0.020447
1996    0.094398
2003    0.022351
2234    0.038410
2236    0.032022
2277    0.011753
2867    0.045686
3377    0.038410
3566    0.111976
3567    0.013173
3850    0.020542
3881    0.023929
4380    0.010740
4463    0.023929
4501    0.042684
4729    0.018240
4777    0.022232
4948    0.041654
4949    0.023929
5075    0.019484
5212    0.019390
5359    0.055988
5602    0.026087
5717    0.043549
6689    0.029050
6756    0.021134
7393    0.025018
7813    0.047199
8040    0.042546
8165    0.032865
8281    0.027101
8442    0.021238
8496    0.033807
8602    0.044898
8630    0.019239
9018    0.050443
9118    0.017688
9137    0.029050
9518    0.023826
9945    0.023929
10334    0.032571
11103    0.006352
11153    0.037567
11283    0.022351
11683    0.010547
12085    0.019473
12166    0.020832
12283    0.011025
12300    0.014356
12519    0.013365
12522    0.018384
12660    0.020169
12668    0.024076
12987    0.008036
12995    0.027777
12999    0.009217
13355    0.013023
13484    0.021887
14528    0.047199
14742    0.005715
14947    0.038410
14982    0.034324
15032    0.024854
15246    0.055988
15249    0.055988
15719    0.044898
15874    0.052954
16148    0.027101
16585    0.009764
16612    0.054640
17037    0.017688
17828    0.055988
17843    0.050443
17935    0.041654
18100    0.055988
18179    0.019990
18182    0.017274
18488    0.050443
18656    0.031632
19127    0.014624
19128    0.020447
19443    0.038410
19535    0.040707
20090    0.018998
20260    0.004759
20282    0.012244
20803    0.011112
21055    0.044898
21253    0.024623
21254    0.052277
21290    0.081413
