447
166    0.005885
191    0.004253
337    0.010540
481    0.004451
552    0.003979
595    0.005955
633    0.006106
681    0.006565
786    0.004120
800    0.024348
806    0.006187
1036    0.010540
1116    0.004589
1128    0.005469
1157    0.003746
1184    0.003119
1199    0.006565
1200    0.010540
1240    0.003342
1255    0.004947
1272    0.003849
1274    0.005102
1278    0.004710
1451    0.002509
1662    0.010641
1699    0.007509
1725    0.004984
1751    0.010540
1846    0.003682
1862    0.002148
1897    0.007408
1913    0.009496
1942    0.005102
1949    0.003531
1968    0.007231
2113    0.004277
2114    0.004185
2116    0.006028
2291    0.006929
2396    0.002841
2432    0.001820
2435    0.010540
2487    0.007231
2609    0.004018
2638    0.009496
2722    0.007072
2737    0.021717
2806    0.003714
2920    0.004648
2985    0.016406
2987    0.006273
3003    0.007231
3133    0.007609
3135    0.008885
3192    0.006273
3258    0.009496
3338    0.004589
3441    0.010835
3471    0.006187
3483    0.004253
3501    0.010937
3524    0.007408
3563    0.003317
3567    0.002480
3583    0.002311
3593    0.003034
3842    0.006841
3888    0.005885
3944    0.003342
4135    0.004451
4137    0.002568
4188    0.006364
4195    0.011365
4317    0.005469
4397    0.008116
4398    0.006106
4450    0.005719
4468    0.005418
4492    0.011391
4611    0.006798
4620    0.005576
4636    0.004875
4701    0.005185
4718    0.006364
4774    0.004947
4811    0.004561
4837    0.006364
4839    0.007231
4858    0.008116
4871    0.004399
4965    0.006565
5028    0.005143
5043    0.003102
5056    0.005955
5057    0.007231
5061    0.008452
5096    0.002762
5118    0.008885
5212    0.003650
5330    0.009496
5399    0.005469
5566    0.007408
5583    0.006565
5597    0.008116
5614    0.003620
5708    0.005522
5719    0.002994
5737    0.005368
5740    0.009496
5745    0.008601
5844    0.006565
5856    0.003381
5877    0.006364
5980    0.009496
6022    0.010540
6023    0.018992
6029    0.026656
6094    0.010540
6129    0.005185
6188    0.008116
6202    0.012729
6214    0.008452
6247    0.006929
6291    0.012546
6429    0.004253
6444    0.007408
6596    0.002654
6598    0.002719
6653    0.007231
6705    0.003575
6756    0.003979
6758    0.011493
6761    0.002887
6762    0.008157
6809    0.004505
6908    0.002606
7048    0.003940
7097    0.008116
7168    0.004195
7199    0.006513
7330    0.003152
7456    0.003560
7463    0.006028
7517    0.008116
7619    0.006610
7746    0.005885
7747    0.006798
7753    0.002878
7802    0.004192
7806    0.006364
7860    0.005955
7987    0.004185
8019    0.002538
8078    0.002120
8170    0.016741
8286    0.008116
8362    0.004478
8377    0.007841
8378    0.006364
8407    0.004561
8417    0.003531
8446    0.002859
8487    0.005885
8534    0.006788
8630    0.010866
8638    0.008747
8783    0.003475
8803    0.008116
9023    0.003959
9068    0.006364
9118    0.009990
9143    0.004099
9152    0.005102
9153    0.003885
9210    0.003940
9234    0.009496
9411    0.002001
9644    0.004425
9664    0.003531
9798    0.002954
9876    0.009496
9941    0.007609
9944    0.004774
9962    0.006462
9963    0.005418
9980    0.004425
9984    0.004324
10011    0.006028
10013    0.006364
10027    0.006462
10064    0.004841
10186    0.005274
10220    0.005320
10261    0.002638
10290    0.003650
10333    0.004589
10337    0.007408
10348    0.009496
10350    0.006364
10382    0.006273
10421    0.004230
10583    0.006929
10646    0.005522
10911    0.006273
10942    0.024919
10943    0.005023
10949    0.009496
10977    0.010540
10990    0.008116
11001    0.031620
11089    0.005320
11146    0.003517
11181    0.005831
11201    0.007483
11330    0.006273
11355    0.002048
11444    0.003730
11468    0.003698
11729    0.010383
11747    0.003922
11757    0.003531
11804    0.007609
11817    0.006929
11857    0.005274
11889    0.004589
11891    0.006364
11958    0.004253
12005    0.002120
12053    0.014626
12064    0.016741
12283    0.004151
12307    0.044608
12309    0.011710
12311    0.009496
12331    0.006028
12376    0.010540
12458    0.008885
12519    0.002516
12548    0.003407
12591    0.003130
12605    0.008116
12765    0.003293
12817    0.003589
12867    0.004841
12904    0.002762
12911    0.003394
12916    0.006462
12920    0.005418
12941    0.006106
12944    0.005633
12987    0.001513
12999    0.008675
13008    0.004589
13082    0.014144
13145    0.009894
13157    0.004478
13199    0.016904
13231    0.005368
13252    0.007408
13288    0.008116
13355    0.002452
13357    0.004427
13434    0.001914
13487    0.009496
13501    0.029457
13515    0.006028
13530    0.004277
13533    0.005320
13546    0.015219
13547    0.018085
13548    0.008452
13581    0.005885
13590    0.007072
13644    0.011910
13797    0.008885
13895    0.007072
14065    0.003736
14073    0.007301
14171    0.009496
14425    0.027279
14439    0.002538
14442    0.005692
14446    0.016232
14452    0.006273
14527    0.005469
14538    0.004300
14567    0.008885
14604    0.002255
14689    0.010540
14741    0.003763
14742    0.002152
14749    0.003604
14752    0.006364
14778    0.008885
14826    0.006273
14946    0.006106
14961    0.006106
14990    0.009496
14995    0.008885
15019    0.008902
15022    0.007408
15023    0.005062
15064    0.009496
15109    0.009496
15135    0.010045
15142    0.012361
15216    0.004018
15299    0.008240
15342    0.005633
15344    0.003849
15478    0.005143
15527    0.010540
15597    0.013857
15656    0.005576
15695    0.007881
15713    0.004875
15802    0.008116
15848    0.005320
15849    0.010045
15906    0.003635
15907    0.006350
15911    0.005522
16003    0.005469
16060    0.004120
16063    0.012490
16129    0.007408
16241    0.004478
16252    0.005692
16299    0.005023
16300    0.007609
16301    0.006565
16302    0.005274
16432    0.016314
16437    0.004399
16486    0.005185
16509    0.003635
16510    0.010641
16532    0.004807
16552    0.008452
16562    0.012057
16585    0.007352
16732    0.005244
16734    0.004228
16794    0.006028
16907    0.005869
16912    0.007841
16950    0.005062
16961    0.010540
17066    0.004742
17074    0.011821
17075    0.004099
17290    0.009496
17395    0.005633
17407    0.003394
17438    0.004807
17480    0.004774
17609    0.009496
17643    0.003256
17669    0.002501
17774    0.015219
17810    0.006364
17870    0.006585
17913    0.005062
17922    0.026225
18037    0.004911
18038    0.006798
18068    0.006028
18167    0.011353
18179    0.011289
18190    0.009682
18191    0.008116
18193    0.008116
18308    0.006677
18317    0.004230
18326    0.004185
18342    0.009496
18411    0.026394
18415    0.007408
18416    0.005229
18439    0.007841
18462    0.014733
18535    0.006187
18582    0.007072
18619    0.002711
18620    0.004875
18652    0.002736
18867    0.009496
18883    0.003233
19042    0.006677
19043    0.008747
19266    0.003055
19276    0.007408
19314    0.005754
19327    0.004974
19426    0.002070
19508    0.021080
19518    0.005320
19535    0.003832
19543    0.007460
19546    0.010204
19550    0.010540
19562    0.004679
19572    0.011507
19595    0.010540
19648    0.005576
19741    0.004947
19769    0.006187
19773    0.005291
19785    0.029060
19820    0.007120
19844    0.001972
19905    0.005102
19937    0.008452
20082    0.004532
20094    0.013354
20124    0.007841
20200    0.009496
20251    0.004324
20275    0.002583
20289    0.005818
20464    0.006327
20535    0.005418
20582    0.003959
20597    0.010540
20601    0.003650
20620    0.012565
20627    0.021151
20628    0.004911
20631    0.008116
20633    0.009496
20716    0.004163
20745    0.004648
20803    0.002092
20813    0.008885
20841    0.002779
20894    0.002906
20901    0.003268
20902    0.006949
21009    0.006462
21058    0.003087
21115    0.004946
21150    0.002404
21306    0.012425
21307    0.003434
21343    0.010540
21344    0.009496
21348    0.006028
