38
1184    0.043151
1364    0.185822
1691    0.046413
2047    0.041414
3593    0.083954
3713    0.175553
4075    0.144673
5082    0.072958
5152    0.119641
5153    0.077925
5769    0.041138
5977    0.039428
6596    0.036710
7571    0.056996
8162    0.088040
8624    0.060159
8640    0.072958
9326    0.108474
10538    0.089385
10837    0.022945
11581    0.058836
12095    0.058205
12421    0.059159
12519    0.034805
12963    0.112272
13050    0.036821
13434    0.013239
14316    0.095374
15783    0.064723
16362    0.067444
16585    0.016951
17264    0.097832
17427    0.176080
17428    0.122915
17829    0.072958
17870    0.045548
18082    0.062316
21097    0.108474
