245
191    0.007025
297    0.022058
422    0.012952
439    0.011444
447    0.007728
451    0.006081
568    0.006703
583    0.009609
901    0.010512
920    0.007629
947    0.014676
978    0.014127
1032    0.013406
1184    0.005152
1240    0.005521
1364    0.022188
1433    0.009504
1480    0.008112
1514    0.015559
1529    0.006703
1691    0.005542
1862    0.003548
2047    0.014835
2156    0.007396
2508    0.007396
2915    0.011681
3029    0.007678
3044    0.009504
3326    0.006188
3563    0.005479
3567    0.004096
3593    0.025061
3619    0.006771
3632    0.007143
3664    0.008949
3713    0.076859
3715    0.016990
3825    0.010219
3888    0.009720
4075    0.017274
4137    0.008484
4267    0.008788
4695    0.010085
4860    0.009957
5082    0.017423
5152    0.049999
5153    0.018609
5165    0.012952
5537    0.007441
5544    0.007832
5719    0.014835
5769    0.009824
5977    0.009416
5991    0.006387
6073    0.010673
6259    0.012236
6596    0.004383
6660    0.011681
6756    0.013143
6758    0.003797
6844    0.006771
6949    0.010219
7178    0.007309
7330    0.010414
7377    0.004879
7524    0.004978
7542    0.012569
7571    0.006806
7696    0.010844
7736    0.005117
7772    0.011943
7802    0.002308
7902    0.008711
7964    0.017576
7975    0.011444
8107    0.007962
8162    0.010512
8613    0.014366
8624    0.014366
8639    0.040216
8640    0.069692
9153    0.025668
9179    0.007396
9200    0.004738
9282    0.010414
9314    0.010844
9326    0.012952
9389    0.014676
9426    0.010512
9518    0.003704
9523    0.007143
9568    0.017409
9672    0.038856
9746    0.009609
9749    0.008867
9786    0.013406
9812    0.006081
10525    0.007779
10538    0.042691
10556    0.023887
10578    0.007629
10605    0.005226
10668    0.008171
10779    0.013961
10837    0.002740
10846    0.005832
10876    0.013406
11040    0.015685
11062    0.008361
11087    0.006081
11117    0.008636
11321    0.015685
11331    0.022058
11344    0.008233
11355    0.003383
11436    0.012952
11444    0.006161
11576    0.011029
11581    0.056201
11613    0.007533
11691    0.021689
11757    0.005832
12025    0.034818
12095    0.006950
12109    0.007779
12273    0.016438
12420    0.011029
12421    0.028255
12519    0.004156
12729    0.010512
12794    0.013961
12853    0.005542
12904    0.004562
12963    0.013406
12974    0.006604
12987    0.004998
12999    0.002866
13008    0.007580
13014    0.003828
13050    0.008793
13107    0.012569
13151    0.009402
13198    0.008637
13351    0.008169
13357    0.002438
13434    0.007904
13968    0.010673
14065    0.002057
14130    0.007396
14237    0.008949
14263    0.011444
14316    0.062634
14391    0.036759
14406    0.005282
14425    0.004096
14439    0.004192
14485    0.006417
14544    0.013406
14742    0.001777
14745    0.003992
15063    0.004978
15271    0.006417
15287    0.011943
15325    0.009609
15344    0.012716
15376    0.020170
15623    0.006669
15783    0.007728
15819    0.012952
15822    0.010341
15874    0.016466
15907    0.005244
15916    0.009957
15928    0.012162
16116    0.005170
16286    0.011228
16362    0.016106
16373    0.011943
16509    0.006004
16585    0.013156
16763    0.022889
16772    0.007064
16843    0.011444
16845    0.012569
16890    0.007996
16907    0.009695
16941    0.006508
17027    0.011571
17101    0.006417
17103    0.012716
17159    0.013406
17264    0.023363
17427    0.021024
17428    0.014676
17455    0.010219
17524    0.027363
17582    0.010844
17669    0.008264
17821    0.006134
17829    0.017423
17858    0.011029
17870    0.016316
18005    0.004437
18037    0.008112
18082    0.059526
18098    0.020849
18167    0.010716
18176    0.013961
18186    0.006540
18227    0.011029
18892    0.013961
19038    0.011943
19043    0.004816
19088    0.021689
19097    0.020522
19106    0.007728
19215    0.010844
19223    0.006300
19232    0.005459
19262    0.005904
19365    0.010673
19426    0.010257
19437    0.008112
19460    0.004038
19503    0.007533
19559    0.012952
19659    0.040217
19670    0.011029
19786    0.010219
19820    0.005880
19844    0.003257
19945    0.009211
20260    0.001480
20452    0.006216
20464    0.005226
20830    0.007832
20894    0.004800
20983    0.010877
21001    0.009033
21087    0.020255
21097    0.012952
21150    0.001985
21172    0.009504
21243    0.003947
21247    0.002524
