306
147    0.004783
333    0.004073
1099    0.005735
1272    0.011888
1276    0.007583
1277    0.013052
1309    0.005344
1422    0.010138
1455    0.008699
1456    0.044537
1458    0.029692
1466    0.014085
1490    0.008747
1514    0.007273
1604    0.022269
1741    0.003050
1746    0.004992
1847    0.015057
1919    0.005710
1925    0.008216
1940    0.005566
2014    0.006463
2021    0.030415
2047    0.004623
2093    0.004868
2224    0.006754
2277    0.003416
2291    0.010699
2383    0.011750
2396    0.004387
2432    0.011242
2440    0.008526
2539    0.006715
2556    0.034319
2744    0.004359
3286    0.008885
3563    0.005123
3575    0.008007
3766    0.009554
3791    0.010921
3809    0.035251
3858    0.007225
3911    0.005999
3981    0.016276
4195    0.008775
4240    0.020009
4245    0.005566
4301    0.007273
4380    0.003122
4450    0.004415
4461    0.006056
4480    0.007475
4492    0.011726
4501    0.006204
4609    0.014664
4643    0.010311
4652    0.009309
4656    0.007816
4662    0.005760
4677    0.016276
4689    0.008790
4701    0.008007
4824    0.013052
4826    0.012533
5043    0.002395
5072    0.009687
5225    0.007942
5414    0.005811
5440    0.006330
5501    0.003230
5683    0.011440
5706    0.008611
5709    0.020994
5739    0.007697
5844    0.010138
5919    0.010497
5992    0.011440
6049    0.007697
6129    0.008007
6632    0.008144
6714    0.008885
6718    0.011440
6778    0.009687
6789    0.012533
6844    0.006330
6908    0.016099
7178    0.013665
7194    0.012347
7235    0.011440
7372    0.013721
7467    0.048827
7712    0.008144
7779    0.006497
7784    0.016276
7785    0.016276
7800    0.010699
7902    0.008144
7962    0.009687
8019    0.007839
8101    0.013998
8217    0.016276
8323    0.005863
8424    0.029483
8500    0.003579
8581    0.007218
8726    0.009309
8848    0.018856
8935    0.009828
9004    0.009554
9126    0.007372
9209    0.003711
9411    0.003090
9424    0.006956
9455    0.007942
9517    0.003797
9664    0.005452
9686    0.016276
9687    0.016015
9791    0.014664
9798    0.004562
9811    0.015756
9812    0.005685
9854    0.012109
9855    0.013052
9947    0.003797
10105    0.004639
10175    0.006330
10261    0.004073
10290    0.005637
10331    0.017580
10397    0.006678
10411    0.019492
10413    0.041079
10417    0.009309
10418    0.009978
10422    0.007042
10478    0.007639
10560    0.010921
10569    0.010497
10837    0.005123
11103    0.005539
11117    0.008074
11180    0.003649
11181    0.009004
11218    0.006964
11570    0.005084
11673    0.009195
11683    0.012264
11684    0.007583
11735    0.009687
11744    0.004868
11889    0.007087
12053    0.007529
12070    0.013721
12076    0.013052
12084    0.006640
12110    0.004401
12118    0.007372
12279    0.009687
12283    0.003205
12288    0.016276
12416    0.007042
12659    0.005497
12668    0.006999
12762    0.016276
12765    0.005084
12928    0.005944
12943    0.012533
12944    0.017397
12947    0.007225
13014    0.007158
13355    0.011357
13434    0.008867
13597    0.012109
13778    0.011166
13800    0.032299
13803    0.032029
13886    0.004061
13899    0.006532
13906    0.008007
13939    0.004783
13955    0.009978
13987    0.013052
14099    0.007878
14108    0.010699
14130    0.006914
14320    0.005520
14412    0.006497
14536    0.007042
14537    0.004577
14538    0.006640
14742    0.001661
14749    0.005566
14796    0.005201
14874    0.005863
14920    0.008445
15063    0.004654
15070    0.008611
15080    0.007697
15468    0.006429
15488    0.006266
15492    0.009687
15502    0.016276
15530    0.009978
15555    0.005613
15608    0.016276
15620    0.013052
15712    0.005201
15792    0.005760
15822    0.004834
15857    0.011440
15880    0.014664
15910    0.011780
16024    0.008699
16060    0.006362
16064    0.009978
16066    0.013721
16067    0.014664
16293    0.011750
16333    0.008075
16347    0.010497
16585    0.010407
16592    0.003501
16707    0.005863
16732    0.004049
16815    0.009087
16923    0.004517
16941    0.003042
16944    0.004387
16981    0.013721
17037    0.005142
17094    0.007756
17105    0.004718
17144    0.007339
17314    0.011166
17347    0.013508
17413    0.053083
17447    0.007942
17556    0.012109
17729    0.016276
17797    0.010699
17916    0.005944
17959    0.013052
18167    0.002504
18182    0.007532
18186    0.006114
18256    0.008075
18282    0.005047
18382    0.006174
18422    0.010699
18560    0.009428
18584    0.010699
18609    0.024647
18660    0.009687
18689    0.008885
18882    0.003511
18887    0.007475
18904    0.007942
18929    0.016276
18962    0.007639
19043    0.004502
19046    0.006266
19086    0.009554
19097    0.006395
19127    0.004251
19213    0.008075
19278    0.002920
19296    0.009828
19310    0.011166
19312    0.016276
19327    0.003840
19366    0.002262
19410    0.003011
19416    0.005543
19426    0.009589
19484    0.011750
19535    0.005917
19736    0.006568
19750    0.013721
19766    0.009687
19785    0.004487
19786    0.009554
19816    0.009828
19844    0.007612
19905    0.007878
19934    0.014664
20090    0.008284
20229    0.012109
20260    0.004151
20274    0.005661
20282    0.003559
20534    0.021722
20713    0.004401
20803    0.003230
20844    0.003398
20848    0.021125
20894    0.004487
20901    0.005047
20927    0.011827
21057    0.016560
21058    0.004767
21111    0.006793
21150    0.005567
21238    0.010138
21253    0.003579
21272    0.011440
