302
161    0.007003
164    0.008524
314    0.006922
539    0.007176
796    0.009259
920    0.007267
1017    0.008688
1099    0.005843
1173    0.008605
1184    0.004908
1240    0.005259
1276    0.007727
1458    0.007564
1480    0.007727
1490    0.004456
1529    0.006385
1689    0.005279
1699    0.001969
1845    0.008027
1859    0.006922
1941    0.005320
2047    0.004711
2211    0.009485
2313    0.010330
2524    0.011377
2688    0.005793
2711    0.007003
2819    0.005259
2980    0.012338
3152    0.010014
3326    0.005895
3343    0.020334
3473    0.040904
3479    0.008372
3567    0.003902
3574    0.006729
3593    0.028648
3594    0.010696
3597    0.019470
3604    0.014942
3611    0.009259
3612    0.011973
3613    0.012770
3618    0.011487
3619    0.012900
3713    0.033280
3754    0.007843
3881    0.007088
4137    0.004041
4202    0.007045
4301    0.007411
4450    0.004499
4458    0.020334
4492    0.011949
4495    0.010330
4550    0.012338
4662    0.005869
4669    0.010330
4729    0.005403
4778    0.008774
4807    0.013981
4859    0.008956
4870    0.005124
4873    0.009154
5043    0.004881
5152    0.006804
5268    0.009370
5399    0.008605
5407    0.011973
5532    0.004150
5537    0.063793
5539    0.032087
5563    0.006656
5712    0.014942
5718    0.013764
5719    0.004711
5977    0.004485
6049    0.007843
6050    0.005648
6365    0.010934
6372    0.003947
6569    0.012338
6598    0.004279
6673    0.010696
6684    0.010506
6734    0.006882
6758    0.010850
6901    0.023313
6908    0.004101
7168    0.003300
7176    0.008447
7178    0.006962
7180    0.007843
7286    0.008092
7343    0.007784
7457    0.014942
7612    0.013299
7650    0.006200
7698    0.012770
7736    0.009748
7802    0.002199
8019    0.003994
8069    0.009053
8074    0.012770
8101    0.021395
8162    0.010014
8353    0.013981
8354    0.014942
8446    0.004499
8476    0.005299
8534    0.005340
8568    0.011093
8577    0.008299
8581    0.003677
8613    0.082113
8616    0.009154
8624    0.006843
8781    0.005105
8893    0.011973
9200    0.013541
9209    0.003782
9282    0.004960
9392    0.008159
9433    0.012770
9769    0.008774
9798    0.004648
9824    0.008372
10072    0.013981
10073    0.014942
10126    0.014942
10351    0.014942
10445    0.014091
10501    0.010014
10578    0.007267
10637    0.007671
10738    0.010330
10803    0.006620
11090    0.008447
11103    0.001881
11117    0.004113
11136    0.013299
11165    0.009870
11192    0.012770
11246    0.013981
11271    0.005843
11327    0.008864
11355    0.003223
11503    0.003869
11531    0.005601
11570    0.005181
11581    0.013384
11683    0.003124
11744    0.004960
11841    0.002737
11899    0.011128
12085    0.017304
12086    0.008372
12095    0.013241
12245    0.004373
12322    0.013299
12421    0.013458
12471    0.014942
12479    0.013299
12519    0.019794
12591    0.009851
12654    0.010330
12677    0.008774
12770    0.011377
12853    0.005279
12873    0.009607
12901    0.012770
12925    0.013981
12952    0.007964
12998    0.014942
12999    0.002730
13050    0.012564
13060    0.009607
13195    0.007964
13256    0.011377
13355    0.003858
13357    0.006966
13434    0.003012
13458    0.012338
13466    0.007759
13488    0.009370
13541    0.007267
13647    0.004400
13777    0.009485
13804    0.014942
14009    0.013981
14076    0.014942
14200    0.007088
14316    0.005424
14320    0.011249
14323    0.017379
14339    0.006385
14391    0.007003
14452    0.009870
14453    0.014724
14536    0.007176
14542    0.013981
14569    0.027962
14617    0.009870
14644    0.013981
14717    0.006922
14742    0.003386
14745    0.011409
14779    0.014942
14944    0.006729
15063    0.004742
15205    0.013299
15208    0.029883
15210    0.011790
15271    0.006113
15344    0.018170
15375    0.012338
15507    0.008605
15555    0.005719
15578    0.010167
15609    0.012770
15716    0.008774
15728    0.010330
15928    0.011586
15998    0.011657
16007    0.009053
16060    0.006483
16409    0.008299
16509    0.005719
16575    0.007267
16585    0.007713
16642    0.013981
16729    0.005406
16771    0.010506
16846    0.013299
17027    0.005511
17037    0.005239
17093    0.007964
17115    0.008228
17117    0.004053
17303    0.009053
17366    0.006322
17407    0.005340
17669    0.003936
17916    0.006057
18082    0.014176
18105    0.008688
18118    0.012770
18138    0.006882
18158    0.006200
18159    0.006353
18318    0.029883
18396    0.010167
18471    0.014942
18537    0.011657
18560    0.009607
18652    0.004305
18702    0.008605
18882    0.003577
18898    0.012582
19046    0.006385
19083    0.021804
19180    0.014942
19213    0.008228
19226    0.007872
19232    0.005200
19261    0.004960
19278    0.002975
19366    0.006915
19370    0.010558
19448    0.010014
19543    0.005869
19544    0.014942
19577    0.007564
19580    0.009485
19772    0.005648
19785    0.022863
19844    0.003103
19939    0.014942
19949    0.029883
19965    0.011657
20100    0.006882
20260    0.001410
20452    0.017763
20626    0.047629
20629    0.008228
20648    0.006517
20682    0.012770
20714    0.005467
20768    0.003902
20803    0.009875
20841    0.004373
20848    0.012915
20894    0.004573
20923    0.010696
20964    0.005068
20983    0.005181
20993    0.005948
21022    0.012770
21107    0.014942
21113    0.007903
21150    0.003782
21247    0.002404
