301
161    0.007037
164    0.008565
314    0.006955
539    0.007210
796    0.009303
920    0.007302
1017    0.008729
1099    0.005871
1173    0.008646
1184    0.004932
1240    0.005284
1276    0.007764
1458    0.007600
1480    0.007764
1490    0.004477
1529    0.006415
1689    0.005304
1699    0.001979
1845    0.008066
1859    0.006955
1941    0.005345
2047    0.004733
2211    0.009530
2313    0.010380
2524    0.011432
2688    0.005821
2711    0.007037
2819    0.005284
2980    0.012397
3152    0.010062
3326    0.005923
3343    0.020431
3473    0.041099
3479    0.008411
3567    0.003921
3574    0.006761
3593    0.033582
3594    0.010747
3597    0.019563
3604    0.015013
3611    0.009303
3612    0.012030
3613    0.012831
3618    0.011542
3619    0.012961
3713    0.026751
3715    0.008131
3754    0.007880
3881    0.007122
4137    0.004060
4202    0.007079
4301    0.007446
4450    0.004521
4458    0.020431
4492    0.012006
4495    0.010380
4550    0.012397
4662    0.005897
4729    0.005429
4778    0.008816
4807    0.014047
4859    0.008999
4870    0.005148
4873    0.009198
5043    0.004904
5152    0.006837
5268    0.009414
5399    0.008646
5407    0.012030
5532    0.004170
5537    0.064097
5539    0.042987
5563    0.006688
5712    0.015013
5718    0.013829
5719    0.004733
5977    0.004506
6049    0.007880
6050    0.005675
6365    0.010986
6372    0.003966
6569    0.012397
6598    0.004299
6673    0.010747
6684    0.010556
6734    0.006915
6758    0.010902
6901    0.011712
6908    0.004121
7168    0.003316
7176    0.008487
7178    0.006995
7180    0.007880
7286    0.008131
7343    0.007821
7457    0.015013
7612    0.013362
7650    0.006230
7698    0.012831
7736    0.009795
7802    0.002209
8019    0.004013
8069    0.009096
8074    0.012831
8101    0.014331
8162    0.010062
8353    0.014047
8354    0.015013
8446    0.004521
8476    0.005325
8534    0.005366
8568    0.011146
8581    0.003695
8613    0.082504
8616    0.009198
8624    0.006875
8781    0.005129
8893    0.012030
9200    0.013605
9209    0.003800
9282    0.004984
9392    0.008198
9433    0.012831
9769    0.008816
9798    0.004670
9824    0.008411
10072    0.014047
10073    0.015013
10126    0.015013
10351    0.015013
10445    0.014158
10501    0.010062
10525    0.007446
10578    0.007302
10637    0.007708
10738    0.010380
10803    0.006652
11090    0.008487
11103    0.001890
11117    0.004133
11136    0.013362
11165    0.009917
11192    0.012831
11246    0.014047
11271    0.005871
11327    0.008906
11355    0.003238
11503    0.003887
11531    0.005628
11570    0.005206
11581    0.013448
11683    0.003139
11744    0.004984
11841    0.002750
11899    0.011181
12085    0.017387
12086    0.008411
12095    0.013304
12245    0.004393
12322    0.013362
12421    0.013522
12471    0.015013
12479    0.013362
12519    0.019888
12591    0.009898
12654    0.010380
12770    0.011432
12853    0.005304
12873    0.009653
12901    0.012831
12925    0.014047
12952    0.008002
12998    0.015013
12999    0.002743
13050    0.012624
13060    0.009653
13195    0.008002
13256    0.011432
13355    0.003876
13357    0.006999
13434    0.003026
13458    0.012397
13466    0.007796
13488    0.009414
13541    0.007302
13647    0.004421
13777    0.009530
13804    0.015013
14009    0.014047
14076    0.015013
14200    0.007122
14316    0.005450
14320    0.005651
14323    0.017462
14339    0.006415
14391    0.007037
14452    0.009917
14453    0.014794
14536    0.007210
14542    0.014047
14569    0.028095
14617    0.009917
14644    0.014047
14717    0.006955
14742    0.003402
14745    0.011463
14779    0.015013
14944    0.006761
15063    0.004765
15205    0.013362
15208    0.030026
15210    0.011846
15271    0.006142
15344    0.018256
15375    0.012397
15507    0.008646
15555    0.005747
15578    0.010215
15609    0.012831
15716    0.008816
15728    0.010380
15928    0.011641
15998    0.011712
16007    0.009096
16060    0.006514
16409    0.008338
16509    0.005747
16575    0.007302
16585    0.007749
16642    0.014047
16729    0.005431
16771    0.010556
16846    0.013362
17027    0.005537
17037    0.005264
17093    0.008002
17115    0.008267
17117    0.004072
17303    0.009096
17366    0.006352
17407    0.005366
17669    0.003955
17916    0.006085
18082    0.014244
18105    0.008729
18118    0.012831
18138    0.006915
18158    0.006230
18159    0.006383
18318    0.030026
18396    0.010215
18471    0.015013
18537    0.011712
18560    0.009653
18652    0.004326
18702    0.008646
18882    0.003594
18898    0.012641
19046    0.006415
19083    0.021908
19180    0.015013
19213    0.008267
19226    0.007909
19232    0.005225
19261    0.004984
19278    0.002989
19366    0.006947
19370    0.010609
19448    0.010062
19543    0.005897
19544    0.015013
19577    0.007600
19580    0.009530
19772    0.005675
19785    0.022971
19844    0.003117
19939    0.015013
19949    0.030026
19965    0.011712
20100    0.006915
20260    0.001417
20452    0.017848
20626    0.047856
20629    0.008267
20648    0.006548
20682    0.012831
20714    0.005493
20768    0.003921
20803    0.009922
20841    0.004393
20848    0.012977
20894    0.004594
20923    0.010747
20964    0.005092
20983    0.010411
20993    0.005976
21022    0.012831
21107    0.015013
21113    0.007940
21150    0.003800
21247    0.002416
