348
219    0.003838
239    0.010650
246    0.004770
422    0.010290
439    0.009092
448    0.006695
451    0.004831
455    0.004633
486    0.008920
568    0.005325
583    0.007634
610    0.005221
659    0.010290
677    0.007392
698    0.011660
735    0.009489
739    0.009092
744    0.007318
901    0.008352
911    0.011660
920    0.012121
978    0.016836
1032    0.010650
1244    0.007634
1360    0.009489
1364    0.005876
1433    0.007550
1512    0.010290
1699    0.001642
1712    0.004873
1859    0.005773
1862    0.002819
1969    0.007246
2047    0.003929
2102    0.003461
2119    0.006308
2156    0.029379
2157    0.018561
2226    0.006982
2345    0.006541
2412    0.013831
2508    0.005876
2510    0.008012
2589    0.006862
2688    0.004831
2690    0.008232
2730    0.011660
2745    0.004108
3029    0.006100
3341    0.004437
3563    0.004353
3567    0.003254
3571    0.005098
3593    0.015928
3618    0.004790
3632    0.005675
3664    0.007109
3713    0.066613
3715    0.026996
3733    0.005521
3754    0.006541
3825    0.008119
3869    0.009985
3888    0.007722
3916    0.008232
4028    0.005581
4032    0.011660
4075    0.006862
4137    0.006740
4240    0.005668
4390    0.005521
4662    0.004895
4669    0.008616
4762    0.007318
4810    0.005806
4811    0.005985
4860    0.007911
4939    0.024695
5075    0.002407
5082    0.006921
5086    0.006749
5152    0.017024
5153    0.007392
5165    0.010290
5331    0.006642
5401    0.008012
5487    0.005911
5493    0.007911
5515    0.003752
5518    0.008762
5531    0.011660
5535    0.006695
5537    0.011823
5548    0.006180
5718    0.005739
5719    0.011786
5976    0.006805
5977    0.007480
6050    0.004710
6132    0.009092
6259    0.009721
6630    0.006541
6660    0.009280
6689    0.007176
6714    0.007550
6756    0.010442
6758    0.009049
6880    0.008119
6891    0.006982
6902    0.009985
6926    0.008012
6949    0.008119
7075    0.007814
7286    0.006749
7293    0.010650
7330    0.008274
7377    0.003877
7391    0.008616
7524    0.007910
7542    0.009985
7696    0.008616
7725    0.007550
7798    0.007045
7802    0.003667
7833    0.003546
7935    0.006492
7964    0.013964
7976    0.011091
8101    0.005948
8107    0.006325
8116    0.005999
8417    0.004633
8446    0.003752
8476    0.004420
8568    0.003084
8581    0.003067
8622    0.004152
8624    0.022827
8630    0.002376
8639    0.037275
8640    0.041526
8876    0.011660
9153    0.010196
9168    0.007392
9256    0.004960
9426    0.008352
9506    0.009489
9518    0.002943
9523    0.005675
9532    0.017231
9567    0.010650
9589    0.011091
9672    0.030870
9749    0.007045
9812    0.004831
10338    0.003955
10360    0.009092
10422    0.005985
10486    0.007470
10495    0.012889
10525    0.006180
10538    0.025438
10556    0.028466
10605    0.008303
10668    0.006492
10779    0.011091
10837    0.002177
10846    0.004633
10876    0.010650
10897    0.004037
11062    0.006642
11087    0.004831
11103    0.001569
11117    0.006861
11146    0.009230
11159    0.011660
11331    0.008762
11353    0.011091
11355    0.002688
11436    0.010290
11444    0.004895
11503    0.003226
11570    0.004321
11576    0.008762
11581    0.033488
11613    0.005985
11691    0.008616
11782    0.003430
11788    0.007176
11830    0.016464
11869    0.007550
12095    0.016564
12208    0.011660
12232    0.007470
12273    0.008706
12411    0.008232
12421    0.022448
12519    0.003302
12551    0.003602
12591    0.004108
12684    0.002911
12725    0.012461
12729    0.008352
12794    0.022183
12817    0.004710
12855    0.006398
12904    0.003624
12974    0.005246
12987    0.001985
13014    0.003041
13050    0.006986
13060    0.008012
13094    0.011660
13107    0.009985
13195    0.013284
13198    0.006862
13216    0.011091
13319    0.004506
13351    0.006490
13434    0.001256
13683    0.008762
13770    0.008479
13906    0.006805
13910    0.003801
14073    0.009580
14130    0.005876
14237    0.007109
14262    0.010650
14316    0.027142
14391    0.011682
14406    0.004196
14448    0.008012
14544    0.010650
14568    0.009985
14742    0.001412
14745    0.003172
14952    0.006541
15063    0.007910
15271    0.005098
15274    0.007246
15332    0.009721
15344    0.020204
15450    0.008352
15623    0.010597
15716    0.007318
15819    0.010290
15822    0.004108
15874    0.006541
15916    0.007911
15928    0.009663
16012    0.006862
16116    0.004108
16237    0.003801
16362    0.019194
16373    0.009489
16437    0.005773
16448    0.009985
16509    0.004770
16578    0.006444
16585    0.012864
16763    0.009092
16843    0.009092
16890    0.012705
16923    0.003838
16952    0.005841
17025    0.011545
17027    0.009192
17029    0.006100
17067    0.005707
17101    0.005098
17103    0.005051
17105    0.004009
17264    0.009280
17390    0.011660
17401    0.011660
17426    0.007550
17427    0.025055
17455    0.008119
17462    0.011660
17524    0.010870
17540    0.011660
17582    0.008616
17589    0.010290
17669    0.003283
17821    0.004873
17853    0.013831
17858    0.008762
17870    0.012962
17916    0.005051
18005    0.007050
18037    0.006444
18082    0.035468
18167    0.017027
18182    0.002134
18186    0.005196
18203    0.004596
18227    0.008762
18609    0.006982
18717    0.005051
18723    0.011660
18728    0.007550
18883    0.004242
19060    0.019971
19097    0.016304
19106    0.006140
19213    0.006862
19215    0.008616
19223    0.005005
19225    0.004652
19232    0.004337
19261    0.004137
19262    0.009382
19366    0.001922
19394    0.006695
19416    0.004710
19426    0.008149
19437    0.006444
19503    0.005985
19635    0.009280
19659    0.010650
19670    0.008762
19785    0.015254
19820    0.004672
19830    0.005806
19839    0.009721
19844    0.002587
20260    0.002352
20307    0.011091
20308    0.011660
20464    0.004152
20626    0.005675
20830    0.012444
20844    0.002888
20894    0.003813
20927    0.003350
20983    0.008642
21001    0.014353
21057    0.004691
21087    0.012069
21090    0.009721
21118    0.005352
21150    0.006308
21172    0.007550
21201    0.012461
21204    0.012461
21247    0.004010
21292    0.007911
21345    0.011660
