131
333    0.009840
370    0.015780
451    0.013734
455    0.026343
534    0.021014
1204    0.013617
1242    0.014100
1283    0.010498
1403    0.017808
1404    0.027635
1490    0.010565
1746    0.012059
1862    0.008013
2014    0.015612
2020    0.022776
2277    0.033013
2283    0.015780
2321    0.019847
2587    0.019344
2644    0.017119
2744    0.010531
2745    0.011677
2882    0.057172
2947    0.014164
3081    0.051692
3089    0.028157
3090    0.016703
3116    0.026974
3567    0.009251
4150    0.017012
4380    0.007542
4456    0.016131
4536    0.016410
4870    0.012147
5075    0.006841
5079    0.012859
5179    0.020025
5212    0.013617
5268    0.022213
5274    0.024104
5495    0.007542
5501    0.015607
5517    0.023741
5556    0.014770
5745    0.016041
6042    0.019506
6073    0.024104
6103    0.028385
6430    0.034239
6596    0.009899
6630    0.018593
6743    0.022488
6827    0.016506
6930    0.021234
7000    0.019506
7048    0.014699
7642    0.015866
7787    0.017340
7802    0.005212
8019    0.009468
8025    0.010770
8107    0.017981
8116    0.008527
8417    0.013172
9118    0.012421
9518    0.016732
9747    0.015953
9811    0.019031
9947    0.009172
10273    0.029251
10334    0.011436
10338    0.011243
10354    0.014038
10395    0.028385
10790    0.018736
10836    0.041603
10837    0.018562
11014    0.057701
11399    0.018455
11683    0.007406
11961    0.024491
11975    0.049815
12122    0.039478
12283    0.007742
12414    0.021014
12519    0.028157
12904    0.010302
12987    0.005644
13122    0.026974
13357    0.033031
13568    0.014425
13580    0.009580
14065    0.004645
14498    0.020929
14523    0.015780
14705    0.029251
15656    0.020802
16029    0.015530
16144    0.026974
16488    0.024104
16585    0.011428
16707    0.028328
16729    0.006408
16882    0.022488
16941    0.022047
17108    0.015137
17144    0.008865
17484    0.013108
17966    0.015137
18132    0.030276
18179    0.014038
18182    0.006065
18731    0.021234
18896    0.024104
18940    0.019031
19127    0.020540
19328    0.019506
19438    0.029251
19649    0.022488
19785    0.021681
19844    0.003678
20090    0.006671
20260    0.010027
20282    0.008598
20629    0.019506
20742    0.018058
20762    0.019344
21120    0.012612
21150    0.004483
21253    0.025937
21254    0.024474
