228
246    0.007590
333    0.005508
370    0.008833
451    0.007688
455    0.014746
534    0.011762
1204    0.007622
1242    0.007893
1283    0.005876
1403    0.009968
1404    0.015469
1423    0.009185
1458    0.010037
1490    0.005914
1746    0.006750
1862    0.004485
1940    0.007526
2014    0.026217
2017    0.017648
2020    0.012749
2093    0.006582
2117    0.012288
2120    0.006979
2277    0.027719
2279    0.011886
2283    0.008833
2321    0.011109
2587    0.010828
2604    0.007655
2644    0.009583
2723    0.006148
2744    0.017684
2745    0.006536
2882    0.032002
2947    0.007928
3039    0.014568
3081    0.028935
3089    0.021014
3090    0.009350
3116    0.015098
3126    0.010828
3171    0.014194
3341    0.007059
3471    0.012919
3513    0.017648
3567    0.005178
3726    0.007688
3842    0.007142
4150    0.019045
4380    0.012665
4456    0.009029
4536    0.009185
4860    0.012587
4870    0.006799
5074    0.007313
5075    0.003829
5079    0.007198
5179    0.011209
5212    0.007622
5226    0.017648
5268    0.012434
5274    0.013492
5495    0.004222
5501    0.008736
5517    0.013289
5550    0.011312
5556    0.008267
5745    0.008979
5797    0.019828
5826    0.013709
5904    0.011529
6042    0.010919
6073    0.013492
6103    0.015889
6104    0.019828
6204    0.033894
6430    0.019165
6596    0.005541
6630    0.010408
6743    0.012587
6827    0.009239
6888    0.013709
6930    0.011886
7000    0.010919
7048    0.008228
7377    0.006168
7381    0.018553
7642    0.008881
7787    0.009706
7802    0.002918
7948    0.010108
8019    0.005300
8025    0.006029
8107    0.010065
8116    0.009546
8417    0.014746
8489    0.018371
9118    0.006953
9411    0.004178
9416    0.019828
9484    0.008516
9518    0.009366
9747    0.008930
9777    0.010180
9811    0.010653
9947    0.005134
10105    0.012544
10273    0.016373
10334    0.006401
10338    0.006293
10354    0.007858
10395    0.015889
10402    0.015889
10697    0.010330
10790    0.010487
10836    0.023287
10837    0.010390
11014    0.032298
11064    0.012434
11207    0.007893
11399    0.010330
11503    0.005134
11623    0.019828
11683    0.004146
11841    0.003632
11909    0.012587
11961    0.013709
11975    0.027884
12048    0.008473
12071    0.008001
12122    0.033146
12283    0.004334
12286    0.013098
12414    0.011762
12519    0.021014
12880    0.007284
12904    0.011533
12949    0.009644
12987    0.003159
13122    0.015098
13143    0.008786
13355    0.005119
13357    0.021570
13370    0.010180
13434    0.001998
13462    0.009706
13568    0.008075
13580    0.005362
13909    0.008693
14065    0.002600
14316    0.007198
14365    0.013289
14498    0.011715
14523    0.008833
14580    0.013709
14705    0.016373
15140    0.006029
15185    0.013709
15623    0.008431
15656    0.011644
15712    0.007033
15713    0.010180
15778    0.008228
15792    0.007788
15910    0.007964
16029    0.008693
16060    0.008603
16117    0.007858
16144    0.015098
16488    0.013492
16585    0.008956
16592    0.014202
16705    0.005766
16707    0.039641
16729    0.003587
16862    0.007721
16882    0.012587
16941    0.012341
16959    0.006629
17095    0.011312
17108    0.008473
17124    0.013942
17144    0.004962
17288    0.013942
17445    0.010108
17484    0.011006
17669    0.010446
17966    0.008473
18021    0.013709
18132    0.016947
18138    0.009133
18179    0.007858
18182    0.006790
18399    0.015469
18587    0.013500
18731    0.011886
18896    0.013492
18940    0.010653
19127    0.011497
19246    0.017648
19278    0.007896
19322    0.018553
19328    0.010919
19438    0.016373
19634    0.010919
19649    0.012587
19662    0.012288
19785    0.018204
19786    0.012919
19844    0.008234
20090    0.007468
20260    0.011225
20282    0.004813
20305    0.011013
20366    0.012288
20540    0.009081
20629    0.010919
20742    0.010108
20762    0.010828
20782    0.012014
20845    0.008979
20902    0.007255
21083    0.009185
21120    0.007059
21150    0.002509
21253    0.024197
21254    0.013700
21258    0.010653
