127
448    0.022584
568    0.017963
659    0.034712
677    0.024936
739    0.030671
901    0.028173
1244    0.025753
1364    0.019821
1479    0.022767
1746    0.014310
2156    0.019821
2508    0.019821
2689    0.030671
2723    0.013034
2744    0.012497
2745    0.013857
3593    0.026865
3622    0.039333
3713    0.093628
3715    0.045533
3789    0.019361
3869    0.033684
3911    0.017198
4075    0.023148
4137    0.011368
4240    0.009560
4258    0.012948
4669    0.029063
4810    0.019587
5043    0.006865
5089    0.031306
5152    0.019143
5469    0.030671
5532    0.011677
5718    0.019361
5898    0.022064
6259    0.032794
6881    0.022767
6891    0.023552
6983    0.025198
7377    0.013077
7391    0.029063
7946    0.033684
7976    0.037415
8402    0.030671
8639    0.107778
8640    0.023347
8711    0.032317
9153    0.017198
9445    0.032009
10334    0.013571
10338    0.013342
10525    0.020849
10538    0.028603
10605    0.014004
10837    0.007342
11103    0.005293
11112    0.012948
11180    0.010461
11207    0.016732
11331    0.029557
11355    0.009068
11425    0.033684
11478    0.030091
11567    0.020315
11581    0.018827
11691    0.029063
11782    0.011572
11830    0.027769
12095    0.037251
12273    0.014685
12358    0.029063
12421    0.037862
12425    0.057206
12652    0.030091
12817    0.015889
12987    0.006697
13050    0.011783
13175    0.022064
13178    0.034712
13434    0.004237
13775    0.023982
14065    0.005512
14310    0.037415
14316    0.030520
14439    0.011235
14485    0.017198
14742    0.004763
15271    0.017198
15332    0.032794
15818    0.014207
15928    0.016298
16362    0.064746
16437    0.019473
16734    0.009359
16923    0.012948
17027    0.046514
17029    0.020577
17103    0.017039
17427    0.028173
17484    0.007778
17582    0.029063
17821    0.032879
17858    0.029557
17870    0.014576
17949    0.020188
18082    0.019941
18167    0.014359
18182    0.007197
19038    0.032009
19366    0.006484
19410    0.008632
19426    0.009163
19437    0.021739
19696    0.030091
20090    0.007916
20260    0.007932
20553    0.032794
20768    0.010978
20803    0.009260
20830    0.020989
20894    0.012864
20983    0.014576
21001    0.024208
21065    0.020188
21150    0.005320
21333    0.034712
