98
333    0.014596
595    0.032950
653    0.028935
851    0.025721
1276    0.027174
1283    0.015572
1403    0.026416
1404    0.040992
1437    0.044909
1691    0.018565
1767    0.049166
1940    0.039889
2119    0.026599
2188    0.031837
2277    0.048969
2281    0.022682
2723    0.016292
2882    0.063604
3050    0.032371
3089    0.013922
4380    0.022375
5745    0.023795
5818    0.040011
6262    0.023407
6596    0.014684
6705    0.019779
7222    0.058321
7303    0.030553
7595    0.037852
7964    0.029440
8107    0.026672
8116    0.012649
8489    0.024341
9126    0.026416
9209    0.013299
9411    0.011072
9484    0.022567
9947    0.013604
10332    0.036946
10334    0.033928
10338    0.016677
10355    0.031170
10837    0.009178
11014    0.042795
11016    0.032950
11178    0.021201
11398    0.035754
11399    0.027374
11445    0.023664
11492    0.043390
11531    0.019698
12302    0.036329
12880    0.019303
12889    0.026748
12987    0.016742
13347    0.026978
13351    0.041048
13568    0.021397
14061    0.058321
14517    0.044909
14537    0.016401
15378    0.033784
15601    0.021299
15604    0.026236
15792    0.020639
15907    0.017568
16490    0.025556
16592    0.037636
16729    0.019010
16734    0.011698
16766    0.022682
16941    0.010901
17095    0.029978
17129    0.017758
17281    0.016401
17292    0.018356
17471    0.026416
18587    0.017887
18726    0.022231
18896    0.035754
19127    0.015234
19177    0.016734
19212    0.023795
19232    0.018287
19410    0.010789
19444    0.027791
19664    0.028935
19788    0.058321
19844    0.005455
20260    0.004958
20282    0.012754
20540    0.024064
20927    0.014127
21155    0.047069
21253    0.012824
21254    0.036304
21264    0.024064
21279    0.041831
