151
166    0.020896
191    0.015102
552    0.014127
633    0.021680
800    0.057637
1255    0.017567
1699    0.008888
2113    0.015185
2114    0.014861
2396    0.010088
2432    0.006463
2722    0.025112
2737    0.012852
2987    0.022274
3133    0.027019
3192    0.022274
3471    0.021969
3583    0.008207
3888    0.020896
3944    0.011868
4135    0.015805
4195    0.010088
4317    0.019418
4620    0.019800
4871    0.015620
5061    0.030012
5118    0.031550
5212    0.012961
5719    0.010630
5745    0.015269
6214    0.030012
6444    0.026305
6598    0.009655
6705    0.012693
6761    0.010252
6762    0.014482
7456    0.012641
7463    0.021405
7806    0.022599
8019    0.009012
8170    0.014861
8286    0.028819
8377    0.027844
8407    0.016194
8446    0.010153
8630    0.032151
8783    0.012338
9068    0.022599
9118    0.011824
9143    0.014555
9152    0.018115
9210    0.013992
9234    0.033719
9411    0.007105
9980    0.015712
10013    0.022599
10027    0.022944
10186    0.018727
10220    0.018892
10421    0.015021
10911    0.022274
10942    0.050562
10949    0.033719
11146    0.012487
11181    0.010352
11201    0.008857
11444    0.013244
11863    0.023709
11958    0.015102
12053    0.034624
12064    0.014861
12307    0.033942
12309    0.027720
12331    0.021405
12916    0.022944
12999    0.006161
13082    0.025112
13145    0.035133
13199    0.030012
13288    0.028819
13501    0.038035
13530    0.015185
13546    0.054038
13547    0.064216
13590    0.025112
13644    0.021144
13647    0.009930
14015    0.021144
14065    0.008843
14425    0.008806
14439    0.009012
14442    0.020212
14741    0.013362
14742    0.003820
14778    0.031550
14946    0.021680
14990    0.033719
14995    0.031550
15019    0.015805
15064    0.033719
15342    0.020002
15478    0.018262
15911    0.019606
16510    0.037784
16562    0.021405
16585    0.008702
16732    0.009310
16734    0.007507
16794    0.021405
16912    0.027844
16950    0.017973
17066    0.016836
17075    0.014555
17643    0.011563
17913    0.017973
17922    0.026606
18037    0.017438
18038    0.024137
18167    0.011518
18179    0.026724
18342    0.033719
18411    0.046861
18415    0.026305
18416    0.018568
18439    0.027844
18462    0.017438
18619    0.009626
18652    0.009715
18867    0.033719
18883    0.011478
19043    0.020705
19276    0.026305
19535    0.013605
19546    0.018115
19562    0.016613
19572    0.020430
19773    0.009394
19785    0.041275
19820    0.012641
19844    0.007001
20082    0.016094
20124    0.027844
20464    0.011234
20535    0.019237
20601    0.012961
20620    0.011154
20631    0.028819
20745    0.016505
21115    0.008780
21150    0.008535
21306    0.014706
