368
219    0.003603
239    0.009998
246    0.004478
422    0.009660
439    0.008535
448    0.006285
451    0.004535
455    0.004350
486    0.008374
568    0.004999
583    0.007167
610    0.004901
659    0.009660
677    0.006940
698    0.010946
735    0.008908
740    0.010412
744    0.006870
901    0.007840
911    0.010946
920    0.011379
978    0.015805
1032    0.009998
1360    0.008908
1364    0.005516
1433    0.007088
1512    0.009660
1529    0.004999
1699    0.001542
1712    0.004575
1862    0.002646
1969    0.006802
2047    0.007376
2102    0.003250
2156    0.027580
2157    0.017425
2226    0.006554
2345    0.006140
2508    0.005516
2510    0.007521
2589    0.006442
2688    0.004535
2690    0.007728
2710    0.004809
2730    0.010946
2745    0.003856
3029    0.005726
3282    0.006285
3341    0.004165
3473    0.009150
3563    0.004087
3567    0.003055
3571    0.004786
3593    0.011215
3618    0.004497
3632    0.005327
3664    0.006674
3713    0.062535
3715    0.031679
3733    0.005183
3754    0.006140
3825    0.007622
3869    0.009374
3888    0.007249
3916    0.007728
4028    0.005240
4032    0.010946
4075    0.006442
4137    0.006327
4240    0.005321
4390    0.005183
4450    0.003523
4669    0.008088
4732    0.006050
4762    0.006870
4811    0.005618
4860    0.007426
4899    0.003843
4939    0.023183
5075    0.002259
5082    0.006497
5086    0.006336
5152    0.015982
5153    0.006940
5165    0.009660
5331    0.006235
5401    0.007521
5493    0.007426
5515    0.003523
5518    0.008226
5531    0.010946
5535    0.006285
5537    0.011099
5539    0.008374
5548    0.005802
5595    0.009126
5610    0.007167
5718    0.005388
5719    0.011064
5725    0.005618
5820    0.005841
5976    0.006388
5977    0.007023
6050    0.004422
6132    0.008535
6236    0.011698
6259    0.009126
6630    0.006140
6660    0.008712
6689    0.020211
6705    0.004404
6714    0.007088
6756    0.009803
6758    0.008495
6880    0.007622
6891    0.006554
6902    0.009374
6926    0.007521
6949    0.007622
7075    0.007336
7252    0.011698
7286    0.006336
7293    0.009998
7330    0.003884
7377    0.003639
7391    0.008088
7524    0.003713
7725    0.007088
7798    0.006613
7802    0.003443
7935    0.006095
7964    0.013109
7976    0.010412
8101    0.005584
8107    0.005938
8116    0.005632
8417    0.004350
8446    0.003523
8476    0.008298
8568    0.002895
8581    0.002879
8613    0.010715
8622    0.003897
8624    0.026787
8630    0.002231
8639    0.024995
8640    0.038983
8876    0.010946
8905    0.008712
9153    0.009572
9168    0.006940
9256    0.004657
9326    0.009660
9426    0.007840
9506    0.008908
9518    0.002763
9532    0.016176
9567    0.009998
9589    0.010412
9672    0.028980
9749    0.006613
9812    0.004535
10338    0.003713
10360    0.008535
10422    0.011236
10486    0.007012
10495    0.012100
10525    0.005802
10538    0.023880
10556    0.026723
10605    0.007795
10668    0.006095
10779    0.010412
10803    0.005183
10837    0.002043
10846    0.004350
10876    0.009998
10897    0.003790
11062    0.006235
11087    0.004535
11103    0.001473
11117    0.006441
11146    0.008664
11159    0.010946
11331    0.008226
11353    0.010412
11355    0.002523
11436    0.009660
11444    0.004595
11503    0.003029
11570    0.004056
11576    0.008226
11581    0.026198
11613    0.005618
11691    0.008088
11782    0.006441
11830    0.015456
11869    0.007088
12095    0.015550
12208    0.010946
12232    0.007012
12273    0.008173
12411    0.007728
12421    0.021073
12505    0.004699
12519    0.003100
12551    0.003381
12591    0.003856
12684    0.002733
12725    0.011698
12729    0.007840
12794    0.020825
12817    0.004422
12855    0.006006
12904    0.003402
12974    0.004925
12987    0.001864
13014    0.002855
13050    0.006558
13060    0.007521
13094    0.010946
13107    0.009374
13195    0.012471
13198    0.006442
13216    0.010412
13298    0.005881
13319    0.004230
13351    0.006092
13434    0.002358
13484    0.005076
13683    0.008226
13770    0.007960
13906    0.006388
13910    0.003568
14073    0.008994
14130    0.005516
14237    0.006674
14262    0.009998
14316    0.025480
14391    0.010966
14406    0.003939
14445    0.005549
14448    0.007521
14544    0.009998
14568    0.009374
14629    0.007521
14742    0.002651
14745    0.002978
14952    0.006140
15063    0.011139
15176    0.010412
15271    0.004786
15274    0.013604
15332    0.009126
15344    0.018967
15450    0.007840
15623    0.009948
15716    0.006870
15819    0.009660
15822    0.003856
15827    0.007249
15874    0.006140
15916    0.007426
15928    0.004535
16080    0.009374
16116    0.003856
16237    0.003568
16362    0.018018
16373    0.008908
16437    0.005419
16448    0.009374
16509    0.004478
16568    0.008908
16578    0.006050
16585    0.012832
16766    0.005050
16843    0.008535
16890    0.011927
16923    0.003603
16952    0.005483
16959    0.003911
17025    0.010838
17027    0.012944
17029    0.005726
17051    0.003803
17067    0.005357
17101    0.004786
17103    0.004742
17105    0.007528
17134    0.011698
17264    0.008712
17390    0.010946
17401    0.010946
17426    0.007088
17427    0.023521
17455    0.015244
17462    0.010946
17524    0.010204
17540    0.010946
17582    0.008088
17589    0.009660
17669    0.003082
17821    0.009150
17858    0.008226
17870    0.012169
18005    0.006618
18010    0.009660
18037    0.006050
18082    0.027747
18167    0.015984
18179    0.004636
18182    0.002003
18186    0.004878
18203    0.004315
18227    0.008226
18609    0.006554
18717    0.004742
18723    0.010946
18728    0.007088
18883    0.003982
19060    0.018748
19097    0.015306
19106    0.005764
19151    0.004535
19213    0.006442
19223    0.004699
19225    0.004368
19232    0.004071
19261    0.003884
19262    0.008807
19263    0.011698
19366    0.005414
19416    0.008844
19426    0.007650
19437    0.006050
19503    0.005618
19635    0.008712
19659    0.009998
19785    0.010740
19820    0.004385
19830    0.005451
19839    0.009126
19844    0.002429
20260    0.002208
20307    0.010412
20308    0.010946
20452    0.004636
20464    0.003897
20626    0.005327
20648    0.005102
20830    0.011682
20844    0.002711
20894    0.003580
20927    0.003145
20983    0.008113
21001    0.013474
21057    0.004404
21087    0.011330
21090    0.009126
21097    0.009660
21115    0.003046
21118    0.005024
21150    0.005922
21172    0.007088
21201    0.011698
21204    0.011698
21247    0.003765
21345    0.010946
