181
66    0.019385
147    0.014798
175    0.022681
333    0.012601
370    0.010104
451    0.008794
510    0.025174
525    0.021223
1099    0.035481
1192    0.016892
1275    0.012708
1276    0.011730
1283    0.026886
1304    0.011562
1490    0.006764
1699    0.005978
1741    0.009435
1767    0.042445
1795    0.045362
1846    0.008794
2002    0.016236
2014    0.009996
2120    0.007983
2122    0.013062
2188    0.013743
2216    0.011905
2277    0.010569
2287    0.012090
2432    0.013042
2710    0.009323
2744    0.006743
2745    0.014953
3013    0.024179
3050    0.034933
3077    0.018914
3089    0.006009
3732    0.011102
3733    0.010050
3790    0.009944
4240    0.005158
4362    0.010695
4380    0.033804
4383    0.010507
4448    0.016236
4581    0.011905
4871    0.010507
4873    0.013896
4877    0.014777
5043    0.011113
5055    0.012186
5142    0.015948
5202    0.008106
5217    0.012284
5332    0.015201
5352    0.009194
5414    0.017976
5501    0.004997
5532    0.006300
5628    0.007199
5866    0.006743
5941    0.016236
6523    0.019385
6532    0.024179
6544    0.050349
7048    0.009412
7406    0.013188
7428    0.019385
7523    0.009692
7595    0.008170
7736    0.007399
7753    0.006874
7771    0.025174
7833    0.012910
7948    0.011562
8019    0.006062
8107    0.005757
8116    0.005460
8845    0.008870
9016    0.008988
9098    0.021223
9118    0.007953
9180    0.017271
9411    0.004779
9526    0.012940
9751    0.015201
10096    0.012090
10140    0.007983
10334    0.007323
10697    0.011816
10837    0.007923
10840    0.008573
10881    0.010826
11103    0.008568
11117    0.012488
11218    0.005386
11416    0.014056
11753    0.011996
11884    0.029966
11902    0.030867
12118    0.011402
12283    0.004957
12300    0.006455
12415    0.007749
12880    0.008332
12889    0.034638
12904    0.006596
13143    0.010050
13167    0.011645
13185    0.014777
13357    0.010575
13580    0.012268
13744    0.020188
14063    0.007835
14124    0.010104
14314    0.010631
14498    0.020101
14742    0.002570
14762    0.028446
15032    0.011175
15037    0.014398
15222    0.096926
15466    0.008870
15500    0.012708
15601    0.036775
15604    0.011325
15686    0.008948
15792    0.008909
15820    0.008719
15822    0.014953
15849    0.011996
16154    0.016892
16259    0.011996
16585    0.013171
16592    0.016246
16707    0.009069
16772    0.010214
16880    0.017291
16923    0.006987
16941    0.004706
17051    0.007373
17105    0.007297
17129    0.007665
17281    0.042476
17292    0.007923
17445    0.011562
17484    0.004197
17531    0.043048
17924    0.014777
18005    0.006416
18023    0.015948
18091    0.014223
18182    0.007767
18186    0.009457
18223    0.013188
18282    0.003903
18587    0.007721
18946    0.045362
18987    0.009412
19127    0.013151
19232    0.007894
19327    0.011881
19455    0.012708
19503    0.010893
19736    0.010159
19751    0.011816
19785    0.020823
19841    0.015433
19844    0.004710
20090    0.008542
20260    0.008560
20282    0.022021
20460    0.008948
20540    0.010387
20762    0.012385
20841    0.013275
20844    0.015768
20845    0.010271
20993    0.009028
21146    0.010447
21150    0.002871
21253    0.005536
