181
227    0.017550
1283    0.008089
1403    0.013722
1415    0.012645
1451    0.007211
1490    0.008141
1529    0.011664
1698    0.008219
1699    0.003597
1725    0.014327
1779    0.020785
1926    0.014784
1940    0.010361
1950    0.020329
2047    0.008606
2114    0.012030
2120    0.009608
2173    0.009030
2277    0.006360
2344    0.007317
2432    0.015695
2558    0.016539
2710    0.011220
2861    0.014437
2882    0.022027
2947    0.010914
3039    0.020055
3050    0.016816
3051    0.020785
3086    0.012949
3089    0.007232
3090    0.012871
3091    0.024295
3191    0.016192
3238    0.011116
3396    0.010150
3473    0.010675
3619    0.011783
3675    0.012719
3862    0.012871
4380    0.040682
4654    0.025541
4870    0.009360
4872    0.013915
5152    0.012430
5515    0.008219
5537    0.012949
5860    0.023329
5881    0.015720
5925    0.016723
6114    0.021295
6309    0.027296
6403    0.014784
6598    0.007816
6628    0.009360
6827    0.012719
6907    0.018872
7168    0.006029
7173    0.012430
7199    0.009360
7380    0.011492
7421    0.018573
7595    0.009832
7736    0.008904
7753    0.008272
7762    0.022540
8074    0.023329
8476    0.009681
8596    0.008038
8613    0.012501
8622    0.009094
8639    0.011664
8747    0.018573
8935    0.018294
9136    0.013109
9411    0.005752
9518    0.006446
9641    0.011606
9947    0.007067
10105    0.008634
10334    0.008812
10578    0.039827
10837    0.009536
11014    0.022231
11129    0.037744
11130    0.014905
11193    0.024295
11399    0.014221
11453    0.014221
11567    0.013192
11581    0.012226
11975    0.019193
11976    0.025541
12048    0.011664
12084    0.012361
12118    0.013722
12230    0.009395
12263    0.037744
12283    0.005966
12684    0.006377
12900    0.025898
12904    0.007938
12947    0.013449
13143    0.012094
13179    0.011273
13355    0.007047
13357    0.008484
13434    0.002751
13691    0.016362
14063    0.018859
14316    0.009909
14498    0.008064
14716    0.015720
14745    0.006948
14796    0.009681
14874    0.010914
15181    0.023329
15207    0.015573
15600    0.027445
15601    0.022129
15906    0.010448
16085    0.018294
16086    0.024295
16575    0.013276
16592    0.013034
16734    0.018231
16880    0.010404
17105    0.008782
17117    0.007404
17281    0.017040
17304    0.018872
17327    0.019916
17447    0.014784
17531    0.017269
18082    0.012949
18133    0.013276
18167    0.004662
18219    0.027296
18282    0.009394
18340    0.012361
18416    0.030062
18558    0.019916
18587    0.009292
18724    0.013361
18726    0.023098
18898    0.011492
18951    0.014665
19127    0.023741
19128    0.011064
19169    0.012160
19211    0.038386
19410    0.022420
19411    0.015160
19437    0.014116
19444    0.014437
19453    0.040764
19543    0.010722
19582    0.019193
19640    0.012501
19685    0.011273
19709    0.021295
19841    0.018573
19844    0.008502
20100    0.012572
20260    0.015453
20273    0.030297
20282    0.013251
20460    0.010769
20648    0.011905
20713    0.008193
20747    0.023329
20768    0.014257
20778    0.014221
20803    0.006013
20910    0.013449
21063    0.017117
21173    0.022540
21247    0.004392
21253    0.013324
21264    0.012501
21266    0.016386
