122
103    0.014789
1069    0.021057
1466    0.019412
1725    0.021216
1796    0.040419
1838    0.033377
1940    0.015342
2277    0.028252
2344    0.010835
2532    0.040419
2558    0.024490
2684    0.015091
2710    0.016614
2745    0.013324
3050    0.012450
3051    0.030777
3077    0.033706
3091    0.035976
3238    0.032919
3286    0.024490
3743    0.013418
3790    0.017721
3862    0.019059
3893    0.040419
4258    0.012450
4380    0.025818
4689    0.024228
4695    0.025988
5112    0.025988
5202    0.014446
5217    0.021891
5495    0.017212
5528    0.069091
5870    0.037820
5879    0.017359
5977    0.012132
6115    0.023277
6630    0.021216
7048    0.016772
7168    0.008928
7173    0.018406
7444    0.037820
7650    0.016772
7802    0.011895
8581    0.009947
9251    0.040419
9473    0.040419
9518    0.019091
10334    0.052197
10338    0.012829
10803    0.017909
11087    0.015671
11193    0.035976
11289    0.016935
11330    0.026701
11331    0.028420
11355    0.008719
11386    0.015215
11399    0.021057
11439    0.018304
11440    0.022646
11503    0.010465
11744    0.013418
11757    0.015029
11947    0.022257
11958    0.018103
12118    0.020320
12122    0.033784
12415    0.027620
12416    0.019412
12604    0.075640
12684    0.009443
12999    0.007385
13357    0.006282
13434    0.004074
13779    0.044862
14498    0.011940
14527    0.023277
14920    0.023277
14923    0.044862
15181    0.034545
15356    0.032388
15601    0.016384
15811    0.044862
15906    0.015471
15908    0.023502
15912    0.011574
16259    0.021378
16266    0.032388
16585    0.002608
16592    0.019301
16729    0.021934
16955    0.035075
17105    0.013004
17281    0.050463
17447    0.021891
17531    0.025571
17814    0.014615
17868    0.017909
18223    0.023502
18282    0.013910
18587    0.013759
18925    0.030777
19309    0.017628
19366    0.006235
19410    0.016599
19446    0.037820
19453    0.015091
19460    0.010405
19640    0.018510
19817    0.017537
19844    0.008393
20260    0.007627
20282    0.029432
20436    0.044862
20741    0.032388
20785    0.015215
20868    0.009892
21150    0.005115
21253    0.019730
21258    0.065146
21264    0.018510
