197
103    0.061407
1184    0.007875
1244    0.014688
1479    0.025970
1643    0.018256
1691    0.008471
1708    0.053221
1741    0.004987
1781    0.015034
1951    0.012136
2160    0.026610
2432    0.009190
2454    0.023975
2508    0.011305
2543    0.022433
2691    0.014222
2744    0.007128
2745    0.007903
2857    0.010144
3113    0.019798
3567    0.006261
3593    0.022984
3619    0.010349
3712    0.021339
3713    0.042720
3715    0.025970
3717    0.019798
3745    0.011736
3837    0.026610
3869    0.019211
3886    0.012136
3891    0.018256
4075    0.013202
4231    0.019798
4711    0.018256
5043    0.003916
5152    0.010918
5458    0.015220
5471    0.023975
5532    0.013319
5708    0.013940
5725    0.023028
5773    0.017162
5817    0.026610
6075    0.026610
6598    0.006865
6632    0.013316
6700    0.016858
6758    0.005803
6891    0.013433
6949    0.015620
7069    0.026610
7168    0.005295
7180    0.012584
7194    0.020188
7377    0.007458
7446    0.016314
7508    0.011891
7548    0.026610
7964    0.026865
8078    0.005352
8096    0.023975
8504    0.015034
8577    0.013316
8639    0.040980
8640    0.013316
8879    0.071924
8895    0.047950
9003    0.019526
9023    0.009996
9127    0.013092
9154    0.026610
9364    0.017829
9459    0.012584
9518    0.011324
9663    0.015034
9862    0.026610
9996    0.044866
10193    0.023975
10195    0.073023
10337    0.018704
10338    0.022828
10605    0.007987
10659    0.014371
10784    0.014857
10803    0.010623
10837    0.004188
11061    0.022433
11112    0.007385
11157    0.015620
11355    0.020687
11444    0.009417
11562    0.012680
11576    0.033715
11581    0.021476
11691    0.016576
11747    0.009901
11841    0.004392
12005    0.005352
12042    0.011971
12095    0.010623
12283    0.005240
12421    0.021594
12817    0.018125
12898    0.011971
12900    0.011373
12987    0.003820
12999    0.004380
13062    0.026610
13217    0.026610
13298    0.012053
13426    0.021339
13434    0.002416
13480    0.019798
13491    0.012584
13821    0.016576
13886    0.006640
13889    0.021339
13899    0.010680
14237    0.027356
14260    0.048941
14262    0.020491
14263    0.017493
14316    0.052220
14319    0.029053
14439    0.019224
14617    0.015838
14750    0.018256
14865    0.010297
15271    0.009809
15287    0.018256
15299    0.010402
15325    0.014688
15623    0.010194
15700    0.023975
15818    0.008103
15837    0.017162
15895    0.014526
15928    0.009295
16175    0.023975
16321    0.019617
16362    0.012309
16429    0.018704
16437    0.011106
16729    0.004337
17027    0.026529
17029    0.011736
17144    0.006000
17313    0.036158
17345    0.011971
17427    0.016068
17455    0.015620
17529    0.010194
17569    0.019798
17582    0.033152
17669    0.025262
17821    0.028128
17870    0.008313
18039    0.022433
18082    0.022747
18158    0.009949
18167    0.004095
18319    0.017829
18477    0.016576
18560    0.015415
18670    0.009255
18887    0.012222
19046    0.010245
19050    0.015838
19177    0.007635
19195    0.015034
19383    0.012309
19437    0.012399
19453    0.008951
19503    0.011514
19557    0.013807
19586    0.017162
19817    0.010402
19825    0.019211
19839    0.018704
20038    0.018256
20116    0.014371
20260    0.002262
20274    0.009255
20627    0.010680
20768    0.006261
20771    0.011373
20830    0.011971
20894    0.007337
20916    0.013202
21058    0.007794
21101    0.016576
21122    0.008738
21147    0.014222
21172    0.029053
21235    0.017855
21243    0.006034
