132
702    0.014153
1061    0.068537
1069    0.017853
1070    0.038035
1479    0.018560
1689    0.012108
1862    0.007752
2156    0.032317
2432    0.006568
2508    0.016158
2644    0.016561
2678    0.018870
2713    0.021754
2806    0.013402
3343    0.046635
3593    0.010951
3713    0.015266
3715    0.018560
3861    0.018560
3905    0.040246
4151    0.016458
4258    0.010556
4267    0.019200
4270    0.038035
4860    0.021754
4899    0.045027
5152    0.046816
5268    0.021489
5532    0.009519
5537    0.016256
5590    0.034268
5675    0.020541
5719    0.043215
5725    0.049373
5977    0.010286
6758    0.016590
6908    0.018811
6918    0.015184
7113    0.029288
7188    0.013460
7833    0.009753
7935    0.017853
8500    0.008364
8596    0.020183
8611    0.027460
8639    0.029287
8640    0.038065
8667    0.038035
8787    0.022967
8943    0.023693
8964    0.015024
9518    0.008093
9881    0.018411
9947    0.008872
9972    0.025521
9976    0.020328
10599    0.058577
10605    0.011417
11103    0.004315
11218    0.008137
11327    0.040657
11334    0.011498
11355    0.007392
11503    0.008872
11528    0.012589
11562    0.018125
12005    0.022949
12095    0.015184
12354    0.024530
12421    0.030866
12654    0.023693
12849    0.038035
12927    0.012847
12928    0.041672
12982    0.027460
12983    0.011063
12987    0.010919
12999    0.006261
13050    0.028816
13324    0.026734
13434    0.010361
13491    0.017987
13666    0.028298
14139    0.025521
14222    0.042472
14316    0.024880
14340    0.015266
14439    0.009159
15144    0.025521
15271    0.042060
15497    0.012742
15818    0.023163
15928    0.026572
15931    0.015184
16098    0.026734
16425    0.023693
16501    0.011179
16507    0.038035
16509    0.013117
16890    0.034938
16892    0.037426
16954    0.019200
17027    0.101117
17029    0.016774
17167    0.023318
17216    0.024095
17303    0.020763
17633    0.025521
17821    0.013402
18167    0.011706
18684    0.038035
18728    0.020763
18848    0.024530
18882    0.008204
18888    0.025484
19177    0.010913
19351    0.021236
19366    0.005286
19577    0.017347
19817    0.014869
20260    0.003233
20540    0.015694
20642    0.019551
20768    0.008949
20803    0.007549
20868    0.016774
20946    0.010253
21005    0.036462
21150    0.004337
21243    0.008624
21247    0.005514
21279    0.027281
