146
103    0.044583
164    0.017378
1342    0.023764
1365    0.041454
1480    0.015753
1520    0.028502
1529    0.013017
1691    0.010762
2710    0.012521
3473    0.035738
3479    0.051200
3593    0.058403
3594    0.021805
3619    0.013149
3713    0.027139
3715    0.016498
4155    0.057004
4450    0.009172
4669    0.021060
4690    0.016918
4738    0.025153
5072    0.020122
5116    0.020415
5461    0.030461
5487    0.043350
5532    0.016923
5537    0.057801
5539    0.021805
5725    0.014629
5803    0.022225
5844    0.021060
5856    0.010845
6365    0.011146
6372    0.008047
6644    0.019337
6933    0.033809
7176    0.017220
7325    0.045024
7588    0.021060
7736    0.009937
7958    0.033809
7965    0.015528
8069    0.018456
8074    0.026034
8476    0.010804
8568    0.007538
8613    0.111599
8639    0.065083
8732    0.101428
8935    0.040830
9023    0.012701
9024    0.033809
9136    0.014629
9256    0.024250
9282    0.010112
9364    0.011326
9873    0.010523
10773    0.023028
10774    0.016918
10898    0.017542
11282    0.031739
11434    0.009291
11528    0.011190
11531    0.011419
11581    0.027286
11683    0.006369
12086    0.034133
12245    0.008914
12421    0.013718
12425    0.020727
12505    0.012235
12560    0.039170
12684    0.007116
12898    0.015209
12900    0.014450
12999    0.005566
13125    0.015528
13336    0.033809
13347    0.015639
13434    0.003070
13581    0.018877
13690    0.030461
13893    0.021805
13939    0.009937
14088    0.022686
14089    0.022686
14445    0.014450
14539    0.015008
14714    0.024409
14742    0.003451
14745    0.007753
14756    0.027112
14857    0.013950
15140    0.009261
15210    0.024035
15344    0.012347
15428    0.026034
15591    0.014450
15786    0.030461
16012    0.016774
16509    0.011660
16585    0.001965
16729    0.022040
16772    0.013718
17286    0.067618
17372    0.016634
17407    0.010887
17455    0.019846
17573    0.027112
17771    0.030461
17806    0.025153
17814    0.011015
17817    0.015753
18082    0.028900
18118    0.026034
18158    0.012640
18167    0.010405
18319    0.011326
18435    0.011965
18468    0.020727
18560    0.019585
19151    0.011810
19169    0.013569
19232    0.010601
19410    0.012509
19426    0.006640
19437    0.047259
19453    0.068235
19543    0.023930
19577    0.015420
19844    0.003162
20100    0.014030
20157    0.030461
20159    0.033809
20275    0.008287
20452    0.012071
20481    0.015989
20648    0.013285
20768    0.007955
20803    0.006710
20868    0.022365
20910    0.015008
20927    0.008189
20963    0.021060
21088    0.019846
21111    0.014111
