433
161    0.004684
333    0.002776
370    0.004451
451    0.007748
455    0.007431
534    0.005928
621    0.003891
686    0.004525
708    0.007026
988    0.007796
1099    0.007816
1131    0.011091
1172    0.008541
1204    0.003841
1242    0.003978
1283    0.014807
1304    0.005094
1349    0.006909
1402    0.009350
1403    0.005024
1404    0.007796
1416    0.005094
1422    0.006909
1440    0.009312
1458    0.005058
1490    0.002980
1692    0.005285
1698    0.006018
1699    0.001317
1725    0.005245
1741    0.002079
1779    0.007609
1838    0.008252
1859    0.004629
1862    0.002260
1925    0.005599
1926    0.010824
2014    0.017616
2020    0.006425
2047    0.003150
2107    0.007442
2119    0.010117
2120    0.014069
2277    0.016297
2287    0.005326
2344    0.005357
2432    0.005746
2558    0.006055
2587    0.005457
2644    0.004829
2744    0.005942
2768    0.005649
2882    0.024192
2947    0.031964
3011    0.007291
3012    0.011091
3050    0.018468
3051    0.015218
3081    0.007291
3089    0.010590
3090    0.004712
3126    0.005457
3162    0.005868
3179    0.009993
3238    0.004069
3406    0.009993
3567    0.002610
3726    0.007748
3743    0.003317
3745    0.004891
3789    0.004602
3800    0.011091
3842    0.003599
3893    0.009993
3903    0.004187
4150    0.009598
4240    0.002273
4362    0.004712
4380    0.012766
4383    0.009258
4390    0.004428
4463    0.004740
4480    0.010188
4512    0.005649
4536    0.004629
4662    0.003925
4684    0.008252
4860    0.006344
4870    0.003427
5001    0.009350
5043    0.006528
5171    0.006425
5179    0.005649
5202    0.003571
5212    0.003841
5226    0.008894
5259    0.008252
5274    0.006799
5352    0.004050
5495    0.002128
5501    0.002201
5507    0.007026
5517    0.006697
5532    0.002776
5556    0.004167
5573    0.005206
5584    0.005701
5628    0.003172
5745    0.013575
5769    0.003129
5797    0.009993
5820    0.009979
5826    0.006909
5866    0.002971
5879    0.008583
5891    0.006799
5993    0.006909
6042    0.005503
6049    0.005245
6050    0.003777
6103    0.008007
6104    0.009993
6155    0.009350
6204    0.008541
6221    0.008541
6262    0.013354
6375    0.007796
6430    0.004829
6596    0.002793
6628    0.003427
6630    0.005245
6707    0.003762
6734    0.004602
6827    0.004656
6828    0.004088
6888    0.006909
6930    0.005990
7048    0.004147
7199    0.003427
7330    0.003317
7531    0.005758
7595    0.010798
7597    0.011091
7642    0.004476
7693    0.005412
7714    0.004829
7753    0.003028
7787    0.004891
7802    0.005881
7821    0.011091
7832    0.008007
7833    0.002844
7909    0.010913
7948    0.005094
8019    0.005342
8025    0.003038
8065    0.011091
8078    0.002231
8105    0.005058
8107    0.007609
8116    0.004811
8148    0.007796
8189    0.006122
8275    0.004207
8489    0.013887
8500    0.002439
8533    0.003671
8568    0.002473
8581    0.002459
8622    0.003329
8783    0.003656
8807    0.007796
8978    0.007026
9016    0.003960
9105    0.006601
9118    0.003504
9179    0.004712
9243    0.009993
9398    0.003478
9411    0.002106
9416    0.009993
9456    0.007026
9502    0.004500
9510    0.003960
9533    0.003452
9631    0.004228
9641    0.004249
9664    0.003716
9669    0.006799
9747    0.004500
9811    0.005369
9947    0.005174
10074    0.003182
10095    0.004923
10096    0.005326
10105    0.006322
10215    0.003777
10273    0.008252
10334    0.012904
10335    0.006266
10338    0.006343
10354    0.003960
10395    0.008007
10401    0.006425
10402    0.008007
10421    0.004451
10605    0.003329
10614    0.005701
10697    0.005206
10773    0.003777
10790    0.005285
10803    0.004428
10836    0.005868
10837    0.005236
10850    0.006697
11014    0.024415
11064    0.006266
11090    0.005649
11103    0.001258
11117    0.002751
11183    0.004270
11193    0.008894
11340    0.005369
11386    0.003762
11398    0.006799
11401    0.005990
11503    0.005174
11581    0.004476
11613    0.004799
11623    0.009993
11683    0.006268
11841    0.001830
11884    0.006601
11889    0.004829
11909    0.006344
11973    0.005755
12005    0.002231
12010    0.009993
12045    0.004740
12046    0.006192
12071    0.004032
12085    0.003858
12110    0.002999
12118    0.005024
12122    0.008352
12167    0.011197
12170    0.011091
12283    0.002184
12286    0.006601
12414    0.005928
12415    0.006828
12508    0.005599
12519    0.010590
12647    0.007442
12745    0.009350
12853    0.003531
12855    0.002565
12880    0.011013
12889    0.002543
12904    0.008718
12911    0.003571
12949    0.004860
12987    0.001592
13050    0.002801
13122    0.007609
13143    0.008855
13305    0.008541
13351    0.002602
13355    0.002580
13357    0.012424
13359    0.007291
13370    0.005130
13379    0.008894
13434    0.001007
13450    0.009350
13462    0.004891
13484    0.004336
13568    0.004069
13580    0.005405
13909    0.004381
13923    0.009350
14065    0.001310
14137    0.004602
14237    0.005701
14314    0.004684
14365    0.006697
14375    0.009350
14406    0.003365
14419    0.011091
14498    0.008856
14523    0.004451
14537    0.003119
14580    0.006909
14705    0.008252
14742    0.001132
15054    0.008894
15063    0.003172
15081    0.003960
15140    0.003038
15181    0.008541
15185    0.006909
15334    0.005326
15466    0.003908
15500    0.005599
15601    0.012151
15623    0.004249
15656    0.005868
15712    0.003544
15713    0.005130
15751    0.007796
15778    0.004147
15818    0.006754
15881    0.006122
16029    0.004381
16060    0.004336
16085    0.006697
16144    0.007609
16488    0.006799
16585    0.009671
16591    0.006055
16592    0.007157
16707    0.031964
16729    0.001808
16772    0.004500
16862    0.003891
16882    0.006344
16923    0.003078
16941    0.006219
16944    0.002990
16950    0.005326
16959    0.003341
17037    0.003504
17095    0.005701
17105    0.003215
17108    0.004270
17129    0.003377
17143    0.011091
17281    0.006238
17288    0.007026
17290    0.009993
17329    0.008541
17445    0.005094
17484    0.003698
17524    0.004358
17531    0.006322
17552    0.006601
17616    0.006192
17661    0.011856
17669    0.002632
17782    0.003891
17797    0.007291
17817    0.005168
17916    0.004050
17924    0.006511
17944    0.007026
18003    0.004228
18021    0.006909
18138    0.004602
18167    0.001707
18179    0.007920
18182    0.006844
18186    0.008333
18223    0.005810
18282    0.001720
18392    0.006799
18403    0.007291
18438    0.006266
18587    0.003402
18725    0.004476
18726    0.004228
18731    0.005990
18779    0.011091
18882    0.002392
18896    0.006799
18925    0.007609
18940    0.005369
18962    0.005206
18987    0.004147
19127    0.005794
19128    0.004050
19278    0.001990
19327    0.002617
19328    0.005503
19366    0.003083
19438    0.008252
19462    0.006697
19479    0.008541
19609    0.007153
19636    0.008252
19640    0.004576
19641    0.008541
19645    0.008007
19772    0.003777
19785    0.018348
19786    0.006511
19832    0.011091
19841    0.006799
19844    0.004150
20090    0.007527
20260    0.009428
20281    0.004014
20282    0.002425
20366    0.006192
20432    0.004956
20460    0.011827
20540    0.013729
20559    0.005649
20673    0.004891
20686    0.006266
20713    0.002999
20762    0.010913
20768    0.005219
20785    0.007523
20803    0.004403
20841    0.002924
20844    0.004631
20845    0.004525
20848    0.002879
20858    0.009350
20868    0.002446
20902    0.003656
20993    0.003978
21076    0.008541
21115    0.002602
21120    0.003558
21136    0.008252
21150    0.005059
21155    0.004476
21172    0.006055
21253    0.009755
21254    0.027616
21258    0.005369
21279    0.003978
