322
100    0.011792
147    0.004501
297    0.009701
348    0.007188
422    0.011393
427    0.011393
439    0.010067
552    0.005781
610    0.005781
638    0.008871
659    0.011393
677    0.008185
739    0.010067
744    0.008102
773    0.006113
786    0.005986
901    0.009247
920    0.006710
947    0.012910
978    0.006214
1017    0.008023
1168    0.012910
1240    0.004856
1309    0.005029
1364    0.013012
1423    0.006392
1437    0.011792
1451    0.003645
1514    0.006843
1689    0.004875
1699    0.001818
1707    0.005645
1712    0.005396
1859    0.006392
1862    0.003121
1941    0.004912
2047    0.008700
2118    0.012281
2120    0.004856
2156    0.006506
2297    0.006585
2321    0.007730
2377    0.012910
2499    0.008271
2602    0.030628
2688    0.016048
2714    0.007800
2742    0.009539
2826    0.007413
2920    0.006754
2934    0.008989
3029    0.006754
3460    0.009247
3510    0.009701
3521    0.007800
3535    0.012910
3580    0.015314
3593    0.008818
3664    0.007872
3685    0.009701
3712    0.012281
3713    0.049170
3715    0.029891
3717    0.011393
3726    0.005349
3789    0.006355
3869    0.011056
4028    0.012359
4034    0.030628
4075    0.007598
4137    0.007463
4199    0.012281
4258    0.004250
4260    0.005542
4282    0.009247
4662    0.005420
4666    0.013508
4732    0.007135
5021    0.025820
5043    0.002253
5082    0.015326
5091    0.012910
5152    0.043982
5153    0.024554
5438    0.012910
5439    0.008102
5532    0.003833
5718    0.006355
5719    0.004350
5767    0.010764
5769    0.004321
5772    0.012910
5820    0.006889
5915    0.008652
5975    0.004697
5977    0.008283
5991    0.005619
6046    0.008759
6073    0.009388
6176    0.013797
6259    0.010764
6425    0.007946
6660    0.010276
6758    0.006679
6795    0.011056
6881    0.014945
6949    0.017979
7075    0.008652
7168    0.006095
7330    0.004580
7346    0.012281
7377    0.004292
7393    0.006843
7466    0.005396
7571    0.005986
7619    0.009604
7693    0.007473
7757    0.008550
7779    0.006113
7798    0.007800
7802    0.004060
7909    0.007534
7946    0.011056
7964    0.015461
7994    0.013797
8407    0.006626
8446    0.004155
8624    0.006319
8639    0.017688
8640    0.038315
8877    0.027595
8878    0.015314
8880    0.030628
9023    0.005753
9039    0.009247
9153    0.005645
9155    0.007084
9179    0.006506
9273    0.030628
9323    0.015314
9326    0.011393
9364    0.005130
9664    0.005130
9749    0.007800
9777    0.007084
9873    0.004766
9910    0.012910
10192    0.012910
10193    0.013797
10195    0.010506
10333    0.006668
10334    0.004454
10337    0.010764
10354    0.005468
10358    0.007800
10393    0.013797
10538    0.028165
10556    0.021012
10605    0.009193
10689    0.006392
10738    0.009539
10779    0.012281
10837    0.002410
10846    0.005130
10881    0.013171
11079    0.012910
11146    0.010219
11218    0.003276
11321    0.013797
11353    0.012281
11355    0.002976
11436    0.022787
11562    0.007297
11581    0.018539
11587    0.008453
11683    0.002885
11691    0.009539
11788    0.007946
11824    0.009388
11830    0.009114
11841    0.005055
11984    0.006248
12095    0.006113
12119    0.011393
12122    0.007688
12273    0.014460
12365    0.005725
12421    0.006214
12425    0.009388
12477    0.008271
12508    0.007730
12519    0.014623
12551    0.003988
12652    0.009877
12684    0.003223
12794    0.024561
12817    0.005215
12855    0.007084
12952    0.007354
12987    0.002198
12999    0.002521
13050    0.019337
13154    0.005781
13351    0.003593
13355    0.007124
13357    0.006433
13360    0.015314
13550    0.012281
13647    0.004063
13874    0.011792
13906    0.007534
14138    0.012910
14260    0.046942
14263    0.030201
14274    0.015314
14304    0.006936
14316    0.055096
14319    0.033439
14391    0.025868
14485    0.005645
14732    0.010506
14749    0.005237
14795    0.009388
14809    0.009539
14811    0.007800
14857    0.006319
14863    0.014595
14865    0.005926
15271    0.005645
15287    0.010506
15325    0.016906
15344    0.005593
15478    0.007473
15596    0.009114
15660    0.016045
15716    0.008102
15816    0.012910
15820    0.005304
15822    0.004548
15830    0.007663
15844    0.009247
15907    0.013839
15928    0.010699
15952    0.005089
15983    0.005986
16160    0.011056
16175    0.013797
16321    0.005645
16362    0.028335
16373    0.010506
16429    0.010764
16568    0.010506
16578    0.007135
16585    0.013353
16724    0.005326
16880    0.005259
16882    0.008759
16890    0.007034
16923    0.004250
17025    0.006392
17027    0.010178
17105    0.004439
17144    0.006906
17215    0.013797
17264    0.010276
17303    0.008360
17331    0.005671
17345    0.006889
17366    0.005838
17427    0.009247
17471    0.006936
17669    0.003635
17821    0.021583
17858    0.009701
17870    0.004784
18003    0.005838
18007    0.016045
18082    0.019636
18098    0.006113
18167    0.004713
18476    0.008759
18655    0.004894
18882    0.003303
18888    0.010261
19108    0.013797
19226    0.003635
19261    0.004580
19278    0.002747
19366    0.004257
19460    0.003552
19578    0.009877
19635    0.010276
19741    0.007188
19785    0.012667
19786    0.008989
19839    0.021528
19844    0.002865
19861    0.010276
19945    0.008102
20152    0.012910
20162    0.010764
20202    0.008360
20203    0.011393
20260    0.001302
20553    0.010764
20745    0.006754
20827    0.007872
20830    0.020668
20868    0.003377
20888    0.012910
20983    0.004784
20993    0.005492
21019    0.006146
21057    0.005194
21065    0.006626
21087    0.004454
21097    0.011393
21111    0.006392
21118    0.005926
21120    0.004912
21172    0.008360
21247    0.004440
