284
246    0.012736
428    0.008868
460    0.007492
552    0.006970
647    0.018466
851    0.008144
942    0.018466
988    0.012979
1157    0.006564
1222    0.009581
1240    0.005856
1324    0.011909
1344    0.016637
1384    0.010839
1413    0.009674
1480    0.008604
1599    0.012139
1689    0.011756
1762    0.004735
1862    0.011290
1925    0.009321
2102    0.004621
2113    0.007492
2173    0.005504
2286    0.010990
2345    0.008733
2364    0.016637
2510    0.021394
2604    0.006423
2612    0.018466
2737    0.006341
2739    0.011503
2745    0.010968
2765    0.014808
2875    0.012668
2920    0.008144
2944    0.016637
3084    0.009973
3242    0.015567
3319    0.014808
3346    0.018466
3823    0.016637
4026    0.008542
4102    0.009973
4332    0.016637
4461    0.006871
4516    0.007990
4662    0.006535
4927    0.018810
5043    0.008151
5044    0.007941
5072    0.010990
5207    0.012668
5399    0.009581
5495    0.007085
5523    0.007372
5532    0.004621
5550    0.009492
5614    0.006341
5716    0.013738
5719    0.005245
5936    0.016637
5975    0.005664
6295    0.036931
6334    0.009161
6343    0.012390
6344    0.012979
6424    0.016637
6551    0.018466
6753    0.014219
6758    0.004027
6761    0.010117
6836    0.013738
7053    0.008542
7087    0.007619
7117    0.008251
7139    0.013738
7441    0.008868
7456    0.006237
7465    0.010193
7466    0.006506
7524    0.015841
7571    0.007219
7572    0.055397
7631    0.007332
7642    0.007452
7644    0.008868
7714    0.008040
8066    0.014219
8083    0.015567
8303    0.016637
8342    0.009161
8695    0.016637
8711    0.006395
8737    0.010697
9077    0.010310
9183    0.011698
9209    0.004211
9211    0.018466
9256    0.006622
9379    0.018466
9411    0.003506
9518    0.003929
9631    0.007039
9710    0.016637
9803    0.010310
10149    0.010990
10409    0.023005
10642    0.018466
10729    0.018466
10757    0.036931
10897    0.005390
10932    0.008307
10942    0.012474
10990    0.014219
11078    0.018466
11103    0.004190
11112    0.005125
11126    0.018466
11180    0.004140
11181    0.010216
11183    0.007109
11196    0.008938
11330    0.010990
11334    0.011165
11355    0.007178
11403    0.018466
11503    0.004307
11562    0.017599
11564    0.015567
11566    0.017208
11569    0.005245
11607    0.011150
11747    0.006871
11750    0.004946
11782    0.004580
11841    0.006095
11954    0.016637
12006    0.008799
12064    0.007332
12110    0.004994
12129    0.014808
12162    0.017335
12300    0.004735
12304    0.010080
12307    0.061406
12309    0.034192
12684    0.003887
12718    0.014808
12817    0.012577
12853    0.011756
12864    0.005747
12867    0.016962
12927    0.006237
12983    0.005371
12987    0.013253
13009    0.012139
13050    0.004663
13179    0.013742
13268    0.018466
13319    0.006016
13393    0.012668
13434    0.001677
13492    0.008938
13501    0.009383
13580    0.008998
13591    0.008868
13691    0.009973
13858    0.018466
13871    0.008868
13939    0.016281
14060    0.018466
14065    0.008726
14303    0.005316
14439    0.004447
14452    0.010990
14590    0.013331
14604    0.011852
14742    0.001885
14850    0.012390
14919    0.010839
15023    0.008868
15059    0.031134
15410    0.007534
15427    0.015567
15491    0.018466
15497    0.012372
15529    0.018466
15696    0.014808
15710    0.007798
15893    0.015567
15916    0.010561
15927    0.007707
16095    0.018466
16105    0.012390
16134    0.015567
16585    0.004294
16713    0.017599
16724    0.006423
16729    0.003009
16734    0.022224
17044    0.008092
17066    0.008307
17074    0.013807
17075    0.007182
17077    0.009240
17117    0.004513
17144    0.004164
17303    0.010080
17344    0.016637
17398    0.018466
17478    0.010697
17484    0.003078
17642    0.046701
17643    0.005705
17661    0.009869
17743    0.016637
17889    0.011150
17965    0.016637
17970    0.013331
17975    0.018466
18003    0.007039
18149    0.015567
18163    0.012979
18167    0.002842
18182    0.005697
18186    0.006937
18382    0.007004
18442    0.016637
18553    0.009011
18614    0.010310
18635    0.016637
18653    0.018810
18655    0.005901
18784    0.008799
18888    0.006186
18898    0.007004
19043    0.010216
19048    0.010310
19128    0.006744
19225    0.006211
19226    0.004383
19366    0.005133
19399    0.014808
19426    0.003627
19428    0.014808
19516    0.014219
19593    0.018466
19667    0.092329
19757    0.009161
19771    0.016637
19773    0.004635
19820    0.012474
19822    0.010080
20090    0.006266
20237    0.015567
20260    0.001570
20275    0.018103
20338    0.012139
20464    0.005543
20503    0.018466
20508    0.018466
20544    0.014219
20601    0.006395
20624    0.018323
20688    0.008667
20778    0.008667
20848    0.004793
20946    0.004978
20984    0.013738
21087    0.005371
21127    0.015567
21129    0.024981
21146    0.007663
21147    0.009869
21150    0.002106
21191    0.016614
21243    0.004187
21247    0.005354
21265    0.024781
21306    0.007256
21307    0.012032
21310    0.007492
21322    0.013738
