383
278    0.012960
427    0.009642
439    0.017039
448    0.006273
451    0.004527
455    0.004342
486    0.008359
568    0.004990
583    0.007154
659    0.009642
677    0.006927
698    0.010926
735    0.008891
740    0.010393
744    0.006857
902    0.010393
911    0.010926
920    0.005679
978    0.005259
1032    0.009980
1099    0.004567
1168    0.010926
1240    0.004110
1309    0.004256
1360    0.008891
1479    0.006324
1496    0.006927
1512    0.009642
1514    0.005791
1529    0.004990
1969    0.006789
2156    0.016518
2226    0.006542
2287    0.006224
2347    0.008520
2377    0.010926
2508    0.005506
2543    0.010926
2589    0.006430
2617    0.006927
2758    0.009980
2914    0.008073
2920    0.005716
3029    0.005716
3050    0.003597
3341    0.004157
3473    0.009133
3535    0.010926
3563    0.004079
3567    0.003049
3593    0.011194
3597    0.007608
3713    0.052016
3715    0.037944
3789    0.005378
3869    0.018713
3911    0.004777
4032    0.010926
4075    0.006430
4090    0.012960
4137    0.006316
4231    0.009642
4240    0.005311
4258    0.003597
4390    0.005174
4450    0.003516
4456    0.010635
4576    0.006485
4669    0.008073
4732    0.006039
4762    0.006857
4899    0.003836
5021    0.021851
5075    0.002255
5082    0.006485
5152    0.021269
5153    0.006927
5165    0.009642
5352    0.004733
5401    0.007508
5472    0.012960
5498    0.010926
5515    0.003516
5518    0.008210
5532    0.003243
5537    0.005539
5550    0.006662
5595    0.009109
5596    0.011677
5610    0.007154
5718    0.010756
5719    0.003681
5725    0.005608
5818    0.008891
5976    0.006376
5977    0.003505
5993    0.008073
6002    0.009109
6050    0.004414
6236    0.011677
6237    0.012960
6259    0.009109
6598    0.003344
6689    0.020173
6705    0.004395
6714    0.007075
6756    0.009784
6758    0.005653
6795    0.009357
6808    0.006430
6880    0.007608
6891    0.006542
6902    0.009357
7075    0.007322
7238    0.011677
7252    0.011677
7288    0.012960
7293    0.009980
7377    0.003633
7391    0.008073
7452    0.012960
7524    0.003706
7571    0.005066
7619    0.004064
7798    0.006601
7802    0.001718
7909    0.012752
7936    0.012960
7962    0.007714
7964    0.006542
7975    0.008520
8116    0.005622
8407    0.005608
8417    0.004342
8446    0.003516
8476    0.008283
8568    0.002890
8613    0.010695
8624    0.026737
8630    0.002227
8639    0.019959
8640    0.025941
8678    0.011677
8876    0.010926
8877    0.011677
8879    0.011677
8905    0.008696
9040    0.012960
9153    0.009554
9168    0.006927
9218    0.008891
9254    0.012960
9256    0.004648
9326    0.009642
9426    0.007826
9442    0.005911
9463    0.009980
9518    0.002758
9532    0.008073
9545    0.010926
9567    0.009980
9579    0.010926
9589    0.010393
9672    0.019284
9692    0.010347
9747    0.005259
9777    0.005995
9812    0.004527
9939    0.008696
10146    0.006224
10192    0.010926
10195    0.008891
10360    0.008520
10393    0.011677
10422    0.011216
10486    0.006999
10495    0.006039
10525    0.005791
10538    0.023836
10556    0.008891
10605    0.003890
10668    0.006083
10803    0.005174
10840    0.004414
10846    0.004342
10876    0.009980
10897    0.007565
11062    0.006224
11079    0.010926
11103    0.002941
11117    0.006429
11146    0.008648
11159    0.010926
11289    0.004892
11320    0.007826
11331    0.008210
11353    0.010393
11355    0.002519
11444    0.004587
11478    0.008359
11503    0.003023
11570    0.004049
11581    0.036609
11613    0.005608
11691    0.008073
11782    0.006429
11830    0.015427
11869    0.007075
12071    0.004711
12095    0.010347
12110    0.003505
12208    0.010926
12232    0.006999
12272    0.007945
12273    0.008158
12420    0.008210
12421    0.021034
12519    0.006188
12548    0.004189
12551    0.006749
12652    0.008359
12654    0.008073
12684    0.002728
12729    0.007826
12817    0.004414
12853    0.004126
12855    0.005995
12904    0.003396
12974    0.004916
12987    0.001860
12999    0.002133
13014    0.002850
13050    0.009819
13195    0.006224
13198    0.006430
13298    0.005870
13351    0.009122
13434    0.003530
13484    0.005066
13550    0.010393
13683    0.008210
13772    0.012960
13906    0.006376
13910    0.003562
13926    0.006999
14065    0.001531
14073    0.008977
14130    0.005506
14260    0.015891
14261    0.010393
14263    0.008520
14316    0.025433
14441    0.007714
14445    0.005539
14448    0.007508
14544    0.009980
14570    0.012960
14629    0.007508
14742    0.002646
14745    0.002972
14780    0.006601
14863    0.006176
15063    0.011118
15176    0.010393
15271    0.004777
15274    0.013579
15287    0.008891
15325    0.007154
15344    0.009466
15450    0.007826
15551    0.004690
15553    0.009642
15555    0.004470
15623    0.009930
15716    0.006857
15819    0.009642
15830    0.012970
15897    0.009357
15906    0.004470
15907    0.003904
15912    0.003344
15928    0.004527
16080    0.009357
16116    0.003849
16197    0.011677
16237    0.003562
16286    0.008359
16362    0.023980
16370    0.010926
16373    0.008891
16437    0.005409
16568    0.008891
16578    0.006039
16585    0.009794
16952    0.005473
17025    0.010818
17027    0.012920
17044    0.005679
17051    0.003796
17101    0.009554
17103    0.014199
17105    0.011271
17134    0.011677
17331    0.004800
17345    0.011661
17390    0.010926
17426    0.007075
17427    0.023477
17433    0.008210
17455    0.007608
17462    0.010926
17524    0.005093
17582    0.008073
17589    0.009642
17669    0.003076
17817    0.006039
17821    0.013700
17858    0.008210
17870    0.012146
18005    0.006606
18007    0.006789
18037    0.006039
18082    0.038775
18167    0.017949
18179    0.004627
18186    0.004869
18203    0.004307
18227    0.008210
18347    0.007154
18609    0.006542
18723    0.010926
18728    0.007075
18882    0.002796
18883    0.003975
18898    0.004916
19097    0.010185
19106    0.005753
19151    0.004527
19213    0.006430
19225    0.004359
19232    0.008128
19262    0.008791
19263    0.011677
19281    0.012960
19351    0.007236
19366    0.007205
19416    0.008827
19426    0.007636
19437    0.006039
19460    0.003006
19464    0.003621
19503    0.005608
19589    0.006376
19635    0.008696
19659    0.009980
19785    0.007147
19820    0.004377
19822    0.007075
19830    0.005441
19839    0.009109
19844    0.003637
19861    0.008696
20281    0.004690
20345    0.010926
20452    0.004627
20553    0.009109
20627    0.005202
20648    0.005093
20714    0.004273
20803    0.002572
20830    0.005830
20841    0.003417
20894    0.003573
20983    0.012146
21001    0.013449
21057    0.004395
21087    0.007540
21097    0.009642
21114    0.007236
21115    0.003041
21118    0.005015
21150    0.004433
21247    0.003758
