120
219    0.013775
333    0.012422
686    0.020251
1173    0.025753
1283    0.013253
1490    0.013337
1699    0.005894
1740    0.018127
1779    0.034052
1926    0.024220
2102    0.012422
2277    0.010419
2278    0.020139
2344    0.011988
2947    0.017881
2968    0.023297
3089    0.023697
3091    0.039803
3341    0.015921
3881    0.021214
4025    0.029971
4240    0.030510
4301    0.022179
4362    0.021086
4380    0.028564
5202    0.015983
5209    0.024420
5628    0.014194
5866    0.013295
5879    0.019206
5898    0.023473
5920    0.029541
6050    0.016903
6306    0.029541
6628    0.015335
7199    0.015335
7377    0.013912
7595    0.032214
7753    0.027105
7964    0.025055
8001    0.025280
8107    0.011350
8186    0.024625
8189    0.027397
8407    0.021477
8417    0.016628
8446    0.013466
8783    0.016363
8805    0.021086
9016    0.017721
9200    0.013509
9398    0.015564
9635    0.049635
10338    0.042581
10397    0.020364
10614    0.025513
10714    0.034380
10837    0.007811
10988    0.036927
11103    0.005631
11184    0.022960
11581    0.020029
11975    0.031444
12084    0.020251
12110    0.026845
12118    0.044963
12166    0.018469
12230    0.015391
12235    0.041843
12277    0.026260
12591    0.014741
12675    0.015335
12853    0.015800
12880    0.016428
13143    0.019814
13357    0.006950
13886    0.012385
14012    0.019504
14239    0.035834
14303    0.014290
14727    0.024420
14742    0.010133
14770    0.031444
14826    0.029541
15207    0.025513
15686    0.017643
16030    0.036421
16575    0.021750
16585    0.002885
16592    0.021354
16729    0.008089
16923    0.013775
17051    0.014537
17105    0.043164
17144    0.011191
17167    0.030429
17255    0.036927
17447    0.024220
18086    0.026260
18138    0.020597
18186    0.018646
18319    0.016628
19046    0.019110
19127    0.012965
19169    0.019921
19460    0.023025
20260    0.008439
20282    0.010854
20630    0.036927
20762    0.024420
20768    0.011678
20803    0.009851
20844    0.010363
20993    0.017801
21122    0.016298
21129    0.011191
21155    0.020029
21253    0.032743
21254    0.015448
21264    0.020480
