42
1184    0.042271
1661    0.120406
3096    0.066068
3485    0.061419
3501    0.074106
3615    0.065140
3831    0.175121
5746    0.093890
5836    0.100389
5889    0.097985
5946    0.109981
6681    0.077135
6914    0.142827
7099    0.070860
8078    0.028725
9143    0.055548
9200    0.038873
10074    0.040981
10215    0.048641
11160    0.182030
12122    0.035852
12551    0.037191
12605    0.054989
12880    0.047273
13352    0.043178
13892    0.074106
14480    0.173855
14481    0.141720
15697    0.077135
15849    0.068060
16527    0.047848
16734    0.057298
16921    0.057017
17129    0.043489
17457    0.090481
17537    0.142827
17695    0.077135
19485    0.058273
19685    0.053144
19707    0.046714
20260    0.012142
20803    0.028348
