279
73    0.012856
182    0.016044
219    0.004942
333    0.004457
370    0.007147
439    0.011706
455    0.011932
534    0.009518
920    0.007803
1189    0.021506
1204    0.006167
1242    0.006386
1283    0.004755
1309    0.011695
1389    0.015012
1403    0.016132
1413    0.009329
1422    0.011093
1440    0.007476
1490    0.004785
1529    0.006856
1646    0.006534
1707    0.006564
1740    0.006503
1741    0.003337
1746    0.010924
1862    0.003629
1864    0.010185
1940    0.006090
2014    0.014143
2020    0.010316
2081    0.011949
2101    0.013713
2277    0.033643
2319    0.008911
2321    0.017978
2388    0.010453
2560    0.017808
2744    0.004770
2745    0.005289
2882    0.038842
3039    0.005894
3077    0.020069
3081    0.011706
3089    0.012753
3090    0.007565
3574    0.007226
3603    0.010061
3629    0.028561
3635    0.007432
3743    0.005326
3745    0.007854
3794    0.011706
3944    0.005647
3997    0.013713
4102    0.009617
4150    0.007705
4240    0.014595
4245    0.006090
4362    0.030261
4380    0.010248
4577    0.008297
4581    0.008421
4650    0.008421
4686    0.017808
4870    0.011004
4926    0.006474
5070    0.023898
5171    0.010316
5179    0.009070
5209    0.008761
5274    0.010917
5501    0.003534
5517    0.010753
5544    0.008011
5567    0.005008
5628    0.005092
5649    0.016044
5865    0.008011
5904    0.009329
5991    0.006534
6073    0.010917
6114    0.012517
6465    0.011281
6601    0.012856
6651    0.006595
6827    0.007476
6930    0.009617
6984    0.005308
7048    0.006658
7097    0.006856
7194    0.006755
7199    0.011004
7241    0.008486
7255    0.013249
7303    0.009329
7325    0.007905
7349    0.009329
7362    0.013249
7475    0.022186
7486    0.006444
7514    0.009329
7531    0.004623
7753    0.024312
7833    0.009132
7909    0.008761
8019    0.004288
8107    0.008144
8552    0.011093
8596    0.004725
8630    0.006119
8777    0.007658
9016    0.006358
9023    0.006690
9044    0.010917
9123    0.017808
9364    0.005966
9518    0.007578
9526    0.009153
9533    0.011085
9777    0.008237
9878    0.010061
9947    0.004154
9981    0.011706
10000    0.009830
10215    0.006065
10261    0.004457
10336    0.011093
10338    0.010185
10395    0.012856
10714    0.012335
10790    0.008486
10836    0.009422
10837    0.005605
10840    0.006065
10892    0.003982
10897    0.005198
11014    0.032668
11016    0.010061
11129    0.011093
11213    0.005669
11225    0.007432
11317    0.015012
11399    0.008359
11401    0.009617
11480    0.016044
11503    0.012462
11570    0.005563
11753    0.008486
11841    0.005878
11963    0.012856
12005    0.003581
12118    0.016132
12122    0.008940
12281    0.012517
12283    0.021040
12300    0.004566
12414    0.009518
12416    0.007705
12765    0.005563
12864    0.005543
12880    0.005894
12904    0.004666
12919    0.012517
12975    0.010917
12978    0.007658
12983    0.005180
13008    0.007754
13122    0.012217
13143    0.007109
13172    0.013713
13180    0.011949
13352    0.005383
13357    0.002493
13434    0.001617
13482    0.006822
13526    0.016044
13541    0.015607
13545    0.009721
13568    0.006534
13580    0.004339
13743    0.010753
13792    0.012517
13813    0.015012
13999    0.009422
14065    0.006312
14117    0.026497
14180    0.015012
14217    0.010753
14237    0.009153
14324    0.012517
14406    0.005403
14498    0.009479
14538    0.007266
14604    0.003810
14742    0.001818
14770    0.011281
14994    0.010316
15072    0.008911
15102    0.011281
15130    0.010316
15157    0.017808
15204    0.005918
15210    0.012660
15239    0.008989
15469    0.012856
15591    0.007611
15796    0.014280
16026    0.007705
16029    0.007034
16030    0.006534
16034    0.013315
16082    0.035119
16085    0.053765
16094    0.006658
16259    0.008486
16575    0.007803
16585    0.012422
16657    0.007958
16707    0.019246
16708    0.012217
16732    0.004430
16734    0.003572
16766    0.006926
16818    0.013713
16880    0.012231
16923    0.004942
16941    0.003329
16958    0.007565
17055    0.012217
17105    0.010324
17125    0.010753
17144    0.004015
17281    0.005008
17374    0.008911
17377    0.017808
17484    0.002969
17854    0.007854
17966    0.006856
18167    0.002740
18179    0.006358
18182    0.010988
18186    0.006690
18558    0.023413
18588    0.017808
18725    0.007186
18940    0.008620
18948    0.009830
18949    0.011093
19125    0.006564
19127    0.023257
19128    0.006503
19277    0.008011
19278    0.003195
19461    0.013249
19589    0.008761
19685    0.006626
19736    0.007186
19751    0.008359
19785    0.009820
19844    0.003331
20090    0.015106
20260    0.010597
20282    0.007789
20305    0.008911
20514    0.014280
20768    0.004190
20824    0.007186
20841    0.004695
20877    0.017808
20927    0.004313
20946    0.004800
20963    0.011093
20964    0.010884
20993    0.006386
21115    0.008356
21150    0.002031
21247    0.002582
21253    0.003916
