127
103    0.030762
333    0.011677
799    0.027388
1699    0.005540
1740    0.017039
1741    0.008744
2277    0.009794
2278    0.018931
2321    0.023552
2396    0.012577
2710    0.017279
2826    0.022584
2947    0.016808
3733    0.018625
3820    0.026360
4380    0.026850
4457    0.032009
4793    0.046657
5121    0.028603
5440    0.018146
5482    0.029557
5495    0.008950
5532    0.011677
5537    0.019941
5831    0.037415
5897    0.030671
5975    0.014310
5976    0.022954
6624    0.025198
7408    0.024684
7460    0.020315
7509    0.049369
7523    0.017963
7531    0.012112
7533    0.039333
7631    0.037053
7736    0.013712
7753    0.012739
7802    0.006185
8107    0.010669
8186    0.023148
8223    0.020577
8280    0.037415
8407    0.020188
8408    0.025198
8535    0.027027
8598    0.037415
8741    0.062612
9016    0.016658
9167    0.035927
9411    0.017715
9442    0.021279
9687    0.022954
9692    0.018625
10777    0.084071
10892    0.031296
11103    0.005293
11146    0.015567
11218    0.009982
11279    0.017039
11444    0.016511
11567    0.020315
11569    0.013252
11757    0.015630
12097    0.046657
12122    0.011712
12505    0.016884
12650    0.037415
12660    0.016808
12853    0.014852
12894    0.021739
12898    0.020989
12900    0.019941
12983    0.027142
12999    0.007680
13143    0.055876
13330    0.078665
13434    0.004237
13886    0.023283
14065    0.005512
14358    0.023982
14498    0.012418
14745    0.010699
14943    0.027388
15103    0.025753
15512    0.046657
15830    0.023347
16085    0.028173
16116    0.013857
16560    0.032794
16575    0.020445
16585    0.002712
16592    0.020073
16724    0.016228
16729    0.007604
16758    0.042036
16862    0.016368
17105    0.027049
17718    0.034712
17829    0.023347
18282    0.014467
18317    0.018726
18399    0.032794
18670    0.016228
18998    0.050395
19127    0.012187
19366    0.019453
19410    0.008632
19453    0.015694
20071    0.027769
20073    0.033684
20186    0.046657
20282    0.020406
20460    0.016584
20535    0.023982
20540    0.019251
20554    0.026360
20713    0.025234
20803    0.009260
20807    0.020064
20946    0.012577
20963    0.029063
20964    0.014258
21085    0.018333
21129    0.010520
21155    0.018827
21253    0.010259
