74
1066    0.041983
1699    0.009132
1926    0.037527
2277    0.016144
2344    0.018574
3081    0.050556
3632    0.031554
3789    0.031914
4150    0.033277
4153    0.036370
4380    0.029506
4450    0.020864
4695    0.044550
5043    0.022633
5414    0.027458
5899    0.033700
5916    0.040289
6050    0.026191
6115    0.039903
7194    0.029173
7228    0.037226
7379    0.080578
7506    0.069290
7595    0.024957
7714    0.033486
7969    0.045772
8057    0.076907
8107    0.035172
8189    0.042451
9126    0.034834
9868    0.069290
10215    0.026191
10334    0.022370
10338    0.021992
10411    0.030701
10578    0.067400
10846    0.025764
11118    0.031914
11581    0.031034
11683    0.014487
11975    0.097441
12048    0.029609
12263    0.095812
12283    0.015144
12684    0.016187
12900    0.065740
13355    0.017889
13357    0.010768
13434    0.006983
13938    0.061673
14063    0.047873
14135    0.043987
14742    0.007850
14920    0.039903
15216    0.029316
16585    0.004471
18282    0.011923
18640    0.061673
18692    0.054056
19127    0.020088
19173    0.036648
19212    0.031378
19410    0.014228
19437    0.071667
19453    0.077608
19773    0.019305
19844    0.007194
19978    0.057217
20260    0.026151
20282    0.016818
20822    0.043987
20903    0.076907
21253    0.050734
21259    0.034139
