94
333    0.015923
460    0.025815
689    0.032116
1099    0.022417
1276    0.029644
1279    0.038417
1490    0.034191
1691    0.020253
1699    0.007554
1712    0.044835
1741    0.011923
1746    0.019513
2277    0.013355
2604    0.022129
2745    0.018896
3050    0.035314
3473    0.022417
3596    0.037347
3789    0.026402
3820    0.035945
3858    0.028243
3886    0.029017
4240    0.013036
4380    0.036614
4457    0.043648
4872    0.029221
5545    0.041033
5610    0.035118
5675    0.034360
5866    0.017041
5977    0.017205
6306    0.037866
6414    0.034731
7509    0.067321
7523    0.048990
7761    0.048992
7948    0.029221
8146    0.045933
8162    0.038417
8188    0.043648
8476    0.020330
8698    0.037866
9089    0.051020
9442    0.029017
10837    0.010012
11440    0.032116
11444    0.022516
11567    0.027702
11587    0.035118
12118    0.028817
12650    0.051020
12853    0.020253
12880    0.021058
12889    0.014590
12999    0.010473
13143    0.025398
13213    0.043648
13347    0.029430
13348    0.025958
13580    0.015502
13967    0.063623
14012    0.025000
14065    0.007516
14498    0.016934
14629    0.073710
14642    0.041033
14742    0.012989
15127    0.039004
15488    0.024495
15601    0.046470
15822    0.018896
15837    0.041033
16269    0.030318
16409    0.031836
16592    0.054744
16734    0.012762
16880    0.021849
17531    0.018132
17616    0.035522
17782    0.022320
18166    0.063623
18186    0.023901
18282    0.009864
19410    0.035311
19577    0.029017
19844    0.005951
20282    0.013913
20648    0.025000
20768    0.014970
21033    0.041033
21129    0.014345
21253    0.013990
21264    0.026251
21290    0.046257
