64
1746    0.055753
2015    0.083489
2048    0.036479
2277    0.019079
2281    0.035349
2380    0.041167
4135    0.038383
4168    0.085323
4173    0.041744
4380    0.017435
5264    0.043311
5769    0.102578
5879    0.035169
6628    0.028081
8845    0.064050
9961    0.051350
10074    0.026079
10247    0.040614
10415    0.063884
10773    0.030953
11087    0.031748
11103    0.010311
11591    0.044351
11725    0.058618
12230    0.028184
12245    0.023964
12999    0.014962
13213    0.062354
13214    0.072886
13454    0.056616
13484    0.035530
14054    0.084086
14124    0.036479
14322    0.041453
14537    0.025559
14656    0.048577
14906    0.052650
15033    0.042043
15712    0.029043
15912    0.023449
15944    0.042349
16439    0.072886
16734    0.036462
17219    0.056616
17868    0.036283
18167    0.013986
18731    0.049086
18882    0.019605
19015    0.153244
19088    0.056616
19127    0.023741
19128    0.033193
19370    0.028933
19648    0.048087
19661    0.060986
19813    0.108190
20045    0.072886
20255    0.081888
20260    0.023179
20282    0.019876
20362    0.076622
20745    0.040084
20768    0.021385
20848    0.023594
