126
101    0.048266
333    0.024158
460    0.019584
1099    0.017006
1283    0.025774
1699    0.005731
1740    0.017627
1741    0.009045
1746    0.014803
1871    0.040689
1926    0.023552
2084    0.016860
2102    0.012079
2173    0.028770
2277    0.010132
2278    0.019584
2281    0.018771
2706    0.013439
3029    0.021286
3050    0.013395
3081    0.031728
3726    0.016860
3732    0.021286
3820    0.027269
3858    0.021425
3886    0.022013
3933    0.030576
4195    0.013010
4240    0.029669
4380    0.027776
4383    0.020145
4873    0.026641
5089    0.032386
5204    0.037166
5695    0.028726
5977    0.013052
6628    0.014912
6908    0.011936
7048    0.018045
7192    0.020629
7377    0.013528
7509    0.025536
7523    0.018582
7753    0.013179
7761    0.037166
7987    0.019166
8025    0.013221
8107    0.022074
8186    0.023946
8188    0.033112
8698    0.028726
8805    0.020505
9021    0.048266
9423    0.040689
9442    0.022013
9713    0.043485
10335    0.027269
10610    0.023552
10714    0.016716
10837    0.007596
11054    0.037166
11103    0.005476
11213    0.015364
11444    0.017081
11567    0.021016
11587    0.026641
12005    0.009707
12110    0.013052
12118    0.021861
12122    0.024231
12133    0.026348
12162    0.022655
12230    0.014967
12283    0.019008
12505    0.034932
12650    0.038705
12675    0.014912
12817    0.016437
12853    0.015364
12855    0.011163
12889    0.011068
13143    0.019268
13305    0.037166
13347    0.022326
13357    0.006758
13830    0.048266
14012    0.018966
14065    0.005702
14343    0.019915
14425    0.011356
14498    0.012846
14629    0.027959
14642    0.031128
14742    0.014780
14770    0.030576
15207    0.024809
15601    0.017627
15912    0.012452
16409    0.024152
16575    0.021150
16592    0.010382
16729    0.007866
16766    0.018771
17101    0.017791
17105    0.027982
17455    0.028332
17782    0.016933
17806    0.035909
18086    0.025536
18138    0.020029
18319    0.016169
18587    0.014803
18882    0.010411
19169    0.019371
19327    0.011389
19410    0.035717
20260    0.008206
20282    0.010555
20460    0.017156
20540    0.019915
20760    0.021016
20964    0.014750
21085    0.037931
21129    0.010883
21254    0.015022
21290    0.017546
