79
333    0.019247
1242    0.027581
1699    0.018264
1940    0.026300
2277    0.032287
2279    0.041534
2806    0.027098
3473    0.027098
3726    0.026864
3820    0.043450
3886    0.035075
3888    0.042939
4035    0.055523
4240    0.031516
4380    0.029506
4383    0.032099
4500    0.034139
5866    0.020599
5977    0.020797
6756    0.029031
7509    0.040689
7523    0.029609
7753    0.041998
7761    0.059221
8107    0.017586
8188    0.052761
8476    0.024575
8581    0.034105
8595    0.059221
8698    0.045772
8741    0.051604
9200    0.020931
9442    0.035075
9736    0.041534
11355    0.014947
11444    0.027217
11567    0.066973
11587    0.042451
12118    0.034834
12162    0.072196
12461    0.076907
12675    0.023761
12853    0.024482
12880    0.025455
12889    0.017636
13143    0.030701
13347    0.035575
14065    0.009086
14359    0.036933
14642    0.049600
14742    0.015701
14745    0.017636
14944    0.031205
15102    0.048720
15928    0.026864
16409    0.038484
16592    0.033087
16729    0.025068
17033    0.035075
17105    0.022293
17782    0.026980
17808    0.042939
18003    0.029316
18186    0.028891
18319    0.025764
18587    0.023588
19125    0.056696
19177    0.022067
19410    0.014228
20260    0.006538
20282    0.016818
20540    0.031732
20648    0.030220
20803    0.015264
20841    0.020277
20868    0.016958
20916    0.038155
21150    0.008769
21290    0.027958
