223
469    0.006259
567    0.014135
786    0.007862
1242    0.007212
1245    0.007704
1262    0.008251
1375    0.020111
1699    0.007164
1740    0.014689
1882    0.018119
1899    0.014135
1919    0.014110
2344    0.004857
2361    0.016954
2450    0.010978
2495    0.020111
2619    0.020111
2644    0.008757
2711    0.008493
2718    0.016954
2737    0.013813
3593    0.005790
3595    0.018119
3618    0.006965
3842    0.006526
3911    0.014826
4152    0.011362
4262    0.009894
4397    0.015486
4576    0.010063
4666    0.008869
4724    0.011969
4810    0.016885
5072    0.011969
5075    0.003499
5234    0.012970
5566    0.014135
5717    0.007821
5737    0.010243
5971    0.013494
5975    0.006168
5988    0.008160
5989    0.014962
6050    0.006849
6372    0.014360
6472    0.011101
6562    0.011650
6663    0.009658
6775    0.015486
6908    0.004973
6930    0.010861
7141    0.026960
7189    0.011650
7241    0.009583
7587    0.018119
7619    0.006306
7623    0.011502
7642    0.008115
7800    0.026440
7802    0.005332
7972    0.016127
8019    0.004843
8275    0.007628
8570    0.014962
8581    0.004459
8596    0.021343
8630    0.003455
8638    0.008345
8899    0.020126
8970    0.011362
8977    0.012740
8978    0.012740
9200    0.005473
9432    0.012740
9971    0.010861
10143    0.020111
10150    0.012527
10169    0.039660
10261    0.005033
10846    0.013474
10892    0.040469
10898    0.010435
10932    0.009047
10942    0.081510
11146    0.006710
11225    0.008394
11282    0.028318
11342    0.022457
11356    0.014135
11386    0.006821
11434    0.005527
11439    0.008205
11527    0.021497
11528    0.006656
11694    0.020111
11738    0.014962
11757    0.006737
11782    0.014964
12042    0.009047
12045    0.008595
12307    0.054717
12522    0.006604
12542    0.022201
12684    0.012699
12857    0.012527
12927    0.006792
12940    0.011969
12943    0.015486
12944    0.010748
12951    0.010978
12952    0.009658
13014    0.004422
13031    0.013494
13095    0.020111
13326    0.020111
13351    0.004718
13434    0.003652
13466    0.004705
13501    0.020439
13644    0.011362
13660    0.016954
13691    0.010861
13877    0.008443
13894    0.014519
13930    0.011502
14065    0.007128
14073    0.006965
14157    0.060332
14485    0.007413
14523    0.008071
14533    0.014135
14703    0.016954
14742    0.014370
14795    0.012329
14857    0.008298
14863    0.019166
15022    0.028271
15135    0.009583
15147    0.011228
15180    0.014962
15204    0.006683
15210    0.007148
15488    0.007743
15497    0.006737
15583    0.011650
15587    0.020111
15658    0.013797
15695    0.007519
15779    0.039253
15927    0.016787
16003    0.010435
16012    0.009977
16237    0.005527
16432    0.007782
16468    0.020111
16485    0.006526
16510    0.010152
16527    0.006737
16585    0.003507
16657    0.017973
16729    0.013110
16944    0.005421
17067    0.008298
17072    0.010535
17074    0.007519
17075    0.007821
17077    0.010063
17331    0.007448
17484    0.006705
17529    0.015408
17643    0.012427
17772    0.018119
17797    0.013220
17913    0.009658
17916    0.007344
18106    0.011969
18175    0.014135
18182    0.012409
18282    0.003118
18395    0.018119
18416    0.019955
18482    0.011502
18579    0.010978
18619    0.005172
18670    0.020984
19169    0.016143
19177    0.011541
19223    0.007278
19226    0.023865
19366    0.005590
19410    0.007441
19416    0.006849
19693    0.010535
19741    0.009439
19817    0.015723
20090    0.013648
20108    0.009658
20260    0.001710
20274    0.013989
20557    0.006656
20601    0.013930
20624    0.009977
20628    0.009370
20629    0.009977
20713    0.005438
20718    0.016127
20768    0.004732
20803    0.003991
20868    0.008869
20901    0.018709
20902    0.006630
21043    0.040221
21044    0.020111
21087    0.005850
21118    0.007782
21122    0.006604
21150    0.034397
21247    0.005831
21266    0.005438
21305    0.020111
21307    0.013104
21310    0.008160
21311    0.012740
