59
333    0.024669
1079    0.075902
1633    0.046267
2277    0.062074
2278    0.039995
2947    0.035509
3077    0.037029
3726    0.034431
4240    0.040394
4380    0.018909
4486    0.049324
4697    0.036165
5521    0.085302
7199    0.030454
7753    0.053829
8107    0.022540
8408    0.053234
9016    0.035193
9209    0.022477
9812    0.034431
9873    0.030679
10334    0.057343
10714    0.068276
10837    0.031024
11183    0.037950
11503    0.022993
12048    0.037950
12118    0.044646
12416    0.042651
12675    0.030454
12880    0.032625
13143    0.039350
13357    0.013802
14065    0.011645
14320    0.033430
14742    0.030185
14770    0.124889
14944    0.039995
15239    0.049757
16030    0.036165
16575    0.043193
16585    0.005730
16592    0.021203
16609    0.197141
16729    0.016064
16732    0.024521
17105    0.028573
18186    0.037029
18587    0.030232
19366    0.013699
19426    0.019359
19844    0.009220
19962    0.063572
20260    0.008379
20282    0.021556
20460    0.035037
20841    0.025989
21253    0.021675
21259    0.043756
