123
333    0.011834
1242    0.016959
1439    0.023662
1529    0.018206
1699    0.005615
1919    0.016589
2432    0.008166
2744    0.012666
2806    0.016662
2979    0.037920
3077    0.017764
3084    0.025538
3297    0.018026
3473    0.066646
3571    0.017430
3574    0.019187
3593    0.040843
3619    0.018391
4035    0.034139
4240    0.019378
4380    0.009071
4500    0.020991
5367    0.035181
5487    0.040421
5537    0.020211
5719    0.026863
5977    0.012788
6908    0.011694
7619    0.014828
7753    0.012912
8476    0.015110
8581    0.031455
8613    0.039022
8630    0.016249
8639    0.036411
9005    0.025018
9736    0.025538
9980    0.019852
9990    0.032441
10360    0.031085
10611    0.019969
10990    0.036413
11103    0.005365
11118    0.019623
11355    0.027571
11386    0.016037
12048    0.018206
12162    0.044391
12207    0.027758
12675    0.043829
12765    0.014772
12817    0.016104
12987    0.006787
12999    0.007784
13060    0.027392
13109    0.029956
13387    0.047287
13434    0.004294
13451    0.020991
13466    0.011062
13488    0.026716
14002    0.027758
14361    0.039864
14453    0.020991
14742    0.009654
14745    0.010844
14917    0.023265
14944    0.019187
14948    0.042604
15103    0.026101
15242    0.037920
15912    0.012200
15928    0.016518
15931    0.018877
16030    0.017349
16032    0.042604
16259    0.022533
16279    0.024535
16585    0.002749
16592    0.010172
16729    0.015413
17033    0.021567
17144    0.010662
17281    0.013298
17808    0.026402
17916    0.017269
18182    0.007295
18319    0.031683
18411    0.019736
18750    0.079728
18882    0.010200
19042    0.029956
19125    0.034860
19127    0.012352
19128    0.017269
19347    0.025814
19448    0.028554
19518    0.023870
19580    0.027046
19696    0.030497
19785    0.013038
19844    0.004423
19965    0.033237
20282    0.010341
20289    0.026101
20545    0.027046
20587    0.019969
20588    0.025814
20626    0.019401
20629    0.023460
20648    0.018581
20768    0.011126
20776    0.021874
20803    0.009385
20807    0.020335
20844    0.009873
20868    0.010427
20916    0.023460
21005    0.015110
21033    0.091492
21150    0.005392
21242    0.029956
21247    0.006855
