167
244    0.021135
288    0.013763
333    0.017256
430    0.027646
448    0.016688
455    0.023099
479    0.015723
1188    0.017403
1190    0.031895
1272    0.012590
1283    0.009205
1436    0.012420
1506    0.031061
1529    0.013273
1692    0.016428
1740    0.012590
1984    0.027646
2114    0.013690
2277    0.021711
2745    0.010239
2867    0.014066
2882    0.012533
3039    0.011411
3077    0.012951
3089    0.016459
3090    0.014646
3297    0.026284
3341    0.011059
3842    0.011188
3850    0.012649
4028    0.013912
4135    0.014559
4240    0.007064
4380    0.013227
4644    0.029064
4674    0.023133
4870    0.010651
4982    0.022663
5440    0.013408
5507    0.021840
5515    0.009353
5856    0.011059
5866    0.009234
5891    0.021135
5990    0.027646
6429    0.013912
6628    0.010651
6675    0.020817
6705    0.011692
6719    0.011597
6827    0.014473
7364    0.017251
7396    0.023133
7485    0.020817
7531    0.008949
7753    0.009413
7909    0.016961
8269    0.015615
8281    0.016688
8630    0.005923
8828    0.020237
9118    0.010892
9282    0.010312
9388    0.023482
9441    0.034475
9821    0.034475
9946    0.019478
9947    0.008042
10105    0.009825
10215    0.011741
10228    0.025649
10230    0.020519
10247    0.015405
10261    0.017256
10334    0.010028
10422    0.014917
10697    0.016182
10714    0.023880
10790    0.016428
10837    0.010851
11014    0.012649
11744    0.010312
11750    0.009234
11782    0.008551
11823    0.027646
11841    0.005689
12122    0.008654
12230    0.010691
12413    0.017403
12416    0.014917
12493    0.019971
12736    0.023652
12904    0.009033
13014    0.007581
13070    0.016688
13320    0.013273
13434    0.003130
13499    0.021840
13568    0.012649
13580    0.008400
13647    0.009147
13814    0.027646
13927    0.027646
13999    0.018240
14012    0.013547
14065    0.004073
14412    0.013763
14428    0.017888
14430    0.013477
14498    0.009176
14719    0.018240
14732    0.023652
14742    0.003519
14785    0.019971
14950    0.020519
15081    0.012309
15156    0.029064
15193    0.021840
15406    0.031061
15555    0.011889
15684    0.016556
15821    0.014917
15822    0.010239
15907    0.010385
16030    0.037946
16034    0.012889
16585    0.002004
16592    0.007416
16711    0.034475
16941    0.006444
17281    0.009695
17669    0.008182
17906    0.029064
18010    0.025649
18167    0.005305
18182    0.005318
18940    0.016688
18948    0.038059
19125    0.025415
19127    0.009005
19128    0.075543
19266    0.009994
19277    0.015509
19278    0.006185
19424    0.018820
19557    0.017888
19562    0.015304
19844    0.003225
19937    0.027646
20090    0.005849
20260    0.038099
20282    0.007539
20297    0.021475
20358    0.023652
20481    0.016304
20534    0.011503
20593    0.019718
20768    0.008112
20969    0.015834
21085    0.013547
21129    0.015547
21150    0.003931
21155    0.027824
21243    0.007817
21247    0.009996
21253    0.007581
21254    0.010730
