255
219    0.005125
227    0.010697
333    0.004621
370    0.007411
451    0.006450
686    0.007534
708    0.011698
850    0.010080
1081    0.008733
1097    0.006186
1099    0.006506
1154    0.016637
1184    0.005465
1283    0.004930
1309    0.006063
1439    0.009240
1490    0.004962
1529    0.014219
1549    0.015567
1633    0.008667
1680    0.007798
1692    0.008799
1698    0.005010
1699    0.002193
1746    0.011327
1859    0.007707
1926    0.054063
1940    0.006315
1941    0.005923
2008    0.017083
2014    0.007332
2020    0.010697
2120    0.005856
2268    0.011698
2277    0.015505
2344    0.013379
2413    0.036931
2432    0.006378
2476    0.016637
2587    0.009085
2671    0.011909
2744    0.004946
2747    0.008481
2947    0.013304
3011    0.012139
3039    0.030559
3050    0.015374
3081    0.012139
3086    0.007892
3089    0.017632
3191    0.019738
3305    0.018466
3450    0.011698
3675    0.015504
3726    0.006450
3911    0.006807
4026    0.008542
4135    0.007798
4151    0.007990
4240    0.003784
4380    0.010627
4383    0.007707
4662    0.006535
4684    0.013738
4871    0.007707
4948    0.013738
5202    0.011892
5217    0.009011
5415    0.006682
5495    0.003542
5501    0.003665
5515    0.005010
5517    0.011150
5573    0.008667
5623    0.009869
5866    0.004946
5899    0.008092
5904    0.009674
5977    0.004994
6050    0.006289
6155    0.015567
6345    0.011503
6531    0.011909
6596    0.004649
6719    0.006211
7048    0.006904
7114    0.011150
7168    0.003675
7377    0.005176
7380    0.014009
7595    0.005992
7683    0.012668
7753    0.015126
7769    0.010990
7833    0.004735
7896    0.007332
7948    0.008481
7967    0.009492
8019    0.004447
8056    0.016637
8107    0.012668
8116    0.008010
8189    0.020385
8281    0.008938
8417    0.012372
8467    0.018466
8489    0.007707
8533    0.006112
8546    0.012979
8630    0.003173
8845    0.006506
9016    0.006593
9127    0.009085
9200    0.005026
9398    0.005790
9411    0.003506
9484    0.007145
9518    0.003929
9641    0.007074
9746    0.010193
9747    0.007492
9980    0.007752
10074    0.005298
10105    0.005263
10273    0.013738
10290    0.006395
10293    0.018466
10333    0.008040
10334    0.026856
10338    0.005280
10589    0.006871
10714    0.006395
10837    0.002906
11054    0.042658
11178    0.006713
11201    0.004370
11581    0.007452
11613    0.007990
11782    0.013740
11803    0.011320
11973    0.009581
11984    0.007534
12005    0.003714
12110    0.009987
12118    0.016728
12122    0.013906
12283    0.007272
12415    0.028421
12508    0.009321
12519    0.004408
12548    0.005969
12651    0.016637
12889    0.004235
12904    0.009677
12947    0.008197
12951    0.010080
12999    0.003040
13008    0.008040
13014    0.004060
13122    0.025337
13143    0.007372
13319    0.006016
13355    0.004295
13357    0.010342
13434    0.005030
13545    0.010080
13760    0.010561
13775    0.009492
13836    0.010561
13872    0.012979
13886    0.004607
14237    0.009492
14425    0.017379
14485    0.006807
14498    0.004915
14537    0.005193
14742    0.003770
14770    0.011698
15033    0.008542
15081    0.006593
15207    0.009492
15488    0.007109
15601    0.006744
15822    0.005484
15867    0.012979
15907    0.005562
16029    0.007294
16047    0.010080
16116    0.005484
16117    0.013186
16371    0.007707
16459    0.020161
16575    0.008092
16585    0.015028
16592    0.011916
16612    0.036042
16695    0.011698
16707    0.006652
16862    0.006478
16882    0.010561
16885    0.008481
16959    0.005562
17037    0.005834
17105    0.010706
17484    0.006156
17552    0.010990
17669    0.021913
17884    0.012979
18003    0.007039
18005    0.004706
18138    0.007663
18182    0.005697
18186    0.006937
18263    0.016637
18282    0.005726
18582    0.012390
18587    0.011327
18619    0.004749
18703    0.009581
18726    0.007039
18995    0.014219
19043    0.005108
19070    0.015567
19071    0.018466
19111    0.011909
19127    0.004823
19261    0.005523
19426    0.010880
19460    0.004283
19552    0.012668
19662    0.010310
19696    0.011909
19773    0.009271
19785    0.005091
19844    0.006909
20090    0.006266
20175    0.013738
20260    0.012558
20282    0.004038
20305    0.009240
20432    0.016503
20742    0.008481
20760    0.008040
20776    0.008542
20785    0.006263
20827    0.009492
20841    0.019475
20946    0.004978
21118    0.007145
21150    0.004211
21172    0.010080
21234    0.012139
21253    0.016242
21254    0.045978
21259    0.008197
