170
333    0.008146
955    0.027441
1099    0.011469
1514    0.014546
1529    0.012532
1689    0.010362
1699    0.007730
2058    0.016288
2084    0.011370
2287    0.015632
2290    0.017968
2394    0.019655
2458    0.015511
2609    0.012408
2747    0.014950
2806    0.011469
2819    0.010323
2857    0.012408
3089    0.015541
3474    0.029327
3583    0.007138
3593    0.009372
3618    0.011273
3783    0.023500
3858    0.014450
4001    0.082896
4023    0.016244
4065    0.023500
4195    0.008775
4240    0.006670
4378    0.030115
4380    0.012489
4406    0.016432
4467    0.026129
4811    0.014085
5440    0.012660
5495    0.006244
5532    0.008146
5628    0.018617
5719    0.009246
5866    0.008719
5962    0.015884
6046    0.018618
6129    0.016015
6323    0.015057
6372    0.007748
6562    0.037712
6644    0.018618
6719    0.010949
7048    0.012170
7173    0.013355
7897    0.025065
8025    0.017834
8289    0.020277
8613    0.026862
8711    0.011273
8712    0.016889
8845    0.011469
8873    0.018391
8992    0.026103
9067    0.026103
9200    0.008859
9256    0.011674
9663    0.036781
9812    0.011370
9873    0.010131
9898    0.016579
9916    0.022332
9930    0.029327
10140    0.010323
10420    0.013064
10589    0.024224
10637    0.015057
10803    0.012994
10837    0.005123
11103    0.003693
11117    0.016147
11327    0.017397
11334    0.009841
11737    0.023500
11788    0.016889
12005    0.019640
12120    0.023500
12122    0.008171
12283    0.019229
12454    0.024217
12505    0.011780
12555    0.032551
12573    0.024217
12765    0.010169
12801    0.032551
12889    0.007465
12904    0.008529
12907    0.013064
12927    0.043977
12987    0.009345
13089    0.024217
13143    0.012994
13284    0.027441
13393    0.022332
13434    0.002956
14012    0.012791
14065    0.003846
14226    0.023500
14294    0.027441
14303    0.009372
14320    0.011040
14475    0.017770
14604    0.006964
14742    0.009968
14745    0.007465
15344    0.023775
15454    0.029327
15481    0.026103
15531    0.022879
15713    0.015057
15928    0.011370
16094    0.012170
16329    0.029327
16378    0.023500
16585    0.015138
16592    0.007002
16615    0.022879
16791    0.030115
16923    0.018068
17044    0.014264
17144    0.014679
17439    0.019373
17444    0.023500
17455    0.019108
17916    0.011888
17949    0.014085
18003    0.012408
18082    0.013912
18167    0.005009
18182    0.005021
18282    0.005047
18462    0.015167
18567    0.014085
18655    0.010402
18882    0.007021
18962    0.015279
19184    0.027441
19204    0.025851
19212    0.013281
19262    0.011040
19337    0.021842
19366    0.004524
19426    0.006393
19680    0.020277
20071    0.019373
20090    0.005523
20282    0.014237
20305    0.016288
20336    0.021842
20347    0.029327
20452    0.023244
20460    0.011570
20514    0.026103
20626    0.026710
20717    0.024887
20841    0.008582
20844    0.006796
20932    0.032551
20996    0.026103
21085    0.012791
21129    0.014679
21191    0.014644
21247    0.004719
21253    0.007158
