233
321    0.019344
447    0.010186
451    0.008015
486    0.014799
659    0.017071
677    0.012264
739    0.015084
818    0.022946
901    0.013855
920    0.020109
943    0.022946
945    0.022946
947    0.019344
978    0.009310
1436    0.008266
1479    0.011197
1490    0.012331
1496    0.012264
1514    0.030760
1699    0.002725
1721    0.020673
1969    0.012021
2047    0.006518
2137    0.018401
2156    0.009748
2226    0.011583
2287    0.011019
2290    0.012666
2380    0.010393
2396    0.006185
2508    0.009748
2652    0.014293
2684    0.007718
3029    0.010120
3282    0.011107
3535    0.019344
3567    0.005399
3597    0.013469
3654    0.012021
3712    0.018401
3713    0.092094
3715    0.044787
3717    0.017071
3752    0.017669
3789    0.009522
3858    0.010186
3869    0.016566
3911    0.008458
4023    0.005725
4075    0.011384
4137    0.011182
4188    0.013855
4195    0.006185
4240    0.004702
4511    0.015742
4666    0.010120
4833    0.012264
4899    0.013582
4902    0.045892
5043    0.003376
5137    0.013657
5153    0.024527
5518    0.014536
5718    0.009522
5879    0.008879
5899    0.010055
5977    0.006205
6596    0.005777
6758    0.005004
6926    0.013292
6949    0.013469
6984    0.006839
7194    0.008704
7237    0.020673
7330    0.006863
7343    0.010770
7524    0.006562
7574    0.015742
7753    0.006265
7909    0.011289
7962    0.013657
7964    0.011583
7975    0.015084
7976    0.018401
8004    0.022946
8107    0.005247
8218    0.005574
8289    0.014293
8446    0.006225
8624    0.018935
8630    0.003942
8639    0.017668
8640    0.022964
8711    0.007947
9127    0.033867
9326    0.017071
9463    0.017669
9517    0.005353
9545    0.019344
9567    0.017669
9579    0.019344
9589    0.018401
9747    0.009310
9777    0.010614
9780    0.022946
10334    0.006674
10338    0.013123
10495    0.010691
10538    0.028134
10605    0.006887
10668    0.010770
10773    0.007814
10837    0.003611
11040    0.020673
11117    0.011382
11154    0.011384
11182    0.011384
11326    0.016128
11331    0.014536
11355    0.004460
11439    0.009362
11569    0.006518
11581    0.027778
11613    0.009929
11691    0.014293
11750    0.006146
11766    0.022946
11830    0.013657
12045    0.009807
12071    0.008342
12095    0.027480
12118    0.010393
12233    0.013292
12365    0.025736
12421    0.018621
12425    0.014067
12519    0.005477
12551    0.005975
12817    0.007814
12855    0.010614
12864    0.007142
12904    0.006012
12974    0.008704
12987    0.003294
13014    0.005046
13050    0.005795
13195    0.011019
13198    0.011384
13216    0.018401
13356    0.012526
13434    0.002084
13647    0.006088
13874    0.017669
13926    0.012392
13955    0.014067
14065    0.002711
14110    0.019344
14234    0.014799
14260    0.028134
14262    0.017669
14303    0.006606
14316    0.022515
14319    0.025052
14358    0.011794
14391    0.029070
14537    0.006453
14742    0.002342
14896    0.018401
15063    0.006562
15187    0.022946
15274    0.012021
15287    0.015742
15325    0.012666
15332    0.016128
15450    0.013855
15553    0.017071
15591    0.009807
15792    0.008120
15822    0.006815
15897    0.016566
15928    0.008015
16034    0.008579
16362    0.063685
16489    0.011482
16578    0.010691
16585    0.005336
17025    0.009577
17027    0.007625
17101    0.016916
17105    0.006651
17427    0.027711
17433    0.014536
17531    0.006540
17540    0.019344
17814    0.007475
17821    0.016170
17854    0.010120
17870    0.007168
18007    0.012021
18082    0.029421
18098    0.009160
18167    0.014124
18203    0.007625
18282    0.003557
18795    0.015084
18807    0.011906
18882    0.004949
19097    0.009016
19327    0.005414
19356    0.020673
19364    0.020673
19426    0.013520
19460    0.010644
19535    0.008342
19539    0.033132
19557    0.011906
19572    0.025052
19635    0.015396
19741    0.021541
19773    0.011520
19817    0.008970
19839    0.016128
19844    0.002146
20202    0.012526
20275    0.005624
20558    0.020673
20566    0.022946
20627    0.009209
20841    0.018150
20901    0.021346
20927    0.005558
21001    0.047622
21172    0.012526
