271
147    0.005620
219    0.005307
333    0.004785
370    0.007674
451    0.006679
452    0.016120
457    0.007759
460    0.007759
525    0.016120
552    0.007218
621    0.013416
633    0.011077
701    0.013118
702    0.014230
1001    0.014724
1099    0.013475
1276    0.008909
1283    0.020422
1286    0.011381
1304    0.008782
1314    0.009921
1411    0.012114
1490    0.010276
1676    0.011546
1691    0.006087
1699    0.002270
1741    0.007167
1845    0.009256
1859    0.007981
1940    0.006539
2002    0.012332
2014    0.007593
2093    0.017158
2119    0.008721
2203    0.010676
2251    0.016120
2277    0.016056
2432    0.003302
2604    0.006651
2660    0.011381
2744    0.005122
2745    0.005679
3039    0.006329
3050    0.031840
3077    0.014366
3089    0.004565
3148    0.012114
3371    0.012114
3644    0.011077
3645    0.011723
3688    0.008782
3726    0.006679
3733    0.007633
3777    0.015334
3850    0.007016
4023    0.019085
4118    0.010017
4300    0.009408
4362    0.008123
4380    0.018340
4383    0.007981
4463    0.008173
4465    0.013805
4467    0.023023
4581    0.009043
4662    0.006767
4817    0.010327
5043    0.002814
5055    0.009256
5256    0.025140
5352    0.006983
5414    0.006827
5532    0.004785
5573    0.008975
5628    0.010936
5674    0.012570
5806    0.008845
5866    0.010243
5904    0.010017
5941    0.012332
6305    0.010555
6414    0.010438
6518    0.012830
6532    0.009183
6719    0.006432
6984    0.005699
7048    0.007149
7141    0.017089
7235    0.013440
7343    0.008975
7406    0.020034
7598    0.011077
7636    0.015779
7736    0.005620
7753    0.005221
7833    0.004903
7853    0.011911
7909    0.009408
7922    0.012830
7948    0.008782
8019    0.013814
8025    0.010476
8040    0.004844
8078    0.003846
8116    0.008294
8438    0.025661
8442    0.007253
8446    0.005188
9016    0.006827
9060    0.011911
9088    0.013440
9118    0.006041
9179    0.008123
9200    0.005204
9210    0.007149
9282    0.011438
9364    0.006406
9398    0.005996
9411    0.003630
9526    0.009829
9641    0.007325
9747    0.007759
9824    0.009652
9898    0.009739
9947    0.004460
9980    0.016055
10105    0.005450
10140    0.006064
10334    0.016686
10614    0.009829
10697    0.008975
10802    0.014226
10837    0.003009
10840    0.006512
10881    0.008223
10897    0.005581
11051    0.009408
11103    0.006508
11117    0.004743
11213    0.006087
11340    0.009256
11355    0.003716
11416    0.010676
11613    0.008274
11744    0.005719
11753    0.009112
12005    0.003846
12048    0.007362
12053    0.008845
12118    0.008661
12230    0.005929
12283    0.007531
12415    0.011772
12416    0.008274
12480    0.010803
12660    0.006888
12695    0.029448
12820    0.009331
12867    0.008782
12869    0.012332
12880    0.006329
12889    0.026310
12902    0.016120
12904    0.005010
13319    0.006230
13355    0.004448
13357    0.005355
13454    0.011911
13466    0.004473
13484    0.007475
13740    0.015334
13875    0.016120
13909    0.007553
14017    0.015334
14063    0.011903
14304    0.008661
14316    0.006254
14320    0.006485
14498    0.005089
14500    0.015334
14507    0.013805
14515    0.011381
14539    0.008488
14607    0.006485
14656    0.010220
14719    0.010117
14762    0.010803
14811    0.009739
14859    0.020654
15009    0.009487
15466    0.006737
15601    0.041899
15684    0.009183
15792    0.006767
15822    0.017037
15881    0.010555
15940    0.011546
16064    0.011723
16094    0.028595
16258    0.014226
16259    0.009112
16386    0.012114
16539    0.016120
16585    0.005558
16592    0.012340
16707    0.006888
16729    0.003116
16766    0.007437
16819    0.013440
16880    0.006567
16923    0.005307
16941    0.010723
17037    0.006041
17051    0.005600
17103    0.006983
17105    0.005543
17122    0.009256
17140    0.011546
17227    0.016120
17281    0.016132
17292    0.006018
17418    0.014724
17484    0.003188
17531    0.010899
17669    0.004538
17916    0.006983
17924    0.011224
18007    0.010017
18098    0.007633
18135    0.013440
18182    0.002950
18223    0.010017
18282    0.002964
18607    0.010676
18883    0.005865
18987    0.007149
19127    0.009989
19327    0.018048
19366    0.005315
19455    0.028957
19531    0.015334
19732    0.015334
19736    0.007716
19751    0.008975
19785    0.015816
19841    0.011723
19844    0.007154
20090    0.003244
20118    0.012830
20260    0.006502
20263    0.014724
20282    0.004182
20422    0.016120
20432    0.008545
20452    0.006827
20475    0.008223
20563    0.010327
20648    0.007514
20807    0.008223
20841    0.015125
20844    0.003992
20845    0.007802
20868    0.004216
20964    0.005843
20969    0.008782
20993    0.013715
21146    0.007935
21174    0.014226
21253    0.004205
21254    0.005951
21266    0.005171
