211
103    0.008482
333    0.006439
1272    0.009397
1283    0.006870
1403    0.034962
1428    0.025730
1490    0.006914
1551    0.025730
1689    0.008191
1741    0.004822
1746    0.015783
1873    0.013613
2084    0.008988
2102    0.006439
2119    0.011735
2174    0.012077
2277    0.021604
2604    0.008949
2710    0.009529
2723    0.007188
2744    0.006892
2882    0.009354
2947    0.027807
3029    0.011347
3050    0.021422
3086    0.010997
3727    0.014905
3743    0.023087
3772    0.017652
3911    0.009484
4150    0.011133
4301    0.011497
4324    0.008949
4380    0.019743
4450    0.006980
4467    0.010327
4501    0.009808
4652    0.014716
4697    0.009440
4729    0.008382
4775    0.017264
5202    0.008285
5217    0.012555
5358    0.013350
5415    0.009311
5501    0.005107
5567    0.007236
5574    0.019142
5675    0.013896
5820    0.011575
5866    0.013783
5919    0.016594
5923    0.016594
5925    0.014202
6025    0.020633
6044    0.025730
6046    0.014716
6050    0.008762
6414    0.014046
6598    0.006638
6628    0.007949
6707    0.008726
6719    0.008655
6778    0.015314
7199    0.015899
7445    0.025730
7531    0.006679
7595    0.016699
7762    0.019142
7802    0.006822
7833    0.006597
7919    0.023181
7948    0.011817
7985    0.012659
8019    0.006196
8043    0.015774
8107    0.011767
8116    0.005580
8189    0.014202
8446    0.006980
8596    0.006827
8781    0.007920
9242    0.012555
9256    0.009227
9398    0.008068
9411    0.004885
9669    0.015774
9747    0.010440
9901    0.015774
10140    0.016319
10252    0.014366
10334    0.022452
10338    0.007358
10354    0.018373
10613    0.019813
10836    0.013613
10837    0.004049
10846    0.008620
11014    0.009440
11087    0.008988
11103    0.008757
11130    0.012659
11271    0.009066
11358    0.008690
11415    0.010739
11427    0.016914
11475    0.016300
11531    0.008690
11581    0.010383
11757    0.017239
11882    0.014366
11947    0.012765
12005    0.005175
12006    0.012261
12110    0.006958
12167    0.012988
12230    0.007979
12626    0.018576
12660    0.009269
12684    0.005416
12817    0.008762
12876    0.013752
13179    0.019148
13228    0.008253
13231    0.013105
13355    0.005985
13357    0.014411
13479    0.018576
13482    0.009857
13568    0.009440
13764    0.025730
13886    0.006420
14063    0.008008
14065    0.003040
14117    0.019142
14303    0.007408
14316    0.008415
14410    0.017652
14498    0.006848
14742    0.005253
14920    0.040050
15009    0.012765
15037    0.014716
15410    0.010498
15601    0.028190
15685    0.014046
15686    0.009146
15713    0.011902
15778    0.009619
15822    0.007642
15900    0.025730
16029    0.010163
16094    0.009619
16119    0.025750
16352    0.046363
16459    0.014046
16585    0.001496
16612    0.012555
16633    0.016914
16729    0.037740
16734    0.010322
16766    0.020014
16880    0.008836
16907    0.007164
17027    0.008550
17032    0.014202
17037    0.008129
17103    0.009397
17108    0.009906
17122    0.012454
17144    0.011603
17281    0.007236
17331    0.009529
17447    0.012555
17480    0.011654
18022    0.023181
18142    0.014537
18340    0.010498
18366    0.015536
18652    0.006679
18882    0.005550
18925    0.017652
18992    0.011203
19125    0.009484
19137    0.023181
19173    0.012261
19192    0.017652
19204    0.010217
19212    0.010498
19229    0.016300
19261    0.007696
19278    0.004616
19366    0.003576
19410    0.009520
19426    0.005053
19444    0.012261
19464    0.007188
20217    0.023181
20260    0.008749
20275    0.006306
20282    0.011253
20460    0.009146
20701    0.039626
20760    0.011203
20845    0.010498
20955    0.019142
21028    0.016300
21253    0.039605
21254    0.008008
21259    0.011422
21341    0.015103
