47
212    0.067040
1099    0.050325
1165    0.074106
1314    0.074106
2119    0.065140
2321    0.072097
2569    0.071469
2688    0.049890
3050    0.039638
3789    0.059269
5043    0.021016
5415    0.051686
5562    0.072745
5602    0.066548
5899    0.062585
6085    0.056416
6262    0.057324
6532    0.068590
6707    0.048440
6911    0.142827
7351    0.049256
7377    0.040032
8702    0.088968
10261    0.035745
10837    0.022477
10975    0.122089
12005    0.028725
12416    0.061800
13219    0.063823
14108    0.093890
15600    0.064691
16529    0.040705
16532    0.065140
16592    0.030723
16633    0.093890
16676    0.069694
16734    0.028649
16766    0.055548
16832    0.120406
16862    0.100213
18485    0.081689
18499    0.058599
18987    0.053398
19444    0.068060
19464    0.039900
20009    0.080694
21150    0.016286
