52
1479    0.060982
1691    0.079565
2047    0.035498
3053    0.052776
3396    0.041867
3593    0.035980
3654    0.065470
3713    0.100316
3715    0.060982
4137    0.030450
5152    0.051275
5153    0.066793
5474    0.100218
7048    0.046723
7653    0.105355
7946    0.090225
8639    0.048115
8640    0.062536
10338    0.035737
10538    0.076615
10837    0.019667
11581    0.050431
11655    0.071478
11830    0.074380
12095    0.049890
12421    0.050708
12519    0.029833
12652    0.080600
12886    0.124973
12904    0.032745
13050    0.031561
13647    0.033158
14262    0.096233
14304    0.056605
14316    0.081749
14865    0.048358
15907    0.037646
16509    0.043099
16729    0.020367
17027    0.041530
17230    0.112596
17369    0.049625
17821    0.088068
18082    0.053414
18167    0.019231
19366    0.017369
19410    0.023120
19464    0.034912
19839    0.087841
20260    0.010624
20830    0.056221
21012    0.077847
