52
455    0.039738
1283    0.031671
1873    0.062757
1940    0.040565
2084    0.041434
2366    0.055677
2806    0.041795
3089    0.028316
3369    0.081378
3850    0.043520
4023    0.029597
4327    0.081378
4380    0.022755
4463    0.050698
4467    0.095215
4501    0.045217
4878    0.083374
5556    0.044560
5567    0.033357
6085    0.046854
8078    0.023856
8442    0.044995
9155    0.054870
11103    0.013457
12166    0.044137
12283    0.023358
12889    0.027201
13096    0.057881
13513    0.073889
13921    0.058359
14063    0.036919
14498    0.031571
15686    0.084327
15712    0.075808
16029    0.046854
16585    0.006896
17027    0.039418
17108    0.091337
17292    0.037334
17424    0.081378
19127    0.030983
19128    0.043320
19327    0.027990
19366    0.016485
19426    0.023296
19460    0.027512
20260    0.020167
20282    0.025940
20605    0.069629
20844    0.024766
21254    0.073838
21341    0.139259
