93
453    0.028973
455    0.020212
1240    0.019133
1283    0.032217
1415    0.025181
1706    0.044886
1741    0.011306
1873    0.031920
1940    0.020632
2014    0.023957
2047    0.017137
2084    0.021074
2366    0.028318
2394    0.036430
2806    0.021258
2819    0.019133
3089    0.014402
3369    0.041390
3850    0.022135
4023    0.015054
4324    0.020984
4327    0.041390
4380    0.011573
4463    0.025786
4467    0.048429
4501    0.022998
4666    0.026608
4877    0.035415
4878    0.042406
5556    0.022664
5567    0.016966
6085    0.023831
6288    0.034507
6596    0.015190
7463    0.034507
7531    0.015661
8078    0.012134
8442    0.022885
8596    0.016007
8630    0.010366
8845    0.042516
9155    0.027908
9464    0.046458
11103    0.006844
11218    0.012907
12166    0.022449
12283    0.011880
12668    0.025944
12765    0.018848
12889    0.027670
13096    0.029440
13513    0.037581
13515    0.034507
13921    0.029682
14063    0.018778
14124    0.024214
14498    0.032116
15684    0.028973
15686    0.064336
15712    0.038558
16029    0.023831
16034    0.022556
16094    0.022556
16437    0.025181
16585    0.017536
16707    0.021734
17027    0.020049
17108    0.046456
17292    0.037978
17424    0.082781
19105    0.044886
19127    0.015759
19128    0.044067
19271    0.022343
19327    0.014236
19366    0.008385
19426    0.011849
19460    0.013993
19615    0.041390
20153    0.048381
20260    0.010258
20274    0.020984
20275    0.014787
20282    0.013194
20605    0.035415
20844    0.012596
20868    0.013303
21141    0.031606
21243    0.013680
21253    0.026533
21254    0.037556
21266    0.016315
21341    0.177075
