400
147    0.003260
219    0.006156
333    0.002776
370    0.004451
451    0.003874
452    0.009350
453    0.005326
455    0.011147
457    0.004500
460    0.004500
481    0.004684
525    0.009350
552    0.004187
621    0.007782
633    0.006425
701    0.007609
702    0.008254
1001    0.008541
1099    0.007816
1240    0.003517
1262    0.004551
1272    0.004050
1276    0.005168
1283    0.026652
1286    0.006601
1304    0.005094
1314    0.005755
1411    0.007026
1415    0.004629
1466    0.004799
1490    0.005960
1676    0.006697
1680    0.004684
1691    0.003531
1699    0.002634
1706    0.008252
1741    0.010393
1845    0.005369
1859    0.004629
1873    0.005868
1940    0.007586
2002    0.007153
2014    0.013212
2047    0.003150
2084    0.003874
2093    0.009952
2109    0.014582
2119    0.005058
2203    0.006192
2251    0.009350
2263    0.006799
2277    0.018625
2278    0.004500
2283    0.004451
2366    0.005206
2394    0.006697
2432    0.001915
2604    0.003858
2660    0.006601
2706    0.003088
2723    0.003098
2744    0.002971
2745    0.003294
2806    0.003908
2819    0.007035
3039    0.003671
3050    0.018468
3077    0.008333
3089    0.005295
3148    0.007026
3369    0.007609
3371    0.007026
3632    0.004551
3644    0.006425
3645    0.006799
3688    0.005094
3726    0.003874
3733    0.004428
3777    0.008894
3850    0.008138
3977    0.006697
3978    0.007026
4023    0.016604
4118    0.011621
4195    0.002990
4300    0.005457
4324    0.003858
4327    0.015218
4362    0.004712
4380    0.012766
4383    0.004629
4463    0.009481
4465    0.008007
4467    0.031160
4501    0.012684
4581    0.005245
4662    0.003925
4666    0.009783
4690    0.005550
4817    0.005990
4870    0.003427
4877    0.006511
4878    0.007796
4903    0.007796
5043    0.001632
5055    0.005369
5256    0.021873
5352    0.004050
5414    0.003960
5532    0.002776
5556    0.004167
5567    0.003119
5573    0.005206
5584    0.005701
5620    0.012850
5628    0.006343
5674    0.007291
5806    0.005130
5866    0.005942
5885    0.008007
5904    0.005810
5941    0.007153
6085    0.004381
6288    0.006344
6305    0.006122
6414    0.006055
6518    0.007442
6532    0.005326
6596    0.002793
6719    0.003731
6809    0.004740
6931    0.005928
6984    0.003306
7048    0.004147
7141    0.009912
7199    0.003427
7235    0.015591
7343    0.005206
7406    0.011621
7463    0.006344
7531    0.002879
7598    0.006425
7636    0.009153
7736    0.003260
7753    0.003028
7833    0.002844
7853    0.006909
7896    0.008808
7909    0.005457
7922    0.007442
7948    0.005094
8019    0.008013
8025    0.006076
8040    0.002809
8078    0.004461
8107    0.002536
8116    0.004811
8438    0.022326
8442    0.004207
8446    0.006018
8568    0.004946
8581    0.002459
8596    0.002943
8622    0.006658
8630    0.003811
8845    0.007816
9016    0.003960
9060    0.006909
9088    0.007796
9118    0.003504
9155    0.005130
9179    0.004712
9200    0.003019
9209    0.002529
9210    0.004147
9282    0.006635
9364    0.003716
9398    0.003478
9411    0.002106
9464    0.008541
9526    0.005701
9641    0.004249
9747    0.004500
9798    0.003109
9824    0.005599
9898    0.005649
9916    0.007609
9947    0.005174
9980    0.009312
10105    0.003161
10140    0.003517
10215    0.003777
10247    0.004956
10334    0.016130
10614    0.005701
10697    0.005206
10802    0.008252
10837    0.001745
10840    0.003777
10881    0.004769
10895    0.006799
10897    0.003237
11051    0.005457
11081    0.008894
11103    0.005033
11117    0.002751
11213    0.003531
11218    0.002373
11340    0.005369
11355    0.002156
11416    0.006192
11613    0.004799
11744    0.003317
11753    0.005285
12005    0.008922
12047    0.006909
12048    0.004270
12053    0.005130
12118    0.005024
12166    0.004127
12230    0.003439
12283    0.006552
12415    0.006828
12416    0.004799
12480    0.006266
12659    0.003746
12660    0.003996
12668    0.004769
12695    0.017081
12765    0.006930
12820    0.005412
12867    0.005094
12869    0.007153
12871    0.029768
12880    0.003671
12889    0.022891
12894    0.005168
12900    0.004740
12902    0.009350
12904    0.002906
13096    0.005412
13319    0.007227
13355    0.002580
13357    0.003106
13434    0.001007
13454    0.006909
13466    0.002595
13484    0.004336
13513    0.006909
13515    0.006344
13740    0.008894
13875    0.009350
13909    0.004381
13921    0.005457
14017    0.008894
14063    0.013808
14124    0.004451
14135    0.006344
14304    0.005024
14316    0.003628
14320    0.003762
14354    0.006909
14406    0.003365
14498    0.005904
14500    0.008894
14507    0.008007
14515    0.013202
14539    0.004923
14607    0.003762
14619    0.008007
14656    0.005928
14719    0.011736
14762    0.006266
14811    0.005649
14859    0.011980
15009    0.005503
15103    0.006122
15127    0.006799
15466    0.003908
15601    0.024303
15684    0.010653
15686    0.019712
15712    0.010632
15792    0.003925
15822    0.009882
15881    0.006122
15940    0.006697
16012    0.005503
16029    0.004381
16030    0.004069
16034    0.004147
16064    0.006799
16094    0.024879
16258    0.008252
16259    0.005285
16321    0.004088
16386    0.007026
16437    0.004629
16539    0.009350
16585    0.011605
16592    0.007157
16707    0.011987
16729    0.003615
16732    0.005518
16766    0.004314
16819    0.007796
16880    0.003809
16923    0.003078
16941    0.012439
16959    0.003341
16994    0.008894
17027    0.007371
17037    0.003504
17051    0.003248
17093    0.005326
17103    0.004050
17105    0.003215
17108    0.008540
17122    0.005369
17140    0.006697
17227    0.009350
17281    0.012476
17292    0.010473
17418    0.008541
17424    0.015218
17484    0.001849
17485    0.008894
17531    0.006322
17669    0.002632
17883    0.019985
17916    0.004050
17924    0.006511
17931    0.005094
18007    0.005810
18098    0.004428
18135    0.007796
18182    0.001711
18223    0.005810
18282    0.001720
18319    0.003716
18607    0.006192
18883    0.003402
18987    0.004147
19105    0.008252
19123    0.014884
19127    0.008691
19128    0.008101
19177    0.003182
19271    0.008215
19277    0.004989
19327    0.015703
19366    0.006166
19410    0.002052
19426    0.004357
19455    0.016796
19460    0.002572
19531    0.008894
19615    0.007609
19732    0.008894
19736    0.004476
19751    0.005206
19785    0.009174
19841    0.006799
19844    0.004150
20090    0.001882
20118    0.007442
20153    0.008894
20260    0.008486
20263    0.008541
20274    0.007715
20275    0.002718
20282    0.004851
20422    0.009350
20432    0.004956
20452    0.003960
20475    0.004769
20559    0.005649
20563    0.011980
20605    0.006511
20648    0.004358
20715    0.007442
20760    0.004829
20807    0.004769
20841    0.008773
20844    0.004631
20845    0.004525
20868    0.004891
20927    0.002687
20964    0.003389
20969    0.005094
20993    0.007955
21058    0.003248
21141    0.005810
21146    0.004602
21174    0.008252
21243    0.002515
21253    0.009755
21254    0.010356
21266    0.005999
21341    0.052084
