367
219    0.003519
227    0.007344
286    0.011423
333    0.006346
370    0.005089
440    0.007546
451    0.004429
453    0.006089
455    0.008495
534    0.006776
686    0.005173
1081    0.005996
1097    0.004247
1099    0.004467
1184    0.003752
1204    0.004391
1274    0.006137
1283    0.016926
1400    0.008032
1403    0.011485
1405    0.009763
1436    0.004567
1439    0.006344
1471    0.007773
1490    0.003407
1529    0.004881
1535    0.011423
1547    0.011423
1549    0.010688
1633    0.005951
1691    0.008072
1692    0.006042
1699    0.007527
1741    0.004752
1859    0.010583
1862    0.002584
1873    0.006708
1926    0.030933
1940    0.004336
1941    0.004067
2008    0.005865
2014    0.020138
2020    0.014689
2084    0.004429
2120    0.008041
2173    0.003779
2268    0.008032
2277    0.010646
2278    0.005144
2279    0.006847
2281    0.004931
2307    0.008911
2344    0.006124
2366    0.005951
2432    0.002189
2476    0.011423
2587    0.006238
2645    0.011423
2671    0.008177
2723    0.003542
2744    0.006792
2745    0.007531
2806    0.004467
2882    0.013827
2883    0.012678
3039    0.008393
3050    0.003519
3053    0.005354
3081    0.008334
3086    0.005419
3089    0.024212
3090    0.005386
3126    0.006238
3191    0.006776
3369    0.008698
3571    0.004673
3607    0.007344
3675    0.010645
3726    0.008857
3743    0.003792
3850    0.004652
3911    0.004673
4023    0.003163
4026    0.005865
4132    0.007442
4150    0.005486
4151    0.005486
4240    0.002598
4301    0.005665
4327    0.008698
4380    0.017025
4463    0.005419
4467    0.005089
4496    0.007773
4501    0.004833
4593    0.010167
4662    0.008974
4678    0.005116
4771    0.007656
4777    0.005034
4837    0.007656
4871    0.010583
4878    0.008911
5043    0.001866
5075    0.002206
5179    0.006457
5202    0.004083
5209    0.006238
5217    0.006187
5248    0.006457
5495    0.002432
5515    0.010319
5517    0.007656
5532    0.003173
5556    0.004763
5567    0.003565
5818    0.008698
5820    0.005704
5866    0.003396
5901    0.009763
5904    0.006642
5918    0.007656
6050    0.012953
6180    0.007546
6221    0.009763
6319    0.012083
6365    0.004180
6430    0.005520
6596    0.003192
6598    0.003271
6630    0.017987
6714    0.013842
6715    0.006847
6744    0.010688
6778    0.007546
6827    0.005323
7048    0.004740
7114    0.007656
7168    0.002523
7228    0.006137
7377    0.003554
7380    0.004809
7441    0.006089
7476    0.007079
7531    0.009874
7595    0.012343
7709    0.005782
7753    0.006924
8019    0.003053
8041    0.007656
8044    0.009433
8107    0.005798
8116    0.002750
8189    0.020995
8417    0.004247
8442    0.004809
8546    0.008911
8581    0.002811
8628    0.009763
8781    0.003903
8891    0.047163
9016    0.004527
9116    0.011423
9155    0.005865
9200    0.010352
9280    0.005823
9411    0.004814
9747    0.005144
9749    0.006457
10074    0.007276
10105    0.003613
10247    0.005665
10290    0.004391
10320    0.012678
10334    0.003688
10338    0.014502
10348    0.011423
10354    0.004527
10397    0.005202
10569    0.008177
10675    0.012678
10699    0.008698
10714    0.004391
10790    0.006042
10826    0.007898
10837    0.005986
10897    0.003701
11014    0.013955
11054    0.009763
11103    0.001438
11117    0.003145
11151    0.010167
11180    0.002843
11184    0.005865
11195    0.008032
11275    0.010167
11500    0.009153
11531    0.004282
11581    0.005116
11650    0.011423
11753    0.006042
11757    0.004247
11782    0.009434
11803    0.007773
11841    0.004185
11950    0.009763
12005    0.002550
12110    0.003429
12118    0.005743
12122    0.006365
12161    0.007546
12167    0.006400
12277    0.006708
12283    0.002497
12319    0.006998
12415    0.007806
12651    0.011423
12889    0.002907
12904    0.003322
12949    0.005556
12999    0.004174
13008    0.005520
13014    0.002788
13096    0.006187
13122    0.008698
13143    0.005061
13319    0.004130
13353    0.004906
13355    0.002949
13357    0.015977
13414    0.010167
13434    0.001151
13466    0.002966
13513    0.007898
13545    0.006921
13555    0.009763
13568    0.009303
13617    0.009433
13743    0.007656
13760    0.007251
13921    0.006238
14063    0.003946
14065    0.001498
14425    0.005966
14485    0.004673
14498    0.003374
14536    0.005486
14537    0.007131
14701    0.006921
14742    0.002588
14762    0.007163
14770    0.008032
14859    0.006847
15033    0.005865
15038    0.013034
15072    0.006344
15081    0.004527
15207    0.006517
15209    0.013415
15296    0.012678
15389    0.010688
15488    0.004881
15604    0.005704
15610    0.010688
15684    0.006089
15686    0.009013
15712    0.008103
16029    0.015024
16030    0.009303
16116    0.003765
16117    0.004527
16227    0.010688
16371    0.005292
16459    0.013842
16575    0.005556
16585    0.013266
16592    0.005455
16612    0.024746
16695    0.008032
16707    0.022837
16729    0.002066
16766    0.004931
16862    0.004448
16880    0.008708
16885    0.005823
16941    0.004740
16952    0.005354
16959    0.003819
17027    0.004213
17033    0.005782
17105    0.003675
17108    0.009762
17125    0.007656
17281    0.003565
17292    0.007981
17320    0.007079
17424    0.008698
17484    0.006340
17658    0.009153
17669    0.009027
17782    0.004448
17829    0.006344
17885    0.013694
17944    0.008032
18003    0.004833
18009    0.009433
18179    0.009053
18186    0.004763
18263    0.011423
18282    0.001966
18565    0.007442
18587    0.003889
18619    0.003261
18656    0.007163
18726    0.009666
18870    0.032065
18871    0.011423
18904    0.006187
18925    0.008698
18940    0.006137
18987    0.004740
18995    0.009763
19127    0.003312
19128    0.004630
19278    0.002274
19327    0.017950
19366    0.001762
19426    0.009960
19433    0.004786
19460    0.008822
19524    0.018307
19528    0.008507
19552    0.008698
19553    0.009433
19690    0.018307
19772    0.004318
19844    0.003558
20260    0.006467
20275    0.006215
20282    0.005545
20305    0.006344
20382    0.006517
20432    0.005665
20440    0.015311
20605    0.007442
20742    0.005823
20760    0.011041
20768    0.002983
20776    0.005865
20785    0.004300
20827    0.006517
20841    0.010028
20844    0.002647
20865    0.020334
20902    0.004180
20974    0.011423
21028    0.008032
21048    0.008177
21058    0.003713
21115    0.002974
21150    0.001446
21172    0.006921
21254    0.055245
21258    0.012274
21259    0.005628
21272    0.008911
21341    0.014885
