334
219    0.003786
333    0.003414
452    0.011501
453    0.006552
455    0.013711
457    0.005535
460    0.005535
481    0.005761
621    0.004786
633    0.007903
701    0.009359
702    0.010152
1001    0.010505
1099    0.004807
1240    0.004326
1262    0.005597
1272    0.004982
1283    0.025498
1286    0.008119
1304    0.006266
1314    0.007078
1411    0.008642
1415    0.005694
1466    0.005903
1676    0.008238
1680    0.005761
1699    0.003240
1706    0.010150
1741    0.007670
1845    0.006603
1859    0.005694
1873    0.007218
1918    0.005727
1940    0.009331
1941    0.004376
2014    0.010834
2047    0.003875
2084    0.004765
2093    0.012241
2109    0.026904
2114    0.005417
2203    0.007617
2251    0.011501
2263    0.016727
2277    0.014319
2278    0.005535
2283    0.005475
2297    0.005867
2366    0.006403
2394    0.008238
2706    0.003799
2723    0.003811
2744    0.003654
2806    0.004807
2819    0.008653
3039    0.004515
3050    0.003786
3077    0.005125
3089    0.009770
3148    0.008642
3369    0.009359
3371    0.008642
3632    0.005597
3644    0.007903
3645    0.008363
3688    0.006266
3733    0.005446
3850    0.010010
3977    0.008238
3978    0.008642
4023    0.020424
4118    0.014294
4195    0.003677
4324    0.004745
4327    0.018718
4362    0.005796
4380    0.015702
4383    0.005694
4463    0.011662
4465    0.009849
4467    0.038327
4501    0.015601
4662    0.004828
4666    0.012033
4678    0.005505
4690    0.006827
4817    0.007368
4870    0.004215
4877    0.008008
4878    0.009589
4903    0.009589
5043    0.002007
5256    0.026904
5556    0.005125
5567    0.003836
5573    0.006403
5584    0.007012
5620    0.015805
5628    0.007802
5806    0.006311
5866    0.007308
5885    0.009849
5904    0.007147
6288    0.007803
6305    0.007530
6518    0.009154
6596    0.003435
6809    0.005831
6931    0.007291
6984    0.004066
7141    0.012192
7179    0.010505
7199    0.004215
7235    0.019178
7343    0.006403
7406    0.007147
7421    0.008363
7463    0.007803
7531    0.003541
7636    0.011258
7896    0.010834
7922    0.009154
8019    0.003285
8025    0.007474
8040    0.003456
8078    0.005487
8107    0.006239
8438    0.027462
8442    0.005175
8446    0.011103
8568    0.006084
8581    0.003025
8596    0.003620
8622    0.008190
8630    0.004688
8845    0.014421
9016    0.004871
9060    0.008498
9088    0.009589
9118    0.004310
9155    0.006311
9179    0.005796
9209    0.006222
9210    0.005100
9282    0.008161
9364    0.004570
9398    0.004278
9464    0.010505
9641    0.005226
9798    0.003824
9824    0.006886
9898    0.006948
9916    0.009359
9947    0.006365
9980    0.005727
10105    0.003888
10215    0.004646
10247    0.006096
10334    0.015873
10355    0.007291
10501    0.008238
10614    0.007012
10837    0.004294
10895    0.008363
10897    0.003982
11051    0.006712
11081    0.010940
11103    0.001548
11117    0.003384
11207    0.004893
11213    0.004343
11218    0.002919
11340    0.006603
11355    0.002651
11744    0.004080
12005    0.010975
12047    0.008498
12048    0.005252
12053    0.006311
12230    0.004230
12245    0.003597
12283    0.005373
12416    0.005903
12480    0.007708
12659    0.004608
12660    0.004915
12668    0.005867
12765    0.008524
12867    0.006266
12869    0.008798
12871    0.036615
12880    0.004515
12889    0.015642
12894    0.006356
12900    0.005831
12999    0.002246
13096    0.006657
13319    0.004444
13355    0.003173
13357    0.001910
13434    0.002478
13466    0.003191
13484    0.005333
13513    0.008498
13515    0.007803
13875    0.011501
13909    0.005389
13921    0.006712
14017    0.010940
14063    0.012738
14124    0.010951
14135    0.007803
14303    0.003928
14304    0.006179
14320    0.004627
14354    0.008498
14406    0.004139
14425    0.003210
14498    0.007262
14515    0.016239
14539    0.006056
14607    0.004627
14619    0.009849
14656    0.007291
14719    0.014435
14811    0.006948
14859    0.007368
14991    0.010940
14994    0.007903
15009    0.006768
15103    0.007530
15684    0.013103
15686    0.024246
15712    0.008719
15822    0.004052
15861    0.009154
15881    0.007530
15940    0.008238
16012    0.006768
16029    0.005389
16030    0.005005
16034    0.005100
16094    0.030602
16258    0.010150
16321    0.005029
16437    0.005694
16585    0.012689
16592    0.005869
16707    0.009829
16729    0.006670
16732    0.003394
16880    0.004685
16923    0.003786
16941    0.015300
16950    0.006552
16959    0.004109
16994    0.010940
17027    0.009067
17037    0.004310
17093    0.006552
17103    0.004982
17108    0.010505
17117    0.003334
17140    0.008238
17281    0.011509
17292    0.012881
17418    0.010505
17424    0.018718
17485    0.010940
17669    0.003238
17883    0.024582
17916    0.004982
17931    0.006266
18098    0.005446
18135    0.009589
18182    0.004209
18282    0.004230
18319    0.004570
18607    0.007617
18726    0.005200
18882    0.002943
19105    0.010150
19123    0.018308
19127    0.007127
19128    0.009964
19177    0.003914
19271    0.010104
19277    0.006137
19278    0.002447
19327    0.012876
19366    0.007584
19410    0.002524
19426    0.005359
19455    0.013773
19460    0.003164
19531    0.010940
19615    0.009359
19640    0.005629
19732    0.010940
20090    0.004629
20118    0.009154
20153    0.010940
20260    0.009278
20263    0.010505
20274    0.009490
20275    0.003344
20282    0.005967
20432    0.006096
20452    0.004871
20475    0.005867
20559    0.006948
20563    0.014735
20648    0.005361
20715    0.009154
20760    0.005940
20768    0.003210
20807    0.005867
20841    0.003597
20844    0.002848
20868    0.003008
20927    0.006609
20964    0.004169
20969    0.006266
20993    0.009785
21058    0.003996
21141    0.007147
21150    0.001556
21174    0.010150
21243    0.003093
21253    0.014999
21254    0.016984
21266    0.003689
21272    0.009589
21341    0.056056
