136
103    0.026672
333    0.010124
666    0.017290
815    0.040454
1262    0.016598
1283    0.010801
1471    0.024800
1614    0.016884
1741    0.015162
1746    0.024815
1873    0.021403
1919    0.014192
1922    0.023746
2205    0.034103
2277    0.008492
2278    0.016414
2281    0.031466
2345    0.019131
2819    0.012829
2882    0.029412
3090    0.017186
3574    0.016414
3607    0.023434
3654    0.021193
3850    0.014842
4380    0.046561
4456    0.016598
4666    0.035682
4777    0.016064
4995    0.027753
5074    0.013443
5567    0.011376
5628    0.011568
5629    0.028434
5769    0.011414
5898    0.019131
6628    0.012498
6715    0.021848
6808    0.020070
7770    0.020421
8116    0.008774
8446    0.010975
8596    0.010733
9301    0.018988
9319    0.021621
9364    0.013552
9501    0.036447
9897    0.025199
9939    0.027144
9961    0.022855
10334    0.011767
10413    0.020421
10578    0.017726
10837    0.006366
10892    0.009045
10897    0.011807
11014    0.029684
11103    0.004589
11112    0.011227
11118    0.016787
11131    0.036447
11154    0.020070
11355    0.015724
11683    0.015241
11750    0.010836
11882    0.022587
12048    0.015575
12230    0.012544
12263    0.025199
12277    0.021403
12283    0.007966
12684    0.008515
12889    0.009277
12900    0.017290
12927    0.013663
12983    0.011767
12987    0.011613
13135    0.040454
13357    0.011329
13434    0.003673
13568    0.014842
14063    0.012591
14085    0.026090
15140    0.011082
15603    0.022587
15684    0.019427
15792    0.014316
15822    0.012015
15906    0.013951
16094    0.015124
16227    0.034103
16585    0.002352
16592    0.008702
16734    0.008114
16941    0.007562
16959    0.012186
17292    0.012732
17447    0.019740
17484    0.006744
17720    0.036447
17846    0.018199
17931    0.018580
17932    0.026090
18167    0.012450
18264    0.040454
18565    0.023746
18870    0.034103
18941    0.024077
18951    0.019581
19125    0.029823
19127    0.042266
19173    0.019277
19271    0.059926
19276    0.028434
19277    0.018199
19278    0.007257
19349    0.017186
19366    0.005622
19437    0.037698
19453    0.040823
19844    0.003784
20260    0.010317
20282    0.008847
20465    0.020243
20713    0.010940
20745    0.017841
20762    0.059708
20848    0.010501
20894    0.011154
20901    0.012544
20986    0.046868
21129    0.009121
21191    0.018199
21247    0.005865
21253    0.053373
21341    0.023746
