160
103    0.011039
227    0.019397
1346    0.016081
1440    0.014058
1446    0.019397
1699    0.003976
1781    0.018919
2008    0.015490
2011    0.033486
2121    0.025785
2192    0.020859
2344    0.016175
2710    0.012401
2744    0.017938
3039    0.011083
3077    0.037738
3089    0.007993
3172    0.030169
3191    0.017897
3404    0.026853
3407    0.033486
3514    0.026853
3574    0.013587
3675    0.042173
3743    0.010015
3877    0.022973
3980    0.023536
4195    0.009026
4276    0.019930
4450    0.009084
4593    0.026853
4653    0.021596
4910    0.021596
5043    0.004927
5074    0.011128
5209    0.016474
5352    0.012229
5728    0.025785
5819    0.018919
5823    0.025785
5988    0.013587
6050    0.022808
6114    0.023536
6116    0.028229
6319    0.015957
6365    0.011039
7199    0.010346
7241    0.015957
7318    0.026853
7377    0.009385
7379    0.070169
7380    0.038106
7466    0.011799
7506    0.030169
7595    0.086933
7619    0.010500
7631    0.013297
7753    0.027429
7754    0.014312
7756    0.024913
8078    0.006735
8107    0.022971
8189    0.018483
8594    0.012892
8596    0.008884
9016    0.011956
9518    0.014250
9523    0.013739
9749    0.017055
10334    0.019480
10336    0.020859
10337    0.023536
10411    0.013368
10898    0.017374
10988    0.024913
11084    0.033486
11118    0.013896
11129    0.020859
11151    0.026853
11445    0.013587
11468    0.011747
11475    0.021213
11503    0.007811
11581    0.013513
11683    0.006308
11782    0.008305
11973    0.017374
12005    0.020204
12047    0.020859
12122    0.016811
12284    0.033486
12499    0.033486
12898    0.015064
12900    0.014312
12907    0.013439
12951    0.018280
12999    0.005512
13177    0.018280
13322    0.028229
13357    0.009377
13434    0.009122
13482    0.012828
13530    0.013587
13580    0.008159
13872    0.023536
13886    0.008355
13897    0.015717
13938    0.026853
14135    0.019152
14160    0.032162
14320    0.011357
14331    0.034748
14425    0.023636
14538    0.013662
14607    0.034070
14742    0.010254
14830    0.025785
15038    0.017212
15797    0.024913
15912    0.008639
16371    0.013976
16459    0.018280
16724    0.011647
16729    0.010915
16734    0.013433
16907    0.009324
16949    0.017716
17144    0.007550
17204    0.033486
17345    0.015064
18182    0.005166
18584    0.022013
18640    0.026853
18693    0.026853
19125    0.012343
19173    0.015957
19195    0.018919
19271    0.012401
19366    0.004654
19426    0.006577
19552    0.022973
19554    0.033486
19690    0.024175
19772    0.011404
19817    0.013090
19844    0.009397
20090    0.005681
20260    0.005693
20768    0.007879
20848    0.008692
20865    0.026853
20868    0.007384
20994    0.028799
21115    0.015712
21122    0.010995
21133    0.018696
21253    0.014727
21254    0.020844
21259    0.029729
21266    0.009055
