357
147    0.003956
219    0.003735
227    0.015593
333    0.003368
428    0.006463
440    0.008010
453    0.006463
455    0.009017
534    0.007193
686    0.005491
1081    0.006365
1097    0.004509
1184    0.003983
1207    0.007900
1283    0.017967
1400    0.008526
1403    0.030480
1439    0.006735
1471    0.008251
1529    0.010363
1535    0.012126
1547    0.012126
1549    0.011346
1633    0.006317
1691    0.004284
1698    0.003651
1699    0.003196
1706    0.010013
1846    0.004701
1859    0.005617
1862    0.002743
1873    0.007121
1926    0.039404
1939    0.009717
1941    0.004317
2008    0.012451
2014    0.010688
2020    0.015593
2047    0.003823
2102    0.006736
2120    0.008536
2173    0.008023
2268    0.008526
2277    0.008475
2279    0.007269
2281    0.010469
2344    0.006501
2645    0.012126
2656    0.009717
2671    0.017360
2681    0.010364
2723    0.007520
2744    0.007210
2745    0.007994
2819    0.004268
2882    0.024463
2934    0.007900
2947    0.004848
3039    0.013364
3050    0.007470
3081    0.008847
3084    0.007269
3086    0.005752
3089    0.009638
3090    0.005718
3126    0.006621
3191    0.021579
3294    0.013459
3438    0.013459
3571    0.004961
3675    0.016950
3726    0.009402
3842    0.004368
3886    0.006138
3911    0.004961
4132    0.007900
4150    0.005823
4258    0.003735
4289    0.007121
4301    0.006014
4347    0.010364
4380    0.015491
4430    0.012126
4467    0.005402
4501    0.005130
4662    0.004763
4695    0.007796
4777    0.005344
4837    0.008127
4878    0.009460
4904    0.007604
5043    0.001980
5075    0.002342
5179    0.006855
5209    0.006621
5495    0.002582
5501    0.002671
5898    0.006365
5901    0.010364
5904    0.007051
6050    0.004583
6130    0.007514
6221    0.010364
6319    0.012827
6467    0.008384
6598    0.006944
6628    0.004158
6630    0.006365
6714    0.007347
6715    0.014537
6827    0.011300
7114    0.008127
7228    0.006515
7303    0.007051
7377    0.003772
7380    0.005105
7531    0.003494
7595    0.004368
7709    0.006138
7736    0.003956
7802    0.001784
7833    0.003451
7930    0.006983
7948    0.006181
7969    0.008010
8041    0.008127
8107    0.006155
8116    0.008757
8189    0.014858
8233    0.005156
8417    0.009017
8442    0.005105
8546    0.009460
8581    0.002984
8630    0.002312
8781    0.004143
8845    0.004742
8891    0.030039
8947    0.009233
9003    0.004938
9116    0.012126
9155    0.006226
9200    0.003663
9280    0.006181
9411    0.010220
9518    0.002864
9747    0.005461
9751    0.008127
9881    0.006515
9944    0.006096
9981    0.008847
10107    0.008251
10247    0.006014
10290    0.004661
10334    0.003915
10338    0.011546
10358    0.006855
10397    0.005522
10575    0.007698
10790    0.006413
10803    0.005373
10826    0.008384
10837    0.004236
10840    0.004583
10881    0.005788
10897    0.003928
11014    0.024689
11054    0.010364
11103    0.001527
11112    0.003735
11117    0.003338
11151    0.010793
11178    0.004893
11180    0.003018
11218    0.002879
11439    0.005491
11444    0.009526
11500    0.009717
11581    0.005431
11591    0.006567
11650    0.012126
11782    0.013352
11803    0.008251
11841    0.004442
11950    0.010364
11963    0.009717
11973    0.006983
12085    0.004681
12086    0.006794
12110    0.003640
12122    0.006757
12161    0.008010
12166    0.010016
12167    0.006794
12230    0.004173
12245    0.003548
12277    0.007121
12279    0.008010
12283    0.007951
12287    0.012126
12605    0.005182
12661    0.006855
12668    0.005788
12748    0.013459
12820    0.006567
12889    0.006173
12904    0.003526
12907    0.005402
12911    0.004334
12946    0.008251
12947    0.005974
12949    0.005897
12983    0.003915
12999    0.002216
13008    0.005860
13014    0.002959
13302    0.009031
13319    0.004385
13353    0.010416
13355    0.009392
13357    0.013191
13414    0.010793
13434    0.002444
13547    0.007698
13555    0.010364
13568    0.004938
13647    0.003571
13689    0.012126
13743    0.008127
13760    0.007698
13775    0.006918
13800    0.006677
13891    0.009233
13893    0.008680
13897    0.006317
14063    0.004189
14065    0.001590
14124    0.005402
14303    0.003875
14408    0.007900
14425    0.006333
14498    0.003582
14536    0.005823
14537    0.003785
14742    0.001374
15033    0.006226
15072    0.006735
15207    0.013836
15209    0.007121
15389    0.011346
15488    0.005182
15601    0.004915
15610    0.011346
15684    0.012927
15686    0.004784
15712    0.012902
15807    0.007121
15831    0.008526
15867    0.009460
16029    0.005316
16094    0.005032
16116    0.003997
16117    0.014416
16227    0.011346
16437    0.005617
16578    0.006271
16585    0.012518
16592    0.005790
16612    0.026269
16619    0.012126
16689    0.013459
16695    0.008526
16707    0.014545
16729    0.002193
16734    0.002700
16766    0.005234
16862    0.009443
16880    0.004622
16907    0.007495
16941    0.007547
16959    0.008108
16966    0.012126
17027    0.004472
17037    0.004252
17051    0.003942
17067    0.005553
17108    0.005182
17125    0.008127
17292    0.004236
17320    0.007514
17471    0.006096
17484    0.002244
17669    0.015971
17830    0.004722
17885    0.014537
17916    0.004915
17944    0.008526
18179    0.004805
18182    0.004152
18186    0.005056
18317    0.005402
18340    0.005491
18587    0.004128
18726    0.005130
18870    0.022692
18871    0.012126
18896    0.016502
18904    0.006567
18925    0.009233
18940    0.006515
18987    0.005032
19070    0.011346
19128    0.004915
19243    0.011346
19327    0.025406
19426    0.007930
19460    0.006243
19524    0.009717
19528    0.009031
19552    0.009233
19553    0.010013
19569    0.007269
19615    0.009233
19690    0.009717
19736    0.005431
19844    0.003777
20049    0.010793
20090    0.004567
20260    0.004576
20275    0.006597
20282    0.005886
20382    0.006918
20440    0.008127
20448    0.010013
20695    0.005860
20760    0.005860
20771    0.005752
20776    0.012451
20827    0.013836
20841    0.003548
20865    0.010793
20894    0.003711
20902    0.004437
20946    0.003628
21028    0.008526
21048    0.008680
21065    0.005823
21115    0.003158
21129    0.003035
21150    0.001535
21162    0.013459
21234    0.008847
21253    0.005919
21254    0.037700
21258    0.019544
21272    0.009460
21341    0.007900
