322
102    0.010356
212    0.013831
415    0.009178
460    0.005978
702    0.005482
1099    0.005191
1165    0.007645
1183    0.011345
1184    0.004361
1346    0.007076
1382    0.006916
1451    0.003507
1621    0.020216
1623    0.014734
1699    0.001749
1741    0.002761
1780    0.008324
1781    0.008324
1862    0.012011
1919    0.015507
2051    0.008897
2059    0.013274
2082    0.013274
2091    0.012421
2283    0.005913
2344    0.007117
2365    0.012421
2380    0.006673
2432    0.010177
2569    0.007373
2671    0.009502
2710    0.005456
2744    0.003946
2748    0.011815
2819    0.004672
2880    0.014734
3039    0.009753
3050    0.020445
3053    0.012444
3378    0.014734
3563    0.004637
3642    0.012421
3665    0.031498
3743    0.004407
3789    0.018342
3790    0.005820
3791    0.009886
3792    0.009334
3853    0.011345
3915    0.008133
3942    0.006336
3975    0.010356
3976    0.010356
4176    0.007795
4257    0.014734
4282    0.008897
4286    0.010108
4411    0.013274
4413    0.008427
4456    0.006045
4467    0.005913
4468    0.007573
4492    0.005308
4495    0.009178
4544    0.007795
4545    0.008043
4690    0.007373
4871    0.006149
4906    0.013274
4907    0.009502
5028    0.007189
5043    0.006504
5047    0.006865
5075    0.002564
5132    0.008897
5202    0.009489
5204    0.011345
5366    0.012421
5442    0.013274
5501    0.002924
5532    0.003687
5563    0.005913
5778    0.010637
5779    0.009886
5977    0.003984
6073    0.009033
6085    0.005820
6262    0.005913
6323    0.006815
6365    0.004857
6403    0.007189
6459    0.014734
6687    0.011345
6840    0.009686
7160    0.014734
7168    0.008796
7180    0.006968
7181    0.009832
7192    0.006297
7199    0.004552
7292    0.009886
7343    0.006916
7377    0.008259
7523    0.022690
7753    0.004023
7755    0.009334
7811    0.014734
7896    0.023402
7924    0.011345
7926    0.008649
7989    0.005147
8019    0.003548
8066    0.011345
8078    0.005926
8233    0.022577
8259    0.014734
8275    0.011178
8323    0.015923
8417    0.004936
8421    0.009886
8535    0.008535
8540    0.058935
8581    0.009801
8596    0.015637
8630    0.007594
8711    0.010205
8741    0.009886
8822    0.009033
8847    0.029467
8970    0.008324
9003    0.005406
9118    0.004655
9200    0.004010
9276    0.018356
9364    0.004936
9368    0.009886
9517    0.003437
9631    0.016849
9739    0.007249
9769    0.007795
9803    0.008226
9901    0.009033
9927    0.013274
10130    0.008043
10233    0.010962
10328    0.010637
10333    0.006415
10334    0.008571
10437    0.013274
10589    0.005482
10837    0.002319
10840    0.005018
10892    0.006589
10897    0.004300
10975    0.056675
11103    0.001671
11184    0.006815
11213    0.009380
11221    0.012421
11328    0.010637
11355    0.002863
11399    0.006916
11444    0.005214
11528    0.004877
11697    0.009334
11729    0.009676
11750    0.011839
11802    0.021274
11841    0.004863
11958    0.005946
11984    0.006011
12005    0.005926
12060    0.011345
12283    0.011605
12326    0.007132
12391    0.013274
12392    0.014734
12413    0.007437
12522    0.004838
12548    0.004763
12551    0.003837
12605    0.017018
12684    0.003101
12880    0.004877
12889    0.003379
12920    0.007573
12927    0.004976
12958    0.019772
12983    0.008571
12999    0.002425
13219    0.013168
13357    0.002063
13426    0.011815
13434    0.004014
13451    0.006540
13466    0.003447
13482    0.022577
13529    0.006222
13565    0.008769
13580    0.003590
13774    0.010637
13886    0.007353
13939    0.004330
14030    0.044201
14065    0.003481
14217    0.008897
14412    0.005882
14439    0.003548
14607    0.004997
14742    0.001504
14769    0.006865
14793    0.010637
14857    0.006079
14943    0.008649
14944    0.011956
15058    0.012421
15063    0.008427
15142    0.005760
15410    0.006011
15466    0.005191
15488    0.005673
15493    0.008769
15503    0.005882
15550    0.007504
15600    0.006673
15601    0.010762
15603    0.008226
15818    0.004486
15822    0.004376
15834    0.013274
15912    0.003801
15952    0.009792
16014    0.009334
16113    0.009334
16273    0.009334
16372    0.014734
16527    0.014808
16529    0.025194
16532    0.006720
16578    0.006865
16585    0.000856
16592    0.006339
16713    0.007021
16729    0.002401
16734    0.035464
16845    0.010637
16862    0.015507
16863    0.010356
16873    0.019772
16900    0.011815
16918    0.011815
16919    0.010637
16929    0.008133
16941    0.002754
16944    0.003972
17189    0.012421
17230    0.013274
17395    0.007875
17471    0.006673
17514    0.011815
17555    0.010637
17695    0.007957
17782    0.005169
17863    0.009033
17951    0.008324
18037    0.006865
18142    0.008324
18282    0.006853
18332    0.010962
18391    0.009334
18485    0.025281
18499    0.054405
18560    0.008535
18603    0.013274
18624    0.010637
18713    0.006149
19046    0.005673
19065    0.006865
19177    0.004228
19192    0.010108
19195    0.016648
19223    0.005332
19225    0.004956
19226    0.003497
19229    0.009334
19241    0.014734
19278    0.002643
19366    0.002048
19370    0.004690
19460    0.003417
19485    0.012023
19568    0.026307
19577    0.026879
19769    0.034595
19773    0.003698
19777    0.009886
19844    0.002756
20058    0.010108
20087    0.012421
20249    0.029467
20260    0.003757
20432    0.013168
20440    0.008897
20582    0.005535
20713    0.003984
20717    0.003755
20791    0.008427
20803    0.011697
20848    0.003825
20868    0.006498
20884    0.014734
20894    0.008125
20915    0.007795
20927    0.003569
20956    0.011701
21035    0.012421
21057    0.004997
21115    0.006913
21129    0.006644
21132    0.006540
21150    0.003360
21266    0.003984
