236
455    0.007192
1081    0.010152
1283    0.011464
1314    0.011139
1451    0.005110
1633    0.010076
1681    0.008808
1699    0.010196
1873    0.011358
1926    0.020951
1946    0.010837
2018    0.013161
2092    0.020783
2093    0.006421
2173    0.006398
2277    0.009013
2279    0.011594
2344    0.005185
2366    0.010076
2609    0.008183
2670    0.015972
2706    0.005977
2723    0.005997
2744    0.011500
2745    0.006376
2806    0.015128
3029    0.009468
3039    0.007105
3077    0.016129
3086    0.018351
3089    0.010249
3369    0.014728
3393    0.010003
3694    0.012777
3743    0.006421
3794    0.014112
3850    0.007876
3942    0.009232
4118    0.011246
4168    0.020153
4195    0.005787
4199    0.017215
4265    0.011139
4327    0.014728
4380    0.016473
4463    0.009175
4501    0.008183
4522    0.009120
4593    0.017215
4596    0.018098
4653    0.013845
4678    0.008663
4878    0.015089
4980    0.012129
5209    0.010562
5256    0.014112
5495    0.004118
5556    0.008065
5567    0.006037
5820    0.019315
5823    0.033062
6050    0.014622
6305    0.011850
6319    0.030690
6365    0.007077
6372    0.010220
6460    0.010934
6596    0.005405
6630    0.010152
6949    0.012602
7048    0.008026
7199    0.006633
7234    0.014112
7380    0.008143
7438    0.011719
7466    0.007564
7476    0.023972
7595    0.013933
7598    0.012436
7631    0.008525
7754    0.009175
7802    0.002846
8041    0.012963
8107    0.014727
8181    0.021064
8189    0.011850
8275    0.008143
8437    0.021468
8446    0.011648
8546    0.015089
8596    0.005696
8783    0.007077
8786    0.009593
8964    0.008480
9060    0.013373
9106    0.010837
9155    0.009930
9411    0.008151
9460    0.011594
9709    0.064403
9749    0.010934
9980    0.009012
10291    0.012963
10333    0.009347
10334    0.031222
10336    0.013373
10338    0.018417
10699    0.014728
10762    0.036196
10825    0.017215
10892    0.004800
10897    0.006266
11118    0.008908
11178    0.007804
11399    0.010076
11413    0.012777
11475    0.013600
11581    0.008663
11757    0.007192
11947    0.010651
12005    0.008635
12085    0.007467
12122    0.005389
12167    0.010837
12416    0.009289
12641    0.042337
12648    0.012278
12684    0.004519
12711    0.014728
12818    0.009791
12863    0.018098
12889    0.004923
12999    0.003534
13096    0.010475
13322    0.018098
13357    0.009018
13434    0.003899
13482    0.008224
13513    0.013373
13555    0.033062
13897    0.010076
13906    0.010562
13921    0.010562
14063    0.013363
14130    0.009120
14320    0.007281
14354    0.013373
14365    0.012963
14425    0.005051
14430    0.008392
14498    0.005714
14742    0.010957
14859    0.011594
14920    0.011139
15038    0.022069
15140    0.005881
15204    0.007134
15389    0.018098
15604    0.009658
15686    0.015262
15712    0.013720
15797    0.015972
15844    0.012963
16029    0.008480
16094    0.016052
16371    0.008960
16501    0.006309
16585    0.006240
16612    0.010475
16620    0.021468
16695    0.013600
16729    0.003499
16732    0.005341
16766    0.008349
16879    0.021468
16880    0.007372
16941    0.012038
16959    0.006467
17027    0.014268
17108    0.024796
17144    0.009681
17292    0.006757
17366    0.008183
17484    0.003579
17529    0.008224
17557    0.019342
17830    0.007531
17916    0.007840
17946    0.019342
18109    0.017215
18282    0.003328
18407    0.015499
18584    0.014112
18587    0.013169
18658    0.014405
18703    0.011139
18725    0.008663
18925    0.014728
19043    0.005938
19128    0.007840
19177    0.012319
19261    0.006421
19366    0.002984
19410    0.027801
19416    0.007311
19426    0.008432
19460    0.004979
19524    0.015499
19636    0.015972
19688    0.014405
19820    0.007251
19844    0.002008
20260    0.001825
20275    0.015785
20282    0.009389
20382    0.011035
20481    0.010152
20559    0.010934
20713    0.011611
20828    0.018098
20844    0.008964
20894    0.005919
20993    0.007699
21028    0.013600
21065    0.009289
21115    0.005037
21127    0.018098
21129    0.009681
21132    0.009530
21172    0.011719
21253    0.018883
21254    0.053453
21259    0.009530
21264    0.008858
21341    0.012602
21342    0.021468
