306
227    0.009428
333    0.004073
455    0.005452
686    0.006640
796    0.009087
1081    0.007697
1099    0.005735
1114    0.016276
1116    0.007087
1128    0.008445
1165    0.008445
1188    0.016432
1194    0.008007
1240    0.010323
1272    0.005944
1283    0.008691
1288    0.013721
1403    0.014744
1415    0.006793
1633    0.007639
1691    0.005181
1699    0.001933
1707    0.005999
1741    0.018300
1762    0.004173
1792    0.008790
1846    0.005685
1949    0.005452
1990    0.017770
2008    0.007529
2014    0.012926
2047    0.009246
2093    0.004868
2126    0.010921
2192    0.010138
2275    0.011166
2277    0.017082
2278    0.006604
2499    0.008790
2609    0.006204
2656    0.023500
2671    0.010497
2714    0.008290
2745    0.004834
2801    0.009087
2882    0.011833
2947    0.005863
3039    0.021548
3050    0.009034
3077    0.012228
3089    0.007770
3126    0.016015
3191    0.017397
3198    0.009978
3441    0.008366
3472    0.009554
3675    0.020498
3726    0.005685
3772    0.011166
3789    0.006754
3942    0.006999
4137    0.003966
4262    0.008007
4374    0.014664
4380    0.024977
4390    0.006497
4649    0.012533
4678    0.006568
4824    0.013052
4923    0.014664
5043    0.002395
5110    0.009428
5137    0.009687
5268    0.009195
5274    0.009978
5414    0.029055
5574    0.012109
5602    0.007583
5819    0.009195
5820    0.021965
5848    0.012109
5866    0.008719
5869    0.008984
5877    0.009828
5915    0.009195
5920    0.009687
5928    0.011166
5977    0.004401
6043    0.009687
6050    0.005543
6073    0.009978
6193    0.010138
6262    0.006532
6315    0.024217
6319    0.007756
6489    0.009554
6596    0.004098
6598    0.004199
6628    0.005028
6630    0.007697
6827    0.006833
6953    0.012109
6984    0.004851
7000    0.008075
7199    0.005028
7304    0.010311
7364    0.008144
7377    0.009124
7379    0.008526
7514    0.008526
7524    0.004654
7595    0.005282
7598    0.009428
7636    0.006715
7750    0.008790
7757    0.009087
7866    0.012109
8025    0.004458
8078    0.003273
8107    0.003722
8116    0.003530
8189    0.053903
8190    0.013721
8375    0.009828
8407    0.007042
8417    0.010905
8446    0.004415
8546    0.011440
8594    0.006266
8596    0.004318
8712    0.008445
8783    0.005365
8845    0.005735
8891    0.024217
8939    0.014664
9016    0.011622
9280    0.007475
9398    0.005103
9411    0.003090
9518    0.006926
9523    0.013355
9747    0.006604
9750    0.011750
9872    0.010311
10095    0.007225
10129    0.011750
10130    0.008885
10140    0.005161
10147    0.013721
10228    0.012109
10290    0.005637
10334    0.004734
10336    0.010138
10338    0.013963
10397    0.006678
10457    0.010497
10837    0.002561
10846    0.005452
11014    0.011943
11087    0.005685
11103    0.005539
11129    0.010138
11130    0.008007
11178    0.005917
11180    0.003649
11184    0.007529
11201    0.003852
11207    0.005837
11213    0.010362
11320    0.009828
11355    0.003163
11400    0.010497
11416    0.009087
11440    0.008216
11528    0.005387
11581    0.006568
11683    0.003066
11782    0.008074
12122    0.004085
12161    0.019373
12167    0.008216
12168    0.016276
12245    0.004291
12273    0.010245
12413    0.008216
12414    0.008699
12415    0.005010
12591    0.004834
12612    0.011750
12628    0.013052
12643    0.013052
12668    0.006999
12684    0.006851
12765    0.005084
12817    0.005543
12889    0.014929
12904    0.004264
12999    0.002679
13155    0.010921
13311    0.007132
13357    0.018231
13434    0.004434
13436    0.012533
13530    0.006604
13554    0.009687
13555    0.012533
13568    0.005971
13580    0.003966
13754    0.010921
13921    0.008007
14212    0.010311
14214    0.012533
14303    0.004686
14340    0.006532
14425    0.007659
14498    0.004332
14537    0.004577
14538    0.006640
14629    0.009428
14716    0.008445
14742    0.003323
15033    0.007529
15356    0.011750
15468    0.006429
15601    0.005944
15667    0.011750
15712    0.015602
15716    0.008611
15912    0.004199
16061    0.009687
16119    0.008144
16575    0.007132
16585    0.014192
16592    0.014004
16612    0.023826
16707    0.017590
16724    0.005661
16729    0.002653
16734    0.003265
16766    0.006330
16880    0.005589
16882    0.009309
17061    0.010497
17062    0.014664
17109    0.016276
17129    0.004956
17202    0.013052
17281    0.004577
17292    0.010245
17304    0.010138
17407    0.005241
17471    0.007372
17484    0.002713
17552    0.009687
17669    0.007725
17804    0.011440
17814    0.005302
17836    0.009087
17885    0.008790
17890    0.013721
17944    0.010311
18282    0.002523
18332    0.012109
18361    0.013721
18438    0.009195
18580    0.007225
18587    0.004992
18724    0.014356
18925    0.011166
19004    0.010497
19043    0.004502
19093    0.013052
19127    0.004251
19232    0.005103
19327    0.015362
19366    0.002262
19402    0.011750
19426    0.006393
19447    0.012533
19460    0.003775
19485    0.006640
19582    0.020621
19844    0.004567
20118    0.010921
20275    0.007978
20557    0.010774
20717    0.004148
20768    0.003829
20776    0.007529
20787    0.014664
20841    0.004291
20844    0.003398
20868    0.007178
20969    0.007475
21028    0.010311
21057    0.005520
21065    0.007042
21083    0.006793
21091    0.010921
21115    0.007637
21150    0.001856
21155    0.006568
21253    0.003579
21254    0.030394
21258    0.039391
21272    0.011440
