308
457    0.006227
552    0.005793
1222    0.007963
1247    0.008203
1283    0.040978
1304    0.007049
1309    0.010079
1436    0.011058
1439    0.007680
1451    0.003653
1529    0.005909
1582    0.011818
1699    0.001822
1741    0.020133
1762    0.007871
1781    0.008671
1846    0.010722
1862    0.006256
1873    0.008120
1940    0.005249
1949    0.005142
2008    0.007099
2084    0.005361
2102    0.011523
2117    0.008569
2206    0.008778
2221    0.010529
2277    0.003222
2278    0.006227
2279    0.008289
2321    0.007747
2344    0.003707
2445    0.012938
2457    0.009009
2609    0.005850
2688    0.005361
2706    0.004273
3039    0.010160
3043    0.013809
3129    0.018818
3282    0.007429
3510    0.009723
3567    0.003611
3583    0.003366
3850    0.005631
3881    0.006560
3915    0.008472
3943    0.006813
3983    0.020596
4303    0.011080
4324    0.010676
4380    0.008832
4383    0.012811
4463    0.006560
4467    0.006160
4468    0.007889
4488    0.007489
4501    0.005850
4502    0.011818
4536    0.025623
4538    0.012938
4662    0.005431
4673    0.008203
4777    0.006094
4877    0.027027
4879    0.012938
4899    0.004542
5043    0.002258
5216    0.015348
5256    0.010089
5537    0.006560
5567    0.008632
5584    0.007889
5601    0.011080
5623    0.008203
5628    0.017555
5629    0.010787
5778    0.011080
5819    0.008671
5840    0.008778
5844    0.009560
5866    0.004111
5899    0.006725
5988    0.006227
6036    0.007489
6050    0.005227
6102    0.010298
6275    0.009409
6306    0.009134
6365    0.005060
6429    0.006193
6828    0.011314
6881    0.007489
6943    0.010787
6967    0.012938
6994    0.007963
7000    0.007614
7168    0.003054
7380    0.005822
7406    0.016080
7408    0.008120
7463    0.008778
7595    0.004981
7608    0.012307
7755    0.009723
7860    0.008671
7939    0.010089
7965    0.014098
7996    0.006520
8025    0.004204
8040    0.003888
8078    0.003087
8189    0.008472
8260    0.008203
8262    0.010089
8438    0.010298
8442    0.011643
8534    0.009884
8596    0.004072
8781    0.004724
8845    0.005408
8881    0.008378
9016    0.016439
9060    0.009560
9126    0.006951
9155    0.007099
9209    0.003500
9533    0.004777
9693    0.015348
9747    0.006227
9765    0.009898
9980    0.006443
10052    0.010529
10054    0.015348
10169    0.010089
10215    0.005227
10331    0.008289
10334    0.008928
10338    0.008778
10341    0.008120
10354    0.005480
10537    0.012307
10605    0.004607
10786    0.008569
10881    0.006600
10892    0.003432
10897    0.004480
11007    0.007747
11051    0.007551
11082    0.019445
11103    0.001741
11178    0.005579
11213    0.004886
11289    0.005793
11355    0.002983
11434    0.004218
11468    0.010768
11473    0.008671
11493    0.022837
11581    0.006193
11733    0.009134
11750    0.004111
11786    0.007551
11832    0.015348
11840    0.012307
11841    0.002533
11857    0.007680
12005    0.006173
12283    0.003022
12569    0.008472
12889    0.007039
12927    0.005184
12928    0.005605
12941    0.008891
12942    0.009560
12952    0.007370
12983    0.004464
13125    0.007049
13311    0.006725
13355    0.014280
13357    0.015043
13434    0.001394
13481    0.009134
13495    0.008671
13666    0.022837
13760    0.008778
13821    0.009560
13886    0.003829
13946    0.010089
14063    0.009554
14064    0.022161
14065    0.001813
14085    0.009898
14099    0.007429
14124    0.006160
14303    0.004419
14322    0.007000
14406    0.004656
14496    0.015348
14498    0.036764
14515    0.036538
14868    0.008289
15032    0.006813
15037    0.008778
15070    0.008120
15207    0.007889
15209    0.008120
15210    0.005455
15253    0.015348
15623    0.005879
15684    0.007370
15685    0.008378
15686    0.016366
15712    0.004904
15928    0.010722
15944    0.014302
16029    0.006062
16030    0.011262
16094    0.005738
16148    0.007429
16151    0.024615
16269    0.007313
16272    0.018269
16323    0.010298
16440    0.009267
16577    0.013828
16578    0.014302
16585    0.009814
16732    0.003818
16855    0.011080
16941    0.020081
17025    0.019217
17028    0.012307
17032    0.008472
17037    0.009697
17059    0.007313
17103    0.005605
17108    0.005909
17116    0.011818
17144    0.003460
17292    0.024153
17339    0.012307
17424    0.010529
17484    0.010234
17669    0.003642
17814    0.005000
18005    0.003911
18135    0.021575
18182    0.002368
18186    0.005765
18319    0.005142
18329    0.008778
18367    0.013828
18391    0.009723
18411    0.006406
18493    0.008120
18494    0.015348
18580    0.006813
18649    0.007151
18722    0.013828
18724    0.006769
18726    0.005850
18774    0.009560
18878    0.010298
18882    0.003310
19125    0.011314
19128    0.005605
19261    0.004590
19271    0.017051
19327    0.018107
19329    0.009009
19349    0.006520
19366    0.002133
19370    0.014657
19426    0.003014
19460    0.003560
19567    0.009009
19844    0.002871
19869    0.012307
19989    0.013828
20090    0.002604
20260    0.001305
20274    0.010676
20275    0.003762
20281    0.005554
20445    0.015348
20540    0.006333
20557    0.005080
20559    0.015634
20560    0.026013
20648    0.012061
20713    0.004150
20743    0.011818
20762    0.022652
20768    0.003611
20844    0.006409
20894    0.004232
20910    0.006813
20927    0.007435
20993    0.005504
21120    0.019692
21129    0.013842
21150    0.007000
21253    0.026999
21254    0.014330
21259    0.006813
21266    0.004150
21341    0.009009
