90
103    0.022619
455    0.022986
1207    0.040276
1281    0.051047
1423    0.028637
1439    0.034333
1692    0.032696
1926    0.133921
1940    0.023464
2048    0.027538
2344    0.016571
2744    0.018378
2745    0.020378
2882    0.049886
2968    0.032205
3039    0.022710
3081    0.045104
3086    0.029325
3089    0.016379
3090    0.029149
4289    0.036301
4380    0.026324
5415    0.024829
5501    0.013618
5866    0.018378
6050    0.023367
6221    0.052834
6262    0.027538
6598    0.017701
6719    0.023080
6827    0.028805
7114    0.041431
7199    0.021198
7595    0.022266
7802    0.009096
7930    0.035600
8107    0.031379
8189    0.037873
8596    0.018204
9944    0.031077
10338    0.019621
10612    0.035600
10790    0.032696
11014    0.050347
11051    0.033756
11054    0.052834
11399    0.032205
11531    0.023174
11581    0.027687
11963    0.049535
11975    0.043466
12122    0.034446
12668    0.029505
12987    0.009849
13355    0.015960
13357    0.009607
13568    0.025173
13743    0.041431
14233    0.037455
14874    0.024717
15081    0.024497
15207    0.035268
15488    0.026416
15867    0.048226
16114    0.057842
16707    0.024717
16729    0.011182
16734    0.027525
16862    0.048141
17037    0.021677
17320    0.038309
17661    0.036671
17669    0.016284
17944    0.043466
18340    0.027994
18587    0.021044
18726    0.026155
18940    0.033212
19127    0.017922
19173    0.032696
19464    0.019167
19844    0.012836
20260    0.011665
20282    0.015004
20865    0.055022
20927    0.016620
21065    0.029688
21118    0.026550
21253    0.015087
21254    0.021355
