51
1479    0.058879
1699    0.014327
2048    0.048429
2156    0.051261
2291    0.079321
2684    0.040588
3593    0.034740
3647    0.034045
3713    0.096857
3752    0.092915
3790    0.047662
3887    0.082781
4240    0.024724
5152    0.049506
5415    0.043666
5898    0.057063
7559    0.067370
7619    0.037836
7720    0.065870
7924    0.092915
8223    0.053215
8613    0.049787
8639    0.092912
10338    0.034505
10605    0.036218
10837    0.018989
11183    0.046456
12005    0.024268
12095    0.048169
12118    0.054653
12421    0.146877
12519    0.028804
12652    0.155641
13050    0.030472
13394    0.082781
13939    0.035463
14316    0.039465
14742    0.024634
15451    0.069898
15928    0.042149
16729    0.019665
17029    0.053215
17105    0.069955
17821    0.042516
18882    0.026027
19266    0.034978
19411    0.060379
19524    0.087114
19844    0.011287
20452    0.043081
21243    0.027360
