44
1204    0.049465
1287    0.114535
1680    0.060315
1741    0.026766
1945    0.082736
2003    0.057017
2114    0.056714
2344    0.034495
3096    0.066068
3485    0.122838
3501    0.074106
3615    0.065140
3944    0.045294
5096    0.074846
5946    0.109981
6313    0.132135
6681    0.077135
6984    0.042568
7234    0.093890
8068    0.057017
8078    0.028725
8275    0.054178
9946    0.080694
10074    0.040981
10215    0.048641
11160    0.060677
12071    0.051922
12889    0.032753
13352    0.043178
14480    0.115903
14481    0.070860
14815    0.043024
15400    0.061800
15764    0.066548
16529    0.081411
16729    0.023277
16921    0.057017
18055    0.065140
18133    0.062585
19485    0.058273
19685    0.053144
19773    0.035852
20714    0.047085
20868    0.031494
