252
200    0.022722
486    0.014655
920    0.009957
990    0.014655
1364    0.009653
1496    0.012144
1529    0.008748
1699    0.002698
1741    0.004258
1762    0.017479
1808    0.014655
1846    0.007937
1969    0.011904
2102    0.005687
2156    0.009653
2332    0.013338
2396    0.006125
2455    0.019156
2508    0.009653
2652    0.014154
2723    0.006348
2806    0.016012
2867    0.009271
2920    0.010021
3013    0.010912
3029    0.010021
3110    0.013163
3191    0.012144
3289    0.015247
3469    0.014655
3537    0.022722
3593    0.006542
3633    0.022722
3654    0.035711
3712    0.018221
3713    0.054718
3715    0.033263
3717    0.016905
3752    0.052491
3790    0.008975
3857    0.019156
3911    0.008376
4075    0.011273
4137    0.011073
4205    0.045445
4240    0.009312
4245    0.007771
4258    0.006306
4450    0.012329
5043    0.003344
5152    0.018645
5448    0.022722
5480    0.010511
5481    0.020472
5518    0.014395
5543    0.020472
5578    0.008619
5898    0.010746
5977    0.006145
6454    0.015247
6512    0.022722
6591    0.045445
6758    0.004955
6818    0.022722
6864    0.011470
7117    0.010154
7137    0.022722
7138    0.019156
7176    0.011573
7474    0.017497
7524    0.012995
7537    0.013721
7720    0.012404
7736    0.006678
7802    0.003012
7856    0.013930
7909    0.011179
7975    0.014937
8078    0.013710
8220    0.010828
8446    0.006164
8613    0.009375
8624    0.009375
8639    0.026245
8640    0.045481
8685    0.022722
8777    0.009771
8805    0.009653
8824    0.015971
8944    0.016905
8984    0.008929
9067    0.018221
9126    0.010292
9218    0.015589
9320    0.009484
9361    0.016012
9442    0.010363
9476    0.018221
9567    0.017497
9963    0.011680
9996    0.019156
10334    0.006609
10338    0.006498
10525    0.010154
10538    0.013930
10578    0.019914
10605    0.006820
10611    0.009596
10738    0.014154
11018    0.011904
11180    0.005095
11183    0.008748
11213    0.014466
11289    0.008577
11334    0.006869
11399    0.010665
11518    0.018221
11531    0.007675
11554    0.022722
11569    0.006454
11581    0.018338
11698    0.045445
11735    0.013524
11782    0.005636
11830    0.027047
11841    0.003750
11851    0.020472
11858    0.012404
11938    0.012404
12008    0.011680
12095    0.009071
12109    0.010154
12120    0.016405
12421    0.018439
12424    0.016905
12425    0.013930
12519    0.005424
12652    0.058618
12660    0.008186
12817    0.015477
12855    0.005255
12864    0.007072
12904    0.005954
12974    0.008619
12987    0.003262
13014    0.004997
13060    0.013163
13195    0.010912
13198    0.011273
13216    0.018221
13351    0.005331
13357    0.003182
13394    0.015589
13434    0.004127
13778    0.015589
13926    0.012272
13946    0.014937
14335    0.013338
14340    0.009120
14537    0.006390
14640    0.015971
14664    0.018221
14742    0.004639
14865    0.008792
14878    0.019156
14879    0.022722
14880    0.022722
15063    0.006498
15175    0.020472
15194    0.022722
15220    0.014395
15274    0.011904
15325    0.012542
15400    0.009832
15410    0.009271
15553    0.016905
15631    0.022722
15818    0.006919
15830    0.011370
15897    0.016405
15928    0.007937
16094    0.008495
16128    0.014655
16221    0.022722
16327    0.018221
16353    0.010222
16362    0.021021
16524    0.022722
16578    0.010587
16585    0.006604
16890    0.010436
16952    0.009596
17025    0.018967
17027    0.015102
17101    0.008376
17144    0.005123
17345    0.010222
17407    0.007317
17427    0.013721
17445    0.010436
17562    0.018221
17654    0.024288
17749    0.022722
17786    0.022722
17821    0.008006
17829    0.011370
17870    0.007098
17941    0.017497
18082    0.019423
18138    0.009429
18167    0.006993
18168    0.022722
18203    0.007551
18211    0.018221
18256    0.011273
18291    0.022722
18328    0.014655
18418    0.014937
18829    0.022722
18882    0.004901
18884    0.022722
18998    0.024543
19265    0.012838
19266    0.006587
19278    0.004076
19327    0.005362
19356    0.020472
19385    0.020472
19410    0.004204
19437    0.021174
19635    0.015247
19762    0.022722
19773    0.005704
19820    0.007675
19844    0.002125
20131    0.012022
20260    0.001932
20452    0.008113
20460    0.008077
20482    0.014937
20627    0.009120
20778    0.010665
20844    0.004744
20848    0.005898
20894    0.006265
20964    0.006944
20978    0.010436
20983    0.014197
21001    0.023579
21026    0.029309
21120    0.007289
21243    0.005152
