129
99    0.033013
333    0.010303
1069    0.019323
1072    0.019927
1184    0.012184
1261    0.030628
1262    0.016890
1614    0.017182
1941    0.039616
1992    0.026080
2080    0.028936
2206    0.023546
2277    0.017283
2600    0.041168
2744    0.011027
2745    0.024453
2947    0.029661
3039    0.054503
3043    0.018520
3050    0.011425
3441    0.021161
3451    0.015616
3510    0.026080
3743    0.012313
3839    0.028936
3915    0.022724
4008    0.037090
4195    0.011097
4293    0.041168
4380    0.023691
5030    0.041168
5573    0.038646
6596    0.010365
7377    0.011539
7466    0.014505
7802    0.005457
8116    0.008929
8302    0.033013
8406    0.025238
8478    0.028243
8577    0.020600
8857    0.034705
8862    0.020424
8984    0.016177
8985    0.033013
9005    0.021780
9411    0.007815
9517    0.009603
9533    0.012813
10074    0.011812
10547    0.037090
10837    0.006479
11103    0.009341
11213    0.013105
11279    0.015034
11355    0.008001
11531    0.013905
11569    0.011693
11673    0.023259
11737    0.029721
11825    0.034705
11972    0.025238
12042    0.018520
12567    0.027623
12568    0.041168
12569    0.068171
12600    0.037090
12684    0.008665
12855    0.009521
12889    0.037762
12911    0.013256
12987    0.005909
13001    0.037090
13014    0.009052
13311    0.018039
13361    0.016890
13481    0.024502
13482    0.063083
13553    0.026080
13886    0.051360
14058    0.021780
14161    0.044005
14303    0.011852
14406    0.024980
14523    0.016523
14874    0.014830
15510    0.041168
15601    0.015034
15685    0.044947
15792    0.014569
16182    0.034705
16207    0.018275
16452    0.082335
16592    0.017711
16734    0.016515
16765    0.026551
16862    0.014442
16941    0.007695
16959    0.024802
17051    0.012057
17070    0.041168
17281    0.046308
17637    0.025644
17669    0.029311
18182    0.006351
18282    0.006382
18660    0.024502
18733    0.052160
19173    0.019617
19195    0.023259
19200    0.024858
19223    0.014898
19347    0.022473
19366    0.011443
19373    0.026080
19410    0.007616
19453    0.013848
19460    0.009548
19757    0.061273
19844    0.003851
19869    0.033013
19997    0.018776
20090    0.006985
20282    0.018005
20481    0.019468
20642    0.021161
20768    0.009686
21129    0.009282
21253    0.009052
