32
1097    0.066987
1188    0.100936
2277    0.041974
2279    0.107990
3043    0.089953
3911    0.073705
3912    0.096788
4380    0.038358
6306    0.119008
7377    0.056044
8500    0.043969
9214    0.091838
9364    0.066987
9517    0.046644
10096    0.096026
12889    0.137561
12911    0.064388
12987    0.028701
13311    0.087620
13357    0.027998
13939    0.058768
15210    0.071076
15335    0.119008
16585    0.011624
16729    0.032588
16941    0.037376
17144    0.045085
17281    0.112461
19343    0.112971
19844    0.018704
20282    0.043727
21253    0.043969
