384
147    0.003546
552    0.013664
702    0.004490
786    0.004717
863    0.006038
978    0.004896
1137    0.012066
1149    0.010172
1184    0.003571
1413    0.006321
1456    0.005503
1611    0.012066
1677    0.004923
1686    0.005936
1698    0.006547
1699    0.001433
1741    0.004523
1780    0.006817
1913    0.010871
1942    0.005841
1943    0.005986
1946    0.006091
1949    0.004042
2120    0.003827
2172    0.005664
2174    0.005664
2325    0.012066
2460    0.005750
2487    0.008278
2508    0.005126
2710    0.004469
2711    0.010191
2737    0.029006
2744    0.006464
2747    0.005542
2857    0.004600
2981    0.011589
2984    0.007782
3192    0.014363
3238    0.004427
3283    0.008278
3318    0.006990
3530    0.010871
3571    0.004448
3618    0.004179
3632    0.004951
3693    0.006817
3743    0.003609
3842    0.003916
3858    0.005356
3887    0.008278
3890    0.007782
3904    0.009292
3911    0.004448
4099    0.005750
4109    0.007782
4141    0.010252
4240    0.002472
4319    0.017959
4450    0.006547
4456    0.004951
4461    0.004490
4463    0.005157
4492    0.004347
4495    0.007516
4620    0.012768
4622    0.017954
4696    0.008096
4708    0.008481
4811    0.005221
4904    0.006817
4918    0.015033
4931    0.008096
5043    0.001776
5075    0.010498
5096    0.006323
5112    0.006990
5130    0.007932
5183    0.010172
5268    0.006817
5352    0.004407
5480    0.005582
5495    0.004629
5612    0.010871
5614    0.004144
5615    0.005126
5707    0.006660
5708    0.006321
5719    0.003427
5755    0.012066
6038    0.006517
6174    0.007516
6202    0.007286
6290    0.036199
6291    0.014363
6486    0.005706
6624    0.006517
6705    0.004092
6719    0.004059
6756    0.004555
6758    0.013157
6761    0.013221
6762    0.009338
6767    0.008481
6908    0.005968
6937    0.006517
6983    0.013033
7097    0.004646
7168    0.009605
7393    0.005392
7488    0.010172
7525    0.008481
7571    0.004717
7619    0.011351
7709    0.005503
7716    0.005841
7802    0.001600
7806    0.007286
8027    0.007182
8034    0.012066
8040    0.003056
8145    0.012066
8170    0.009583
8200    0.004896
8218    0.002931
8446    0.003274
8449    0.007286
8485    0.009292
8487    0.020211
8500    0.002653
8533    0.003994
8568    0.005381
8630    0.006220
8660    0.010871
8711    0.004179
8716    0.009676
8943    0.007516
9069    0.010172
9093    0.008711
9136    0.005221
9160    0.005841
9209    0.002751
9213    0.009292
9315    0.008977
9411    0.002291
9426    0.007286
9459    0.005706
9517    0.002815
9631    0.004600
9768    0.006449
9769    0.006384
9873    0.003756
10021    0.012066
10037    0.008096
10247    0.005392
10261    0.003020
10442    0.006901
10508    0.006737
10646    0.006321
10697    0.005664
10718    0.008977
10911    0.007182
10932    0.005428
10942    0.044830
10943    0.005750
11112    0.003349
11180    0.002705
11181    0.010013
11218    0.002581
11225    0.005036
11282    0.005664
11283    0.004817
11400    0.007782
11468    0.004233
11503    0.002815
11519    0.009792
11562    0.005750
11569    0.006855
11600    0.006990
11744    0.007218
11747    0.004490
11857    0.006038
11878    0.012066
11889    0.005254
11897    0.015864
11898    0.016193
12064    0.004791
12066    0.016193
12085    0.004197
12273    0.003798
12283    0.002376
12307    0.051069
12309    0.004469
12326    0.005841
12345    0.006589
12347    0.010172
12374    0.008278
12432    0.007782
12519    0.008641
12605    0.004646
12659    0.004075
12765    0.003770
12817    0.004109
12820    0.005888
12836    0.006587
12999    0.007945
13014    0.005307
13173    0.009292
13202    0.010871
13297    0.007782
13319    0.003931
13347    0.005582
13348    0.004923
13351    0.002831
13354    0.014363
13355    0.002807
13357    0.011827
13370    0.005582
13462    0.005322
13466    0.005646
13501    0.024526
13505    0.008096
13514    0.015864
13515    0.006901
13545    0.006587
13565    0.007182
13580    0.002940
13644    0.013634
13836    0.006901
13877    0.005066
13886    0.003011
13894    0.008711
13910    0.006632
13936    0.012066
14065    0.009979
14071    0.008278
14073    0.004179
14074    0.007782
14130    0.005126
14169    0.015033
14412    0.004817
14425    0.002839
14439    0.002906
14485    0.008895
14536    0.005221
14537    0.003393
14614    0.018583
14742    0.006158
14745    0.002767
14752    0.007286
14754    0.009634
14773    0.006146
14796    0.003856
14888    0.009292
15063    0.003451
15135    0.005750
15142    0.014151
15216    0.004600
15299    0.009434
15526    0.012066
15571    0.006901
15597    0.007932
15662    0.012066
15764    0.011244
15766    0.009676
15818    0.007348
15822    0.003584
15910    0.004367
16024    0.006449
16063    0.004766
16116    0.003584
16143    0.008481
16302    0.006038
16432    0.014007
16490    0.010575
16498    0.006449
16510    0.018273
16527    0.012127
16529    0.010317
16585    0.007014
16705    0.012646
16713    0.005750
16729    0.003933
16734    0.002420
16765    0.007782
16772    0.004896
16788    0.008977
16794    0.013803
16796    0.008977
16907    0.010079
16959    0.003635
17033    0.005503
17037    0.003812
17066    0.010856
17072    0.006321
17074    0.009022
17075    0.004693
17077    0.006038
17326    0.007286
17366    0.009199
17395    0.012898
17406    0.008481
17445    0.005542
17451    0.005007
17471    0.005465
17484    0.004023
17643    0.003728
17757    0.011873
17821    0.004252
17877    0.007286
17913    0.005795
18167    0.011141
18190    0.011084
18282    0.003741
18319    0.008085
18325    0.009676
18371    0.013980
18383    0.003756
18411    0.005036
18438    0.006817
18462    0.005622
18560    0.006990
18583    0.008481
18619    0.015517
18652    0.003132
18672    0.008278
18841    0.004669
18853    0.010871
18878    0.008096
18898    0.004577
18904    0.011776
18983    0.008481
19037    0.004979
19043    0.006676
19046    0.004646
19064    0.007644
19080    0.010871
19366    0.001677
19376    0.012066
19444    0.005750
19453    0.004059
19460    0.002799
19464    0.003371
19569    0.006517
19572    0.006587
19583    0.007286
19715    0.015864
19769    0.007083
19772    0.004109
19773    0.003029
19844    0.002257
19997    0.005503
20116    0.013033
20124    0.008977
20373    0.010871
20461    0.007516
20464    0.003622
20557    0.003994
20582    0.004533
20601    0.004179
20620    0.010789
20626    0.009901
20627    0.004843
20629    0.017959
20717    0.009225
20745    0.005322
20768    0.002839
20894    0.003327
20901    0.003742
20983    0.003770
21001    0.006261
21005    0.003856
21017    0.012066
21057    0.004092
21058    0.003534
21087    0.007020
21094    0.011163
21104    0.010871
21115    0.011324
21129    0.002721
21150    0.013759
21166    0.010871
21318    0.012066
21348    0.006901
