126
552    0.014203
1309    0.012355
1480    0.017531
1664    0.017281
1699    0.004468
1968    0.025813
2173    0.011214
2270    0.026447
2737    0.012921
2744    0.010078
3299    0.024267
3574    0.015267
3888    0.021008
4195    0.010143
4240    0.007710
4678    0.015183
4931    0.025247
5043    0.005537
5075    0.006547
5211    0.016703
5230    0.017661
5532    0.009417
5769    0.010616
6129    0.018512
6202    0.022720
6372    0.008956
6758    0.016411
6761    0.020614
7325    0.033405
7421    0.023067
7423    0.023067
7456    0.025417
7466    0.013258
7987    0.014941
8019    0.009061
8500    0.008274
8568    0.008389
8800    0.033900
8899    0.056484
8964    0.014862
8966    0.033900
9122    0.037626
9210    0.014067
9256    0.013494
9719    0.027993
9947    0.008777
9999    0.019340
10000    0.062307
10149    0.022394
10261    0.009417
10350    0.022720
10420    0.015101
10714    0.013031
10932    0.016927
10942    0.076251
11103    0.004269
11334    0.011375
11570    0.011754
12066    0.025247
12307    0.136497
12505    0.013616
12519    0.017964
12605    0.043459
12927    0.012708
12999    0.006194
13347    0.017405
13434    0.003417
14099    0.018213
14195    0.024267
14217    0.022720
14604    0.008050
14742    0.007681
14745    0.008628
14746    0.015021
14754    0.015021
15038    0.019340
15142    0.029418
15143    0.024734
15204    0.050015
15648    0.103253
15694    0.025247
15695    0.014067
15889    0.019711
15912    0.009707
16003    0.019523
16510    0.018993
16527    0.037815
16529    0.010723
16578    0.017531
16585    0.024060
16729    0.006132
16734    0.007547
16959    0.011334
17033    0.017160
17066    0.016927
17074    0.014067
17075    0.014634
17201    0.021520
17366    0.014343
17369    0.014941
17643    0.011625
18005    0.009589
18167    0.005790
18182    0.017413
18607    0.021008
18619    0.009677
18711    0.023836
18882    0.008116
18904    0.018360
19177    0.021592
19204    0.014941
19693    0.059134
19785    0.010374
19817    0.014709
19822    0.020540
20090    0.019151
20260    0.006397
20582    0.014135
20601    0.013031
20716    0.014862
20717    0.009589
20894    0.010374
20927    0.009114
21087    0.010944
21150    0.021452
21306    0.029570
