30
212    0.105966
2120    0.071593
2321    0.113960
2706    0.062860
3309    0.095908
3563    0.071055
4639    0.111070
5043    0.033219
5205    0.151481
5440    0.087801
5977    0.061050
6262    0.090608
8019    0.054365
9936    0.109277
10589    0.084002
10975    0.096490
13219    0.100881
13357    0.031610
14714    0.162987
15603    0.126047
15822    0.067049
16529    0.128682
16578    0.105188
16676    0.110161
16745    0.225758
18020    0.132521
18499    0.092625
19213    0.112005
19704    0.167960
20745    0.099564
