270
161    0.007244
184    0.013209
201    0.014461
219    0.004760
234    0.012384
333    0.004293
372    0.011276
686    0.006998
729    0.014461
1039    0.011768
1199    0.010685
1276    0.007992
1283    0.018320
1304    0.007878
1309    0.005632
1346    0.008238
1490    0.004609
1614    0.007159
1699    0.002037
1705    0.011276
1762    0.004398
1873    0.009075
1948    0.011768
1949    0.005746
1990    0.009364
1992    0.010867
2084    0.011983
2119    0.007823
2173    0.005112
2211    0.009811
2224    0.007118
2277    0.021604
2279    0.009264
2280    0.019154
2432    0.002962
2470    0.008510
2604    0.005966
2609    0.013077
2706    0.004776
2714    0.017473
2745    0.005094
2889    0.013209
2962    0.015454
3039    0.022710
3043    0.015433
3050    0.004760
3089    0.004095
3282    0.008303
3450    0.010867
3451    0.006507
3611    0.009577
3881    0.007331
3911    0.006323
4023    0.004280
4168    0.008051
4195    0.004624
4261    0.012762
4300    0.008439
4380    0.036195
4383    0.014318
4400    0.011276
4501    0.026155
4577    0.007992
4578    0.008817
4653    0.011063
4678    0.006922
4995    0.011768
5043    0.005048
5137    0.010209
5142    0.010867
5202    0.011047
5495    0.003290
5567    0.004824
5674    0.011276
5769    0.004840
5904    0.008986
6305    0.037873
6372    0.004083
6414    0.009364
6532    0.008238
6596    0.008638
6684    0.010867
6719    0.005770
6734    0.007118
7073    0.015454
7110    0.009075
7178    0.007201
7377    0.019231
7380    0.006507
7466    0.006044
7476    0.009577
7704    0.008510
7770    0.008659
7802    0.002274
7833    0.004398
7896    0.006811
7922    0.011510
7939    0.011276
7948    0.007878
7977    0.013209
8019    0.004131
8116    0.003720
8218    0.029170
8260    0.018335
8262    0.011276
8442    0.006507
8596    0.004551
8729    0.009811
8896    0.015454
9003    0.006293
9016    0.024497
9153    0.006323
9155    0.007935
9200    0.004669
9411    0.003256
9510    0.006124
9517    0.008003
9587    0.015454
9958    0.015454
10074    0.024609
10095    0.015229
10105    0.004889
10130    0.009364
10338    0.004905
10358    0.008737
10605    0.005149
10774    0.008583
10837    0.002699
10897    0.005007
11089    0.008659
11103    0.005838
11183    0.006604
11201    0.004059
11271    0.006044
11289    0.006475
11390    0.007717
11468    0.012035
11683    0.003231
11882    0.009577
11939    0.014461
11941    0.014461
11943    0.015454
12038    0.012762
12042    0.007717
12045    0.007331
12110    0.004639
12365    0.006413
12443    0.013755
12567    0.011510
12569    0.037873
12866    0.010069
12880    0.005677
12889    0.062937
12894    0.015985
12911    0.011047
12928    0.006264
12974    0.006507
12987    0.002462
12999    0.002824
13008    0.007469
13129    0.015454
13281    0.012057
13295    0.008900
13311    0.015033
13319    0.005588
13351    0.004024
13355    0.003990
13357    0.009607
13454    0.010685
13482    0.026285
13484    0.006705
13553    0.010867
13554    0.010209
13580    0.004179
13886    0.008560
13896    0.008737
14063    0.021355
14073    0.005941
14320    0.005817
14391    0.007244
14406    0.005204
14412    0.006848
14498    0.004565
14668    0.012762
14716    0.008900
14717    0.014318
14781    0.018150
15065    0.012762
15210    0.006097
15266    0.014461
15333    0.009168
15336    0.019621
15466    0.006044
15596    0.020418
15601    0.006264
15684    0.008238
15686    0.024389
15822    0.010189
15907    0.005167
15912    0.008851
16026    0.007422
16094    0.006413
16154    0.023019
16585    0.014957
16592    0.003690
16705    0.004494
16766    0.006671
16909    0.012384
16937    0.010069
16941    0.003206
16954    0.008659
16959    0.005167
17025    0.007159
17027    0.005700
17051    0.005024
17108    0.006604
17115    0.008510
17117    0.004192
17144    0.003868
17281    0.004824
17292    0.010798
17419    0.015454
17446    0.013209
17669    0.008142
17689    0.009691
17867    0.008900
18005    0.004372
18167    0.002640
18179    0.006124
18180    0.009264
18182    0.002646
18572    0.011063
18670    0.005966
18731    0.009264
18732    0.010867
18882    0.003700
19195    0.009691
19226    0.004071
19278    0.003077
19327    0.008095
19347    0.018728
19366    0.014304
19368    0.041266
19370    0.010921
19371    0.013755
19426    0.010107
19844    0.003209
19971    0.011768
20068    0.010516
20090    0.002910
20260    0.002916
20275    0.008408
20281    0.006207
20282    0.003751
20420    0.009364
20460    0.006097
20558    0.015454
20678    0.009168
20743    0.026417
20776    0.015869
20824    0.006922
20844    0.007163
20966    0.026417
21058    0.005024
21117    0.017153
21150    0.007824
21191    0.007717
21253    0.003772
21266    0.009277
21341    0.010069
