99
1165    0.027932
1283    0.028748
1614    0.022469
1619    0.073866
1940    0.036821
1990    0.029388
2084    0.018805
2170    0.027932
2206    0.030791
2219    0.048503
2277    0.033902
2740    0.090768
2947    0.038787
2969    0.053835
3039    0.035637
3089    0.012851
3726    0.018805
4118    0.028202
4380    0.020654
4383    0.022469
4467    0.043213
4699    0.043171
5010    0.030791
5043    0.007922
5212    0.018645
5521    0.023294
5866    0.028839
7168    0.010713
7178    0.022601
7359    0.035389
7377    0.015089
7798    0.027419
8729    0.030791
8810    0.027932
9016    0.019221
9193    0.027932
9517    0.012558
9533    0.016756
10338    0.015395
10421    0.021607
11103    0.006107
11183    0.041453
11390    0.024218
11942    0.053835
11984    0.021964
12567    0.036122
12569    0.059431
12662    0.040052
12889    0.061726
12911    0.017335
12987    0.030909
12999    0.008862
13311    0.023590
13350    0.036933
13357    0.007538
13482    0.041246
13554    0.032041
13886    0.013433
14063    0.033511
14498    0.028657
14559    0.035389
15081    0.019221
15210    0.038272
15335    0.064081
15336    0.030791
15686    0.057407
15822    0.015989
15912    0.013889
15944    0.025083
16060    0.021045
16154    0.036122
16585    0.003130
16732    0.013392
16734    0.021597
16939    0.053835
17292    0.016944
17496    0.026486
17669    0.012777
17689    0.060831
18005    0.013720
18198    0.032507
18587    0.016511
18732    0.034104
18848    0.034720
19127    0.028123
19261    0.016102
19366    0.007482
19368    0.043171
19371    0.043171
19844    0.005036
20010    0.036933
20260    0.004576
20282    0.011773
20557    0.017818
20587    0.045469
20848    0.013975
20964    0.016452
21058    0.015767
21254    0.016756
