54
1207    0.068469
1451    0.027763
1699    0.013850
3096    0.053955
3615    0.053197
4662    0.041279
5096    0.091686
5628    0.033355
5745    0.095179
5856    0.037415
6681    0.062994
7234    0.076677
7833    0.029908
8078    0.023459
8218    0.028337
8594    0.044907
9299    0.081984
9783    0.062340
9945    0.049853
10215    0.039723
10480    0.072658
12071    0.042403
12519    0.027844
12551    0.030373
12605    0.044907
12624    0.105089
12675    0.036037
12880    0.038606
13296    0.070432
13352    0.035262
13470    0.053955
14480    0.047327
14481    0.057869
14872    0.075227
15400    0.050470
15895    0.063674
15939    0.115738
16527    0.039076
16529    0.066485
16929    0.064384
16941    0.021803
17093    0.056015
17484    0.019444
18055    0.053197
18724    0.051441
18728    0.063674
18941    0.069422
19485    0.047590
19623    0.086779
19685    0.043401
20198    0.105089
20260    0.019831
20841    0.030754
21126    0.062994
