32
333    0.053075
1097    0.071047
1193    0.139413
2947    0.076399
3039    0.070193
3733    0.084661
4380    0.040682
7377    0.059441
7380    0.080446
8218    0.051521
8500    0.046634
8534    0.068290
9936    0.102654
10840    0.072224
11103    0.024059
12889    0.097266
12904    0.055567
12987    0.030441
15210    0.075383
15336    0.121296
15685    0.115771
16154    0.142301
16259    0.101059
16734    0.042539
17117    0.051826
17281    0.059639
17669    0.050332
18179    0.075718
20260    0.018028
20282    0.046377
20844    0.044278
21253    0.046634
