37
1207    0.108109
1451    0.043837
3096    0.085192
3615    0.083996
4662    0.065177
5096    0.048256
5745    0.075141
5856    0.059077
6681    0.099464
7234    0.121069
7833    0.047224
8078    0.037040
8594    0.070906
9299    0.129449
9783    0.098432
10215    0.062721
10480    0.114722
12071    0.066952
12551    0.047957
12605    0.070906
12675    0.056901
12880    0.060957
13296    0.111208
13352    0.055677
14480    0.074727
14481    0.091372
15400    0.079690
15939    0.091372
16527    0.061699
16529    0.052489
16929    0.101658
17484    0.030701
18055    0.083996
18724    0.081223
19485    0.075141
20198    0.165931
20260    0.031312
