161
469    0.010179
523    0.014517
715    0.024331
1204    0.011326
1254    0.023610
1260    0.034604
1415    0.013649
1416    0.015020
1595    0.017302
1713    0.027570
2114    0.038958
2283    0.013125
2344    0.007898
2396    0.008816
2914    0.020371
3056    0.068959
3396    0.010956
3455    0.022986
3459    0.023610
3464    0.019747
3567    0.007695
3583    0.007171
3734    0.029625
3842    0.010613
3867    0.029464
4135    0.013811
4150    0.014151
4151    0.042452
4225    0.027570
4324    0.022749
4328    0.016090
4512    0.016657
4810    0.013729
5043    0.004812
5046    0.044872
5061    0.026225
5079    0.010696
5084    0.030475
5170    0.017662
5495    0.006273
5556    0.012285
5858    0.058929
5893    0.032703
6354    0.065407
6425    0.016968
6451    0.020049
6488    0.023610
6489    0.019197
6761    0.008958
7095    0.058929
7216    0.032703
7558    0.022986
7605    0.022986
7802    0.004335
7833    0.008386
8078    0.006577
8200    0.013269
8288    0.018705
8442    0.012405
8581    0.007251
8630    0.011238
8816    0.031660
9012    0.032703
9014    0.032703
9229    0.020371
9361    0.011523
9518    0.006959
9947    0.007629
10033    0.032703
10150    0.020371
10452    0.027570
10454    0.042991
10701    0.054778
10702    0.024331
10825    0.026225
11103    0.003710
11180    0.021998
11181    0.009046
11729    0.010738
12122    0.008209
12283    0.019319
12345    0.017859
12521    0.020718
12548    0.010572
12659    0.022091
12664    0.021498
12853    0.020821
12855    0.007564
12904    0.008569
12920    0.016810
12949    0.014330
13050    0.008259
13157    0.013893
13309    0.025183
13319    0.010654
13351    0.007673
13355    0.007607
13357    0.004579
13482    0.012528
13501    0.041546
13556    0.026225
13584    0.084049
13585    0.056833
13866    0.013571
13910    0.008988
14012    0.012851
14604    0.006997
14745    0.014999
14796    0.010450
15081    0.011676
15271    0.012055
15344    0.011943
15555    0.022556
15611    0.027570
15931    0.013055
16321    0.012055
16490    0.014330
16501    0.009612
16585    0.007604
16639    0.027570
16732    0.008136
16815    0.018259
16976    0.019464
17083    0.024331
17093    0.015705
17182    0.021498
17484    0.005452
17782    0.045892
17948    0.026225
18005    0.008334
18086    0.017302
18138    0.013571
18167    0.005032
18179    0.011676
18326    0.012986
18383    0.010179
18655    0.020900
18702    0.016968
18705    0.019464
18949    0.020371
19043    0.009046
19088    0.020371
19274    0.017479
19319    0.025183
19416    0.011137
19535    0.011889
19742    0.019747
19773    0.016418
19785    0.009017
19844    0.009177
20229    0.024331
20337    0.032703
20412    0.027570
20534    0.010912
20620    0.009747
20624    0.016225
20745    0.014423
20844    0.006828
20848    0.016979
20901    0.020282
20983    0.030649
