221
147    0.005928
161    0.017034
206    0.015530
244    0.012364
978    0.008183
1099    0.007106
1190    0.009329
1199    0.012563
1204    0.006985
1262    0.008275
1699    0.002395
1740    0.014731
1746    0.018557
1849    0.018171
1999    0.013258
2001    0.020169
2292    0.008183
2394    0.012178
2432    0.006966
2684    0.006784
2867    0.016457
3077    0.007577
3089    0.004815
3297    0.007688
3315    0.038151
3318    0.011683
3446    0.016174
3567    0.004745
3583    0.004423
3841    0.018171
3911    0.007434
3957    0.034005
3978    0.012777
4195    0.005437
4196    0.016174
4198    0.011133
4201    0.013533
4202    0.008568
4240    0.004133
4380    0.015476
4512    0.010272
4542    0.018171
4603    0.015530
4678    0.008139
4854    0.028352
5010    0.011535
5112    0.011683
5295    0.020169
5515    0.005472
5535    0.048813
5769    0.062596
5866    0.005402
5977    0.005454
6167    0.018171
6365    0.006649
6429    0.008139
6506    0.020169
6628    0.006231
6675    0.182677
6676    0.060506
6880    0.011839
7075    0.011395
7396    0.013533
7466    0.007106
7591    0.017003
7720    0.011010
7753    0.005507
7802    0.002674
7955    0.016174
7985    0.009923
8068    0.008051
8287    0.016174
8535    0.011683
8630    0.006931
9003    0.007400
9153    0.007434
9388    0.006869
9739    0.009923
9769    0.010671
9799    0.011261
9886    0.014561
9936    0.019525
9944    0.009135
9945    0.008620
9947    0.004705
10105    0.005748
10261    0.005048
10354    0.007201
10357    0.015005
10413    0.010181
10420    0.008095
10600    0.020169
10645    0.013008
10646    0.010566
10714    0.006985
10837    0.003174
10892    0.004509
10990    0.015530
11103    0.002288
11146    0.006729
11188    0.027066
11355    0.003920
11401    0.010892
11534    0.012004
11835    0.018171
11841    0.003328
11983    0.020169
12110    0.005454
12113    0.077652
12132    0.025127
12133    0.011010
12230    0.006254
12245    0.005318
12432    0.013008
12684    0.004245
12765    0.006301
12889    0.004625
12928    0.007366
12999    0.013280
13035    0.048521
13112    0.020169
13175    0.009538
13185    0.011839
13258    0.016174
13301    0.016174
13307    0.013837
13318    0.020169
13320    0.007765
13351    0.009464
13355    0.009383
13434    0.001831
13553    0.012777
13800    0.010006
13803    0.029768
14069    0.014561
14189    0.018171
14391    0.017034
14428    0.020929
14430    0.015768
14713    0.013837
14717    0.016836
14727    0.009923
14742    0.002059
14749    0.013794
14894    0.017003
14917    0.009923
15017    0.014176
15068    0.015005
15204    0.006702
15400    0.008727
15555    0.013911
15570    0.010779
15619    0.020169
15656    0.010671
15695    0.007540
15765    0.016174
15766    0.048521
15907    0.012151
15910    0.007299
15911    0.021131
15947    0.035050
16030    0.014799
16156    0.040337
16585    0.003517
16592    0.004338
16734    0.008091
16850    0.017003
17023    0.060506
17051    0.023628
17059    0.009611
17063    0.018171
17140    0.012178
17814    0.006571
18005    0.010280
18098    0.008051
18167    0.034139
18180    0.010892
18182    0.006223
18340    0.016457
18493    0.021341
18508    0.020169
18581    0.013533
18948    0.011133
19122    0.013258
19127    0.005268
19278    0.003618
19327    0.004759
19329    0.011839
19366    0.002803
19411    0.010092
19606    0.016174
19785    0.016682
19844    0.001887
19873    0.020169
20002    0.013258
20068    0.012364
20090    0.006844
20113    0.012563
20260    0.005144
20282    0.013232
20534    0.013459
20587    0.136275
20593    0.023071
20629    0.010006
20717    0.005140
20768    0.004745
20803    0.004003
20836    0.014561
20841    0.010635
20844    0.008422
20848    0.005236
20868    0.004447
20894    0.005561
20928    0.020169
20956    0.008009
21129    0.009095
21150    0.002300
21188    0.018659
21191    0.009073
21253    0.008870
21264    0.008322
