369
184    0.008581
201    0.018789
219    0.003093
333    0.002789
686    0.004547
702    0.004147
729    0.009395
796    0.006222
1010    0.008291
1039    0.007645
1099    0.027486
1184    0.009895
1188    0.022502
1194    0.010965
1247    0.005956
1255    0.005231
1272    0.008140
1275    0.005625
1283    0.011902
1309    0.003659
1346    0.005352
1385    0.010040
1590    0.016582
1614    0.004651
1680    0.004706
1690    0.005310
1691    0.007095
1698    0.003023
1699    0.002646
1741    0.006265
1762    0.002857
1779    0.007645
1846    0.003893
1922    0.006542
1946    0.005625
1990    0.018251
1992    0.007060
2058    0.005576
2084    0.007785
2089    0.008291
2102    0.005578
2120    0.003534
2230    0.007187
2277    0.009357
2279    0.018056
2344    0.002691
2380    0.005048
2432    0.001924
2706    0.003103
2711    0.004706
2714    0.005676
2722    0.007478
2744    0.002985
2745    0.003310
2768    0.005676
2947    0.012044
2963    0.011144
3039    0.018443
3040    0.011144
3043    0.020053
3053    0.004706
3077    0.004186
3177    0.008046
3230    0.008937
3278    0.006633
3341    0.003575
3514    0.017873
3583    0.004888
3665    0.005956
3726    0.003893
3733    0.004449
3743    0.010000
3834    0.007833
3842    0.003616
3911    0.004108
4110    0.008937
4195    0.003004
4199    0.008937
4217    0.011144
4258    0.006186
4262    0.005483
4265    0.005782
4300    0.005483
4380    0.034204
4383    0.023256
4450    0.006047
4468    0.017185
4577    0.010385
4628    0.008937
4636    0.010310
4650    0.005270
4654    0.009395
4662    0.003944
4718    0.006729
4777    0.008850
4884    0.010040
4886    0.011144
5043    0.003280
5202    0.014354
5206    0.005352
5212    0.003860
5329    0.007645
5440    0.008668
5495    0.004276
5501    0.002212
5573    0.015692
5628    0.003187
5769    0.003144
5866    0.011940
5879    0.012937
5898    0.005270
5991    0.004089
6026    0.011144
6046    0.006374
6049    0.005270
6323    0.005155
6365    0.003674
6562    0.006456
6596    0.005612
6620    0.006729
6630    0.005270
6719    0.003749
6840    0.007326
6893    0.009395
6984    0.003321
7001    0.007326
7097    0.004291
7147    0.006832
7168    0.004435
7178    0.009357
7199    0.003443
7203    0.008937
7342    0.006542
7364    0.016729
7379    0.005838
7380    0.012682
7406    0.005838
7443    0.008046
7466    0.015706
7476    0.006222
7636    0.004598
7683    0.015291
7693    0.005438
7748    0.005192
7802    0.002955
7939    0.014652
7965    0.005118
8019    0.002684
8107    0.002548
8153    0.005728
8218    0.010829
8222    0.013458
8260    0.005956
8292    0.008046
8500    0.002451
8630    0.001915
8728    0.009395
8783    0.003674
8810    0.005782
8831    0.007478
8873    0.006296
9003    0.004089
9016    0.007958
9193    0.005782
9214    0.005118
9398    0.003494
9494    0.015291
9510    0.003979
9517    0.002600
9533    0.006937
9641    0.004269
9812    0.003893
9936    0.005394
10052    0.007645
10095    0.014841
10096    0.005352
10105    0.003176
10129    0.008046
10229    0.008291
10290    0.003860
10334    0.006483
10338    0.006374
10354    0.007958
10355    0.005956
10837    0.003508
10857    0.006633
10897    0.006505
11103    0.001264
11130    0.010965
11201    0.005274
11355    0.004332
11386    0.003780
11408    0.006633
11425    0.008046
11434    0.006125
11468    0.003910
11528    0.003689
11569    0.003165
11683    0.004199
11824    0.006832
11841    0.001839
12071    0.004051
12110    0.003014
12122    0.011190
12234    0.011144
12273    0.003508
12365    0.004166
12427    0.011144
12508    0.011251
12519    0.002660
12563    0.011144
12565    0.008046
12567    0.022433
12569    0.043059
12591    0.013239
12635    0.008581
12765    0.003481
12880    0.003689
12889    0.012778
12911    0.003588
12987    0.006398
13123    0.011144
13179    0.004147
13294    0.006222
13319    0.003631
13352    0.003369
13355    0.010369
13357    0.020285
13361    0.004572
13434    0.005060
13481    0.006633
13482    0.017077
13483    0.008291
13484    0.004356
13623    0.008581
13647    0.002957
13697    0.009395
13720    0.011144
13760    0.006374
13886    0.008342
14063    0.003469
14235    0.011144
14331    0.011564
14390    0.011144
14410    0.007645
14498    0.023729
14516    0.011144
14517    0.008581
14580    0.006942
14592    0.006729
14607    0.003780
14656    0.005956
14701    0.006084
14726    0.005438
14795    0.006832
14868    0.012037
15081    0.003979
15140    0.003053
15146    0.011144
15204    0.003703
15210    0.011884
15314    0.008291
15333    0.005956
15334    0.010704
15336    0.012748
15440    0.008937
15468    0.004402
15503    0.004449
15686    0.015845
15712    0.003561
15782    0.006542
15804    0.007833
15849    0.005310
15889    0.005838
15907    0.010071
15912    0.008625
15944    0.005192
15987    0.008581
16149    0.008937
16154    0.014955
16231    0.007645
16237    0.003063
16459    0.006084
16585    0.009717
16589    0.007478
16592    0.021575
16643    0.008581
16729    0.001816
16732    0.002772
16871    0.007833
16941    0.010415
16949    0.005896
16959    0.003357
17037    0.014083
17069    0.010040
17093    0.005352
17202    0.008937
17281    0.006268
17292    0.007015
17369    0.004425
17407    0.007177
17447    0.010876
17448    0.007645
17531    0.003176
17563    0.089731
17564    0.011144
17578    0.011144
17654    0.005956
17661    0.005956
17669    0.005290
17951    0.006296
18021    0.006942
18138    0.009249
18167    0.001715
18182    0.003438
18186    0.008373
18282    0.005183
18317    0.004473
18319    0.003733
18326    0.004425
18411    0.004651
18581    0.014955
18652    0.005786
18658    0.014955
18660    0.013265
18724    0.004915
18731    0.006019
18733    0.007060
18888    0.003733
18997    0.008046
19037    0.004598
19127    0.005822
19145    0.021179
19226    0.002645
19261    0.006666
19271    0.004127
19314    0.012167
19329    0.006542
19366    0.004646
19373    0.007060
19416    0.003795
19558    0.007833
19582    0.007060
19844    0.005212
19936    0.009395
20090    0.003781
20115    0.008291
20195    0.010040
20202    0.006084
20275    0.002731
20305    0.005576
20762    0.010965
20776    0.015465
20778    0.005231
20797    0.019898
20801    0.007187
20803    0.006636
20827    0.005728
20894    0.003073
20923    0.007187
20946    0.003004
21057    0.003780
21058    0.003264
21065    0.004822
21132    0.004947
21155    0.004497
21253    0.007352
21254    0.010406
21266    0.003014
