349
161    0.005535
288    0.005232
333    0.003280
448    0.006344
449    0.006294
450    0.005856
451    0.013734
455    0.008781
457    0.010635
469    0.008158
689    0.006616
917    0.009462
1250    0.006675
1272    0.004786
1314    0.013600
1359    0.013106
1432    0.026212
1451    0.003119
1456    0.005977
1653    0.026212
1679    0.013106
1707    0.004831
1723    0.008991
1906    0.010510
1994    0.011808
2102    0.003280
2263    0.008035
2277    0.005502
2278    0.005318
2287    0.006294
2604    0.004558
2606    0.052549
2608    0.013106
2609    0.004996
2651    0.009750
2688    0.004578
2782    0.026212
2806    0.004618
2857    0.004996
2981    0.006294
3009    0.007496
3046    0.020184
3089    0.003129
3266    0.013106
3282    0.006344
3297    0.004996
3299    0.016905
3306    0.006800
3341    0.004204
3372    0.013106
3583    0.005748
3672    0.006448
3686    0.006062
3688    0.006019
4137    0.003193
4141    0.005568
4258    0.003637
4265    0.006800
4380    0.012570
4461    0.009753
4467    0.005260
4494    0.008035
4541    0.007592
4574    0.008035
4971    0.008794
5043    0.001928
5044    0.005636
5075    0.002280
5093    0.005408
5202    0.004220
5286    0.011048
5484    0.007693
5495    0.007542
5626    0.005568
5866    0.003510
5874    0.011808
5915    0.007404
5920    0.007800
5976    0.006448
6078    0.010510
6085    0.005177
6130    0.007317
6148    0.011808
6229    0.009462
6255    0.013106
6365    0.004321
6372    0.003119
6425    0.006800
6450    0.016605
6534    0.013106
6695    0.011808
6835    0.008991
6908    0.006482
6971    0.009750
6984    0.007812
7002    0.011808
7010    0.006395
7168    0.002608
7176    0.006675
7181    0.004373
7208    0.011048
7466    0.004618
7631    0.005204
7632    0.024606
7650    0.004900
7693    0.006395
7802    0.003475
7830    0.011808
7884    0.013106
7896    0.005204
7981    0.011808
7989    0.004578
8001    0.013350
8019    0.003156
8021    0.004971
8241    0.011808
8283    0.011808
8362    0.038974
8363    0.007592
8446    0.003556
8533    0.004338
8568    0.002922
8581    0.014530
8594    0.005046
8622    0.007868
8714    0.007800
8781    0.004034
8872    0.016328
8873    0.007404
9005    0.006934
9016    0.014038
9023    0.004923
9044    0.008035
9132    0.009750
9146    0.008991
9242    0.006395
9256    0.004700
9411    0.007464
9414    0.010510
9442    0.005977
9445    0.026974
9448    0.011808
9498    0.011808
9736    0.014156
9739    0.006448
9798    0.003673
9840    0.011048
9873    0.004079
10105    0.007470
10261    0.006560
10343    0.007914
10349    0.009212
10354    0.004679
10406    0.007914
10445    0.016703
10457    0.008452
10510    0.006395
10513    0.013106
10516    0.023616
10627    0.008303
10653    0.008452
10689    0.005470
10697    0.006152
10837    0.002062
10846    0.004391
10881    0.005636
10892    0.002930
11014    0.004808
11103    0.001487
11117    0.003251
11185    0.031529
11186    0.013106
11201    0.003101
11334    0.007924
11355    0.010188
11399    0.006152
11415    0.005470
11444    0.009276
11528    0.004338
11569    0.003723
11744    0.015680
11749    0.010510
11786    0.006448
11788    0.006800
11841    0.002163
11912    0.010092
11936    0.013106
11984    0.005347
12005    0.002636
12085    0.004558
12110    0.007088
12166    0.004877
12174    0.013106
12283    0.002581
12365    0.004900
12455    0.007496
12684    0.002759
12853    0.004172
12855    0.003031
12880    0.017351
12889    0.012022
12983    0.003812
12987    0.007525
12999    0.004315
13050    0.003310
13057    0.010092
13060    0.007592
13096    0.006395
13143    0.031391
13179    0.004877
13211    0.009212
13228    0.008408
13351    0.003075
13434    0.002380
13451    0.005818
13541    0.005743
13744    0.010510
13770    0.008035
13871    0.012588
13897    0.006152
13910    0.003602
13926    0.007078
13941    0.013106
14008    0.013106
14023    0.013106
14065    0.004645
14083    0.016605
14093    0.005568
14139    0.008794
14287    0.011048
14303    0.003773
14332    0.009462
14340    0.015780
14695    0.013106
14787    0.008452
14857    0.005408
15140    0.007180
15410    0.005347
15454    0.011808
15478    0.006395
15482    0.008794
15488    0.005046
15493    0.007800
15494    0.008615
15497    0.017562
15500    0.006616
15551    0.004743
15555    0.004520
15779    0.006395
15783    0.005818
15820    0.004539
15830    0.006558
15942    0.008164
16237    0.003602
16413    0.144164
16414    0.026212
16585    0.012952
16592    0.014096
16702    0.010092
16729    0.002136
16887    0.007914
16955    0.005123
16990    0.013106
17007    0.039317
17033    0.005977
17051    0.003838
17093    0.050351
17228    0.026212
17279    0.008991
17281    0.003686
17407    0.004220
17474    0.013106
17484    0.002185
17529    0.010041
17808    0.007317
17811    0.005856
17814    0.017079
17817    0.006106
17846    0.005896
17870    0.004094
17922    0.004659
17966    0.005046
18010    0.009750
18041    0.007914
18097    0.033210
18141    0.013106
18146    0.007005
18182    0.002022
18186    0.004923
18382    0.004971
18477    0.008164
18532    0.013106
18542    0.039317
18560    0.007592
18674    0.007154
18713    0.005470
18717    0.004786
18882    0.002827
18883    0.004020
18898    0.004971
18987    0.004900
19046    0.005046
19112    0.007078
19113    0.010510
19177    0.007521
19213    0.006502
19223    0.004743
19225    0.004408
19226    0.018663
19252    0.013106
19262    0.004445
19278    0.002351
19337    0.017588
19338    0.039317
19342    0.091741
19375    0.013106
19460    0.009119
19499    0.016905
19696    0.008452
19820    0.004427
19844    0.001226
19870    0.013106
19999    0.008991
20090    0.002224
20260    0.005571
20275    0.003212
20282    0.002866
20305    0.006558
20324    0.009462
20481    0.006198
20713    0.007088
20717    0.010020
20778    0.006152
20841    0.006911
20848    0.003402
20916    0.019506
20956    0.010408
20983    0.004094
21089    0.010510
21129    0.014775
21150    0.007472
21231    0.013106
21243    0.008915
21247    0.001900
21279    0.014100
21281    0.013106
21287    0.008991
21296    0.006558
21299    0.007800
