252
161    0.007798
184    0.014219
201    0.015567
219    0.005125
234    0.013331
333    0.004621
686    0.007534
729    0.015567
1039    0.012668
1188    0.009321
1199    0.011503
1276    0.008604
1283    0.019721
1304    0.008481
1309    0.006063
1346    0.008868
1490    0.004962
1614    0.007707
1699    0.002193
1701    0.014219
1705    0.012139
1873    0.009770
1948    0.012668
1949    0.006186
1990    0.010080
1992    0.011698
2084    0.012900
2211    0.010561
2224    0.007663
2277    0.019381
2279    0.009973
2280    0.020620
2432    0.003189
2470    0.009161
2604    0.006423
2609    0.014078
2706    0.005142
2714    0.018810
2745    0.005484
2889    0.014219
3039    0.024447
3043    0.024921
3050    0.005125
3089    0.004408
3282    0.008938
3450    0.011698
3611    0.010310
3881    0.007892
3911    0.006807
3915    0.010193
4023    0.004607
4168    0.008667
4195    0.004978
4261    0.013738
4300    0.009085
4380    0.038965
4383    0.015414
4400    0.012139
4501    0.021117
4577    0.008604
4578    0.009492
4678    0.007452
4995    0.012668
5043    0.005434
5110    0.010697
5137    0.010990
5202    0.011892
5495    0.003542
5567    0.005193
5674    0.012139
5769    0.005210
5904    0.009674
6305    0.040771
6414    0.010080
6596    0.009299
6684    0.011698
6719    0.006211
6734    0.007663
7073    0.016637
7110    0.009770
7178    0.007752
7377    0.020702
7380    0.007004
7466    0.006506
7704    0.009161
7770    0.009321
7802    0.002448
7833    0.004735
7896    0.007332
7922    0.012390
7939    0.012139
7948    0.008481
7977    0.014219
8019    0.004447
8116    0.004005
8218    0.022430
8260    0.019738
8262    0.012139
8442    0.007004
8596    0.004899
8729    0.010561
9003    0.006775
9016    0.032964
9153    0.006807
9155    0.008542
9411    0.003506
9510    0.006593
9517    0.008615
9587    0.016637
9958    0.016637
10074    0.026492
10095    0.016394
10105    0.005263
10130    0.010080
10338    0.005280
10358    0.009405
10605    0.005543
10774    0.009240
10837    0.002906
10897    0.005390
11089    0.009321
11103    0.008379
11183    0.007109
11201    0.004370
11271    0.006506
11289    0.006970
11390    0.008307
11468    0.012956
11683    0.003478
11882    0.010310
11943    0.016637
12045    0.015785
12110    0.004994
12365    0.006904
12443    0.014808
12567    0.012390
12569    0.040771
12880    0.006112
12889    0.055049
12894    0.017208
12911    0.011892
12928    0.006744
12974    0.007004
12987    0.002651
12999    0.003040
13008    0.016081
13129    0.016637
13281    0.012979
13295    0.009581
13311    0.016183
13319    0.006016
13351    0.004332
13355    0.004295
13357    0.010342
13454    0.011503
13482    0.028296
13484    0.007219
13553    0.011698
13554    0.010990
13580    0.004499
13821    0.011503
13886    0.009215
13896    0.009405
14063    0.022989
14073    0.006395
14320    0.006263
14391    0.007798
14406    0.005602
14412    0.007372
14498    0.004915
14668    0.013738
14713    0.012668
14716    0.009581
14781    0.029309
15065    0.013738
15210    0.006564
15266    0.015567
15333    0.019738
15336    0.010561
15596    0.021980
15601    0.006744
15684    0.008868
15686    0.019691
15822    0.010968
15907    0.005562
15912    0.009528
16026    0.007990
16094    0.006904
16117    0.006593
16154    0.012390
16585    0.015028
16592    0.003972
16766    0.007182
16909    0.013331
16937    0.010839
16941    0.003452
16954    0.009321
16959    0.005562
17025    0.007707
17027    0.006136
17051    0.005408
17108    0.007109
17115    0.009161
17117    0.004513
17144    0.004164
17281    0.005193
17292    0.005812
17419    0.016637
17446    0.014219
17669    0.008765
17689    0.010433
17867    0.009581
18005    0.004706
18167    0.002842
18179    0.006593
18180    0.009973
18182    0.002849
18670    0.006423
18731    0.009973
18732    0.011698
18882    0.003983
19195    0.010433
19278    0.003313
19327    0.008715
19347    0.020161
19366    0.015398
19368    0.044424
19370    0.005878
19426    0.010880
19844    0.003455
19971    0.012668
20068    0.011320
20090    0.003133
20260    0.001570
20274    0.006423
20275    0.004526
20281    0.006682
20282    0.004038
20420    0.010080
20460    0.006564
20743    0.014219
20776    0.017083
20824    0.007452
20844    0.011566
20845    0.007534
21058    0.005408
21115    0.004332
21150    0.006317
21191    0.008307
21253    0.004060
21266    0.009987
21341    0.010839
