55
1440    0.044516
1779    0.072747
1926    0.103485
2277    0.022259
3039    0.070193
3043    0.047702
3091    0.085034
4380    0.061024
5043    0.015603
6305    0.117061
7088    0.048361
7377    0.029721
7379    0.055550
7595    0.034411
8107    0.048495
8181    0.034682
8260    0.113346
9003    0.038904
9209    0.024179
9517    0.024735
11103    0.012030
11390    0.047702
11975    0.067175
12005    0.021326
12569    0.058531
12889    0.048633
12904    0.027784
12907    0.042558
13180    0.071150
13357    0.014847
13482    0.040622
14781    0.056101
15987    0.081653
16155    0.089392
16592    0.022810
16729    0.017281
16734    0.042539
17051    0.031057
17281    0.029819
17484    0.017676
17669    0.025166
18742    0.106038
18883    0.032522
19128    0.038725
19262    0.071925
19347    0.057886
19368    0.085034
19844    0.009919
19869    0.085034
20260    0.009014
20282    0.023189
20768    0.024949
20848    0.027526
21088    0.062245
21253    0.046634
