213
147    0.007851
552    0.010083
621    0.009371
1256    0.015474
1415    0.011149
1416    0.012268
1451    0.006358
1595    0.014132
1633    0.012538
1643    0.018326
1698    0.007247
1699    0.003172
1752    0.011705
1992    0.016922
2102    0.006685
2460    0.012729
2510    0.015474
2706    0.007438
2809    0.019873
2946    0.026712
3192    0.015898
3567    0.006285
3593    0.007690
3596    0.015680
3606    0.016639
3617    0.016376
3618    0.009251
3619    0.041555
3734    0.012099
3754    0.012632
4023    0.006665
4137    0.013017
4258    0.007413
4324    0.018581
4325    0.017923
4328    0.013142
4344    0.016639
4354    0.014426
4810    0.011214
4850    0.021421
4899    0.015811
5046    0.018326
5074    0.008877
5079    0.017473
5084    0.037338
5096    0.020997
5495    0.005124
5548    0.011936
5556    0.020069
5567    0.007512
5583    0.016639
5611    0.026712
5719    0.007587
6192    0.016639
6365    0.008806
6372    0.006358
6451    0.016376
6655    0.010336
6758    0.005825
6761    0.014634
6908    0.006606
7142    0.011705
7262    0.019873
7270    0.047694
7271    0.017560
7330    0.007989
7387    0.016639
7521    0.024066
7696    0.016639
7833    0.006849
8040    0.006766
8078    0.005372
8228    0.016376
8298    0.016922
8407    0.011558
8428    0.012828
8442    0.010132
8533    0.017682
8816    0.025859
8817    0.016922
8994    0.019873
9105    0.015898
9361    0.009412
9377    0.024066
9424    0.011417
9466    0.019285
9947    0.006231
10245    0.016639
10343    0.016129
10451    0.015278
10453    0.015680
10454    0.035115
10645    0.017227
10701    0.014914
10702    0.019873
10714    0.009251
10926    0.037550
11006    0.026712
11075    0.026712
11093    0.010083
11138    0.013860
11180    0.011978
11441    0.026712
11503    0.006231
11527    0.014276
11744    0.007989
11890    0.015278
12283    0.015780
12551    0.006956
12631    0.026712
12684    0.005622
12770    0.018326
12773    0.020569
12864    0.008314
12904    0.006999
12987    0.003834
13157    0.034044
13245    0.024066
13283    0.014426
13434    0.002426
13492    0.012930
13501    0.013574
13541    0.011705
13552    0.017923
13584    0.027460
13585    0.015474
13842    0.021421
13866    0.011085
13899    0.021442
13910    0.022023
13912    0.015898
14065    0.003156
14099    0.012930
14131    0.012729
14309    0.026712
14330    0.024066
14339    0.010284
14439    0.012865
14453    0.011858
14562    0.038569
14604    0.011429
14745    0.006126
14787    0.017227
14795    0.016376
14881    0.026712
14903    0.013484
14946    0.030947
15016    0.011022
15210    0.009495
15216    0.020365
15342    0.014276
15344    0.019510
15555    0.009212
15781    0.017560
15915    0.017923
15916    0.015278
15931    0.021327
15936    0.014914
15947    0.015474
16321    0.009846
16485    0.008668
16490    0.011705
16501    0.007851
16585    0.003106
16705    0.013998
17094    0.012729
17117    0.006528
17144    0.006023
17359    0.021421
17438    0.012183
17484    0.008906
17670    0.014426
17715    0.026712
17754    0.021421
18086    0.028265
18182    0.004121
18203    0.008877
18227    0.016922
18438    0.015092
18516    0.020569
18589    0.015278
18655    0.008536
18668    0.024033
18956    0.024066
19349    0.011348
19361    0.020569
19426    0.005246
19460    0.012391
19484    0.019285
19503    0.011558
19844    0.007496
20071    0.015898
20082    0.011487
20090    0.009064
20095    0.014744
20150    0.015898
20250    0.018326
20383    0.015474
20505    0.016129
20506    0.019873
20620    0.023884
20818    0.018775
20848    0.006934
20901    0.008283
20927    0.006470
20964    0.008163
20972    0.014582
21005    0.008536
21011    0.013730
21051    0.020569
21150    0.006092
21247    0.003872
21298    0.019873
