194
115    0.010459
212    0.022972
219    0.013582
288    0.009769
1165    0.025393
1261    0.018205
1423    0.010213
1485    0.041258
2047    0.006951
2102    0.006124
2120    0.007760
2319    0.024490
2569    0.024490
2706    0.006813
2901    0.024470
2959    0.024470
3029    0.010792
3050    0.013582
3053    0.010334
3284    0.015002
3297    0.009328
3441    0.012578
3575    0.012039
3664    0.025156
3732    0.010792
3789    0.010154
4023    0.006106
4137    0.005962
4413    0.027991
4536    0.010213
4545    0.026716
4587    0.018205
4649    0.018843
4666    0.010792
4778    0.012946
5043    0.007201
5172    0.017666
5352    0.026810
5358    0.025393
5410    0.022047
5415    0.008855
5806    0.011319
5836    0.017200
5899    0.010723
5977    0.006617
6259    0.017200
6262    0.088391
6394    0.015502
6575    0.066140
6705    0.008299
6994    0.012697
7000    0.012140
7292    0.016419
7364    0.024490
7377    0.006859
7531    0.006352
7802    0.003244
7897    0.018843
7930    0.012697
8107    0.005596
8116    0.005307
8218    0.017834
8233    0.009374
8596    0.006492
8785    0.015502
8937    0.039246
8952    0.024470
9011    0.048941
9282    0.007319
9364    0.008198
9400    0.050363
9517    0.005708
9533    0.007616
9641    0.037497
9643    0.037686
9768    0.013078
9770    0.018843
9797    0.016788
9812    0.008548
9873    0.007616
10119    0.028728
10140    0.007760
10153    0.024470
10259    0.012819
10872    0.033575
10975    0.041835
11103    0.002776
11112    0.006791
11166    0.044093
11271    0.008622
11358    0.008265
11765    0.015782
12049    0.015243
12177    0.022047
12283    0.004819
12326    0.011845
12345    0.006682
12519    0.005841
12551    0.006372
12591    0.007268
12605    0.009421
12618    0.010273
12746    0.018843
12880    0.008099
12888    0.017200
12889    0.011223
12920    0.012578
12981    0.024470
13014    0.005381
13050    0.006180
13157    0.010396
13165    0.016086
13167    0.045277
13219    0.010935
13314    0.015782
13357    0.006853
13370    0.011319
13473    0.024470
13482    0.018748
13544    0.016419
13606    0.032172
13909    0.009666
14052    0.022047
14281    0.019623
14303    0.007045
14322    0.011160
14498    0.013026
14615    0.017666
14714    0.035333
14715    0.024470
14719    0.012946
14754    0.019537
14796    0.007819
14857    0.010097
14865    0.009469
15080    0.011572
15132    0.019623
15484    0.010523
15500    0.024705
15603    0.013662
15604    0.022017
15702    0.022047
15712    0.007819
16429    0.017200
16464    0.017666
16529    0.027896
16532    0.011160
16578    0.011402
16585    0.017070
16589    0.016419
16592    0.005264
16633    0.016086
16676    0.035822
16705    0.019235
16771    0.015502
16862    0.025754
16873    0.016419
16886    0.035333
17084    0.017200
17108    0.009421
17281    0.013763
17524    0.009615
17624    0.020629
18005    0.024945
18105    0.012819
18158    0.009149
18159    0.009374
18499    0.060239
18502    0.027325
18505    0.022047
18519    0.020629
18567    0.010588
18619    0.006294
18674    0.013358
18882    0.010556
18987    0.009149
18992    0.010655
19216    0.020629
19366    0.003401
19426    0.004806
19785    0.013494
19844    0.009156
20314    0.017200
20582    0.009193
20717    0.006236
20742    0.011239
20791    0.013996
20830    0.011008
20841    0.006452
20844    0.005109
20902    0.008067
21122    0.016070
21129    0.005517
21150    0.008371
