41
212    0.078213
1261    0.123970
2321    0.084114
2440    0.087293
2569    0.083381
2609    0.063518
2710    0.061709
2750    0.150128
3050    0.046244
5170    0.089991
5202    0.053657
5358    0.086457
6262    0.066877
6274    0.109538
7330    0.049839
9641    0.063834
9946    0.094143
10261    0.041702
10975    0.071218
12110    0.045061
13167    0.077079
13169    0.150128
13219    0.074460
13472    0.076531
13482    0.063834
14701    0.090963
14719    0.088159
15600    0.075473
16529    0.094979
16531    0.089057
16676    0.081309
16862    0.058457
17281    0.046859
18485    0.095304
18499    0.068366
18625    0.089991
18674    0.090963
18987    0.062297
19772    0.056747
19785    0.045943
21115    0.039093
