187
115    0.012159
219    0.007895
333    0.007120
686    0.011607
834    0.017441
863    0.014236
1283    0.022788
1286    0.016932
1436    0.010249
1440    0.011943
1456    0.012975
1514    0.012713
1564    0.028449
1575    0.056898
1725    0.026908
1741    0.005331
1862    0.005798
1926    0.013882
2008    0.013160
2084    0.019875
2120    0.009022
2344    0.020613
2558    0.015530
2699    0.021907
2711    0.012014
2744    0.007620
3013    0.013662
3039    0.009416
3043    0.012798
3051    0.058552
3081    0.037403
3086    0.024319
3089    0.027165
3278    0.016932
3575    0.013997
3590    0.021166
3647    0.008027
3743    0.017018
4137    0.013863
4139    0.028449
4380    0.016372
4593    0.022814
4652    0.016271
4678    0.011480
4949    0.012159
5260    0.011543
5268    0.016073
5733    0.019996
5856    0.018251
5881    0.014761
5904    0.014904
6050    0.009689
6306    0.016932
6372    0.006772
6429    0.011480
6743    0.016271
7199    0.008790
7253    0.025632
7380    0.010791
7577    0.025632
7595    0.009232
7817    0.021907
7919    0.025632
7965    0.013066
7969    0.016932
8107    0.006505
8189    0.015703
8233    0.021797
8281    0.013771
8402    0.018702
8446    0.007718
8805    0.024172
8918    0.009416
9003    0.010438
9009    0.013882
9016    0.010157
9203    0.016271
9510    0.010157
9518    0.012107
9529    0.028449
9664    0.009531
9936    0.013771
10107    0.017441
10331    0.015364
10334    0.024825
10376    0.017721
10411    0.034071
10589    0.021171
10699    0.019517
10837    0.004477
10840    0.009689
11103    0.003227
11117    0.007056
11181    0.007870
11184    0.013160
11218    0.006086
11468    0.009981
11503    0.006636
11581    0.011480
11683    0.005359
11803    0.017441
11823    0.022814
11884    0.016932
11973    0.029522
12122    0.007141
12283    0.011204
12300    0.007295
12319    0.015703
12492    0.028449
12793    0.028449
12904    0.007454
12927    0.009609
12999    0.004683
13014    0.006256
13104    0.028449
13127    0.019517
13319    0.009268
13353    0.011008
13357    0.003983
13683    0.018023
13760    0.016271
13767    0.028449
13886    0.007099
13968    0.017441
13970    0.023983
14065    0.003361
14137    0.011806
14339    0.010953
14403    0.028449
14425    0.006694
14498    0.022716
14726    0.027764
15020    0.020539
15131    0.018702
15209    0.015052
15378    0.016480
15470    0.015884
15686    0.020225
15705    0.018348
15867    0.019996
15983    0.011121
16039    0.021166
16371    0.023748
16436    0.015052
16585    0.013230
16592    0.006120
16650    0.016271
16705    0.029817
16941    0.010635
16959    0.008570
17058    0.023983
17144    0.006415
17281    0.008000
17292    0.008954
17407    0.009161
17484    0.004742
17669    0.013504
17769    0.019089
17782    0.019961
18107    0.028449
18182    0.008777
18204    0.014623
18282    0.004411
18317    0.011418
18383    0.008855
18587    0.008726
18652    0.007385
18725    0.011480
18726    0.010845
19212    0.011607
19327    0.006713
19373    0.018023
19844    0.007983
19970    0.056898
20090    0.009653
20122    0.025632
20260    0.012092
20282    0.006221
20760    0.012387
20791    0.016271
20803    0.005646
20848    0.007385
20956    0.011297
21115    0.006674
21253    0.012512
21254    0.026564
21258    0.013771
