36
333    0.047337
1426    0.124341
1451    0.045021
1490    0.050825
1940    0.064685
2119    0.086266
2277    0.039705
2604    0.065788
3050    0.052494
3282    0.091557
3733    0.075509
3858    0.083965
4380    0.036284
5501    0.037542
5675    0.102152
6414    0.103256
6532    0.090836
7736    0.055591
8019    0.045549
8116    0.041024
9200    0.051480
9411    0.035909
10837    0.029766
11117    0.046914
12591    0.056176
14316    0.061864
14498    0.050344
15601    0.069077
15822    0.056176
16119    0.094649
16592    0.081376
19065    0.088131
19127    0.049406
19410    0.034993
20282    0.041364
21253    0.041593
