58
1436    0.072034
1864    0.057183
1944    0.060370
2116    0.057183
2812    0.144360
2861    0.047642
3238    0.036681
4173    0.045919
4317    0.051874
4450    0.027123
4581    0.047280
4599    0.055186
6486    0.047280
6769    0.051390
7000    0.099204
7464    0.053995
7531    0.051906
7835    0.080175
8533    0.033091
8630    0.017178
9209    0.022798
9980    0.083945
10911    0.059504
11130    0.049188
11180    0.022417
11203    0.035227
11744    0.029903
12309    0.037026
12326    0.096788
12331    0.057183
12817    0.034048
12907    0.040126
12999    0.032916
13434    0.009078
14425    0.047047
14604    0.021389
14679    0.080175
14742    0.010205
15239    0.050468
15695    0.037378
15697    0.053995
15983    0.039083
16585    0.023248
17643    0.030889
17782    0.035074
17870    0.031233
18234    0.080175
18411    0.083456
18414    0.080175
18416    0.049602
18649    0.046583
19037    0.041252
19274    0.053434
19546    0.048394
19755    0.076987
20260    0.008499
20841    0.026360
21306    0.039286
