198
978    0.011136
1091    0.013733
1416    0.012605
1595    0.014520
1643    0.018829
1699    0.003259
1862    0.005594
1941    0.008804
1949    0.018389
2093    0.008209
2186    0.017700
2283    0.011015
2460    0.013078
2567    0.015898
2604    0.009546
2710    0.010164
2809    0.020419
2961    0.027445
3192    0.016334
3194    0.022009
3341    0.008804
3567    0.006457
3583    0.012037
3593    0.007902
3596    0.016110
3606    0.017096
3618    0.009505
3619    0.021348
3989    0.015506
4137    0.013374
4258    0.007617
4324    0.047729
4328    0.013503
4344    0.017096
4354    0.014822
4561    0.017700
4810    0.011522
4905    0.015149
5074    0.009120
5079    0.026929
5084    0.038363
5096    0.014382
5217    0.013392
5219    0.017096
5556    0.020620
5567    0.007718
5583    0.017096
5719    0.007796
5953    0.023137
6206    0.020419
6451    0.016825
6485    0.023137
6598    0.007081
6655    0.010620
6758    0.017956
6761    0.007518
7142    0.012026
7188    0.009713
7270    0.032669
7271    0.018042
7387    0.017096
7460    0.011950
7603    0.019814
8040    0.006952
8078    0.005520
8116    0.011905
8170    0.010898
8228    0.016825
8298    0.017387
8428    0.026360
8442    0.010411
8568    0.006119
8630    0.004715
8816    0.026569
8817    0.017387
9361    0.009670
9510    0.009799
9947    0.006402
10343    0.016572
10451    0.015697
10453    0.016110
10454    0.072157
10702    0.020419
10926    0.019290
11089    0.013854
11093    0.020720
11103    0.003114
11138    0.014240
11180    0.006154
11386    0.009308
11527    0.029337
11729    0.018024
11744    0.008209
12283    0.010809
12548    0.008872
12551    0.007147
12591    0.008151
12770    0.018829
12773    0.042267
12855    0.006347
12864    0.017084
12911    0.008838
12987    0.003939
13128    0.021134
13154    0.010360
13157    0.011659
13283    0.014822
13357    0.003843
13434    0.004984
13472    0.012605
13492    0.026569
13501    0.013946
13541    0.012026
13552    0.018415
13584    0.028214
13585    0.015898
13703    0.017700
13866    0.011389
13899    0.022030
13910    0.007542
13939    0.008066
14011    0.020419
14065    0.003242
14439    0.013218
14452    0.049003
14453    0.012183
14604    0.017615
14681    0.017387
14745    0.006294
14787    0.017700
14795    0.016825
14903    0.013854
14946    0.015898
15016    0.011324
15063    0.007848
15210    0.009755
15216    0.010462
15344    0.020046
15445    0.021134
15781    0.018042
15931    0.010956
15936    0.030647
15947    0.015898
16321    0.010116
16487    0.014982
16490    0.012026
16501    0.008066
16585    0.003191
16705    0.007191
16729    0.004473
16772    0.011136
16887    0.016572
16941    0.005130
16944    0.007398
16959    0.008267
17067    0.011324
17093    0.013180
17094    0.013078
17221    0.013979
17484    0.004575
17617    0.016572
17782    0.009628
18086    0.014520
18106    0.016334
18182    0.004234
18186    0.020620
18190    0.012605
18227    0.017387
18247    0.010164
18516    0.021134
18566    0.018042
18619    0.014118
18655    0.017540
18668    0.024693
18713    0.011455
18885    0.016825
19065    0.012788
19426    0.005390
19444    0.013078
19601    0.023137
19823    0.014520
19844    0.012836
19865    0.024727
20082    0.011802
20090    0.009313
20095    0.015149
20251    0.011260
20490    0.021134
20620    0.024539
20628    0.025575
20673    0.012104
20776    0.012695
20818    0.019290
20927    0.006648
20964    0.016774
21051    0.021134
21119    0.013392
21243    0.006223
