168
212    0.026816
219    0.007928
656    0.024081
978    0.011590
1165    0.044464
1941    0.009163
2120    0.009059
2319    0.014294
2569    0.028588
2706    0.007954
2710    0.010579
3029    0.012598
3050    0.015855
3053    0.012063
3297    0.010889
3664    0.014683
3694    0.017001
3789    0.011854
4023    0.007127
4330    0.051472
4378    0.013214
4413    0.032676
4544    0.015113
4545    0.015594
4577    0.013310
4585    0.021996
4629    0.018778
4778    0.015113
4870    0.008825
5043    0.012610
5337    0.024081
5352    0.020864
5358    0.029643
5415    0.010337
5840    0.016338
5865    0.012850
5884    0.022907
5895    0.024081
5899    0.012517
5977    0.007725
6262    0.103182
6274    0.018778
6908    0.007064
6977    0.028565
7292    0.019167
7330    0.008544
7364    0.014294
7377    0.008006
7636    0.011786
7802    0.007574
7897    0.021996
7930    0.014821
7975    0.018778
7989    0.009978
8019    0.013758
8031    0.022907
8120    0.025736
8218    0.006940
8233    0.021886
8351    0.042504
8505    0.011465
9037    0.019167
9282    0.008544
9364    0.009570
9398    0.008957
9400    0.019597
9641    0.032829
9643    0.087985
9770    0.021996
10025    0.020078
10119    0.067072
10140    0.018117
10259    0.014965
10975    0.036627
11112    0.015855
11183    0.010998
11271    0.010065
11330    0.017001
11344    0.013509
11371    0.017249
11750    0.007651
11765    0.018423
12326    0.013827
12519    0.006819
12551    0.007438
12697    0.028565
12880    0.009455
12888    0.060233
12889    0.006551
13050    0.014428
13157    0.012135
13167    0.013214
13219    0.012765
13228    0.009163
13293    0.028565
13314    0.018423
13357    0.004000
13472    0.013120
13482    0.043772
13606    0.056334
13647    0.007579
13909    0.011283
14281    0.022907
14320    0.009688
14536    0.012360
14791    0.024081
14857    0.011786
15080    0.013509
15325    0.015767
15336    0.016338
15468    0.011283
15500    0.028839
15600    0.012938
15604    0.025701
15847    0.021252
15849    0.027224
15850    0.018423
16433    0.025736
16459    0.062375
16529    0.024423
16585    0.011624
16592    0.006145
16676    0.013939
16705    0.007485
16862    0.030064
16873    0.019167
16933    0.021252
17084    0.040156
17281    0.008033
17524    0.022449
17535    0.025736
17669    0.006779
17863    0.017512
17889    0.017249
18005    0.014560
18210    0.022907
18247    0.010579
18260    0.018096
18440    0.017512
18480    0.028565
18499    0.046880
18502    0.031898
18550    0.019167
18567    0.012360
18596    0.018778
18619    0.014694
18625    0.015427
18674    0.031187
18993    0.013509
19215    0.017794
19216    0.048162
19274    0.015267
19785    0.007876
19844    0.008016
20113    0.017794
20314    0.020078
20553    0.020078
20582    0.010731
20717    0.007280
20830    0.025701
20902    0.009417
21012    0.053381
21115    0.013403
21122    0.018759
21129    0.006441
21141    0.014965
21150    0.006514
21152    0.012765
