29
333    0.058383
1451    0.055526
1490    0.062684
1940    0.079778
2120    0.073980
2277    0.048969
2604    0.081139
3050    0.064742
3733    0.093127
4380    0.044751
5501    0.046301
5675    0.125988
6414    0.127349
7736    0.068562
8019    0.056177
8116    0.050596
9411    0.044288
10837    0.036712
14316    0.076299
14498    0.062090
15601    0.085195
15822    0.069284
16117    0.083290
16592    0.100363
19065    0.108695
19127    0.060934
19410    0.043158
20282    0.051015
21253    0.051297
