133
481    0.017084
1184    0.011973
1283    0.021602
1691    0.012878
1699    0.009607
1741    0.015162
1951    0.018450
2102    0.020248
2277    0.016984
2372    0.040454
2744    0.021671
2745    0.012015
3039    0.040168
3043    0.018199
3053    0.017084
3086    0.017290
3089    0.009657
4137    0.009857
4289    0.021403
4301    0.018077
4324    0.014070
4327    0.027753
4380    0.046561
4653    0.078271
5209    0.019903
5217    0.039480
5313    0.028434
5495    0.007760
5523    0.016149
5866    0.010836
5881    0.020990
5928    0.027753
6262    0.016236
6598    0.010437
6624    0.021848
6809    0.017290
7181    0.013498
7188    0.014316
7199    0.012498
7379    0.021193
7531    0.010501
7595    0.013128
7716    0.019581
7820    0.028434
8107    0.009251
8500    0.008896
8581    0.017940
8711    0.014010
8805    0.017186
9087    0.040454
9359    0.034103
9518    0.008608
9740    0.031151
9751    0.024427
10171    0.032441
10334    0.023534
10338    0.011568
10397    0.016598
10897    0.011807
11000    0.036447
11130    0.019903
11184    0.018713
11355    0.007862
11371    0.024427
11474    0.028434
11475    0.025628
11503    0.028310
11531    0.013663
11570    0.012638
12273    0.025465
12889    0.009277
12911    0.013026
12947    0.017958
12987    0.005807
13231    0.020604
13355    0.018819
13357    0.005664
13434    0.011020
13482    0.015497
13909    0.015979
13929    0.030097
14264    0.040454
14287    0.034103
14425    0.009518
14498    0.032301
14701    0.022084
14826    0.024077
15207    0.020794
15229    0.018450
15358    0.030097
15600    0.018323
15684    0.019427
15818    0.012318
15849    0.019277
15912    0.010437
16082    0.026593
16085    0.024427
16352    0.072894
16498    0.021621
16585    0.002352
16959    0.012186
17037    0.012780
17407    0.013026
17507    0.021403
17531    0.011529
17669    0.009601
17707    0.034103
17868    0.016149
17947    0.022587
18282    0.025087
18411    0.016884
18587    0.012407
18898    0.015345
19046    0.015575
19095    0.021403
19278    0.014515
19568    0.024077
19773    0.010155
19822    0.022084
20108    0.019427
20260    0.010317
20275    0.009915
20282    0.008847
20701    0.062301
20760    0.017614
20791    0.046275
20803    0.024087
21113    0.019277
21122    0.013283
21129    0.009121
21253    0.026687
21254    0.025182
21266    0.010940
