43
212    0.071412
2458    0.072499
2569    0.076130
3029    0.067098
3050    0.042223
3162    0.080493
4330    0.137073
4585    0.117154
5043    0.022387
5977    0.041143
6262    0.061062
7364    0.076130
7975    0.100013
9282    0.045505
9643    0.117154
10119    0.089307
10975    0.130051
11372    0.117154
12889    0.034889
13167    0.070376
13219    0.067985
13606    0.100013
14065    0.017974
15325    0.083979
15600    0.068910
15849    0.072499
16459    0.083053
16529    0.086720
16676    0.074239
16734    0.030517
16862    0.053374
17524    0.059783
18005    0.038773
18485    0.087017
18499    0.124842
18550    0.102085
18625    0.082166
19215    0.094771
20553    0.106936
20830    0.068443
21012    0.094771
21115    0.035694
21264    0.062775
