177
212    0.028689
219    0.008482
656    0.025764
978    0.012400
1165    0.031714
1699    0.003629
2043    0.022737
2102    0.007648
2319    0.015293
2569    0.015293
2853    0.015162
3029    0.013478
3050    0.016963
3053    0.012906
3563    0.009619
3664    0.015709
3740    0.024507
3790    0.012072
3791    0.020506
4023    0.007625
4413    0.017479
4544    0.016169
4577    0.014239
4581    0.014453
4639    0.015036
4870    0.009442
5043    0.008994
5337    0.025764
5352    0.022322
5358    0.015857
5415    0.011059
5495    0.011725
5544    0.013748
5865    0.013748
5899    0.013392
5977    0.008264
6165    0.023533
6262    0.085860
6274    0.020090
6908    0.007557
6975    0.027534
7048    0.011426
7292    0.020506
7330    0.009141
7351    0.010539
7378    0.015709
7607    0.016010
7636    0.012610
7802    0.008103
7896    0.012135
7930    0.015857
7967    0.015709
8019    0.014719
8120    0.027534
8218    0.007424
8233    0.011708
8351    0.022737
8505    0.012266
8655    0.022737
9364    0.010238
9398    0.019166
9400    0.020966
9454    0.008859
9641    0.046830
9643    0.070599
9770    0.023533
9944    0.013842
9947    0.007129
9963    0.015709
10119    0.053818
10140    0.019383
10259    0.016010
10475    0.021481
10975    0.026124
10976    0.018454
10999    0.030561
11117    0.007580
11166    0.027534
11183    0.011766
11271    0.010768
11291    0.019037
11344    0.014453
11765    0.019710
12167    0.015427
12245    0.008058
12283    0.006018
12298    0.027534
12326    0.014793
12529    0.022737
12647    0.020506
12880    0.010115
12888    0.064442
12889    0.014016
12894    0.014239
13137    0.024507
13145    0.014345
13157    0.012983
13167    0.028273
13219    0.027313
13357    0.008558
13482    0.035123
13606    0.020090
13647    0.008108
13691    0.033010
13909    0.012072
14222    0.017063
14241    0.027534
14281    0.024507
14320    0.010365
14537    0.008594
14652    0.030561
15293    0.025764
15468    0.012072
15477    0.023533
15500    0.030854
15600    0.013842
15604    0.013748
15850    0.019710
15907    0.009206
16112    0.020506
16429    0.021481
16459    0.016683
16529    0.043549
16578    0.014239
16585    0.007106
16592    0.006574
16705    0.008008
16862    0.021443
16873    0.020506
16886    0.022064
17084    0.021481
17129    0.009306
17484    0.005094
17524    0.024018
17535    0.027534
17624    0.025764
17889    0.018454
18005    0.015577
18210    0.024507
18223    0.016010
18247    0.011318
18451    0.015293
18481    0.030561
18499    0.050155
18502    0.017063
18567    0.013224
18596    0.020090
18619    0.023581
18625    0.016505
18674    0.016683
18992    0.013307
18993    0.014453
19275    0.019710
19277    0.013748
19309    0.024018
19366    0.004247
19440    0.030561
19464    0.008537
19785    0.008426
19844    0.002859
19853    0.030561
20009    0.017266
20113    0.019037
20314    0.021481
20582    0.011481
20717    0.007789
20742    0.014036
20830    0.013748
20902    0.010075
21012    0.038074
21030    0.027534
21115    0.007170
21122    0.020070
21129    0.006891
21141    0.016010
21150    0.003485
21171    0.021481
