128
441    0.041687
450    0.078183
552    0.016511
760    0.026412
828    0.026815
840    0.028210
845    0.026815
889    0.032542
1092    0.030744
1250    0.022278
1416    0.020090
1662    0.022080
2693    0.028210
2694    0.035076
3192    0.026033
3485    0.018810
3618    0.030297
3619    0.017012
3688    0.020090
3888    0.024422
4023    0.010914
4142    0.020531
4324    0.045641
4328    0.021520
4345    0.036874
4777    0.017369
5075    0.007611
5079    0.014306
5084    0.040761
5548    0.019546
5719    0.024848
5756    0.028754
6032    0.043741
6689    0.022695
6708    0.043741
6758    0.028617
6761    0.011982
7802    0.005799
7989    0.015279
8077    0.026033
8078    0.017594
8137    0.039409
8157    0.032542
8204    0.043741
8233    0.016756
8428    0.021006
8442    0.016592
8816    0.042345
9181    0.032542
9229    0.027247
9301    0.020531
9361    0.015412
9980    0.018363
10096    0.021006
10213    0.039409
10245    0.027247
10451    0.050035
10454    0.076667
10701    0.024422
10916    0.028210
11117    0.010849
11138    0.022695
11146    0.014594
11180    0.039229
11213    0.013924
11527    0.046755
11569    0.012424
11841    0.007219
12008    0.022483
12095    0.017461
12283    0.025840
12345    0.011943
12719    0.039409
12855    0.010116
12955    0.035076
12995    0.021701
13040    0.031579
13355    0.010174
13499    0.027710
13501    0.011113
13591    0.021006
13910    0.024042
14066    0.025338
14284    0.030008
14314    0.018472
14439    0.010533
14448    0.025338
14485    0.016123
14604    0.018716
14741    0.015617
14742    0.004465
14903    0.044160
15849    0.020843
16047    0.023878
16094    0.016353
16321    0.016123
16485    0.014195
16490    0.019167
16501    0.025711
16509    0.030169
16585    0.002543
17103    0.031948
17484    0.007291
17781    0.027247
18435    0.015480
18535    0.025676
18589    0.025017
18620    0.040466
19189    0.039409
19343    0.024712
19460    0.010145
19562    0.038834
19563    0.031579
19707    0.014306
19945    0.023142
19967    0.036874
20037    0.043741
20071    0.026033
20082    0.018810
20084    0.087481
20678    0.023378
20771    0.018695
20821    0.026815
20901    0.013564
21058    0.012811
21073    0.043741
21120    0.014031
21247    0.006341
