316
147    0.004664
288    0.006335
621    0.005567
666    0.006783
786    0.006204
828    0.009729
1091    0.015882
1416    0.014577
1423    0.006624
1595    0.008396
1601    0.012726
1643    0.010887
1698    0.008611
1699    0.001884
1707    0.005850
1752    0.006954
1941    0.005091
1949    0.010633
2093    0.004747
2186    0.010235
2283    0.006369
2366    0.007449
2432    0.002740
2469    0.012220
2508    0.006742
2567    0.009193
2587    0.007808
2589    0.007873
2641    0.011154
2693    0.010235
2723    0.004433
2745    0.004713
2762    0.014298
2809    0.011807
3192    0.009445
3194    0.012726
3341    0.005091
3567    0.003734
3583    0.006960
3596    0.009316
3606    0.009885
3618    0.016488
3619    0.018516
3671    0.008571
3759    0.012726
3816    0.013378
3989    0.008966
4023    0.003960
4130    0.007289
4137    0.003867
4141    0.006742
4142    0.014898
4188    0.009583
4258    0.004404
4324    0.022079
4328    0.023423
4344    0.009885
4354    0.008571
4561    0.010235
4810    0.006662
4899    0.004697
4905    0.008760
5018    0.009193
5046    0.010887
5074    0.005274
5075    0.002761
5079    0.015571
5084    0.022183
5096    0.016632
5219    0.019771
5264    0.007562
5501    0.003150
5556    0.011923
5578    0.012039
5583    0.009885
5719    0.004508
5953    0.013378
5975    0.009735
6206    0.011807
6270    0.009316
6277    0.013378
6323    0.007341
6365    0.005232
6451    0.009729
6485    0.013378
6598    0.012283
6655    0.006141
6755    0.009885
6758    0.020765
6888    0.009885
7021    0.014298
7068    0.012726
7130    0.012220
7142    0.006954
7194    0.006020
7270    0.018890
7271    0.010432
7330    0.004747
7387    0.009885
7460    0.006910
7493    0.007394
7603    0.011457
7716    0.007682
7726    0.008234
7753    0.004333
7806    0.009583
8025    0.004347
8040    0.004020
8078    0.003192
8116    0.003442
8181    0.005190
8228    0.009729
8298    0.010053
8422    0.013378
8428    0.022863
8442    0.006020
8446    0.004305
8568    0.003538
8630    0.002727
8816    0.053771
9118    0.005014
9179    0.006742
9200    0.004319
9229    0.009885
9361    0.005592
9518    0.006753
9881    0.007682
9947    0.007404
10146    0.015242
10162    0.009885
10343    0.009583
10451    0.018153
10453    0.018631
10454    0.048678
10527    0.014298
10589    0.005905
10701    0.026581
10702    0.011807
10714    0.005496
10773    0.005405
10916    0.010235
10926    0.022309
11093    0.011981
11103    0.001800
11112    0.004404
11138    0.008234
11180    0.010675
11203    0.005592
11207    0.005691
11271    0.005592
11344    0.007505
11527    0.008482
11565    0.011457
11683    0.002989
11697    0.010053
11729    0.005211
11744    0.004747
11782    0.003936
11841    0.007857
11984    0.006475
12283    0.009375
12300    0.004069
12519    0.003788
12548    0.005130
12551    0.004132
12765    0.009915
12770    0.010887
12773    0.024440
12847    0.014298
12853    0.005052
12855    0.003670
12864    0.009879
12904    0.004158
12911    0.005110
12947    0.007045
12948    0.010053
12987    0.004556
13038    0.014298
13128    0.012220
13154    0.011981
13207    0.014298
13228    0.005091
13283    0.008571
13356    0.008663
13357    0.002222
13362    0.014298
13434    0.004323
13492    0.015363
13496    0.011807
13501    0.012096
13541    0.006954
13552    0.010648
13584    0.016314
13585    0.009193
13592    0.010887
13866    0.006585
13886    0.003960
13899    0.012739
13909    0.006268
13910    0.004361
13939    0.004664
14011    0.011807
14012    0.006236
14073    0.010992
14303    0.004569
14439    0.011465
14440    0.010235
14452    0.028335
14453    0.007045
14486    0.010235
14604    0.010185
14727    0.007808
14742    0.004860
14787    0.010235
14795    0.019458
14903    0.008011
14943    0.009316
14957    0.021297
15063    0.004538
15210    0.005641
15216    0.006049
15344    0.005796
15445    0.012220
15660    0.008314
15716    0.008396
15822    0.004713
15911    0.008314
15931    0.006335
15936    0.008860
15947    0.009193
15981    0.010235
15983    0.006204
16063    0.012537
16321    0.005850
16487    0.008663
16490    0.006954
16504    0.010235
16585    0.008303
16729    0.002586
16732    0.003948
16791    0.007341
16941    0.008899
16944    0.004278
16952    0.006702
16959    0.019122
17067    0.006548
17083    0.011807
17093    0.015242
17094    0.007562
17379    0.013378
17484    0.005291
17617    0.009583
17781    0.019771
17782    0.011135
17908    0.012726
18018    0.008234
18106    0.009445
18167    0.002442
18182    0.002448
18186    0.005962
18190    0.014577
18227    0.010053
18247    0.005877
18282    0.002460
18383    0.009879
18438    0.008966
18566    0.010432
18589    0.009077
18619    0.016327
18620    0.007341
18652    0.004120
18655    0.005071
18668    0.021417
18713    0.006624
18773    0.011457
18882    0.003423
18887    0.007289
19314    0.008663
19343    0.008966
19349    0.006742
19601    0.013378
19702    0.014298
19758    0.014298
19760    0.009583
19823    0.008396
19844    0.005938
20082    0.006824
20090    0.005385
20095    0.008760
20116    0.008571
20232    0.013378
20620    0.014189
20625    0.009193
20626    0.013022
20628    0.036971
20709    0.014298
20717    0.004044
20742    0.007289
20855    0.009885
20859    0.008157
20901    0.004921
20927    0.003844
20964    0.009699
20972    0.008663
21005    0.005071
21016    0.006020
21020    0.008966
21051    0.012220
21058    0.004648
21119    0.007744
21150    0.005429
21152    0.007091
21186    0.012726
21243    0.003598
21266    0.004292
21319    0.014298
