337
621    0.010470
666    0.006378
828    0.009148
851    0.006581
1091    0.014934
1240    0.004732
1416    0.013707
1595    0.007895
1601    0.011966
1643    0.010237
1698    0.008097
1699    0.001772
1752    0.006539
1859    0.006228
1941    0.004787
1949    0.009998
2093    0.004463
2186    0.009624
2283    0.005989
2307    0.010488
2366    0.007004
2432    0.002577
2460    0.007111
2469    0.011491
2508    0.006339
2567    0.008644
2587    0.007341
2589    0.007403
2641    0.010488
2693    0.009624
2723    0.004169
2745    0.004432
2762    0.013444
2809    0.011102
2857    0.005688
3192    0.008881
3194    0.011966
3341    0.004787
3567    0.003511
3583    0.006544
3596    0.008759
3606    0.009295
3618    0.010336
3619    0.023214
3759    0.011966
3816    0.012580
3989    0.008431
4023    0.003723
4130    0.006854
4137    0.003636
4141    0.006339
4142    0.014008
4188    0.009010
4258    0.004141
4271    0.007895
4324    0.020760
4328    0.022024
4344    0.018590
4354    0.008059
4551    0.013444
4561    0.009624
4662    0.005281
4718    0.009010
4810    0.006265
4899    0.004416
4905    0.008237
5018    0.008644
5046    0.010237
5074    0.004959
5075    0.005193
5079    0.014642
5084    0.020858
5096    0.015639
5219    0.018590
5264    0.007111
5556    0.011211
5578    0.005660
5583    0.009295
5680    0.010488
5719    0.004239
5953    0.012580
5975    0.009153
6175    0.012580
6206    0.011102
6270    0.008759
6277    0.012580
6323    0.006903
6365    0.004919
6451    0.009148
6485    0.012580
6655    0.005774
6755    0.009295
6758    0.013017
6762    0.005774
6888    0.009295
7021    0.013444
7068    0.011966
7130    0.011491
7142    0.013078
7194    0.005660
7270    0.017762
7271    0.009809
7387    0.009295
7460    0.006497
7493    0.006953
7603    0.010773
7716    0.007223
7726    0.007742
7753    0.004074
7833    0.003826
8025    0.004088
8040    0.003780
8078    0.003001
8116    0.003236
8181    0.004881
8228    0.009148
8298    0.009453
8422    0.012580
8428    0.021498
8442    0.005660
8446    0.004048
8505    0.005989
8568    0.003327
8594    0.005745
8630    0.002564
8816    0.050561
9106    0.007533
9118    0.004714
9179    0.006339
9229    0.009295
9361    0.005258
9518    0.006350
9881    0.007223
9947    0.010443
10146    0.014332
10162    0.009295
10261    0.003735
10343    0.009010
10382    0.008881
10451    0.017069
10453    0.017519
10454    0.045771
10527    0.013444
10589    0.005552
10701    0.024994
10702    0.011102
10714    0.005168
10773    0.005082
10916    0.009624
10926    0.020977
11093    0.016899
11103    0.001693
11117    0.003701
11138    0.007742
11180    0.010037
11203    0.005258
11207    0.005352
11271    0.005258
11344    0.007057
11527    0.007975
11565    0.010773
11683    0.002811
11697    0.009453
11729    0.004900
11744    0.004463
11769    0.013444
11782    0.003701
11841    0.007388
11975    0.009453
11984    0.006088
12283    0.008815
12300    0.003826
12356    0.008431
12415    0.004593
12548    0.004824
12551    0.003886
12591    0.004432
12765    0.004662
12770    0.010237
12773    0.022981
12847    0.013444
12853    0.004750
12855    0.003451
12864    0.009289
12904    0.003910
12911    0.004805
12947    0.006624
12948    0.009453
12987    0.004284
13038    0.013444
13128    0.011491
13154    0.011266
13207    0.013444
13228    0.004787
13283    0.024177
13355    0.006942
13357    0.002089
13362    0.013444
13434    0.004065
13466    0.003491
13492    0.014446
13496    0.011102
13501    0.011374
13541    0.006539
13552    0.010013
13584    0.015340
13585    0.008644
13592    0.010237
13866    0.006192
13886    0.003723
13899    0.011978
13909    0.005894
13910    0.004101
13939    0.004386
14011    0.011102
14012    0.005864
14073    0.005168
14303    0.004296
14391    0.006302
14439    0.010780
14440    0.009624
14452    0.035525
14453    0.006624
14486    0.009624
14604    0.009577
14727    0.007341
14742    0.004570
14787    0.009624
14795    0.018296
14865    0.005774
14868    0.008059
14890    0.010773
14903    0.007533
14943    0.008759
14957    0.020025
15063    0.004267
15210    0.005304
15216    0.005688
15344    0.005450
15445    0.011491
15660    0.007817
15716    0.007895
15822    0.004432
15907    0.004495
15911    0.007817
15931    0.005957
15936    0.008331
15947    0.008644
15981    0.009624
15983    0.005833
16321    0.005500
16487    0.008146
16490    0.006539
16585    0.009542
16729    0.002432
16732    0.003712
16791    0.006903
16941    0.008368
16944    0.004022
16952    0.006302
16959    0.017980
17067    0.006157
17083    0.011102
17093    0.014332
17094    0.007111
17379    0.012580
17484    0.004975
17617    0.009010
17781    0.018590
17782    0.010470
17908    0.011966
18018    0.007742
18106    0.008881
18159    0.011433
18167    0.002296
18182    0.002302
18186    0.005606
18187    0.010237
18190    0.020561
18205    0.008059
18227    0.009453
18247    0.005526
18282    0.002313
18383    0.009289
18438    0.008431
18566    0.009809
18589    0.008535
18619    0.011514
18652    0.003874
18655    0.004768
18668    0.020139
18713    0.006228
18744    0.029844
18773    0.010773
18882    0.003219
18887    0.006854
19065    0.006953
19225    0.005019
19314    0.008146
19343    0.008431
19349    0.006339
19601    0.012580
19702    0.013444
19758    0.013444
19760    0.009010
19823    0.007895
19844    0.005583
20082    0.012834
20090    0.005063
20095    0.008237
20116    0.008059
20232    0.012580
20620    0.008895
20625    0.008644
20626    0.012245
20628    0.041717
20709    0.013444
20717    0.003803
20742    0.006854
20855    0.009295
20859    0.007670
20901    0.004627
20927    0.003615
20964    0.009120
20972    0.008146
21016    0.005660
21020    0.008431
21051    0.011491
21058    0.004370
21119    0.007281
21132    0.006624
21150    0.005104
21152    0.006668
21186    0.011966
21243    0.003384
21266    0.004035
21319    0.013444
