184
333    0.007149
666    0.012209
689    0.028839
1069    0.013408
1072    0.013827
1097    0.009570
1199    0.017794
1204    0.009893
1283    0.030508
1436    0.010291
1440    0.011992
1490    0.007676
1529    0.010998
1689    0.009093
1699    0.003392
1741    0.010706
1746    0.008761
1762    0.007325
2102    0.007149
2277    0.005996
2394    0.017249
2604    0.009935
2723    0.007980
2744    0.030605
2882    0.020769
2981    0.013718
3039    0.037818
3077    0.010731
3086    0.048836
3089    0.027276
3400    0.015113
3571    0.010529
3685    0.018096
3726    0.009978
3734    0.012938
3745    0.025196
3834    0.020078
3842    0.018540
4213    0.024081
4265    0.014821
4380    0.010959
4401    0.022907
4450    0.007750
4571    0.014419
4620    0.015113
4803    0.019167
4872    0.013120
5016    0.028565
5329    0.019597
5495    0.005480
5501    0.005670
5515    0.007750
5675    0.015427
5866    0.007651
5881    0.014821
6262    0.011465
6372    0.006799
6414    0.015594
6429    0.011527
6430    0.012438
7058    0.022907
7199    0.017651
7595    0.009270
7802    0.003787
7948    0.013120
8019    0.006879
8107    0.006532
8116    0.006195
8404    0.019597
8630    0.009816
8845    0.010065
8918    0.018909
9016    0.010199
9136    0.012360
9408    0.015949
9411    0.005423
9424    0.012209
9518    0.012156
9523    0.011720
9736    0.015427
9751    0.017249
9947    0.006663
10338    0.057180
10421    0.011465
10605    0.017148
10837    0.008991
10893    0.018096
11014    0.010480
11016    0.016139
11103    0.006481
11117    0.007085
11180    0.006405
11184    0.013214
11197    0.018778
11201    0.006760
11207    0.010244
11440    0.014419
11503    0.006663
11603    0.021252
11788    0.014821
12005    0.011490
12122    0.014341
12167    0.014419
12272    0.035024
12273    0.017981
12297    0.042504
12660    0.010291
12662    0.021252
12820    0.055755
12904    0.007485
12951    0.062375
12987    0.004100
12999    0.004702
13083    0.024081
13100    0.022907
13434    0.002594
13479    0.020623
13545    0.015594
13568    0.010480
13837    0.022907
13939    0.008395
14303    0.008224
14365    0.017249
14498    0.015206
14537    0.008033
15039    0.024081
15081    0.010199
15207    0.014683
15686    0.010154
15717    0.022907
15792    0.010109
15822    0.008484
15912    0.007370
16030    0.010480
16099    0.028565
16117    0.010199
16592    0.012289
16724    0.009935
16729    0.018622
16880    0.009810
16882    0.032676
16941    0.005339
17051    0.008366
17093    0.013718
17144    0.006441
17472    0.028565
17531    0.016282
17868    0.011403
18020    0.016768
18152    0.021996
18203    0.009493
18282    0.004429
18381    0.028565
18587    0.008761
18726    0.021778
19127    0.007461
19212    0.011655
19410    0.021138
19718    0.010889
19751    0.013408
19757    0.014172
19773    0.007170
19820    0.009648
19844    0.002672
20275    0.007001
20282    0.012493
20418    0.024081
20468    0.015113
20481    0.013509
20695    0.012438
20699    0.028565
20700    0.015267
20717    0.007280
20785    0.019376
20803    0.017009
20848    0.007415
20927    0.006919
21118    0.022107
21212    0.021252
21234    0.018778
21253    0.006281
21254    0.008891
21266    0.007725
21317    0.028565
