170
352    0.022541
552    0.012403
621    0.011527
1127    0.020143
1204    0.011379
1245    0.012587
1436    0.023673
1662    0.016586
1864    0.018792
1944    0.019840
2114    0.013047
2116    0.018792
2737    0.011284
2812    0.071163
2861    0.015657
2984    0.021191
2987    0.019555
3192    0.019555
3238    0.012055
3341    0.010540
3567    0.007731
3583    0.007205
3617    0.020143
3888    0.018345
4151    0.014217
4153    0.015538
4173    0.015091
4317    0.017048
4319    0.016301
4450    0.008914
4500    0.014585
4581    0.015538
4599    0.018136
4620    0.017383
4622    0.024445
4811    0.014217
4905    0.018136
4965    0.020467
5096    0.017218
5239    0.019840
5495    0.006303
5614    0.011284
5765    0.020815
6121    0.026348
6486    0.015538
6489    0.019287
6596    0.008273
6758    0.021496
6762    0.012714
6769    0.016889
6844    0.012779
7000    0.032602
7464    0.017745
7531    0.017058
7583    0.017561
7642    0.013259
7834    0.022047
7835    0.026348
8019    0.007912
8170    0.026094
8275    0.012463
8533    0.010875
8608    0.024445
8630    0.016936
9152    0.015904
9209    0.007492
9426    0.019840
9792    0.024445
9980    0.027587
10074    0.009428
10911    0.019555
10932    0.014781
10942    0.022195
11103    0.003727
11130    0.032330
11180    0.007367
11181    0.018178
11203    0.011577
11609    0.020467
11744    0.009827
11747    0.012226
11817    0.021599
11841    0.005422
11958    0.013259
11981    0.026348
12053    0.015199
12166    0.012226
12273    0.010341
12307    0.039732
12309    0.048672
12326    0.031808
12331    0.037585
12345    0.008971
12817    0.011190
12864    0.010226
12867    0.015091
12907    0.013187
12999    0.010818
13228    0.010540
13295    0.017048
13434    0.005967
13501    0.041741
13633    0.021191
14425    0.023192
14604    0.007029
14614    0.025301
14679    0.026348
14742    0.006708
14917    0.032330
15028    0.019840
15038    0.016889
15044    0.022541
15239    0.016586
15271    0.012111
15695    0.012284
15697    0.017745
15853    0.023094
15983    0.012844
16060    0.012844
16063    0.012978
16234    0.021599
16299    0.015657
16302    0.016441
16504    0.021191
16585    0.011460
17066    0.014781
17115    0.016301
17117    0.008029
17144    0.007408
17331    0.012168
17484    0.005477
17643    0.010151
17774    0.023721
17782    0.011527
17836    0.018345
17854    0.014491
17870    0.010264
17873    0.016165
17922    0.011679
18234    0.026348
18411    0.027427
18413    0.027699
18414    0.026348
18416    0.032602
18619    0.008451
18649    0.015309
19037    0.013557
19274    0.035121
19460    0.007621
19546    0.015904
19693    0.017213
19751    0.015422
19755    0.025301
19773    0.008248
20090    0.005575
20260    0.002793
20274    0.011428
20281    0.011890
20327    0.024445
20414    0.026348
20534    0.010963
20601    0.011379
20620    0.009793
20841    0.017326
20844    0.006860
21115    0.007709
21150    0.003746
21243    0.007450
21306    0.025822
21310    0.013332
