363
72    0.008017
227    0.007201
333    0.003111
398    0.009968
455    0.008329
469    0.003869
568    0.004786
583    0.006861
637    0.010479
686    0.005072
702    0.004625
722    0.008974
1066    0.006786
1081    0.011757
1097    0.004164
1173    0.006450
1190    0.005750
1222    0.006450
1276    0.005792
1283    0.009957
1400    0.007875
1403    0.028152
1415    0.005188
1422    0.007743
1440    0.005219
1466    0.005379
1471    0.007621
1560    0.010479
1633    0.005835
1665    0.006861
1681    0.005100
1682    0.006512
1691    0.003957
1692    0.005924
1699    0.002952
1725    0.005879
1741    0.027955
1746    0.003813
1762    0.003187
1792    0.006713
1919    0.004361
1941    0.003987
1951    0.005669
2010    0.010479
2014    0.004936
2015    0.005709
2018    0.007621
2111    0.009572
2153    0.011200
2165    0.007023
2224    0.005158
2230    0.008017
2277    0.013047
2278    0.005044
2281    0.009669
2321    0.006275
2380    0.011261
2558    0.006786
2671    0.008017
2710    0.004604
2744    0.003330
2754    0.009248
2801    0.006940
2882    0.022595
2947    0.004478
3009    0.007110
3039    0.016457
3043    0.005592
3051    0.008528
3089    0.005935
3090    0.005281
3191    0.019931
3238    0.004561
3249    0.008172
3284    0.007621
3298    0.005482
3311    0.008172
3603    0.007023
3682    0.016343
3743    0.003718
3794    0.008172
3917    0.008017
4033    0.009248
4132    0.007297
4137    0.003029
4240    0.005094
4258    0.006900
4271    0.006577
4289    0.006577
4378    0.005750
4380    0.021461
4651    0.009968
4690    0.006220
4695    0.007201
4697    0.004561
4778    0.006577
4798    0.007297
4835    0.008017
5043    0.001829
5075    0.004326
5274    0.007621
5501    0.004934
5578    0.004715
5695    0.007398
5830    0.009248
5856    0.003987
5866    0.003330
5881    0.006450
5904    0.006512
5955    0.010479
5977    0.003362
6102    0.008341
6111    0.009572
6115    0.006450
6116    0.010479
6315    0.018496
6319    0.011847
6462    0.007398
6489    0.021891
6596    0.006260
6598    0.003207
6628    0.011522
6630    0.005879
6783    0.008017
6827    0.005219
6908    0.003074
6984    0.003705
7000    0.006167
7097    0.004786
7110    0.006577
7168    0.002474
7188    0.004399
7199    0.007681
7236    0.007297
7303    0.006512
7319    0.008528
7380    0.004715
7504    0.008974
7514    0.006512
7524    0.003555
7531    0.006454
7595    0.008068
7636    0.015387
7683    0.008528
7714    0.005413
7802    0.001648
7833    0.003187
7892    0.004835
7969    0.007398
7987    0.004936
8107    0.014213
8129    0.008974
8211    0.007506
8212    0.007297
8536    0.005518
8568    0.002772
8594    0.004786
8781    0.011480
8783    0.004098
8891    0.018496
8900    0.012431
9003    0.004561
9016    0.013315
9118    0.003927
9200    0.003383
9340    0.010479
9391    0.011200
9398    0.003898
9408    0.006940
9411    0.002360
9523    0.025501
9739    0.006116
9747    0.010087
9750    0.008974
9752    0.024051
9819    0.009572
9864    0.011200
9873    0.003869
9929    0.010479
9990    0.008528
9991    0.005879
10011    0.007110
10074    0.003567
10146    0.023879
10334    0.025310
10338    0.007109
10354    0.004438
10397    0.010200
10420    0.004989
10421    0.014967
10575    0.007110
10577    0.011200
10718    0.009248
10736    0.010479
10813    0.009968
10837    0.001956
10846    0.008329
10897    0.003628
10993    0.010479
11014    0.013682
11016    0.014046
11024    0.009572
11103    0.001410
11184    0.005750
11213    0.011871
11218    0.005319
11320    0.037530
11386    0.004216
11434    0.003416
11445    0.005044
11503    0.002900
11683    0.004683
11757    0.004164
11782    0.006166
11911    0.009572
12005    0.005000
12078    0.011200
12122    0.006241
12230    0.003855
12245    0.003277
12273    0.007825
12277    0.013153
12281    0.008737
12283    0.007343
12300    0.003187
12413    0.006275
12414    0.006644
12569    0.006861
12591    0.003692
12630    0.007875
12642    0.006940
12659    0.004199
12660    0.004478
12817    0.025400
12818    0.011339
12820    0.006066
12889    0.002851
12904    0.006514
12948    0.007875
12978    0.005346
12987    0.001784
13083    0.010479
13154    0.004692
13179    0.004625
13354    0.007398
13355    0.005783
13357    0.019146
13434    0.007901
13514    0.016343
13530    0.005044
13552    0.008341
13568    0.004561
13596    0.010479
13646    0.009968
13791    0.006512
13886    0.003102
13929    0.009248
14208    0.008737
14303    0.003579
14305    0.005669
14406    0.011314
14498    0.003309
14537    0.006991
14538    0.005072
14579    0.005879
14742    0.002538
14749    0.004251
14796    0.007944
14811    0.006331
15038    0.006390
15063    0.003555
15081    0.004438
15158    0.007621
15358    0.018496
15555    0.004287
15556    0.005346
15575    0.008172
15695    0.004647
15844    0.015012
15906    0.008574
15907    0.003745
15917    0.007398
16026    0.005379
16030    0.013682
16084    0.011200
16086    0.009968
16176    0.006331
16348    0.008974
16479    0.009572
16575    0.005447
16585    0.005781
16592    0.002674
16612    0.006066
16695    0.007875
16705    0.006514
16707    0.008956
16729    0.004052
16732    0.003092
16941    0.004647
17161    0.011200
17208    0.010479
17345    0.005592
17407    0.004003
17447    0.006066
17531    0.007085
17563    0.008341
17868    0.009925
17938    0.011200
17947    0.013881
18105    0.006512
18180    0.006713
18182    0.001918
18385    0.007398
18411    0.010376
18416    0.006167
18435    0.004399
18446    0.005669
18558    0.008172
18579    0.006786
18580    0.005518
18619    0.015986
18724    0.010964
18726    0.014216
18928    0.008737
18951    0.024068
19043    0.003439
19127    0.003247
19133    0.007023
19177    0.003567
19262    0.004216
19278    0.002230
19383    0.005750
19393    0.011200
19503    0.005379
19543    0.004399
19580    0.014219
19582    0.007875
19589    0.006116
19707    0.004066
19715    0.008172
19844    0.004651
19962    0.016034
20090    0.002109
20275    0.018280
20382    0.019169
20433    0.007201
20468    0.006577
20714    0.004098
20717    0.003168
20746    0.007743
20768    0.005850
20803    0.002467
20844    0.002595
20946    0.003351
20972    0.006786
21083    0.005188
21122    0.004082
21150    0.008504
21155    0.005016
21253    0.010934
21254    0.038690
21258    0.006017
21266    0.006723
