285
450    0.008144
629    0.025007
702    0.006781
828    0.011173
953    0.013158
978    0.007395
1091    0.009120
1100    0.015364
1116    0.007936
1173    0.009456
1191    0.016420
1239    0.018225
1240    0.005780
1272    0.006656
1293    0.016420
1337    0.054676
1416    0.008371
1486    0.009456
1595    0.009642
1637    0.018225
1681    0.007478
1689    0.005802
1699    0.002164
1762    0.004673
1949    0.006106
2508    0.015485
2567    0.010557
2688    0.006366
2861    0.017370
3123    0.014034
3192    0.010847
3193    0.010176
3583    0.007993
3594    0.011754
3597    0.010698
3618    0.012624
3619    0.028353
3632    0.007478
3647    0.005142
3754    0.017238
4072    0.011353
4081    0.011981
4142    0.017109
4195    0.004913
4324    0.038034
4443    0.018225
4488    0.008893
4496    0.011173
4639    0.008967
4777    0.007237
4811    0.007886
4870    0.005631
4901    0.009843
5043    0.002682
5075    0.006343
5079    0.029804
5084    0.008492
5096    0.009551
5225    0.008893
5352    0.013312
5374    0.011754
5431    0.015364
5719    0.015530
5806    0.008430
5828    0.011981
5988    0.007395
5991    0.013373
6050    0.006207
6371    0.012810
6372    0.004338
6429    0.007354
6468    0.012810
6596    0.004589
6597    0.013158
6598    0.009404
6755    0.011353
6756    0.006880
6758    0.023847
6761    0.009985
6790    0.019481
7129    0.009283
7142    0.007986
7194    0.006913
7270    0.010847
7330    0.005451
7396    0.012229
7472    0.010698
7487    0.011353
7600    0.008199
7650    0.006814
7714    0.007936
7748    0.008492
7753    0.004976
7833    0.004673
7887    0.012229
7985    0.008967
7987    0.007237
7988    0.008893
8019    0.004389
8078    0.003665
8116    0.003953
8170    0.007237
8178    0.018225
8200    0.007395
8233    0.006982
8288    0.010424
8374    0.012229
8428    0.043762
8430    0.018225
8442    0.006913
8446    0.009889
8449    0.011005
8816    0.035287
8834    0.015364
9181    0.013559
9454    0.005283
9510    0.006507
9518    0.003878
9803    0.010176
9945    0.007790
9947    0.004251
9980    0.007651
9991    0.008619
10096    0.008752
10140    0.005780
10189    0.016420
10261    0.013683
10291    0.011005
10451    0.010424
10453    0.010698
10454    0.047917
10689    0.007607
10701    0.010176
10884    0.018225
11093    0.006880
11117    0.004520
11138    0.009456
11180    0.012259
11181    0.005041
11207    0.006536
11213    0.005802
11236    0.010698
11261    0.016420
11345    0.018225
11355    0.003542
11386    0.006181
11390    0.008199
11435    0.016420
11527    0.009741
11562    0.008685
11564    0.030729
11591    0.008893
11600    0.010557
11744    0.005451
11782    0.004520
11791    0.013559
11841    0.006015
12245    0.009611
12283    0.003589
12300    0.004673
12519    0.004351
12521    0.011546
12548    0.005891
12551    0.009491
12591    0.005413
12763    0.016398
12765    0.005694
12853    0.005802
12947    0.008090
12948    0.023091
12985    0.012503
13154    0.006880
13159    0.012810
13283    0.009843
13353    0.007052
13394    0.025007
13434    0.001655
13470    0.008430
13501    0.004631
13584    0.009368
13601    0.008312
13647    0.004836
13892    0.009456
13895    0.012229
13899    0.029259
13910    0.025043
13912    0.010847
14011    0.027118
14012    0.007161
14015    0.010297
14073    0.012624
14093    0.007743
14290    0.014615
14303    0.010494
14425    0.004288
14439    0.004389
14453    0.008090
14485    0.013436
14490    0.008685
14604    0.011697
14742    0.001860
14745    0.004179
14865    0.007052
15137    0.010297
15140    0.004992
15145    0.015364
15344    0.019968
15368    0.017370
15555    0.006285
15571    0.010424
15658    0.012503
15716    0.009642
15931    0.021827
16063    0.014398
16176    0.009283
16211    0.016420
16281    0.018225
16321    0.006718
16585    0.005297
16732    0.004534
16791    0.008430
16815    0.010176
16941    0.003407
16976    0.021694
17083    0.013559
17144    0.004109
17167    0.011173
17757    0.008967
17782    0.006394
17840    0.013158
17870    0.005694
18133    0.007986
18158    0.006814
18182    0.002811
18186    0.006847
18190    0.025112
18206    0.015364
18282    0.002826
18439    0.013559
18589    0.010424
18619    0.014063
18652    0.004731
18654    0.011981
18655    0.005824
18887    0.008371
18982    0.012503
19046    0.007017
19065    0.008492
19086    0.010698
19222    0.018225
19232    0.005715
19278    0.003270
19366    0.002533
19416    0.006207
19460    0.004227
19535    0.006625
19823    0.019285
19844    0.005114
20058    0.012503
20082    0.007837
20090    0.003092
20281    0.006595
20563    0.009843
20620    0.010864
20624    0.009042
20625    0.010557
20626    0.014955
20627    0.007315
20628    0.033967
20848    0.004731
20868    0.008037
20901    0.005652
20915    0.009642
20964    0.005570
21005    0.005824
21016    0.013827
21052    0.011005
21076    0.014034
21087    0.005301
21094    0.016861
21123    0.013559
21135    0.009456
21136    0.027118
21215    0.015364
21277    0.014034
