173
219    0.009338
333    0.016841
370    0.013504
372    0.022118
469    0.010472
504    0.018786
621    0.011804
686    0.013728
688    0.023083
708    0.021315
803    0.022577
929    0.023083
1283    0.017967
1382    0.015793
1490    0.009041
1859    0.014043
1987    0.028365
2277    0.014126
2290    0.018572
2291    0.022118
2344    0.008126
2432    0.005810
2604    0.023405
2691    0.017983
2745    0.009993
3050    0.009338
3086    0.014381
3450    0.063946
3451    0.012763
3726    0.023506
3753    0.022118
4023    0.008395
4176    0.017801
4252    0.028365
4380    0.019363
4400    0.022118
4662    0.011907
4871    0.014043
5043    0.004951
5142    0.021315
5415    0.012176
5495    0.006454
5523    0.013432
5554    0.024291
5573    0.015793
5695    0.020025
5866    0.027037
6262    0.013504
6414    0.018368
6719    0.011318
6743    0.019244
7136    0.026982
7180    0.015912
7199    0.031186
7236    0.019751
7377    0.009431
7523    0.012954
7524    0.028865
7531    0.008734
7790    0.028365
7857    0.025032
8019    0.008102
8043    0.020627
8107    0.007694
8116    0.007297
8162    0.020317
8301    0.020025
8624    0.013883
8630    0.005781
8711    0.011653
8805    0.014294
8995    0.033647
9158    0.024291
9179    0.014294
9398    0.010550
9426    0.020317
9442    0.015345
9523    0.013805
9532    0.020959
9588    0.030314
9641    0.012890
9747    0.013652
9749    0.017137
9873    0.010472
9947    0.007849
10105    0.009589
10354    0.012013
10759    0.026982
10768    0.033647
10784    0.018786
10786    0.018786
10837    0.010590
11103    0.003817
11340    0.016286
11475    0.021315
11613    0.014559
11739    0.019491
11741    0.025909
11939    0.028365
12038    0.025032
12048    0.012954
12059    0.028365
12110    0.018198
12283    0.006626
12889    0.007716
12904    0.008816
12974    0.012763
13016    0.033647
13319    0.010962
13352    0.010172
13355    0.007826
13434    0.003055
13580    0.016396
13805    0.033647
13964    0.014381
14065    0.003975
14217    0.020317
14316    0.011005
14498    0.008955
14538    0.013728
14717    0.014043
15063    0.009622
15686    0.011960
15822    0.029979
15849    0.016033
15878    0.020025
16094    0.012579
16117    0.036039
16448    0.024291
16585    0.005868
16592    0.036189
16705    0.008816
16862    0.011804
16871    0.023649
16885    0.015453
17037    0.010630
17105    0.009753
17281    0.009462
17366    0.012826
17701    0.033647
18003    0.012826
18182    0.010381
18587    0.010320
18619    0.008654
18719    0.016554
18725    0.013578
18955    0.021700
19003    0.028365
19127    0.008789
19261    0.010064
19480    0.015793
19547    0.033647
19844    0.009442
20090    0.011417
20260    0.005721
20275    0.008247
20282    0.022074
20305    0.016837
20432    0.015035
20673    0.014839
20778    0.015793
20834    0.033647
20902    0.011092
20927    0.008150
20964    0.010282
20966    0.025909
20996    0.026982
21115    0.007894
21152    0.015035
21247    0.004878
21253    0.007399
21254    0.010472
21299    0.020025
