293
147    0.005041
242    0.015454
621    0.012035
661    0.010516
721    0.015454
810    0.015454
828    0.010516
1091    0.017167
1192    0.011510
1240    0.005440
1280    0.012762
1416    0.007878
1595    0.009075
1601    0.013755
1643    0.011768
1698    0.009307
1707    0.012645
1846    0.005992
1940    0.005866
1941    0.005502
1949    0.005746
2048    0.013769
2186    0.011063
2283    0.006884
2307    0.012057
2469    0.013209
2508    0.007287
2510    0.019873
2567    0.009936
2589    0.008510
2641    0.012057
2693    0.011063
2723    0.004792
2744    0.004594
2745    0.005094
2809    0.012762
2869    0.014461
3192    0.010209
3193    0.009577
3567    0.004036
3583    0.003761
3593    0.009877
3606    0.010685
3618    0.017822
3619    0.013342
3820    0.009691
3922    0.010685
3977    0.010358
3989    0.019382
4130    0.015756
4137    0.004179
4142    0.008051
4195    0.009248
4258    0.004760
4324    0.017898
4328    0.008439
4344    0.021370
4354    0.009264
4492    0.006179
4718    0.010358
4810    0.007201
5018    0.009936
5056    0.029073
5074    0.005700
5075    0.002985
5079    0.022441
5084    0.023977
5096    0.008989
5219    0.010685
5264    0.008174
5403    0.017153
5556    0.006444
5578    0.006507
5583    0.010685
5584    0.008817
5719    0.004872
5845    0.017153
6175    0.014461
6206    0.025523
6270    0.010069
6277    0.014461
6430    0.007469
6451    0.010516
6598    0.013276
6655    0.006637
6758    0.022445
6761    0.004699
6762    0.006637
7068    0.013755
7130    0.013209
7142    0.015033
7270    0.010209
7271    0.011276
7387    0.010685
7493    0.007992
7531    0.017811
7603    0.012384
7716    0.016606
7726    0.008900
7736    0.010083
8040    0.004345
8078    0.006900
8140    0.012384
8181    0.005610
8228    0.010516
8298    0.010867
8422    0.014461
8428    0.032950
8429    0.010209
8442    0.006507
8630    0.002947
8816    0.049818
8817    0.010867
9136    0.007422
9229    0.010685
9361    0.006044
9411    0.003256
9881    0.008303
9947    0.016005
9954    0.012762
10146    0.008238
10162    0.010685
10261    0.004293
10343    0.010358
10382    0.010209
10451    0.019621
10453    0.010069
10454    0.030066
10701    0.028731
10702    0.012762
10916    0.011063
10926    0.012057
11093    0.019425
11103    0.001946
11138    0.008900
11180    0.019230
11181    0.004745
11219    0.012762
11271    0.006044
11282    0.008051
11503    0.004001
11530    0.008238
11565    0.012384
11683    0.003231
11729    0.011265
11733    0.010209
11744    0.010261
11750    0.004594
11769    0.015454
11841    0.008492
11975    0.010867
12283    0.010133
12300    0.004398
12356    0.019382
12415    0.005280
12519    0.012284
12548    0.005545
12551    0.004467
12591    0.005094
12773    0.026417
12855    0.003967
12864    0.005339
12911    0.005523
12948    0.010867
12987    0.002462
13128    0.013209
13154    0.006475
13283    0.027791
13355    0.007980
13357    0.004804
13361    0.007038
13434    0.001558
13492    0.008303
13496    0.012762
13501    0.017433
13541    0.007516
13552    0.011510
13584    0.017634
13585    0.009936
13592    0.011768
13647    0.004551
13842    0.013755
13866    0.007118
13886    0.004280
13899    0.020653
13909    0.006775
13910    0.004714
13939    0.005041
14073    0.023763
14380    0.017153
14439    0.008261
14441    0.010209
14452    0.010209
14486    0.011063
14520    0.011276
14537    0.004824
14683    0.009364
14685    0.013755
14701    0.009364
14742    0.003502
14787    0.011063
14795    0.010516
14865    0.006637
14868    0.009264
14890    0.012384
14903    0.008659
14957    0.023019
15063    0.004905
15210    0.006097
15271    0.006323
15344    0.006264
15375    0.012762
15716    0.009075
15820    0.005941
15821    0.007422
15822    0.005094
15907    0.015501
15931    0.006848
15947    0.009936
16060    0.006705
16063    0.006775
16116    0.005094
16120    0.009264
16321    0.006323
16490    0.007516
16509    0.005916
16517    0.010867
16585    0.004986
16729    0.002796
16732    0.004267
16941    0.003206
16959    0.015501
17067    0.007078
17093    0.008238
17369    0.006811
17484    0.005719
17669    0.004071
17781    0.010685
17782    0.006018
18005    0.004372
18018    0.008900
18106    0.010209
18173    0.009264
18182    0.002646
18190    0.007878
18227    0.010867
18247    0.006352
18383    0.010678
18438    0.009691
18536    0.011276
18566    0.011276
18589    0.009811
18619    0.004412
18620    0.007935
18652    0.004453
18655    0.016444
18668    0.015433
18713    0.007159
18854    0.017153
18882    0.003700
19043    0.004745
19271    0.006352
19278    0.003077
19314    0.009364
19343    0.009691
19381    0.009468
19426    0.003369
19503    0.007422
19546    0.008303
19760    0.010358
19823    0.018150
19844    0.008022
20082    0.014753
20090    0.005820
20095    0.009468
20464    0.015446
20620    0.005112
20626    0.021113
20627    0.013769
20628    0.015985
20742    0.007878
20855    0.010685
20859    0.008817
20927    0.004155
20964    0.005242
20972    0.009364
21016    0.006507
21052    0.010358
21087    0.004989
21132    0.007614
21150    0.003912
21243    0.003889
21266    0.004639
