144
219    0.008789
267    0.013876
333    0.007925
453    0.015208
523    0.014057
686    0.012920
863    0.015846
1081    0.014976
1099    0.011158
1283    0.025366
1471    0.019414
1560    0.053393
1698    0.008591
1762    0.008120
1859    0.026434
1963    0.028531
2018    0.019414
2279    0.051307
2344    0.038241
2691    0.016925
2744    0.008482
2745    0.037620
2968    0.014864
3085    0.053393
3086    0.013535
3089    0.007559
3090    0.013453
3583    0.006944
3632    0.012993
3682    0.062452
3685    0.060184
3732    0.013966
4141    0.040360
4258    0.008789
4289    0.016754
4380    0.006075
4400    0.020817
4662    0.011207
4871    0.013217
5075    0.005510
5523    0.012642
5769    0.008935
5866    0.008482
5951    0.031667
6262    0.012710
6596    0.007973
6744    0.026696
7000    0.015711
7199    0.039135
7377    0.008876
7504    0.114312
7753    0.008647
8043    0.019414
8107    0.007241
8630    0.005441
8711    0.010967
8845    0.011158
9200    0.008619
9398    0.009930
9518    0.006738
9523    0.038978
9736    0.017102
9746    0.052439
9993    0.022862
10105    0.009025
10149    0.018847
10291    0.019122
10334    0.018422
10338    0.009056
10355    0.016925
10421    0.050839
10423    0.022258
10689    0.013217
10813    0.025395
10837    0.004984
11000    0.028531
11024    0.048770
11201    0.014988
11370    0.025395
11399    0.029728
11475    0.040123
12048    0.012192
12273    0.009967
12415    0.009748
12660    0.011408
12817    0.010785
12904    0.008297
13154    0.011954
13319    0.010317
13351    0.022289
13355    0.022098
13357    0.008868
13434    0.008626
13580    0.007716
13647    0.008402
13837    0.025395
14065    0.011224
14088    0.021249
14217    0.019122
14498    0.008429
15209    0.033508
15717    0.101579
15878    0.018847
15981    0.020424
16585    0.018409
16592    0.013624
16729    0.010322
16862    0.011110
16885    0.029089
16959    0.009539
17037    0.020009
17051    0.009275
17407    0.010197
17484    0.005279
17524    0.012444
17846    0.014246
17868    0.075850
18003    0.012071
18182    0.004885
18205    0.017102
18509    0.018589
18537    0.022258
18587    0.009713
18619    0.008145
18725    0.025558
18726    0.012071
19000    0.017891
19145    0.020061
19278    0.005681
19773    0.007949
19844    0.002962
20068    0.019414
20090    0.005373
20260    0.008076
20275    0.015523
20282    0.006925
20359    0.017287
20760    0.013789
20927    0.007671
21058    0.009275
21115    0.007430
21150    0.003611
21253    0.013927
21254    0.029569
