121
455    0.015126
469    0.014053
1079    0.034768
1204    0.015637
1281    0.033592
1383    0.031736
1403    0.081803
1405    0.034768
1466    0.019537
1918    0.018955
1922    0.026504
1925    0.045584
2277    0.047390
2609    0.017211
2613    0.027264
2826    0.021855
2882    0.065656
3089    0.010778
3647    0.012740
3747    0.025209
3798    0.040680
3942    0.019416
4301    0.020176
4380    0.017323
4701    0.022214
4774    0.021193
4873    0.024923
4899    0.013363
5043    0.019932
5075    0.023570
5079    0.014768
5246    0.045152
5868    0.036208
5916    0.023654
5991    0.016566
6425    0.023427
6500    0.040680
6701    0.029120
6915    0.045152
7178    0.037911
7191    0.030296
7307    0.034768
7607    0.047307
7732    0.045152
7941    0.040680
8536    0.020043
8573    0.022214
8630    0.007758
8696    0.032597
8698    0.026873
8752    0.045152
8786    0.040352
8805    0.019182
8901    0.040680
9003    0.016566
9019    0.034768
9533    0.028106
10064    0.020738
10140    0.014319
10261    0.011300
10323    0.034768
10619    0.032597
10736    0.038064
11014    0.049697
11016    0.025510
11180    0.020247
11401    0.048769
11444    0.015979
11528    0.029889
11571    0.029681
11750    0.012094
11890    0.025824
12299    0.040680
12304    0.024648
12380    0.045152
12708    0.090303
12907    0.018122
13028    0.090303
13412    0.045152
13413    0.045152
13568    0.033132
14065    0.005334
14597    0.026155
15032    0.020043
15400    0.019537
15805    0.033592
16058    0.029120
16082    0.029681
16305    0.036208
16324    0.076128
16477    0.045152
16729    0.007359
16734    0.018114
17201    0.025824
17478    0.026155
17985    0.038064
18182    0.013931
18403    0.029681
18416    0.022401
18451    0.022594
18725    0.018220
18896    0.027680
18898    0.017127
18949    0.028125
18993    0.021352
19125    0.016643
19127    0.011794
19177    0.012955
19264    0.034768
19366    0.006275
19480    0.021193
19741    0.021193
20090    0.015321
20260    0.007677
20282    0.019748
20747    0.034768
20918    0.045152
20971    0.038064
21129    0.010180
21136    0.033592
21247    0.006546
