44
714    0.145802
1204    0.050496
1949    0.048845
3016    0.097832
3485    0.062698
3501    0.075650
3903    0.055038
3944    0.046237
5096    0.038203
5102    0.105262
5765    0.092366
6679    0.073599
7099    0.072336
7493    0.067934
8505    0.058518
9297    0.077925
10074    0.041835
12283    0.028711
12605    0.056134
13388    0.055038
14480    0.118318
14481    0.072336
14988    0.105262
14997    0.066497
15020    0.105262
15478    0.071146
16527    0.048845
16529    0.124660
16729    0.047524
16734    0.029246
16921    0.058205
16952    0.061572
18057    0.079593
18179    0.052056
18655    0.046590
18841    0.056418
19410    0.026973
19485    0.059487
19664    0.072336
19685    0.054251
19707    0.047687
20009    0.082375
20260    0.012394
20275    0.035736
