45
212    0.068436
2569    0.072958
3050    0.040464
3563    0.045890
4195    0.039303
5217    0.071146
5352    0.053247
5544    0.065591
5603    0.116921
6262    0.117036
6707    0.049449
7377    0.040866
7607    0.076381
8019    0.035110
8944    0.108474
9282    0.043609
9400    0.100027
9454    0.042265
9643    0.112272
10837    0.022945
10975    0.062316
12005    0.029323
12167    0.073599
12889    0.033435
13219    0.065152
15080    0.068951
15477    0.112272
15600    0.066039
15604    0.065591
15822    0.043303
16064    0.089385
16529    0.083107
16578    0.067934
16862    0.051150
17129    0.044395
18242    0.097832
18499    0.059820
18501    0.100027
18502    0.081406
18625    0.078742
19773    0.036599
19844    0.013638
20432    0.065152
21012    0.090822
21115    0.068413
