196
432    0.018662
447    0.011135
486    0.016178
920    0.010992
1128    0.013015
1157    0.008916
1250    0.012776
1479    0.012240
1686    0.012341
1699    0.005957
1723    0.017209
1781    0.014172
1845    0.012142
1916    0.015625
1924    0.014347
1947    0.013846
1969    0.039423
1970    0.012894
1972    0.013406
2156    0.042626
2229    0.013693
2499    0.013547
2508    0.010656
2723    0.007007
3315    0.011862
3563    0.007895
3583    0.005501
3593    0.021666
3635    0.020939
3713    0.110743
3715    0.012240
3752    0.019316
3857    0.021147
4055    0.012662
4075    0.012445
4202    0.010656
4258    0.013923
4271    0.013271
4480    0.023042
4486    0.012552
4598    0.019316
4626    0.025084
5043    0.003691
5096    0.006572
5152    0.020583
5532    0.012555
5567    0.007054
5584    0.025787
5646    0.013406
5718    0.020818
5725    0.010854
6002    0.017631
6050    0.008543
6130    0.028011
6192    0.015625
6365    0.008269
6372    0.005971
6758    0.010941
6898    0.025084
7138    0.021147
7168    0.004992
7181    0.008369
7192    0.010721
7286    0.012240
7725    0.013693
7779    0.010014
7802    0.006651
7808    0.025084
8218    0.006094
8446    0.006805
8500    0.011032
8568    0.005593
8624    0.010350
8639    0.038630
8648    0.019316
8963    0.025084
9048    0.022600
9153    0.009246
9209    0.005720
9533    0.007807
9638    0.021147
9692    0.020027
9694    0.015378
9799    0.014005
9881    0.012142
9947    0.005851
10251    0.013547
10290    0.008687
10491    0.010656
10525    0.022418
10605    0.015059
10837    0.003948
11103    0.002846
11112    0.013923
11183    0.009658
11203    0.008838
11279    0.009161
11289    0.009469
11434    0.006894
11503    0.005851
11581    0.010122
11683    0.004725
11979    0.022600
12095    0.010014
12118    0.011362
12421    0.010178
12422    0.025084
12424    0.018662
12425    0.030756
12519    0.017964
12677    0.066356
12817    0.017085
12932    0.010787
12983    0.007296
12987    0.003601
12995    0.012445
13179    0.018667
13195    0.012046
13198    0.012445
13351    0.005885
13434    0.002278
13910    0.013787
14065    0.005927
14214    0.019316
14316    0.008204
14405    0.018662
14406    0.007610
14439    0.012081
14442    0.013547
14444    0.022600
14607    0.008507
14629    0.014531
14642    0.016178
14754    0.010014
14854    0.025084
14878    0.021147
14903    0.012662
15063    0.021519
15271    0.027738
15344    0.009161
15553    0.018662
15928    0.026286
16012    0.012445
16023    0.028344
16215    0.014531
16362    0.023207
16501    0.007372
16585    0.011666
16729    0.008176
16765    0.016178
16803    0.016178
16890    0.011521
16958    0.010656
17025    0.020939
17027    0.016672
17029    0.033188
17373    0.014347
17427    0.030293
17480    0.011362
17484    0.008363
17645    0.016490
17821    0.008838
18005    0.006393
18082    0.010721
18138    0.010409
18167    0.003860
18184    0.019316
18192    0.020115
18396    0.015378
18619    0.006452
18882    0.005411
18967    0.022600
19097    0.009857
19170    0.016490
19266    0.007271
19351    0.014005
19457    0.012445
19464    0.007007
19579    0.020115
20100    0.010409
20256    0.013406
20545    0.014347
20627    0.030203
20671    0.024480
20673    0.011063
20803    0.009957
20844    0.005237
20915    0.013271
20927    0.012152
20978    0.011521
21001    0.065076
21091    0.016831
21150    0.014301
21209    0.021147
21261    0.013547
21266    0.006783
