310
246    0.005587
352    0.011114
552    0.006115
621    0.011367
1127    0.009932
1204    0.005611
1223    0.010448
1245    0.006206
1255    0.007604
1436    0.011672
1662    0.008178
1846    0.005659
1864    0.009266
1889    0.009266
1944    0.009782
1949    0.005427
2048    0.006502
2113    0.006573
2114    0.012866
2116    0.009266
2284    0.008571
2737    0.022254
2739    0.010091
2745    0.004811
2812    0.046783
2861    0.007720
2869    0.013657
2982    0.012991
2984    0.010448
2987    0.028926
2988    0.009045
3192    0.009642
3238    0.005944
3341    0.005197
3471    0.009510
3567    0.007623
3583    0.003552
3593    0.009328
3617    0.009932
3726    0.005659
3734    0.007338
3888    0.009045
3972    0.012475
4130    0.007441
4137    0.007894
4141    0.013765
4150    0.007010
4151    0.007010
4152    0.009153
4153    0.007661
4173    0.007441
4195    0.008734
4260    0.005863
4317    0.016811
4319    0.008037
4405    0.012475
4450    0.004395
4486    0.008106
4500    0.007191
4581    0.007661
4599    0.008942
4620    0.008571
4622    0.012053
4811    0.007010
4839    0.011114
4859    0.008749
4899    0.004795
4905    0.008942
4965    0.010091
4971    0.010870
5096    0.008489
5229    0.012475
5239    0.009782
5399    0.016811
5495    0.009323
5578    0.006145
5614    0.005563
5765    0.010263
6005    0.014596
6121    0.012991
6174    0.020183
6430    0.014108
6486    0.015322
6489    0.019019
6596    0.004079
6671    0.011696
6675    0.009782
6700    0.010263
6758    0.014132
6762    0.006269
6769    0.008327
6844    0.006301
6984    0.004828
7000    0.016075
7178    0.006801
7345    0.012991
7464    0.008749
7531    0.008411
7583    0.008658
7642    0.013075
7736    0.004761
7834    0.021740
7835    0.012991
7989    0.005659
8019    0.015605
8170    0.012866
8175    0.012991
8275    0.006145
8378    0.009782
8533    0.005362
8608    0.012053
8630    0.011134
8737    0.009384
9152    0.007842
9209    0.003694
9411    0.003076
9426    0.009782
9533    0.005042
9664    0.005427
9792    0.012053
9980    0.013602
10074    0.004648
10150    0.010091
10290    0.005611
10354    0.005784
10421    0.006502
10589    0.006028
10612    0.008406
10911    0.019284
10914    0.014596
10932    0.007288
10942    0.032830
11009    0.013657
11103    0.001838
11117    0.004018
11130    0.015941
11180    0.003632
11181    0.013444
11203    0.005708
11207    0.005810
11271    0.005708
11373    0.010870
11386    0.005494
11609    0.010091
11729    0.005320
11744    0.004845
11747    0.012056
11817    0.010650
11841    0.002674
11958    0.006537
11981    0.012991
12053    0.007494
12064    0.006433
12166    0.006028
12273    0.010198
12307    0.034282
12309    0.035997
12326    0.023525
12331    0.018531
12345    0.004423
12572    0.008658
12606    0.009782
12817    0.005517
12864    0.005042
12867    0.007441
12904    0.004245
12907    0.006502
12999    0.005334
13141    0.010263
13157    0.006882
13181    0.013657
13228    0.005197
13232    0.009153
13259    0.012475
13295    0.008406
13434    0.002942
13501    0.045277
13505    0.010870
13533    0.008178
13547    0.009266
13633    0.010448
13644    0.009153
13679    0.012991
13886    0.004042
13892    0.008406
13994    0.012991
14029    0.013657
14065    0.003828
14255    0.010870
14303    0.004664
14320    0.005494
14425    0.019058
14430    0.006333
14557    0.014596
14604    0.006932
14614    0.024949
14679    0.012991
14719    0.008571
14727    0.007970
14742    0.004961
14781    0.008571
14800    0.012475
14917    0.015941
14961    0.009384
14996    0.009045
15023    0.007780
15028    0.009782
15038    0.016654
15044    0.011114
15072    0.016213
15135    0.007720
15140    0.004438
15239    0.008178
15271    0.005971
15344    0.005916
15679    0.014596
15694    0.010870
15695    0.006057
15697    0.008749
15710    0.006841
15853    0.011387
15907    0.009760
15911    0.008487
15912    0.004180
15944    0.007548
15983    0.006333
16007    0.008844
16060    0.006333
16063    0.006399
16234    0.010650
16299    0.023159
16302    0.016213
16307    0.012475
16504    0.031344
16585    0.007534
16692    0.008406
16763    0.010650
17066    0.007288
17105    0.004696
17115    0.008037
17117    0.003959
17144    0.007305
17331    0.011999
17451    0.006723
17484    0.002701
17643    0.005005
17774    0.011696
17782    0.005683
17836    0.009045
17854    0.007145
17855    0.012991
17870    0.005061
17873    0.015941
17922    0.005758
18173    0.008749
18204    0.008327
18234    0.012991
18333    0.010263
18383    0.010084
18387    0.012991
18411    0.020285
18413    0.013657
18414    0.012991
18416    0.016075
18517    0.012991
18619    0.008333
18649    0.007548
18795    0.010650
19037    0.006684
19088    0.010091
19232    0.005080
19266    0.004696
19274    0.017317
19327    0.003823
19460    0.003757
19483    0.014596
19543    0.005733
19546    0.007842
19572    0.008844
19643    0.011387
19693    0.008487
19751    0.007604
19754    0.014596
19755    0.012475
19773    0.004067
19785    0.004467
20090    0.002749
20260    0.001377
20274    0.005635
20281    0.011725
20327    0.012053
20383    0.018769
20414    0.012991
20534    0.005405
20601    0.005611
20604    0.012475
20620    0.004828
20627    0.006502
20692    0.012475
20745    0.007145
20841    0.021357
20844    0.003382
20901    0.005024
20964    0.004951
21087    0.009424
21115    0.003801
21150    0.005542
21243    0.003673
21306    0.019097
21310    0.006573
