106
1091    0.108589
1092    0.038132
1240    0.017205
1416    0.024917
1466    0.023475
1681    0.022259
1846    0.018951
1989    0.032289
2084    0.018951
2102    0.013577
2429    0.108504
2561    0.043506
2595    0.034369
3396    0.036350
3483    0.021892
3618    0.018789
3680    0.054252
4137    0.013219
4142    0.025465
4260    0.058898
4273    0.039167
4324    0.018869
4492    0.039088
5075    0.009440
5084    0.025278
5260    0.022013
5495    0.010407
5556    0.020380
5678    0.032289
5708    0.028421
5737    0.027632
6188    0.041776
6252    0.043506
6378    0.031846
6492    0.031427
6598    0.013997
6758    0.035494
6761    0.014861
6762    0.020993
7198    0.054252
7736    0.015945
7787    0.023926
7802    0.007192
7989    0.018951
8275    0.020579
8421    0.036403
8428    0.026054
8446    0.029436
8630    0.018643
8781    0.016700
8816    0.026260
9440    0.045736
9466    0.039167
9517    0.012655
10220    0.027386
10454    0.023773
10646    0.028421
11103    0.006155
11138    0.028149
11181    0.015007
11629    0.076265
11729    0.017814
11744    0.016227
12283    0.010683
12519    0.025901
12675    0.016761
12855    0.012547
12999    0.008931
13228    0.017402
13501    0.013784
13580    0.013219
13968    0.033259
14333    0.045736
14453    0.024083
14745    0.012441
15216    0.041361
15354    0.083551
15791    0.020887
15794    0.041776
15820    0.018789
15912    0.013997
16047    0.029616
16063    0.064288
16116    0.016113
16321    0.019997
16485    0.017606
16487    0.029616
16501    0.015945
17144    0.024465
17369    0.021543
17757    0.026691
17782    0.038065
18106    0.032289
18282    0.008411
18382    0.041158
18383    0.016885
18620    0.025095
18655    0.052008
18908    0.048879
18996    0.043506
19460    0.012583
19707    0.017744
20587    0.022911
20627    0.021774
20901    0.016823
21028    0.034369
