41
212    0.069892
2458    0.070956
2568    0.125530
3009    0.085165
3050    0.041325
5352    0.054380
5976    0.073259
5977    0.040267
6262    0.119526
6596    0.037491
6707    0.050501
7378    0.076539
7432    0.134157
7930    0.077260
8021    0.112966
8032    0.134157
9398    0.046691
10975    0.063642
11117    0.036932
12416    0.064430
13167    0.068879
13314    0.096034
13426    0.119409
15500    0.075165
15604    0.133973
16529    0.084875
16592    0.032031
16729    0.024268
16862    0.052239
17051    0.043612
18338    0.114661
18485    0.170331
18499    0.061093
18727    0.148904
18730    0.125530
19410    0.027547
19479    0.114661
19844    0.013928
20009    0.084127
20275    0.036496
20830    0.133973
