38
333    0.040732
1240    0.051614
1283    0.043456
2263    0.099778
2277    0.034165
2432    0.028106
3671    0.087898
3732    0.071779
4380    0.062443
4383    0.067930
5217    0.079418
5866    0.043594
7199    0.050284
7989    0.056852
9423    0.137207
9454    0.047179
9631    0.062041
10837    0.025613
11178    0.059167
12660    0.058632
12889    0.037323
13143    0.064972
13167    0.075286
13314    0.104968
13357    0.045578
14238    0.125327
15484    0.069989
16030    0.059714
16592    0.035010
16729    0.053050
18282    0.025233
18725    0.065677
19127    0.042512
19416    0.055428
19634    0.080748
20260    0.041507
20432    0.072728
20541    0.162756
