55
244    0.064037
333    0.026142
1099    0.036805
1614    0.130790
1940    0.035721
2277    0.021927
2470    0.051823
2604    0.036331
2609    0.039818
2882    0.037973
4380    0.020038
4450    0.028338
4872    0.047975
5074    0.034712
5179    0.053202
5701    0.071661
6993    0.104455
9282    0.031242
9304    0.050970
10074    0.029971
10215    0.035573
10334    0.030383
10837    0.016438
11014    0.038324
11289    0.039430
11683    0.019677
11958    0.042151
11961    0.065066
12283    0.020569
13320    0.040216
13355    0.024297
13357    0.029251
13434    0.018970
13568    0.038324
14125    0.094110
14304    0.047311
15140    0.028614
15158    0.064037
15239    0.052728
16585    0.006072
16592    0.022469
16729    0.017024
16732    0.025985
17875    0.042618
17935    0.077713
18167    0.016074
18726    0.039818
19127    0.081852
19277    0.140971
19736    0.084302
19813    0.124337
19844    0.009771
20260    0.026639
20282    0.022843
21253    0.022969
