54
1091    0.112968
1850    0.071509
2466    0.112879
3396    0.037815
3618    0.039094
4142    0.052983
4324    0.078521
4492    0.040664
5010    0.064561
5056    0.063774
5084    0.052594
5556    0.042404
5678    0.067182
5739    0.106762
6598    0.029122
6758    0.049234
6762    0.043678
7787    0.049782
7989    0.039430
8019    0.027182
8428    0.054208
8446    0.030623
8630    0.019394
8816    0.054639
10220    0.056980
10454    0.098925
11117    0.027997
11138    0.058568
11178    0.041035
12283    0.044455
12519    0.053891
12675    0.034875
12855    0.026107
13501    0.057360
14745    0.025885
16047    0.061620
16063    0.044587
16120    0.060962
16321    0.041608
16485    0.036631
16487    0.061620
16734    0.022642
17369    0.044823
17630    0.083980
17757    0.055535
17782    0.039600
18620    0.052215
18652    0.029302
18996    0.090520
19410    0.020883
19707    0.036919
20587    0.047669
20627    0.045304
20803    0.022404
