261
191    0.007823
326    0.019386
403    0.013300
450    0.008663
583    0.010701
702    0.014427
773    0.007739
786    0.007578
806    0.011380
828    0.011885
882    0.011230
920    0.008495
953    0.013996
978    0.007866
1165    0.010059
1184    0.011475
1416    0.008904
1423    0.008091
1486    0.010059
1846    0.020316
1847    0.017935
1848    0.013008
1850    0.012281
1949    0.006495
2114    0.007698
2122    0.010059
2207    0.014928
2380    0.008781
2510    0.011230
2609    0.014780
2693    0.025006
2706    0.005398
2927    0.019386
3123    0.029856
3192    0.011538
3567    0.004561
3593    0.005581
3618    0.006714
3619    0.015079
3664    0.009965
3754    0.009168
3810    0.017466
3820    0.010953
3825    0.011380
3989    0.010953
4080    0.011088
4130    0.008904
4258    0.005380
4291    0.019386
4324    0.020228
4328    0.009538
4492    0.034919
4541    0.011230
4678    0.015646
4690    0.019402
4859    0.010470
4864    0.014423
4901    0.010470
5055    0.009384
5056    0.010953
5075    0.010120
5079    0.012681
5084    0.009033
5096    0.010159
5103    0.009310
5179    0.009874
5230    0.009100
5434    0.014423
5550    0.009965
5556    0.007283
5572    0.016343
5580    0.012744
5678    0.011538
5680    0.013626
5719    0.011013
6038    0.010470
6206    0.014423
6276    0.013300
6598    0.010003
6758    0.008456
6762    0.015003
6984    0.005778
7129    0.009874
7132    0.017466
7142    0.008495
7173    0.015908
7255    0.014423
7330    0.005798
7359    0.012744
7393    0.008663
7493    0.009033
7607    0.010156
7641    0.013300
7716    0.009384
7736    0.005698
7746    0.010824
7802    0.002570
7833    0.004971
7993    0.019386
8153    0.019930
8203    0.019386
8389    0.016343
8428    0.046550
8442    0.007354
8449    0.011706
8568    0.004323
8628    0.014928
8630    0.006662
8638    0.008045
8816    0.046920
8817    0.012281
8834    0.016343
8918    0.006417
9136    0.008388
9200    0.005276
9209    0.004421
9229    0.024152
9444    0.017466
9508    0.014423
9533    0.006034
9664    0.006495
9979    0.010257
10162    0.012076
10397    0.007954
10448    0.031093
10454    0.033980
10701    0.010824
10916    0.012503
11093    0.007318
11103    0.002199
11112    0.005380
11117    0.004808
11138    0.010059
11180    0.013040
11207    0.006953
11218    0.004148
11236    0.011380
11434    0.005328
11503    0.004522
11527    0.010361
11729    0.025463
11744    0.005798
11750    0.005193
11757    0.006495
11816    0.014928
11909    0.011088
12110    0.005243
12283    0.011452
12300    0.004971
12519    0.023139
12548    0.006267
12560    0.011230
12591    0.011515
12763    0.017442
12764    0.010701
12855    0.008967
12864    0.006034
12907    0.007781
12911    0.006243
12920    0.009965
12999    0.006383
13002    0.019386
13154    0.007318
13283    0.010470
13354    0.011538
13355    0.009019
13491    0.018336
13501    0.009851
13541    0.008495
13601    0.008842
13647    0.005144
13649    0.015546
13715    0.014928
13889    0.015546
13899    0.023342
13910    0.010656
13912    0.011538
13958    0.014928
13986    0.015546
14073    0.053713
14074    0.012503
14391    0.016374
14412    0.007739
14439    0.009337
14537    0.005452
14701    0.010583
14741    0.006922
14742    0.003958
14745    0.004446
15020    0.013996
15169    0.017466
15344    0.007080
15468    0.007658
15550    0.009874
15716    0.010257
15931    0.007739
16063    0.068919
16064    0.011885
16211    0.017466
16279    0.010059
16321    0.007146
16486    0.009538
16496    0.014928
16501    0.005698
16510    0.009786
16585    0.006762
16639    0.032686
16732    0.004823
16766    0.007540
17033    0.008842
17062    0.017466
17279    0.013300
17331    0.007179
17369    0.007698
17671    0.017466
17741    0.013008
17782    0.006801
17858    0.012281
17876    0.015546
18005    0.004941
18167    0.002983
18182    0.002991
18326    0.015396
18383    0.006034
18491    0.014928
18553    0.009460
18619    0.004986
18620    0.008968
18655    0.018585
18909    0.017466
19043    0.010725
19232    0.006079
19278    0.006956
19349    0.008236
19416    0.006602
19426    0.003807
19460    0.004496
19503    0.008388
19583    0.011706
19757    0.009618
19773    0.004866
19785    0.005345
19817    0.007578
19823    0.010257
19844    0.003627
19983    0.016343
20082    0.008337
20090    0.003289
20275    0.004752
20413    0.010953
20464    0.005819
20620    0.011556
20626    0.007954
20627    0.023342
20628    0.027098
20868    0.004275
20882    0.012744
21005    0.012390
21058    0.005678
21087    0.011278
21150    0.004421
