279
191    0.006990
219    0.004808
234    0.012506
370    0.006953
408    0.015607
594    0.012888
610    0.039235
689    0.017489
851    0.007640
1143    0.017323
1164    0.017323
1245    0.006636
1278    0.007741
1382    0.016262
1436    0.006241
1529    0.013339
1593    0.014604
1674    0.011884
1699    0.004114
1713    0.014604
1741    0.016232
1742    0.017323
1795    0.015607
1969    0.009075
2033    0.034646
2034    0.017323
2071    0.024352
2080    0.012176
2156    0.014719
2296    0.031215
2332    0.010169
2418    0.011388
2432    0.002991
2508    0.014719
2920    0.007640
2934    0.010169
3033    0.017323
3151    0.011624
3215    0.012176
3368    0.012506
3473    0.073245
3558    0.012888
3559    0.008823
3583    0.003799
3593    0.009975
3619    0.006737
3713    0.034763
3715    0.016906
3732    0.007640
3743    0.005181
4131    0.014604
4137    0.004221
4258    0.004808
4450    0.009399
4486    0.008668
4494    0.010620
4501    0.006603
4573    0.012888
4629    0.011388
4639    0.008523
4678    0.006990
4775    0.011624
4873    0.009562
4954    0.029207
5047    0.032286
5049    0.015607
5075    0.003014
5152    0.007107
5227    0.009356
5315    0.026679
5495    0.003323
5507    0.010974
5518    0.010974
5532    0.008671
5718    0.014377
5719    0.009841
5791    0.014604
5813    0.017323
6050    0.005899
6128    0.015607
6432    0.012176
6436    0.017323
6705    0.005875
6824    0.013892
6830    0.011884
6880    0.010169
6923    0.012176
7097    0.006669
7118    0.012506
7178    0.007272
7184    0.017323
7286    0.008453
7651    0.010974
7695    0.017323
7720    0.009457
7787    0.007640
7853    0.010791
8116    0.003757
8446    0.004700
8476    0.016606
8534    0.011156
8613    0.078624
8622    0.005200
8624    0.014295
8639    0.013339
8640    0.026005
8783    0.011422
9005    0.009165
9143    0.020212
9194    0.015607
9209    0.007900
9282    0.005181
9354    0.012506
9517    0.008082
9694    0.010620
9771    0.011884
9777    0.008013
9872    0.010974
9994    0.010620
10199    0.023769
10245    0.010791
10360    0.011388
10420    0.006953
10422    0.007496
10467    0.015607
10525    0.007741
10605    0.005200
10738    0.010791
10803    0.006915
10899    0.013339
10987    0.013339
11087    0.006051
11103    0.005896
11181    0.009584
11203    0.006104
11218    0.003706
11253    0.012506
11271    0.006104
11331    0.010974
11355    0.010100
11434    0.009521
11489    0.013339
11535    0.015607
11683    0.003263
11729    0.005688
11757    0.005803
11787    0.011172
11841    0.002859
11857    0.008668
12005    0.003484
12095    0.006915
12162    0.008131
12166    0.006446
12207    0.010169
12273    0.005452
12300    0.008884
12315    0.014604
12421    0.007029
12459    0.013339
12497    0.017323
12519    0.012406
12591    0.005145
12659    0.005851
12677    0.018330
12763    0.077930
12764    0.009562
12797    0.011172
12817    0.011799
12844    0.012506
12987    0.007460
12999    0.002852
13014    0.003809
13231    0.008823
13243    0.017323
13311    0.007591
13355    0.012088
13537    0.013339
13543    0.022345
13753    0.017323
13754    0.011624
13910    0.004761
13946    0.011388
14065    0.002047
14226    0.012506
14304    0.007846
14316    0.011332
14340    0.006953
14439    0.008343
14490    0.008255
14507    0.012506
14696    0.017323
14745    0.003972
14754    0.006915
14943    0.010169
14998    0.010620
15003    0.009562
15063    0.004954
15147    0.009672
15245    0.010460
15271    0.025541
15346    0.011624
15408    0.012506
15594    0.010791
15676    0.017323
15782    0.010169
15918    0.012176
15928    0.012102
15991    0.008131
15993    0.012176
16032    0.031215
16333    0.017189
16362    0.008013
16501    0.005091
16585    0.001007
16717    0.010791
16732    0.004309
16772    0.007029
16773    0.013892
16893    0.011624
16928    0.013339
16941    0.003238
16958    0.007359
17025    0.007230
17027    0.011513
17032    0.019124
17049    0.012176
17101    0.006385
17111    0.007315
17129    0.005275
17369    0.006879
17380    0.015607
17669    0.008223
17755    0.009258
17811    0.007741
18002    0.017323
18041    0.010460
18180    0.009356
18182    0.018706
18194    0.015607
18282    0.002686
18435    0.006130
18700    0.027783
18992    0.007543
19020    0.012888
19082    0.024352
19151    0.018153
19228    0.009457
19366    0.002408
19411    0.008668
19450    0.012888
19648    0.009165
19649    0.009908
19741    0.008131
19785    0.004776
19844    0.001620
19868    0.017323
20090    0.002939
20162    0.012176
20260    0.001473
20464    0.005200
20540    0.007148
20559    0.017646
20620    0.010326
20626    0.007107
20648    0.020421
20765    0.027783
20768    0.004076
20844    0.007234
20848    0.004497
20927    0.004196
20964    0.005294
20978    0.015912
20993    0.006213
21001    0.026964
21005    0.005535
21020    0.029361
21115    0.008128
21150    0.001975
21279    0.006213
