227
314    0.008933
455    0.007170
486    0.013803
610    0.008079
677    0.011439
740    0.017163
901    0.012923
902    0.017163
920    0.009378
1128    0.011105
1157    0.007607
1309    0.007028
1479    0.010443
1686    0.010530
1699    0.002541
1838    0.015923
1845    0.010360
1924    0.024482
1947    0.023627
1969    0.022424
1970    0.011001
1990    0.011683
2156    0.063646
2157    0.014361
2172    0.010046
2173    0.006379
2366    0.010046
2508    0.009092
2644    0.009319
2914    0.013332
3105    0.021402
3483    0.008636
3563    0.006736
3567    0.005036
3593    0.018485
3594    0.013803
3658    0.021402
3713    0.111667
3715    0.020887
3891    0.014683
4055    0.021607
4075    0.010618
4132    0.012563
4137    0.005215
4258    0.005940
4480    0.019659
4598    0.016480
4678    0.017273
4733    0.021402
4899    0.006334
5153    0.011439
5332    0.012923
5376    0.021402
5386    0.021402
5495    0.004106
5532    0.010712
5563    0.008590
5584    0.022002
5669    0.014683
5696    0.017163
5719    0.006079
5725    0.018521
5915    0.012092
6129    0.010530
6130    0.011949
6192    0.013332
6365    0.007056
6372    0.005094
6705    0.007259
6758    0.014002
6761    0.005863
6846    0.019282
6891    0.010804
6926    0.012398
6935    0.021402
7138    0.018042
7192    0.009147
7330    0.006401
7522    0.012738
7725    0.011683
7779    0.008544
7802    0.005674
8073    0.012923
8078    0.004304
8214    0.016480
8446    0.005806
8476    0.006839
8568    0.004772
8624    0.008831
8639    0.032960
8640    0.010709
8648    0.016480
8893    0.015451
9193    0.011105
9200    0.005825
9209    0.004880
9518    0.004554
9692    0.025631
9694    0.039362
10251    0.011559
10290    0.007412
10358    0.010901
10491    0.009092
10495    0.009972
10525    0.028691
10586    0.014683
10605    0.006424
10738    0.013332
10803    0.008544
10837    0.003368
11112    0.023759
11178    0.007780
11201    0.005065
11229    0.015923
11279    0.007816
11497    0.021402
11581    0.017273
11938    0.011683
11979    0.019282
11987    0.013121
12095    0.017088
12110    0.005788
12245    0.005643
12425    0.026241
12519    0.020436
12652    0.013803
12677    0.101908
12817    0.007289
12932    0.009203
12983    0.006225
12987    0.003072
12999    0.007046
13014    0.004706
13195    0.010278
13198    0.010618
13310    0.013121
13319    0.006973
13351    0.010042
13357    0.002997
13434    0.001943
13634    0.017163
13892    0.011105
13910    0.011764
14065    0.002528
14130    0.009092
14316    0.007000
14539    0.009501
14629    0.012398
14754    0.008544
15063    0.018361
15070    0.011323
15204    0.007112
15248    0.021402
15258    0.019282
15271    0.015778
15451    0.012398
15553    0.031846
15848    0.010804
15907    0.006447
15928    0.007476
16080    0.015451
16362    0.029700
16437    0.008933
16501    0.006290
16585    0.006221
16729    0.003488
16732    0.005324
16765    0.013803
16772    0.008684
16890    0.009830
16959    0.006447
17025    0.017865
17027    0.035561
17029    0.018878
17101    0.007889
17125    0.012923
17427    0.025847
17484    0.003568
17817    0.009972
17821    0.007541
17867    0.011105
17868    0.017088
17922    0.007607
17947    0.011949
18005    0.005454
18082    0.018295
18146    0.011439
18167    0.003293
18282    0.003318
18319    0.007170
18543    0.012241
18619    0.005505
18699    0.021402
18882    0.004616
19097    0.008410
19228    0.011683
19261    0.006401
19278    0.011518
19337    0.014361
19351    0.011949
19426    0.004203
19457    0.010618
19785    0.011802
19839    0.015043
19844    0.002002
20068    0.013121
20100    0.008881
20256    0.011439
20260    0.003639
20307    0.017163
20439    0.011105
20627    0.017180
20673    0.009439
20716    0.008454
20768    0.005036
20848    0.005556
20915    0.011323
20927    0.010368
20978    0.009830
20979    0.019282
21001    0.088837
21002    0.015923
21087    0.012451
21120    0.006865
21150    0.014642
21209    0.018042
21261    0.011559
