193
219    0.006431
370    0.009301
451    0.008095
686    0.009455
850    0.037952
1283    0.006187
1490    0.037361
1496    0.012385
1500    0.019536
1614    0.048360
1691    0.007377
1699    0.005503
1741    0.013028
1746    0.007108
1859    0.009672
2014    0.018404
2048    0.027903
2093    0.006931
2277    0.014594
2278    0.009403
2470    0.045989
2604    0.024180
2744    0.006207
2802    0.017241
3077    0.008706
3089    0.005532
3309    0.009845
3727    0.013424
3804    0.018583
3850    0.034009
3911    0.008542
4023    0.005782
4362    0.009845
4380    0.022227
4463    0.029714
4467    0.009301
4472    0.019536
4581    0.010959
4639    0.011401
4662    0.008201
4698    0.015549
4729    0.007550
5178    0.014435
5567    0.006517
5628    0.026507
5769    0.006539
5820    0.010425
5941    0.014946
6129    0.011401
6130    0.012939
6365    0.007640
6532    0.011129
6655    0.008967
6828    0.008542
6941    0.018583
7377    0.006495
7717    0.018583
7802    0.003072
7896    0.027606
7962    0.013792
8019    0.011161
8025    0.038088
8165    0.013603
8442    0.008790
8534    0.007462
8845    0.040826
9136    0.020054
9193    0.024048
9304    0.011308
9398    0.007267
9526    0.011912
9548    0.020879
9549    0.020879
9563    0.023174
9574    0.023174
9641    0.008878
9940    0.083515
9947    0.005406
9995    0.018583
10105    0.006605
10369    0.012651
10697    0.010877
10794    0.009508
10837    0.003647
10840    0.007892
10981    0.014207
11103    0.002629
11289    0.026243
11371    0.013993
11683    0.004365
11738    0.017241
11984    0.009455
12283    0.009127
12519    0.005532
12659    0.007827
12876    0.012385
12880    0.007670
12889    0.005314
12894    0.010797
12904    0.006072
12974    0.008790
12987    0.003326
12999    0.003815
13157    0.019690
13228    0.007434
13319    0.007550
13355    0.026952
13357    0.016224
13370    0.010720
13414    0.018583
13434    0.002104
13478    0.014681
13482    0.008878
13530    0.009403
13971    0.023174
14108    0.015234
14124    0.037203
14137    0.019233
14304    0.020993
14498    0.012336
14537    0.013034
14654    0.015898
14655    0.017241
14726    0.011308
14952    0.010959
15053    0.017241
15158    0.071034
15245    0.013993
15333    0.012385
15503    0.009251
15548    0.019536
15686    0.008237
15695    0.008664
15712    0.022215
15820    0.008026
15906    0.007992
16026    0.010027
16105    0.015549
16259    0.011043
16585    0.008083
16592    0.004985
16707    0.016697
16862    0.008130
16909    0.016730
16923    0.006431
16941    0.004332
17037    0.007321
17140    0.013993
17144    0.005225
17292    0.007294
17669    0.011000
17868    0.009251
17875    0.009455
17931    0.010643
18167    0.007132
18182    0.010725
18186    0.008706
18187    0.015898
18649    0.010797
18689    0.012651
19125    0.008542
19127    0.006053
19128    0.008463
19138    0.015898
19223    0.008386
19262    0.007859
19271    0.017164
19277    0.020850
19278    0.004157
19443    0.015898
19480    0.010877
19577    0.010569
19736    0.018703
19751    0.010877
19785    0.012779
19813    0.055169
19844    0.002168
20090    0.007863
20108    0.011129
20260    0.023640
20282    0.005068
20568    0.013792
20776    0.010720
20841    0.006110
20844    0.009677
20845    0.009455
20964    0.014164
20993    0.008311
21115    0.005437
21150    0.002642
21245    0.023174
21254    0.007213
21346    0.012515
