63
1256    0.049440
1309    0.028025
1438    0.053164
1614    0.071243
1664    0.039199
1762    0.021884
2225    0.054068
2277    0.035831
2470    0.042343
2710    0.031607
2745    0.050696
2882    0.062053
4135    0.036042
4240    0.017488
4380    0.032744
4662    0.030204
5179    0.043470
5628    0.048812
5701    0.058552
5988    0.034630
7463    0.048814
8025    0.046759
8845    0.030072
9304    0.041646
9819    0.065720
10334    0.024825
10897    0.024911
11014    0.031313
11016    0.048219
11180    0.019136
11196    0.041312
11399    0.040060
11987    0.052323
12084    0.034822
12551    0.022224
12855    0.019739
12864    0.026564
12987    0.012251
13151    0.046093
13357    0.035851
13568    0.031313
14063    0.053128
14537    0.024001
15158    0.052323
15507    0.044283
15973    0.068442
16729    0.027819
16909    0.061617
16941    0.015953
17037    0.026964
17530    0.056105
17931    0.039199
18167    0.026267
18655    0.027272
18726    0.032534
19127    0.066879
19271    0.126429
19410    0.015789
19813    0.050796
20260    0.021766
20282    0.018664
20746    0.053164
21253    0.018767
