317
246    0.005802
352    0.011542
552    0.006350
621    0.005902
930    0.010158
1127    0.010314
1183    0.012954
1204    0.005826
1245    0.006445
1255    0.007896
1436    0.012121
1486    0.008729
1662    0.008492
1726    0.012146
1846    0.005877
1864    0.009622
1889    0.009622
1944    0.010158
1949    0.005636
2048    0.006752
2084    0.005877
2113    0.006826
2114    0.006680
2116    0.009622
2229    0.009184
2284    0.008901
2737    0.023110
2739    0.010479
2745    0.004996
2812    0.048583
2869    0.014182
2984    0.010850
2987    0.020025
2988    0.009393
3192    0.010013
3238    0.006172
3341    0.005396
3471    0.009875
3567    0.003958
3583    0.003689
3593    0.009687
3617    0.010314
3726    0.005877
3734    0.007620
3888    0.009393
4130    0.007727
4137    0.008198
4141    0.014294
4151    0.007279
4153    0.007956
4173    0.007727
4195    0.009070
4260    0.006088
4317    0.017458
4319    0.008347
4405    0.012954
4450    0.004564
4463    0.007190
4486    0.008418
4500    0.007468
4581    0.007956
4599    0.009286
4620    0.008901
4622    0.012516
4811    0.007279
4839    0.011542
4899    0.004979
4905    0.009286
4965    0.010479
4971    0.011288
5074    0.005591
5096    0.008816
5229    0.012954
5239    0.010158
5399    0.017458
5495    0.009682
5578    0.012763
5614    0.005777
5706    0.008901
5707    0.009286
5765    0.010658
6005    0.015157
6121    0.013491
6174    0.020959
6430    0.007325
6486    0.007956
6489    0.019751
6596    0.004236
6671    0.012146
6675    0.010158
6700    0.010658
6758    0.011007
6762    0.013019
6769    0.008647
6844    0.006543
6885    0.012516
6984    0.005014
7000    0.008347
7178    0.007063
7345    0.013491
7464    0.009086
7531    0.004367
7583    0.008991
7642    0.006789
7736    0.004944
7834    0.011288
7835    0.013491
7989    0.005877
8019    0.016205
8025    0.004608
8170    0.013361
8175    0.013491
8275    0.006382
8378    0.010158
8533    0.005568
8608    0.012516
8630    0.011562
9152    0.008143
9209    0.003836
9426    0.010158
9533    0.005236
9664    0.011272
9792    0.012516
9980    0.014125
10074    0.004827
10290    0.005826
10354    0.006006
10421    0.006752
10589    0.006260
10612    0.008729
10911    0.020025
10914    0.015157
10932    0.007568
10942    0.034093
11009    0.014182
11093    0.012701
11103    0.001909
11117    0.004173
11130    0.008277
11180    0.003772
11181    0.013961
11203    0.005928
11207    0.006033
11271    0.005928
11373    0.011288
11386    0.005706
11609    0.010479
11729    0.005524
11744    0.005032
11747    0.006260
11817    0.011059
11841    0.002776
11958    0.006789
11981    0.013491
12053    0.007782
12064    0.006680
12166    0.006260
12273    0.005295
12307    0.030515
12309    0.031151
12326    0.024430
12331    0.019244
12345    0.004594
12572    0.008991
12606    0.010158
12661    0.008569
12817    0.005729
12822    0.012954
12864    0.005236
12865    0.019244
12867    0.007727
12907    0.006752
12999    0.005539
13141    0.010658
13157    0.007147
13181    0.014182
13228    0.005396
13232    0.009505
13259    0.012954
13295    0.008729
13434    0.001528
13501    0.047018
13505    0.011288
13533    0.008492
13547    0.009622
13582    0.030314
13593    0.012146
13633    0.010850
13679    0.013491
13886    0.004198
14029    0.014182
14065    0.001988
14255    0.011288
14303    0.004844
14320    0.005706
14425    0.015833
14430    0.006577
14539    0.007468
14557    0.015157
14604    0.003599
14614    0.012954
14679    0.013491
14719    0.008901
14727    0.008277
14742    0.005152
14781    0.008901
14800    0.012954
14917    0.016554
14961    0.009745
14996    0.009393
15023    0.008079
15028    0.010158
15038    0.017295
15044    0.011542
15072    0.016837
15135    0.008017
15140    0.004608
15239    0.008492
15271    0.006201
15344    0.006144
15571    0.009622
15679    0.015157
15695    0.006290
15697    0.009086
15710    0.007104
15853    0.011825
15907    0.010135
15911    0.008813
15912    0.004340
15983    0.006577
15997    0.010013
16007    0.009184
16060    0.006577
16063    0.006645
16234    0.011059
16299    0.016033
16302    0.016837
16307    0.012954
16504    0.010850
16585    0.008802
16763    0.011059
17066    0.007568
17105    0.004877
17115    0.008347
17117    0.004111
17144    0.003793
17331    0.006230
17451    0.006981
17484    0.002804
17643    0.005198
17774    0.012146
17782    0.005902
17836    0.009393
17854    0.007419
17855    0.013491
17870    0.005256
17873    0.008277
17922    0.005980
18158    0.006290
18173    0.009086
18179    0.006006
18204    0.008647
18234    0.013491
18325    0.013491
18333    0.010658
18383    0.010472
18411    0.021065
18413    0.014182
18414    0.013491
18416    0.016693
18461    0.016823
18619    0.004327
18649    0.007839
18795    0.011059
18882    0.003629
19037    0.006941
19232    0.005275
19266    0.004877
19274    0.017983
19327    0.007939
19460    0.003902
19483    0.015157
19546    0.008143
19572    0.009184
19643    0.011825
19693    0.008813
19751    0.007896
19755    0.012954
19773    0.004223
19785    0.004638
20090    0.002854
20260    0.001430
20274    0.005851
20281    0.012176
20327    0.012516
20383    0.009745
20414    0.013491
20464    0.005050
20534    0.005613
20601    0.005826
20604    0.012954
20620    0.005014
20626    0.006902
20692    0.012954
20745    0.007419
20841    0.022178
20844    0.003512
20894    0.004638
20901    0.005217
20902    0.005546
21016    0.006382
21115    0.007894
21120    0.005396
21150    0.003837
21243    0.003815
21306    0.013221
21310    0.006826
