35
1479    0.085375
1969    0.091658
2156    0.074329
2508    0.074329
3713    0.210664
5043    0.025745
5087    0.134727
5153    0.093510
5495    0.033563
6758    0.038156
6908    0.043266
8504    0.098850
8639    0.067361
10251    0.094491
10605    0.052517
10837    0.027534
11103    0.019849
11112    0.048557
12095    0.139691
12421    0.141981
12677    0.092567
12817    0.059585
14316    0.057224
14539    0.077667
15822    0.051963
15848    0.088319
16509    0.060339
17029    0.154324
17821    0.061648
18888    0.058614
20627    0.070221
20716    0.069110
20844    0.036529
20978    0.080358
21001    0.090780
