353
115    0.005488
191    0.005182
242    0.011569
308    0.011569
481    0.010846
568    0.004944
674    0.007010
721    0.011569
727    0.011569
810    0.011569
817    0.011569
828    0.015745
863    0.006426
879    0.009271
1091    0.051406
1157    0.004564
1192    0.008616
1204    0.004447
1240    0.008145
1272    0.004690
1309    0.004217
1367    0.011569
1406    0.011569
1416    0.011796
1490    0.006901
1681    0.010537
1698    0.003484
1699    0.004574
1846    0.004486
1847    0.017820
1859    0.010719
1949    0.012906
2048    0.005154
2084    0.004486
2093    0.003841
2102    0.003214
2172    0.006027
2173    0.003827
2366    0.012055
2432    0.002218
2469    0.009888
2508    0.010911
2510    0.007439
2517    0.032476
2589    0.006371
2629    0.009554
2711    0.005423
2714    0.006540
2920    0.005663
2934    0.007538
2988    0.007170
3053    0.005423
3193    0.007170
3238    0.004711
3315    0.006073
3341    0.004119
3467    0.008616
3488    0.012841
3567    0.003021
3575    0.012635
3583    0.005632
3593    0.011091
3606    0.007999
3632    0.005269
3647    0.003623
3792    0.008135
3921    0.007643
3989    0.007255
4130    0.017694
4137    0.006258
4151    0.011113
4153    0.006073
4282    0.015508
4324    0.008933
4344    0.007999
4480    0.005898
4488    0.006266
4492    0.027756
4541    0.007439
4578    0.006601
4662    0.009089
4718    0.007754
4905    0.021264
4916    0.008810
5043    0.001890
5055    0.012432
5056    0.014510
5072    0.015285
5074    0.008535
5075    0.004469
5084    0.005983
5096    0.003365
5260    0.010421
5262    0.007872
5444    0.007538
5495    0.002463
5556    0.004824
5562    0.006540
5567    0.003611
5578    0.014613
5614    0.008820
5737    0.006540
5738    0.009271
5739    0.018218
5769    0.003623
5788    0.008282
5865    0.005777
5883    0.009271
5920    0.007643
6051    0.011569
6089    0.011569
6188    0.009888
6224    0.009026
6425    0.013326
6441    0.008616
6596    0.009699
6663    0.006167
6758    0.005601
6761    0.007035
6762    0.014907
6888    0.007999
7094    0.019776
7141    0.005738
7142    0.011254
7168    0.002555
7188    0.004544
7271    0.008441
7343    0.006027
7493    0.005983
7716    0.006216
7787    0.011327
7797    0.015508
7989    0.004486
8025    0.007035
8116    0.002785
8140    0.018542
8170    0.005099
8181    0.004200
8233    0.004919
8298    0.008135
8306    0.008282
8310    0.009554
8323    0.004626
8378    0.007754
8395    0.017330
8428    0.061668
8429    0.022928
8442    0.004871
8534    0.004135
8781    0.003953
8783    0.004233
8816    0.074589
8817    0.008135
8834    0.010825
8853    0.008810
8862    0.006371
8964    0.005072
8971    0.007754
9136    0.005556
9181    0.009554
9444    0.011569
9517    0.002995
9533    0.007993
9812    0.004486
9881    0.006216
9908    0.008810
9947    0.005991
10105    0.003660
10180    0.010825
10252    0.014339
10277    0.008282
10290    0.004447
10451    0.007345
10453    0.007538
10454    0.011254
10646    0.006727
10665    0.008810
10701    0.021509
10703    0.010825
10837    0.002021
11010    0.009888
11093    0.009695
11103    0.001457
11112    0.003564
11138    0.013326
11165    0.007643
11180    0.014396
11181    0.003552
11183    0.004944
11201    0.012155
11206    0.006266
11279    0.004690
11355    0.002496
11563    0.010298
11673    0.007255
11683    0.004838
11744    0.003841
11788    0.006663
11841    0.002119
11857    0.006426
11863    0.008135
11947    0.006371
11958    0.005182
12229    0.008441
12283    0.007586
12300    0.013171
12349    0.010298
12365    0.004801
12434    0.007170
12508    0.006482
12519    0.015327
12659    0.004337
12668    0.005522
12687    0.007088
12855    0.002970
12864    0.007993
12947    0.005700
12948    0.016270
13024    0.011569
13225    0.009026
13228    0.008238
13281    0.009026
13283    0.006935
13354    0.015285
13355    0.002987
13357    0.005394
13434    0.001166
13483    0.009554
13492    0.006216
13501    0.009788
13529    0.005423
13533    0.006482
13541    0.005627
13580    0.003129
13704    0.016270
13842    0.010298
13886    0.003204
13899    0.010308
13909    0.005072
13910    0.007058
14073    0.026684
14130    0.005455
14137    0.005329
14425    0.006043
14439    0.006185
14485    0.004733
14490    0.006119
14537    0.003611
14561    0.010825
14604    0.005495
14701    0.014020
14742    0.002622
14745    0.008834
14809    0.007999
14868    0.006935
14890    0.009271
14957    0.008616
15016    0.010597
15019    0.005423
15041    0.010298
15299    0.005020
15344    0.009379
15572    0.012841
15668    0.008616
15713    0.005940
15716    0.013588
15726    0.011569
15792    0.004544
15889    0.006727
15890    0.011569
15915    0.008616
15936    0.007170
16063    0.020289
16268    0.007345
16292    0.011569
16301    0.007999
16321    0.004733
16347    0.008282
16487    0.007010
16501    0.003774
16509    0.004429
16585    0.005972
16724    0.004466
16732    0.003195
16766    0.004994
16941    0.007201
16959    0.007736
17051    0.003761
17117    0.003138
17123    0.007345
17144    0.002895
17243    0.029665
17369    0.015297
17438    0.005857
17484    0.002141
17695    0.006935
17782    0.027030
17916    0.009379
18182    0.001981
18247    0.004756
18326    0.005099
18382    0.004871
18383    0.015987
18535    0.015076
18620    0.011880
18655    0.016413
18656    0.007255
18668    0.005777
18755    0.010298
18855    0.011569
18882    0.002770
18898    0.004871
18993    0.018218
18997    0.009271
19121    0.012841
19261    0.003841
19266    0.007445
19309    0.005046
19381    0.007088
19426    0.002522
19460    0.002978
19503    0.005556
19535    0.004668
19707    0.004200
19736    0.005182
19785    0.007081
19820    0.004337
19836    0.005983
19844    0.001201
19908    0.009271
20082    0.011044
20090    0.004357
20095    0.007088
20175    0.009554
20251    0.005269
20275    0.003147
20507    0.007643
20534    0.004285
20555    0.008810
20620    0.042100
20626    0.015806
20627    0.010308
20656    0.011569
20824    0.005182
20827    0.006601
20901    0.003982
21016    0.009742
21019    0.005154
21052    0.007754
21057    0.004355
21065    0.005556
21132    0.005700
21150    0.001464
