147
103    0.011893
1240    0.011440
1283    0.009632
1304    0.016569
1614    0.045170
1698    0.019574
1699    0.004283
1741    0.027042
1746    0.011064
2014    0.014325
2015    0.016569
2048    0.014479
2084    0.012601
2278    0.014637
2281    0.042090
2396    0.009724
2470    0.035795
2604    0.012547
2860    0.025356
2882    0.039343
2947    0.012996
3086    0.015418
3563    0.011354
3726    0.012601
3861    0.017603
4109    0.023266
4260    0.013055
4380    0.020761
4662    0.012767
4870    0.011146
5142    0.022853
5217    0.017603
5347    0.020381
5573    0.016933
5701    0.024749
5995    0.019693
6628    0.011146
6827    0.015145
6828    0.013297
7010    0.017603
7168    0.007179
7602    0.019280
7753    0.009850
7802    0.004782
7827    0.028929
8025    0.019764
8222    0.021783
8568    0.008043
8845    0.038133
8848    0.020897
8851    0.032502
9016    0.012880
9177    0.018374
9265    0.027779
9282    0.010790
9301    0.016933
9304    0.017603
9940    0.032502
10016    0.024749
10105    0.010281
10215    0.012286
10485    0.036075
10578    0.031615
11014    0.039707
11118    0.014970
11196    0.017462
11531    0.012184
12005    0.007255
12048    0.013889
12230    0.011187
12232    0.019483
12257    0.036075
12263    0.044943
12273    0.011354
12283    0.014207
12413    0.018210
12564    0.036075
12684    0.015186
12898    0.016229
12900    0.015418
12999    0.005939
13355    0.008391
13357    0.005051
13434    0.003276
13482    0.027639
13515    0.020633
13568    0.013236
13977    0.025356
14050    0.028929
14054    0.016687
14063    0.022456
14124    0.043436
14323    0.012601
14365    0.021783
14412    0.014401
14537    0.020289
14654    0.024749
15053    0.026839
15140    0.009882
15158    0.066347
15222    0.027779
15440    0.028929
15818    0.010984
15912    0.009307
16026    0.015609
16707    0.012996
16734    0.007236
16941    0.006743
17037    0.011397
17065    0.036075
17480    0.016340
17699    0.036075
17931    0.033137
17932    0.023266
18005    0.009194
18167    0.011102
18187    0.024749
18416    0.017898
18587    0.011064
18882    0.007781
18949    0.022471
18951    0.034924
19127    0.028268
19173    0.017190
19211    0.022853
19212    0.029437
19223    0.013055
19262    0.024469
19266    0.010457
19271    0.026719
19272    0.036075
19278    0.006472
19309    0.014175
19366    0.005014
19410    0.006674
19437    0.033617
19453    0.036404
19736    0.043672
19813    0.021471
19844    0.003374
19961    0.032502
20260    0.018400
20282    0.007889
20760    0.015708
20797    0.021471
21139    0.021471
21253    0.007933
