32
1969    0.104752
2156    0.084947
2508    0.084947
3713    0.160506
3715    0.097571
5152    0.082039
5515    0.054247
8639    0.153968
10525    0.089352
10605    0.060019
10837    0.031467
11103    0.022684
11112    0.055493
11782    0.049595
12095    0.079823
12421    0.081132
12675    0.123556
13198    0.099204
14316    0.065399
15204    0.066448
16362    0.092495
16734    0.040109
17027    0.066448
17029    0.088185
18282    0.031000
20627    0.080253
20716    0.078983
20844    0.041748
20978    0.091838
21001    0.103749
21005    0.063895
21020    0.112971
