133
1069    0.020403
1072    0.021041
1081    0.020557
1240    0.013785
1283    0.034819
1345    0.024270
1435    0.022772
1698    0.011793
1741    0.008146
1862    0.008859
1863    0.024270
2117    0.024270
2120    0.013785
2277    0.018249
2432    0.007507
2656    0.031383
2723    0.012143
2744    0.011643
2747    0.019965
2826    0.021041
3013    0.041751
3031    0.033472
3039    0.014387
3086    0.037157
3089    0.020753
4137    0.010591
4289    0.022998
4380    0.025016
4383    0.018143
4400    0.028575
4450    0.011793
4536    0.018143
4877    0.025516
4932    0.027538
5075    0.007564
5352    0.015875
5501    0.008628
5816    0.027077
5977    0.011755
6376    0.044687
6478    0.039164
6598    0.011215
6881    0.021211
6983    0.023476
7377    0.012184
7531    0.011284
7595    0.014106
7632    0.020403
7965    0.019965
8568    0.009692
8577    0.021752
8581    0.009638
8630    0.007469
9016    0.015520
9209    0.009912
9282    0.013001
9324    0.026649
9518    0.036997
9751    0.026248
9994    0.026649
10074    0.012473
10140    0.013785
10331    0.023476
10338    0.037291
10339    0.043469
10354    0.015520
10589    0.016174
10605    0.026095
11103    0.004931
11197    0.028575
11440    0.021943
11475    0.027538
11528    0.014387
11782    0.032344
11833    0.043469
11841    0.007174
12297    0.064680
12684    0.009149
12817    0.014804
12889    0.009968
12904    0.011390
12928    0.015875
12999    0.007156
13228    0.013944
13479    0.031383
13647    0.011533
13730    0.029167
13892    0.022554
14065    0.010271
14085    0.028035
14363    0.033472
14365    0.026248
14408    0.025516
14498    0.011570
14669    0.028035
15204    0.014445
15684    0.020875
15865    0.039164
16502    0.034858
16585    0.002527
16729    0.014169
16932    0.027077
17144    0.019602
17291    0.036645
17439    0.025871
17480    0.019689
17818    0.029822
18587    0.013332
19128    0.031750
19194    0.036645
19195    0.024559
19204    0.017261
19366    0.006041
19410    0.008042
19757    0.021566
19844    0.008132
20260    0.003695
20275    0.010654
20282    0.019012
20345    0.036645
20481    0.061670
20673    0.019171
20715    0.029167
20762    0.021386
20848    0.011284
20868    0.009585
21009    0.026649
21094    0.020108
21150    0.014870
21253    0.009559
21254    0.013529
21258    0.021041
21259    0.019296
