54
1157    0.040781
1416    0.052694
1698    0.031125
2093    0.034315
2609    0.043734
3193    0.064057
3567    0.026994
4150    0.049643
4324    0.039904
4328    0.056445
4492    0.041331
5096    0.030061
5575    0.082829
5578    0.043520
6224    0.080640
6761    0.094284
8421    0.076982
8428    0.055097
8429    0.068284
8446    0.062251
9672    0.170713
10453    0.067347
10454    0.100547
11093    0.043308
11180    0.051448
11181    0.031736
11559    0.103367
12283    0.022592
12853    0.036522
13501    0.029150
13894    0.082829
13899    0.046047
13910    0.031530
14439    0.027628
14448    0.066460
14745    0.026310
14774    0.065619
14883    0.078710
15509    0.114730
15695    0.042893
16063    0.045318
16320    0.096720
16489    0.057410
18383    0.035709
18641    0.088345
18652    0.029782
18668    0.051612
18882    0.024747
19410    0.021225
19844    0.010732
20779    0.088345
20901    0.035577
21016    0.087039
21264    0.047338
