267
451    0.013286
1116    0.008281
1242    0.020461
1247    0.010164
1255    0.017853
1260    0.010062
1309    0.006245
1680    0.008031
1683    0.013047
1699    0.002258
1741    0.007128
1746    0.011666
1801    0.015251
1817    0.011846
1867    0.019018
1881    0.019018
1896    0.014149
1989    0.011319
2058    0.009516
2209    0.042446
2277    0.003992
2281    0.007396
2388    0.011163
2391    0.014644
2393    0.017134
2609    0.007249
2690    0.011319
2706    0.005295
2744    0.005094
2753    0.014149
2867    0.023278
3009    0.010877
3086    0.008128
3323    0.016032
3338    0.008281
3686    0.008797
3842    0.006172
3971    0.019018
4168    0.017853
4195    0.005126
4202    0.016158
4240    0.003897
4245    0.006504
4353    0.019018
4380    0.003648
4399    0.014149
4402    0.025003
4450    0.005159
4505    0.009280
4551    0.017134
4553    0.038035
4554    0.019018
4639    0.009356
4776    0.011163
4777    0.007552
4863    0.012761
4938    0.019018
5043    0.002798
5074    0.031599
5075    0.003309
5103    0.018266
5298    0.026094
5299    0.051402
5300    0.019018
5323    0.017134
5352    0.006945
5416    0.029288
5501    0.003775
5507    0.012048
5532    0.004759
5578    0.007214
5838    0.016032
5840    0.010877
5975    0.005833
6226    0.019018
6333    0.015251
6334    0.037741
6699    0.010497
6808    0.009435
6908    0.004703
7168    0.003785
7330    0.005688
7523    0.029287
7702    0.016032
7802    0.005042
8027    0.011319
8040    0.004817
8082    0.013047
8097    0.015251
8116    0.004125
8162    0.011483
8164    0.013367
8244    0.030501
8288    0.021754
8300    0.010745
8337    0.057053
8500    0.004182
8568    0.008481
8577    0.009516
8581    0.008434
8622    0.005708
8630    0.003268
8638    0.015784
8777    0.008178
8837    0.026779
9137    0.009867
9368    0.012761
9435    0.019018
9490    0.011659
9533    0.005919
9664    0.006371
9798    0.005330
9859    0.013367
9963    0.009775
10169    0.012502
10366    0.017134
10403    0.019018
10670    0.019018
10714    0.006586
10762    0.032065
10837    0.002993
10846    0.006371
10897    0.005551
10922    0.012502
11071    0.011659
11103    0.002157
11181    0.005261
11203    0.006701
11210    0.012265
11235    0.026734
11355    0.003696
11401    0.010271
11434    0.005226
11503    0.004436
11567    0.008281
11699    0.038035
11757    0.006371
11841    0.003138
11973    0.009867
12005    0.003825
12122    0.004774
12136    0.019018
12244    0.019018
12245    0.005014
12300    0.009753
12304    0.020763
12324    0.013367
12522    0.037468
12658    0.017134
12664    0.012502
12713    0.019018
12735    0.009280
12855    0.004398
12864    0.011838
12911    0.006124
12920    0.009775
12927    0.006423
12942    0.011846
12987    0.002730
12999    0.003131
13014    0.004182
13295    0.009867
13357    0.002663
13434    0.003454
13662    0.017134
13675    0.019018
13999    0.030185
14003    0.014149
14047    0.011659
14065    0.004494
14071    0.013047
14093    0.008079
14099    0.009205
14200    0.008128
14263    0.025003
14312    0.019018
14430    0.007434
14439    0.009159
14519    0.012265
14536    0.008229
14717    0.007937
14742    0.003882
14774    0.010877
14780    0.009686
14857    0.007847
14869    0.015251
14874    0.006851
15042    0.014644
15104    0.019018
15105    0.011016
15135    0.009062
15493    0.011319
15497    0.006371
15503    0.007592
15778    0.007110
15912    0.004906
16116    0.005648
16237    0.010453
16269    0.009062
16734    0.019073
16941    0.007110
16975    0.014644
17129    0.005791
17144    0.004288
17347    0.007892
17366    0.014499
17413    0.008861
17444    0.013730
17451    0.007892
17473    0.014644
17808    0.010618
17814    0.006196
17866    0.019018
17868    0.007592
17966    0.007322
17994    0.010745
18008    0.016032
18010    0.028298
18159    0.007285
18167    0.008779
18182    0.017602
18549    0.010745
18563    0.013730
18587    0.005833
18589    0.010877
18661    0.015251
18776    0.019018
18883    0.005833
18898    0.007214
18903    0.008994
18904    0.009280
18965    0.017134
19085    0.009133
19125    0.049070
19127    0.029805
19131    0.014149
19226    0.004514
19274    0.010164
19366    0.002643
19619    0.015251
19685    0.007076
19707    0.006220
19772    0.006477
19997    0.008673
20090    0.019359
20193    0.017134
20202    0.010382
20227    0.013367
20233    0.009356
20241    0.019018
20260    0.006467
20275    0.009322
20277    0.014644
20282    0.004159
20460    0.027040
20523    0.019018
20534    0.006345
20717    0.004847
20768    0.008949
20803    0.003775
21005    0.006077
21129    0.004288
21132    0.008442
21150    0.013011
21243    0.004312
21247    0.002757
21296    0.009516
