248
212    0.008071
1099    0.006059
1262    0.028220
1314    0.008922
1451    0.008186
1466    0.007440
1691    0.010948
1699    0.002042
1919    0.006032
2102    0.012910
2396    0.004635
2432    0.005939
2458    0.008194
2569    0.017209
2609    0.006555
2659    0.024828
2710    0.006368
2744    0.004606
2915    0.011538
3029    0.007584
3050    0.019089
3162    0.009097
3298    0.007584
3583    0.003771
3586    0.023594
3614    0.014496
3790    0.013584
3791    0.023076
3862    0.007305
4023    0.012872
4198    0.009491
4378    0.015908
4410    0.013241
4413    0.029505
4461    0.012796
4492    0.006195
4639    0.025380
4666    0.022751
4690    0.008604
4776    0.010094
4870    0.005313
4900    0.017195
4966    0.017195
5043    0.015181
5086    0.008391
5093    0.007095
5204    0.026482
5358    0.008922
5415    0.006223
5439    0.009097
5440    0.013375
5442    0.030985
5501    0.003413
5567    0.004836
5603    0.027578
5975    0.010548
5977    0.004650
5991    0.006309
6085    0.006792
6213    0.015492
6262    0.075915
6665    0.013789
6730    0.015492
6734    0.007136
6907    0.010711
6983    0.009287
6999    0.019922
7029    0.022607
7360    0.015492
7378    0.008839
7420    0.017195
7429    0.020766
7456    0.005808
7466    0.018176
7565    0.026482
7600    0.007736
7736    0.005054
7769    0.010234
7802    0.009118
8040    0.017423
8260    0.018380
8417    0.005761
8500    0.007562
8534    0.011074
8568    0.015336
8581    0.015251
8596    0.004562
8630    0.005909
8702    0.010711
9005    0.009097
9282    0.005143
9339    0.013789
9398    0.021567
9641    0.019762
9769    0.009097
10119    0.020187
10140    0.021812
10261    0.004303
10331    0.009287
10354    0.006139
10475    0.024172
10846    0.005761
10892    0.003845
10929    0.017195
10974    0.013241
10975    0.029397
11189    0.015492
11207    0.006167
11355    0.006684
11400    0.011090
11444    0.018256
11528    0.005691
11591    0.008391
11683    0.009717
11750    0.004606
11753    0.008194
11757    0.005761
11782    0.004265
11841    0.008513
12005    0.006917
12042    0.007736
12154    0.017195
12166    0.006398
12167    0.008680
12326    0.008323
12393    0.017195
12505    0.006223
12551    0.004478
12591    0.005107
12747    0.017195
12889    0.011830
12987    0.002468
13167    0.007954
13219    0.015368
13228    0.011032
13355    0.004000
13357    0.004815
13434    0.003123
13482    0.039524
13529    0.007262
14065    0.004063
14073    0.005955
14237    0.008839
14303    0.004951
14537    0.004836
14742    0.001755
14920    0.008922
15012    0.015492
15028    0.020766
15142    0.006722
15293    0.014496
15333    0.009190
15497    0.005761
15706    0.010711
15783    0.015266
15822    0.005107
15830    0.008604
15844    0.010383
16017    0.017195
16063    0.006792
16259    0.008194
16271    0.043488
16410    0.047187
16527    0.005761
16529    0.044106
16575    0.007535
16585    0.003998
16592    0.007398
16633    0.011304
16643    0.013241
16729    0.008407
16732    0.004278
16862    0.012065
16880    0.005905
16944    0.004635
16954    0.008680
17033    0.007842
17117    0.004202
17327    0.011304
17480    0.007788
17524    0.006757
17553    0.015492
17669    0.004081
17916    0.006280
17935    0.012793
18247    0.006368
18266    0.046152
18335    0.010383
18338    0.013241
18339    0.015492
18347    0.009491
18435    0.006085
18499    0.070550
18501    0.011797
18580    0.015266
18581    0.023076
18596    0.022607
18670    0.017942
18788    0.013789
18883    0.005274
18925    0.011797
18987    0.006429
18993    0.008132
19043    0.009513
19135    0.013789
19169    0.006901
19177    0.004934
19212    0.007016
19223    0.006223
19226    0.008162
19278    0.003085
19410    0.012725
19485    0.007016
19577    0.023527
19773    0.004316
19844    0.003217
19900    0.017195
20215    0.011090
20226    0.008839
20260    0.001462
20553    0.012086
20568    0.010234
20582    0.006460
20717    0.004382
20785    0.005832
20791    0.009835
20800    0.011090
20830    0.030942
20859    0.008839
20868    0.011375
20894    0.004741
20927    0.008330
20933    0.014496
20954    0.015492
21006    0.011538
21012    0.010711
21088    0.010094
21094    0.007954
21111    0.021531
21115    0.004034
21122    0.005646
21129    0.003877
21147    0.018380
21150    0.005882
21173    0.012793
21261    0.009287
21264    0.007095
21296    0.008604
