62
1204    0.029559
2658    0.092186
3571    0.031459
3619    0.033193
4195    0.023006
4324    0.089055
4660    0.054068
4661    0.058552
4810    0.035830
5140    0.071950
5578    0.032374
5717    0.033193
5719    0.024242
5769    0.048162
5820    0.038395
6196    0.085348
6758    0.037225
6761    0.023379
7271    0.056105
7399    0.085348
8421    0.171802
8446    0.092617
8730    0.068442
8771    0.076895
9442    0.038925
9798    0.023921
10454    0.112196
10514    0.085348
11499    0.046093
11757    0.028592
12283    0.033612
12999    0.028099
13283    0.046093
13501    0.043370
14065    0.010083
14195    0.055044
14359    0.040987
14617    0.050796
14745    0.019572
15647    0.085348
15912    0.022019
16012    0.042343
16046    0.076895
16311    0.143900
16313    0.058552
16320    0.071950
16487    0.046591
16585    0.004961
16729    0.013909
18005    0.021751
18167    0.026267
18440    0.052323
19177    0.024489
20251    0.035017
20260    0.007255
20461    0.053164
20528    0.061617
20531    0.059989
20768    0.060243
20795    0.153789
20848    0.022155
21129    0.019244
