59
1240    0.034678
1667    0.092186
1946    0.055200
2737    0.037553
2928    0.092186
3790    0.043194
3850    0.040120
3945    0.084204
4137    0.026644
4317    0.113475
4573    0.081355
5096    0.028652
5212    0.037872
5352    0.039935
6596    0.027532
6705    0.037087
6758    0.023847
6765    0.076860
8069    0.059695
8407    0.047316
8500    0.024046
9454    0.031698
9877    0.071885
10226    0.081355
11103    0.012405
11130    0.053799
11181    0.030249
11858    0.059695
12307    0.066116
12326    0.052931
12331    0.125087
12551    0.028474
12660    0.039393
13344    0.087691
13501    0.027784
13886    0.027285
14169    0.068116
14425    0.025729
14742    0.011162
14745    0.025076
14895    0.078947
15019    0.046179
15023    0.052514
16035    0.098521
16377    0.068116
17072    0.114572
17074    0.040883
17643    0.033785
18172    0.087691
18416    0.054252
18417    0.067038
18507    0.076860
18649    0.050951
18918    0.109352
19266    0.031698
19410    0.020230
20294    0.168408
20620    0.032591
21307    0.035625
