217
1093    0.086401
1128    0.033622
1157    0.007678
1407    0.086401
1416    0.009921
1451    0.005141
1490    0.005804
1656    0.043201
1699    0.002565
1707    0.007962
1847    0.019983
1940    0.007387
1946    0.010904
1993    0.013684
2051    0.013043
2222    0.013043
2230    0.013931
2432    0.003730
2658    0.011666
2676    0.011002
3053    0.018244
3152    0.013043
3483    0.008716
3575    0.010627
3583    0.004737
3647    0.012189
3766    0.012679
3850    0.007925
4076    0.043201
4137    0.010526
4152    0.012204
4173    0.009921
4312    0.016070
4324    0.030051
4396    0.021600
4450    0.005860
4461    0.008037
4488    0.021080
4492    0.007781
4543    0.014819
4578    0.011103
4899    0.012786
5043    0.003178
5072    0.025712
5079    0.007065
5085    0.021600
5093    0.008912
5501    0.004287
5556    0.008114
5578    0.008194
5580    0.014199
5720    0.018210
5732    0.015594
6175    0.018210
6187    0.016633
6251    0.010456
6365    0.007121
6644    0.012354
6756    0.008154
6758    0.018842
6761    0.005917
6762    0.008358
7168    0.004298
7194    0.024581
7199    0.006674
7254    0.012354
7531    0.005607
7779    0.008623
7787    0.009526
7895    0.011792
7915    0.019461
7988    0.010540
8097    0.017322
8170    0.008577
8172    0.034643
8421    0.028987
8423    0.018210
8428    0.031120
8446    0.017580
8533    0.014299
8568    0.009632
8581    0.004789
8630    0.011134
8853    0.029638
9002    0.009992
9003    0.007925
9153    0.023886
9361    0.007611
9517    0.005039
9664    0.007236
9672    0.016070
9798    0.012108
9976    0.011544
10074    0.006198
10451    0.012354
10453    0.063397
10454    0.037860
10892    0.004830
11103    0.004901
11138    0.022415
11180    0.019372
11201    0.005112
11242    0.014199
11279    0.015777
11355    0.004198
11413    0.051423
11528    0.014299
11531    0.007296
11559    0.019461
11683    0.004069
11947    0.010717
12042    0.009717
12283    0.034027
12307    0.006530
12345    0.005898
12551    0.005625
12602    0.018210
12711    0.014819
12765    0.013496
12983    0.006283
12987    0.003100
13050    0.005455
13221    0.021600
13298    0.009784
13501    0.010976
13910    0.005936
14065    0.012759
14333    0.018210
14453    0.009589
14717    0.009015
14745    0.004953
14782    0.015594
15016    0.017825
15022    0.015182
15344    0.007888
15488    0.008316
15574    0.021600
15909    0.013242
15912    0.005573
16024    0.011544
16063    0.017064
16235    0.019461
16320    0.018210
16459    0.011792
16488    0.013242
16490    0.009465
16585    0.006278
16729    0.007041
16732    0.010747
16734    0.004333
16754    0.015182
16765    0.013931
16944    0.017468
17074    0.008076
17105    0.006261
17311    0.013242
17351    0.012060
17471    0.009784
17480    0.009784
17484    0.003601
17529    0.008275
17781    0.013455
17782    0.015156
17846    0.019434
17907    0.013684
17916    0.015777
18133    0.009465
18247    0.007999
18308    0.027368
18383    0.026892
18425    0.014494
18561    0.025712
18620    0.009992
18655    0.013805
18882    0.009318
19043    0.005975
19046    0.024949
19065    0.020129
19175    0.043201
19213    0.010717
19223    0.015633
19226    0.015379
19228    0.011792
19267    0.021600
19410    0.011988
19411    0.010809
19426    0.008485
19444    0.010293
19460    0.010020
19503    0.009346
19816    0.013043
20131    0.011428
20201    0.019461
20215    0.013931
20251    0.008862
20260    0.003672
20275    0.010588
20464    0.006484
20620    0.006438
20627    0.008669
20628    0.010064
20671    0.010540
20713    0.005841
20714    0.007121
20848    0.005607
20868    0.004763
20901    0.006698
20911    0.016070
21016    0.024581
21085    0.008488
21088    0.012679
21129    0.009741
21150    0.007389
21247    0.003131
21264    0.008912
21290    0.007852
21307    0.007037
