415
219    0.003040
288    0.004372
333    0.002741
448    0.005301
523    0.004862
630    0.011830
708    0.006938
786    0.004281
863    0.005480
1079    0.008434
1097    0.003669
1173    0.005683
1184    0.003241
1188    0.005529
1214    0.007200
1245    0.004196
1272    0.008000
1283    0.014621
1304    0.010060
1403    0.004961
1422    0.006822
1480    0.005103
1529    0.004217
1614    0.031998
1617    0.010952
1657    0.021905
1691    0.003486
1692    0.005219
1694    0.009868
1699    0.002601
1741    0.016420
1762    0.002808
1770    0.010952
1862    0.004464
1941    0.003513
1949    0.007338
2014    0.004349
2018    0.006714
2047    0.015555
2102    0.005482
2109    0.007200
2148    0.010952
2149    0.010952
2179    0.021905
2215    0.006822
2221    0.007514
2277    0.032186
2278    0.008888
2281    0.008519
2284    0.005794
2347    0.007200
2403    0.008783
2432    0.001891
2470    0.005434
2622    0.006714
2745    0.003253
2759    0.009233
2873    0.008434
2882    0.019907
2889    0.008434
2968    0.005141
2995    0.005578
3039    0.007250
3043    0.014781
3086    0.004681
3089    0.007843
3177    0.007907
3230    0.035131
3284    0.006714
3583    0.002402
3610    0.007698
3631    0.019735
3665    0.005854
3698    0.007064
3726    0.007651
3733    0.004372
3842    0.003554
3916    0.006518
3953    0.009868
4072    0.006822
4195    0.005905
4267    0.005529
4300    0.005388
4380    0.018909
4383    0.018285
4469    0.007514
4652    0.006264
4676    0.010952
4697    0.004018
4799    0.019735
4926    0.003981
5043    0.001612
5142    0.006938
5179    0.005578
5202    0.007053
5332    0.006613
5396    0.009868
5440    0.004260
5521    0.009478
5524    0.005794
5573    0.005141
5695    0.006518
5701    0.030055
5820    0.004927
5856    0.003513
5866    0.005867
5877    0.006613
5879    0.004238
5904    0.005738
5988    0.004444
6043    0.013037
6053    0.010952
6102    0.014698
6299    0.008434
6596    0.002758
6697    0.016441
6714    0.005979
6715    0.011830
6888    0.006822
6938    0.007698
6984    0.003264
7000    0.005434
7001    0.007200
7027    0.010952
7058    0.008783
7200    0.010952
7240    0.007907
7291    0.007698
7304    0.006938
7351    0.003777
7380    0.004154
7476    0.012230
7503    0.010952
7524    0.003132
7531    0.002843
7586    0.007907
7595    0.007108
7598    0.012689
7636    0.004519
7683    0.007514
7704    0.010867
7747    0.007064
7750    0.005915
7765    0.010952
7779    0.004372
7802    0.002904
7832    0.015814
7862    0.010952
7868    0.009868
7896    0.004349
7939    0.014399
7977    0.008434
8019    0.010550
8088    0.008783
8101    0.004710
8107    0.005009
8181    0.003582
8212    0.006429
8260    0.005854
8275    0.004154
8446    0.002971
8534    0.007053
8554    0.008148
8809    0.008783
8810    0.005683
8845    0.015436
8862    0.016301
8914    0.010952
8971    0.006613
9016    0.011731
9153    0.008074
9179    0.004653
9208    0.007349
9214    0.005030
9279    0.008783
9282    0.003276
9301    0.015422
9364    0.003669
9398    0.003434
9408    0.006115
9518    0.006991
9641    0.004196
9747    0.004444
9840    0.009233
9915    0.010952
9976    0.005854
10058    0.009868
10074    0.003143
10094    0.010952
10159    0.008148
10175    0.004260
10215    0.003730
10334    0.006371
10338    0.006264
10354    0.003910
10397    0.013481
10411    0.004372
10462    0.009233
10480    0.006822
10522    0.010952
10773    0.003730
10837    0.001724
10846    0.007338
10881    0.004710
10897    0.003197
11014    0.020091
11087    0.003826
11103    0.001242
11118    0.004545
11180    0.002456
11201    0.002592
11271    0.003859
11289    0.024806
11291    0.013645
11334    0.003311
11358    0.003699
11415    0.004571
11422    0.006822
11434    0.003010
11503    0.002555
11531    0.003699
11591    0.005344
11605    0.026348
11673    0.018563
11683    0.008253
11825    0.009233
11889    0.004769
12046    0.006115
12081    0.010952
12110    0.002962
12122    0.002749
12245    0.002888
12279    0.013037
12283    0.002157
12505    0.003963
12506    0.010952
12529    0.008148
12551    0.002852
12565    0.007907
12567    0.007349
12569    0.006045
12612    0.007907
12648    0.006264
12660    0.003945
12684    0.002305
12880    0.003625
12889    0.015069
12891    0.010952
12894    0.005103
12904    0.002870
12920    0.005630
12987    0.003144
13277    0.010952
13319    0.003568
13352    0.003311
13355    0.007643
13357    0.016869
13415    0.007514
13434    0.000994
13466    0.002562
13481    0.006518
13484    0.004281
13529    0.004625
13531    0.008783
13555    0.008434
13568    0.004018
13646    0.008783
13688    0.008434
13787    0.006613
13886    0.008198
13969    0.009868
14063    0.010226
14070    0.010952
14071    0.015027
14073    0.003793
14124    0.017583
14139    0.007349
14225    0.008434
14292    0.021905
14303    0.003153
14340    0.004396
14498    0.002915
14523    0.004396
14537    0.003080
14538    0.013406
14719    0.005794
14754    0.004372
14774    0.006264
14780    0.005578
14781    0.005794
15158    0.013429
15210    0.003893
15222    0.008434
15316    0.009868
15317    0.010952
15319    0.009233
15334    0.005260
15410    0.004469
15500    0.005529
15551    0.003963
15686    0.011679
15712    0.003500
15750    0.009868
15791    0.004217
15889    0.005738
15907    0.003299
16133    0.008434
16155    0.009233
16231    0.007514
16237    0.003010
16269    0.015657
16441    0.008783
16585    0.008277
16592    0.009424
16695    0.006938
16707    0.007891
16729    0.001785
16732    0.005449
16735    0.013037
16907    0.006099
16909    0.007907
16941    0.006142
16958    0.004653
17037    0.003460
17066    0.004927
17103    0.004000
17105    0.003175
17234    0.007349
17243    0.008434
17245    0.009868
17281    0.012320
17292    0.013789
17327    0.007200
17446    0.008434
17448    0.007514
17563    0.014698
17627    0.009868
17635    0.006714
17669    0.002599
17821    0.003859
17836    0.006115
17931    0.005030
17966    0.004217
18005    0.005582
18037    0.005103
18152    0.008434
18182    0.003379
18186    0.004114
18198    0.019840
18282    0.003396
18319    0.003669
18580    0.004862
18587    0.003359
18703    0.005683
18725    0.004420
18882    0.002362
18933    0.007349
18941    0.006518
18951    0.005301
19002    0.009868
19006    0.008783
19043    0.003030
19107    0.010952
19127    0.002861
19145    0.006938
19195    0.006188
19262    0.003714
19271    0.020280
19277    0.004927
19278    0.001965
19366    0.001522
19370    0.003486
19476    0.010952
19562    0.004862
19568    0.006518
19688    0.007349
19736    0.008839
19785    0.018118
19844    0.005122
20090    0.003716
20121    0.010952
20174    0.009233
20275    0.002684
20281    0.003963
20426    0.006613
20432    0.004894
20468    0.005794
20534    0.003654
20629    0.010867
20642    0.005630
20717    0.002791
20745    0.014491
20746    0.006822
20760    0.009538
20768    0.002577
20776    0.010132
20778    0.005141
20785    0.003714
20791    0.006264
20803    0.002174
20827    0.005630
20845    0.004469
20848    0.005686
20927    0.002653
20972    0.005979
20976    0.007514
21113    0.005219
21122    0.003596
21129    0.002469
21150    0.006244
21235    0.007349
21253    0.004817
21254    0.006818
21258    0.005301
21279    0.003928
