388
308    0.011464
481    0.005374
652    0.012725
674    0.006946
727    0.011464
817    0.011464
828    0.007801
848    0.012725
851    0.005612
1017    0.006666
1091    0.038204
1092    0.008944
1157    0.009046
1204    0.004407
1240    0.008070
1272    0.004647
1300    0.012725
1416    0.005844
1490    0.003419
1643    0.008730
1681    0.010441
1698    0.003452
1699    0.006044
1846    0.004445
1847    0.011772
1859    0.005311
1949    0.008526
2084    0.004445
2172    0.005973
2284    0.006732
2366    0.005973
2432    0.002197
2469    0.009798
2508    0.016217
2517    0.021454
2589    0.006313
2594    0.011464
2601    0.007801
2609    0.004851
2629    0.009467
2641    0.008944
2678    0.006313
2711    0.005374
2714    0.006481
2920    0.005612
2924    0.010204
2934    0.007469
3053    0.005374
3193    0.007104
3341    0.004082
3460    0.007683
3463    0.007926
3467    0.008538
3487    0.012725
3567    0.002994
3575    0.006260
3583    0.005581
3593    0.010990
3606    0.007926
3618    0.004407
3619    0.004949
3632    0.005221
3792    0.008061
3878    0.012725
3922    0.007926
3989    0.007189
4130    0.011688
4135    0.005374
4137    0.003100
4142    0.005973
4150    0.005506
4151    0.005506
4173    0.005844
4324    0.017703
4328    0.006260
4344    0.007926
4354    0.006872
4422    0.007683
4480    0.005844
4492    0.027504
4541    0.007371
4662    0.004503
4705    0.012725
4718    0.007683
4767    0.008207
4905    0.007024
5043    0.001872
5072    0.007573
5074    0.004229
5075    0.002214
5079    0.004162
5084    0.011858
5096    0.003334
5260    0.005163
5264    0.006064
5327    0.008538
5444    0.007469
5495    0.002441
5556    0.004780
5567    0.003578
5578    0.024134
5580    0.008365
5583    0.007926
5708    0.006666
5738    0.009187
5739    0.024070
5788    0.008207
5828    0.008365
5865    0.005724
5883    0.009187
6089    0.011464
6187    0.009798
6224    0.008944
6425    0.013204
6441    0.008538
6596    0.003204
6655    0.004924
6663    0.006111
6697    0.006367
6743    0.007278
6758    0.005550
6761    0.006971
6762    0.014771
6844    0.004949
7094    0.019597
7142    0.016727
7188    0.004503
7271    0.008365
7343    0.005973
7387    0.007926
7393    0.005686
7460    0.005540
7493    0.005929
7644    0.006111
7726    0.006602
7779    0.005080
7787    0.022447
7833    0.003263
8025    0.006971
8040    0.006446
8078    0.002559
8101    0.005472
8140    0.009187
8153    0.013081
8170    0.005053
8181    0.004162
8200    0.005163
8228    0.007801
8233    0.004875
8298    0.008061
8306    0.008207
8310    0.009467
8340    0.020408
8395    0.017173
8428    0.042775
8429    0.015147
8431    0.008944
8442    0.004827
8568    0.002837
8630    0.002186
8774    0.005472
8781    0.003917
8783    0.004195
8816    0.055433
8817    0.024183
8853    0.008730
8862    0.006313
8907    0.007801
8971    0.007683
9119    0.011464
9136    0.005506
9181    0.009467
9411    0.004831
9517    0.002968
9533    0.007921
9621    0.009798
9664    0.004263
9747    0.005163
9812    0.004445
9881    0.006159
9908    0.008730
9981    0.008365
10081    0.010727
10105    0.003626
10162    0.007926
10180    0.010727
10220    0.006423
10238    0.010727
10252    0.014209
10343    0.007683
10376    0.007926
10451    0.007278
10453    0.014939
10454    0.027879
10534    0.008944
10646    0.006666
10665    0.008730
10701    0.042627
10703    0.010727
10775    0.008538
10837    0.002002
10897    0.003714
11010    0.009798
11093    0.004803
11103    0.001444
11138    0.006602
11165    0.007573
11180    0.011412
11181    0.007040
11201    0.009034
11206    0.006209
11229    0.009467
11274    0.010204
11279    0.004647
11355    0.002473
11468    0.008928
11548    0.010204
11673    0.007189
11683    0.004794
11729    0.004178
11744    0.003806
11750    0.003408
11788    0.006602
11858    0.006946
11958    0.005135
12138    0.010727
12229    0.008365
12283    0.010023
12300    0.006525
12345    0.003474
12348    0.006602
12365    0.004757
12434    0.007104
12519    0.003038
12659    0.008596
12687    0.007024
12813    0.011464
12855    0.002943
12864    0.007921
12921    0.011464
12947    0.005649
12952    0.006111
13225    0.008944
13281    0.008944
13283    0.013744
13354    0.007573
13355    0.005920
13357    0.003563
13434    0.002311
13483    0.009467
13492    0.006159
13501    0.003233
13529    0.005374
13541    0.005576
13580    0.003100
13581    0.007104
13647    0.003376
13650    0.010204
13704    0.016122
13842    0.010204
13872    0.008944
13899    0.010214
13909    0.005026
14073    0.013221
14130    0.005406
14137    0.005280
14379    0.011464
14391    0.005374
14425    0.005988
14439    0.006128
14485    0.004690
14561    0.010727
14604    0.002722
14701    0.006946
14742    0.001299
14745    0.005836
14787    0.008207
14868    0.006872
14957    0.008538
15016    0.010500
15019    0.005374
15023    0.006111
15344    0.004647
15484    0.005472
15488    0.004899
15668    0.008538
15713    0.005886
15716    0.006732
15727    0.012725
15792    0.004503
15821    0.005506
15936    0.007104
15988    0.006423
16047    0.006946
16063    0.020105
16107    0.010727
16252    0.006872
16254    0.012725
16292    0.011464
16301    0.007926
16321    0.004690
16347    0.008207
16485    0.004129
16487    0.006946
16501    0.003740
16509    0.004388
16585    0.004438
16724    0.004426
16732    0.006331
16941    0.007135
16949    0.006732
16959    0.003833
17037    0.004020
17117    0.006219
17213    0.010204
17243    0.019597
17369    0.005053
17451    0.005280
17582    0.007926
17695    0.006872
17782    0.026784
17830    0.004464
17916    0.004647
18167    0.001958
18182    0.001963
18227    0.008061
18247    0.004712
18282    0.001973
18319    0.004263
18326    0.005053
18375    0.012725
18383    0.027723
18425    0.008538
18438    0.007189
18535    0.014939
18620    0.017658
18655    0.024396
18656    0.007189
18668    0.005724
18683    0.009187
18755    0.010204
18855    0.011464
18866    0.008365
18882    0.002745
18898    0.004827
18993    0.018053
18997    0.009187
19085    0.006111
19261    0.003806
19266    0.011066
19278    0.002283
19309    0.005000
19314    0.006946
19327    0.003003
19392    0.009798
19426    0.002499
19460    0.005903
19535    0.004626
19543    0.004503
19785    0.007017
19836    0.005929
19844    0.002380
19908    0.009187
19917    0.009798
20068    0.007801
20082    0.016416
20090    0.004318
20095    0.007024
20374    0.010204
20417    0.010204
20507    0.007573
20555    0.008730
20620    0.034132
20626    0.010441
20627    0.010214
20656    0.011464
20800    0.008207
20824    0.005135
20902    0.004195
21016    0.009653
21052    0.007683
21057    0.004316
21065    0.005506
21087    0.003701
21114    0.007104
21150    0.001451
21233    0.012725
21298    0.009467
