301
143    0.009624
203    0.015449
246    0.005328
267    0.006770
333    0.003866
370    0.006201
489    0.011896
610    0.023327
686    0.006303
689    0.015597
739    0.010156
773    0.018502
851    0.006813
899    0.013919
920    0.013539
1019    0.015449
1342    0.021718
1393    0.015449
1451    0.003677
1529    0.023792
1762    0.003961
1862    0.003149
1863    0.008626
1950    0.010366
1969    0.016187
2071    0.010859
2080    0.010859
2156    0.013127
2173    0.004605
2396    0.004165
2508    0.006563
2636    0.015449
2644    0.006727
2660    0.009195
2706    0.004302
2861    0.007362
3030    0.011896
3222    0.015449
3368    0.011154
3473    0.070766
3479    0.007799
3558    0.011494
3559    0.031475
3593    0.013344
3594    0.009964
3596    0.018137
3597    0.009069
3618    0.005351
3619    0.006008
3635    0.006448
3713    0.031003
3715    0.007539
3862    0.006563
4001    0.007869
4131    0.013024
4135    0.006524
4137    0.003764
4152    0.008728
4195    0.004165
4240    0.015828
4673    0.016514
4777    0.006135
4860    0.008836
5152    0.012677
5495    0.005927
5504    0.015449
5518    0.009787
5532    0.003866
5539    0.009964
5567    0.004345
5718    0.012822
5719    0.004388
5725    0.013370
5962    0.007539
6429    0.006234
6495    0.008728
6596    0.003890
6655    0.005978
6758    0.006738
6762    0.005978
6908    0.003820
6984    0.009209
7168    0.003074
7178    0.006486
7460    0.006727
7584    0.010859
7619    0.004844
7753    0.004218
7833    0.003961
7853    0.019247
7915    0.013919
7965    0.007096
7966    0.015449
8097    0.012389
8107    0.003533
8159    0.007478
8216    0.015449
8277    0.013919
8300    0.008728
8353    0.013024
8476    0.019747
8505    0.006201
8586    0.012389
8613    0.089243
8616    0.017055
8624    0.025498
8639    0.017844
8640    0.015461
8719    0.009195
8729    0.008836
8781    0.014267
8783    0.005093
9064    0.015449
9070    0.012389
9194    0.013919
9209    0.003523
9282    0.004621
9392    0.007601
9459    0.007306
9506    0.010599
9517    0.007208
9692    0.006167
9739    0.007601
9777    0.007146
9991    0.007306
10139    0.013919
10179    0.008836
10237    0.015449
10457    0.009964
10466    0.012389
10467    0.013919
10525    0.006904
10605    0.004637
10637    0.007146
10738    0.009624
10837    0.002431
10899    0.011896
10987    0.023793
11103    0.003505
11112    0.004288
11178    0.016849
11183    0.005948
11253    0.011154
11271    0.010887
11289    0.005832
11327    0.008257
11331    0.009787
11358    0.026090
11434    0.004246
11489    0.011896
11503    0.003604
11665    0.015449
11729    0.005073
11750    0.004138
11841    0.002550
11904    0.015449
11969    0.012389
12095    0.006167
12162    0.007252
12273    0.004863
12315    0.013024
12421    0.012537
12459    0.011896
12519    0.003688
12548    0.009988
12677    0.016347
12797    0.059783
12817    0.005261
12844    0.022307
12855    0.003573
12864    0.004808
12928    0.005642
12987    0.006653
12995    0.007665
13009    0.010156
13050    0.003902
13073    0.015449
13089    0.011494
13090    0.015449
13131    0.011494
13195    0.007419
13231    0.007869
13241    0.008626
13311    0.006770
13351    0.003625
13355    0.007187
13429    0.013919
13434    0.002806
13489    0.013919
13910    0.008492
13964    0.006603
14065    0.001825
14073    0.037454
14074    0.009964
14099    0.007478
14161    0.008257
14316    0.005053
14319    0.008434
14323    0.005397
14339    0.005948
14406    0.004687
14412    0.012335
14430    0.006039
14448    0.053696
14450    0.013919
14454    0.013919
14628    0.023793
14742    0.006308
14745    0.003543
14951    0.013024
15063    0.008836
15140    0.004232
15173    0.012389
15271    0.005695
15346    0.031099
15466    0.005444
15484    0.006644
15550    0.007869
15792    0.016402
15809    0.013919
15928    0.010793
16008    0.013919
16120    0.008344
16331    0.013919
16333    0.007665
16362    0.007146
16421    0.015449
16428    0.015449
16494    0.013024
16501    0.009081
16585    0.004490
16649    0.006339
16669    0.015449
16773    0.012389
16907    0.004302
16958    0.006563
17025    0.006448
17029    0.006813
17032    0.008528
17067    0.006374
17101    0.005695
17111    0.006524
17167    0.018942
17372    0.007601
17380    0.013919
17387    0.015449
17637    0.009624
17903    0.015449
18163    0.010859
18167    0.007132
18182    0.002383
18194    0.013919
18204    0.007941
18229    0.013024
18282    0.004790
18317    0.006201
18366    0.009329
18530    0.015449
18652    0.012031
18654    0.010156
18700    0.012389
18706    0.017899
18883    0.004738
18976    0.009787
19082    0.032577
19232    0.004844
19235    0.013919
19295    0.013919
19354    0.011494
19366    0.002147
19426    0.003034
19503    0.006685
19583    0.009329
19648    0.008174
19649    0.008836
19749    0.015449
19785    0.012779
20162    0.010859
20185    0.011494
20222    0.013919
20256    0.008257
20452    0.011032
20453    0.013024
20481    0.007306
20559    0.007869
20620    0.013814
20626    0.025354
20627    0.018602
20628    0.007198
20648    0.024283
20716    0.006102
20768    0.003635
20842    0.010156
20844    0.006451
20978    0.014191
20998    0.008174
20999    0.010859
21001    0.024048
21019    0.012401
21033    0.019928
21150    0.003523
