259
219    0.004784
333    0.004314
455    0.005775
539    0.007459
686    0.007033
786    0.006738
803    0.011566
850    0.037640
1095    0.008860
1113    0.011566
1245    0.006604
1283    0.023012
1304    0.023751
1309    0.005660
1403    0.007808
1490    0.004632
1496    0.009213
1614    0.043167
1664    0.007917
1699    0.002047
1741    0.003230
2014    0.006845
2047    0.009792
2084    0.006021
2093    0.010312
2188    0.009410
2277    0.028947
2470    0.042760
2471    0.014532
2609    0.013142
2710    0.006384
2745    0.005120
2882    0.012533
3013    0.016556
3029    0.007602
3089    0.008230
3090    0.007323
3603    0.009739
3727    0.009985
3732    0.007602
3797    0.009985
3850    0.012649
4023    0.008602
4072    0.010738
4168    0.008091
4240    0.007064
4362    0.007323
4380    0.026454
4463    0.014735
4467    0.006918
4501    0.006571
4662    0.006100
4729    0.005616
4774    0.008091
5093    0.007112
5142    0.010920
5178    0.021475
5179    0.008780
5256    0.011332
5274    0.010568
5277    0.015530
5312    0.017238
5567    0.009695
5628    0.009859
5701    0.011826
5819    0.009739
5866    0.004617
5867    0.011566
5899    0.007553
6523    0.013274
6532    0.008278
6598    0.004447
6809    0.007367
6827    0.007237
6984    0.005138
7048    0.006445
7095    0.015530
7416    0.009859
7497    0.010409
7679    0.010259
7715    0.011826
7833    0.004420
7896    0.027379
8019    0.004151
8025    0.014166
8047    0.015530
8165    0.010119
8226    0.015530
8323    0.012420
8438    0.011566
8442    0.013077
8568    0.003843
8569    0.010920
8622    0.005174
8845    0.018221
8948    0.013274
9060    0.010738
9118    0.005446
9155    0.007974
9180    0.011826
9193    0.008944
9301    0.008091
9304    0.016823
9398    0.005405
9548    0.015530
9549    0.015530
9601    0.014532
9631    0.006571
9641    0.006604
9673    0.013274
9812    0.012043
9897    0.010738
9945    0.007367
9946    0.009739
9947    0.008042
10074    0.004946
10215    0.005870
10334    0.005014
10611    0.007279
10659    0.009309
10774    0.008626
10790    0.008214
10837    0.002713
10981    0.010568
11014    0.012649
11087    0.006021
11289    0.026028
11291    0.010738
11380    0.012445
11401    0.009309
11729    0.005660
11750    0.004617
11757    0.005775
11785    0.012445
11902    0.021135
11961    0.010738
12166    0.006414
12283    0.006789
12286    0.010259
12326    0.008344
12413    0.008701
12519    0.004115
12720    0.022663
12876    0.009213
12880    0.005705
12889    0.011859
12904    0.004517
12974    0.006539
13168    0.017238
13319    0.005616
13353    0.006670
13357    0.004827
13434    0.001565
13484    0.006738
13530    0.006994
13568    0.006324
13939    0.005066
13983    0.009309
14063    0.026825
14124    0.006918
14180    0.014532
14273    0.015530
14323    0.012043
14324    0.012116
14430    0.006738
14498    0.004588
14537    0.009695
14619    0.012445
14656    0.009213
14719    0.009120
14721    0.017238
14742    0.001760
15006    0.008701
15140    0.004722
15158    0.063406
15210    0.006127
15222    0.092915
15229    0.007862
15333    0.018426
15334    0.016556
15336    0.009859
15500    0.008701
15642    0.011332
15712    0.011016
15818    0.005249
15912    0.004447
16026    0.007459
16029    0.006809
16085    0.010409
16094    0.006445
16116    0.005120
16501    0.005066
16585    0.012025
16592    0.003708
16593    0.017238
16705    0.004517
16707    0.006210
16862    0.012095
16923    0.004784
16941    0.003222
17027    0.005728
17037    0.005446
17051    0.005049
17108    0.006637
17281    0.004847
17292    0.027127
17644    0.017238
17868    0.013763
17931    0.031668
18005    0.004393
18167    0.005305
18182    0.005318
18293    0.014532
18416    0.008552
18499    0.007072
18558    0.011332
18652    0.008949
18670    0.005995
18725    0.013912
18736    0.011566
18882    0.003718
18888    0.005775
18940    0.008344
19127    0.031518
19128    0.006295
19139    0.014532
19271    0.006384
19277    0.038773
19381    0.009515
19426    0.003385
19443    0.011826
19589    0.008481
19648    0.009120
19736    0.034780
19785    0.014258
19844    0.006450
19993    0.015530
20090    0.002925
20108    0.016556
20260    0.016119
20282    0.018848
20359    0.009410
20420    0.009410
20641    0.025649
20701    0.013274
20720    0.017238
20750    0.013823
20841    0.004545
20845    0.007033
20910    0.007652
20927    0.004175
20964    0.005268
20993    0.012364
21115    0.004044
21150    0.001966
21155    0.006956
21253    0.003790
21266    0.004661
21296    0.008626
