49
610    0.046347
1092    0.086299
1528    0.122781
2093    0.073447
2102    0.030728
2224    0.050950
2278    0.049818
2366    0.057630
2604    0.128114
3282    0.059431
3326    0.043643
3766    0.072073
4328    0.060406
4697    0.045047
5578    0.046574
5798    0.098460
5879    0.047510
6142    0.189090
6761    0.033633
7712    0.061439
8864    0.098460
9153    0.045257
10290    0.042523
10454    0.053801
10701    0.068552
10897    0.035837
11180    0.027529
11609    0.076482
11729    0.040316
12110    0.066406
12283    0.048355
12591    0.036465
12731    0.103507
12947    0.054503
13434    0.011149
14745    0.028156
14749    0.041988
16585    0.014275
17094    0.058508
17781    0.076482
17782    0.086148
18536    0.080713
18703    0.063706
19037    0.050660
19844    0.011485
19945    0.064959
20841    0.032372
20927    0.029740
21016    0.046574
