88
103    0.022843
333    0.017341
686    0.028271
1614    0.028921
2084    0.024204
2277    0.014545
2281    0.026949
2470    0.034378
3089    0.033082
3826    0.041841
4260    0.025075
4271    0.036660
4373    0.069292
4380    0.026585
4501    0.026414
4872    0.031825
5074    0.023027
6828    0.051083
7416    0.039631
7704    0.034378
7870    0.069292
7896    0.027515
8025    0.018981
8047    0.062429
8323    0.024962
8845    0.024415
8918    0.022934
9155    0.032053
9304    0.067624
9510    0.024740
9960    0.045551
9961    0.039148
10016    0.047537
10247    0.030963
10612    0.035953
10837    0.010905
11213    0.022058
11289    0.026156
12232    0.037422
12283    0.013645
12296    0.055566
12591    0.020579
12894    0.032286
12999    0.011407
13320    0.026678
13357    0.009702
13580    0.016883
14063    0.043133
14124    0.027810
14137    0.028754
14304    0.031385
14534    0.051552
14537    0.019486
14656    0.037034
15158    0.042480
15551    0.025075
15555    0.023896
15642    0.045551
15818    0.021099
15908    0.036300
16592    0.014905
16729    0.011293
16734    0.027798
16862    0.024309
17027    0.023027
17108    0.026678
17292    0.021809
17471    0.031385
17484    0.011551
17931    0.031825
18005    0.017659
18167    0.010663
18888    0.023213
19127    0.036199
19173    0.033019
19271    0.025661
19277    0.062344
19410    0.012819
19472    0.058415
19844    0.006481
20260    0.035343
20282    0.015153
20534    0.023120
20641    0.051552
20768    0.016303
21133    0.038688
21155    0.027962
21253    0.015237
