110
333    0.014012
621    0.019642
1272    0.020447
1283    0.044847
1435    0.029330
1689    0.017823
1698    0.015189
1863    0.031260
2084    0.019557
2093    0.016746
2262    0.041654
2277    0.035258
2714    0.028516
2806    0.019727
2968    0.026280
3077    0.021032
3162    0.029621
3850    0.020542
4380    0.032220
4463    0.023929
4501    0.021342
5440    0.021775
5866    0.014996
5899    0.024533
6430    0.024378
7168    0.011142
7178    0.023505
7377    0.015692
7466    0.019727
7476    0.031260
7753    0.030575
8019    0.013482
8025    0.015337
8165    0.065730
8446    0.015189
8500    0.012311
8845    0.039455
8918    0.018531
9118    0.017688
9205    0.041654
9398    0.017556
9510    0.019990
9631    0.021342
9641    0.021448
9819    0.043113
10105    0.015957
10222    0.033322
10334    0.016285
10508    0.031260
10837    0.008811
11103    0.006352
11154    0.027777
11195    0.035468
11213    0.017823
11277    0.038410
11683    0.010547
11782    0.013887
11841    0.009240
12211    0.050443
12548    0.018098
12889    0.012839
12927    0.018910
13434    0.005084
14124    0.044942
14498    0.014902
14537    0.015745
14874    0.020169
15009    0.027777
15032    0.024854
15140    0.015337
15210    0.019901
15686    0.019901
15714    0.041654
15818    0.017048
16030    0.020542
16105    0.037567
16259    0.026680
16269    0.026680
16575    0.024533
16585    0.003255
16592    0.012044
16734    0.011230
17027    0.018605
17108    0.021556
17292    0.017622
17484    0.009333
17931    0.025715
18340    0.022843
18493    0.029621
19125    0.020637
19136    0.034876
19261    0.016746
19271    0.020734
19410    0.010358
19426    0.010996
19443    0.038410
19464    0.015641
19709    0.039353
19736    0.045186
20260    0.019038
20274    0.019473
20282    0.012244
20563    0.030237
20717    0.014269
20868    0.024691
20910    0.024854
21129    0.012624
21150    0.006384
21243    0.012695
21254    0.017426
