41
2224    0.059269
2277    0.029981
3039    0.141819
3501    0.074106
3675    0.059961
3719    0.106260
3732    0.062990
4195    0.038500
4380    0.027398
4681    0.206229
5881    0.148213
7380    0.054178
8417    0.047848
9096    0.128681
9210    0.106795
10354    0.050994
10406    0.086243
10881    0.061419
11452    0.106260
12005    0.028725
12122    0.071705
12487    0.128681
12522    0.046899
12817    0.048641
13357    0.039997
14065    0.016874
14320    0.048440
14749    0.048844
16585    0.008303
16729    0.023277
16941    0.026697
17327    0.093890
17669    0.033897
17868    0.057017
19046    0.054989
19410    0.026423
19844    0.026720
20275    0.035006
20282    0.031234
21083    0.059612
21254    0.044454
