51
212    0.058660
315    0.124973
1163    0.059101
1680    0.052776
1862    0.025471
2321    0.063085
2933    0.064843
3050    0.034683
4413    0.071478
4544    0.066119
5352    0.091281
5358    0.064843
5501    0.024804
6262    0.100316
7342    0.073360
7351    0.043099
7531    0.032442
7833    0.032045
8107    0.028578
9398    0.039187
9400    0.085737
9641    0.047875
10840    0.042561
10975    0.053414
11201    0.029575
11503    0.029152
12005    0.025134
12551    0.032542
13014    0.027481
13167    0.057809
13220    0.100218
13357    0.017499
14944    0.050708
14959    0.082154
15604    0.056221
16273    0.079171
16527    0.041867
16529    0.071234
16592    0.026883
16676    0.060982
16729    0.020367
16867    0.124973
17531    0.035617
18485    0.214435
18499    0.051275
18544    0.082154
18625    0.067493
19278    0.022420
19460    0.028986
19844    0.011690
21057    0.042385
