29
1707    0.080615
1857    0.162711
2283    0.087777
4152    0.123562
5043    0.032181
5079    0.071531
5096    0.057304
6758    0.095390
7330    0.065414
8281    0.105862
8533    0.072387
9304    0.106718
10897    0.063834
11569    0.062121
11947    0.108505
12043    0.143769
12307    0.132232
13501    0.055567
13909    0.086388
14093    0.092911
14745    0.050153
15344    0.079871
16490    0.095834
17643    0.067570
18247    0.080993
19366    0.060790
19453    0.073566
21266    0.059143
21307    0.071250
