157
370    0.013837
1091    0.017251
1111    0.034475
1306    0.029064
1451    0.008206
1476    0.034475
1480    0.016063
1752    0.015107
1862    0.007026
2090    0.022663
2093    0.020623
2113    0.013988
2547    0.024232
3219    0.034475
3298    0.015204
3540    0.031061
3567    0.008112
3574    0.013988
3619    0.026816
3665    0.018426
3912    0.016688
3925    0.016961
4023    0.008602
4151    0.014917
4173    0.015834
4301    0.015405
4324    0.047964
4512    0.017559
4542    0.031061
4711    0.023652
4814    0.034475
4936    0.023133
5075    0.011998
5084    0.016063
5179    0.017559
5264    0.016428
5575    0.024890
5737    0.017559
5739    0.065214
5828    0.022663
6204    0.026547
6598    0.017789
6758    0.015037
6765    0.024232
6904    0.022234
7163    0.031061
7456    0.011644
7779    0.013763
7802    0.004570
7892    0.013408
7895    0.018820
8078    0.006934
8275    0.013077
8428    0.016556
8446    0.056118
8449    0.020817
8638    0.014306
8816    0.050063
8817    0.043680
8853    0.023652
8863    0.027646
9043    0.034475
9200    0.009383
9222    0.034475
9256    0.012364
9311    0.016688
9463    0.026547
9809    0.034475
9962    0.021135
9963    0.017721
10194    0.034475
10454    0.060427
10611    0.014559
10612    0.017888
10837    0.005425
11103    0.003911
11138    0.017888
11180    0.007730
11421    0.068951
11958    0.013912
12109    0.015405
12560    0.019971
12591    0.010239
12719    0.031061
12949    0.015107
13228    0.011059
13470    0.015947
13491    0.032607
13499    0.021840
13691    0.018619
13775    0.017721
13794    0.019030
14065    0.008146
14439    0.008302
14441    0.020519
14445    0.014735
14604    0.007376
14745    0.023717
14882    0.026547
15016    0.028450
15019    0.043677
15023    0.016556
15212    0.017104
15551    0.012476
15822    0.010239
15907    0.010385
15908    0.018061
15912    0.017789
15991    0.016182
16194    0.034475
16279    0.017888
16724    0.023982
16729    0.005619
16767    0.019971
17144    0.015547
17451    0.014306
17529    0.013207
17640    0.062122
17782    0.012095
17907    0.021840
18003    0.013142
18086    0.018240
18138    0.014306
18282    0.005345
18382    0.013077
18383    0.021460
18441    0.025649
18620    0.015947
18652    0.008949
18882    0.007436
19065    0.016063
19085    0.033113
19223    0.012476
19266    0.029981
19365    0.042271
19460    0.007996
19509    0.034475
19665    0.034475
19696    0.022234
19736    0.055648
19756    0.018619
19785    0.009505
19844    0.003225
20094    0.043680
20383    0.019971
20439    0.017888
20464    0.031044
20535    0.017721
20605    0.020237
20620    0.010275
20841    0.018179
20846    0.031061
21016    0.013077
21157    0.019718
21247    0.004998
21266    0.009323
21306    0.013547
