307
246    0.005375
651    0.015587
724    0.011253
816    0.015587
849    0.014043
1091    0.038998
1244    0.008604
1346    0.007485
1415    0.006506
1490    0.004188
1514    0.006965
1681    0.006395
1699    0.001851
1762    0.003997
1847    0.007210
1949    0.005222
2092    0.007545
2278    0.006324
2283    0.006256
2344    0.003764
2442    0.019749
2450    0.008509
2460    0.007428
2517    0.013140
2589    0.007733
2594    0.014043
2595    0.009874
2604    0.005421
2675    0.006506
2678    0.007733
2702    0.015587
2778    0.010956
2924    0.012499
2985    0.008087
3100    0.013140
3193    0.008703
3315    0.014742
3326    0.005540
3327    0.006919
3567    0.003667
3571    0.005745
3575    0.007669
3583    0.003418
3664    0.008012
3782    0.013140
3789    0.006468
3825    0.009150
3867    0.014043
3921    0.009277
4047    0.023193
4137    0.003798
4142    0.007316
4150    0.006744
4151    0.006744
4173    0.007159
4324    0.016264
4328    0.015337
4422    0.009412
4425    0.015587
4492    0.011230
4541    0.009029
4660    0.009874
4697    0.011437
4767    0.010053
4777    0.006189
4899    0.004613
4907    0.010053
5039    0.031174
5043    0.004587
5056    0.008806
5072    0.009277
5075    0.002712
5084    0.021787
5089    0.010459
5096    0.004084
5264    0.007428
5327    0.010459
5331    0.007485
5369    0.015587
5434    0.011596
5444    0.009150
5493    0.008915
5556    0.005855
5562    0.007939
5575    0.011253
5578    0.023650
5618    0.028086
5739    0.014742
5798    0.012499
5883    0.011253
5977    0.008430
6002    0.010956
6142    0.012002
6171    0.008418
6224    0.010956
6289    0.015587
6323    0.007210
6425    0.016175
6515    0.015587
6598    0.004021
6758    0.006798
6761    0.008539
6762    0.012063
6844    0.006062
6908    0.003854
6918    0.006222
7142    0.006830
7364    0.007800
7460    0.006787
7463    0.008915
7709    0.007109
7716    0.007545
7736    0.004581
7787    0.013748
7802    0.004133
7892    0.012124
7895    0.008509
8025    0.008539
8078    0.006270
8107    0.003564
8116    0.003381
8140    0.011253
8153    0.016024
8186    0.007733
8200    0.006324
8233    0.005971
8301    0.009277
8340    0.012499
8395    0.007012
8428    0.074854
8429    0.018554
8442    0.005912
8533    0.005159
8594    0.006001
8630    0.002678
8711    0.005398
8816    0.082992
8817    0.049371
8853    0.010693
8862    0.007733
8907    0.009556
9118    0.004924
9181    0.011596
9229    0.009709
9409    0.015587
9664    0.005222
9981    0.010246
10074    0.004472
10081    0.013140
10105    0.008884
10180    0.013140
10252    0.008703
10261    0.003901
10277    0.010053
10311    0.011596
10451    0.008915
10453    0.009150
10454    0.034150
10472    0.011596
10610    0.007606
10611    0.006582
10696    0.015587
10701    0.034810
10837    0.007359
11093    0.005884
11112    0.004326
11117    0.007732
11138    0.008087
11178    0.005666
11180    0.006990
11181    0.004312
11183    0.006001
11201    0.007377
11206    0.007606
11351    0.015587
11355    0.003029
11609    0.009709
11673    0.008806
11729    0.005118
11782    0.003866
11819    0.010956
11858    0.008509
12109    0.006965
12229    0.010246
12283    0.006139
12345    0.004256
12348    0.008087
12519    0.007442
12591    0.004629
12731    0.013140
12765    0.004869
12772    0.015587
12864    0.004851
12907    0.006256
12952    0.007485
12964    0.014043
13061    0.012002
13070    0.007545
13245    0.014043
13354    0.018554
13355    0.007251
13357    0.002182
13434    0.004246
13501    0.003960
13580    0.003798
13647    0.004136
13699    0.015587
13704    0.009874
13896    0.007939
13899    0.006256
13999    0.008246
14065    0.003683
14073    0.021593
14140    0.008915
14308    0.010956
14439    0.007507
14485    0.005745
14604    0.003335
14631    0.012499
14742    0.003182
14745    0.010723
14845    0.015587
14944    0.006324
15019    0.019747
15020    0.011253
15023    0.014971
15063    0.004457
15140    0.004270
15242    0.012499
15299    0.012186
15345    0.010956
15778    0.005827
15821    0.006744
15989    0.006703
16063    0.006157
16116    0.004629
16321    0.005745
16485    0.005058
16487    0.008509
16501    0.004581
16509    0.005375
16585    0.013591
16595    0.012499
16639    0.039420
16705    0.004084
16843    0.010246
16941    0.002913
17037    0.009849
17123    0.008915
17243    0.012002
17351    0.008703
17443    0.010956
17630    0.011596
17661    0.008331
17782    0.038277
17789    0.011596
17913    0.007485
18007    0.008165
18158    0.011655
18167    0.007196
18173    0.008418
18190    0.007159
18326    0.006189
18383    0.009703
18402    0.013140
18438    0.008806
18620    0.007210
18655    0.009961
18668    0.007012
18754    0.010246
18780    0.010459
18821    0.012002
18857    0.015587
18882    0.003362
18883    0.004781
18885    0.009556
18888    0.005222
18910    0.010246
18993    0.007371
19043    0.012935
19169    0.006256
19170    0.010246
19266    0.013555
19535    0.005666
19569    0.008418
19773    0.003913
19785    0.025785
19817    0.006093
19820    0.005265
19844    0.004374
20082    0.006703
20417    0.012499
20464    0.004679
20534    0.010401
20605    0.009150
20620    0.027873
20621    0.013140
20627    0.006256
20717    0.003972
20796    0.008418
20800    0.010053
20841    0.024658
20901    0.004833
20902    0.005138
21016    0.011825
21065    0.026977
21087    0.009068
