287
147    0.005247
212    0.008380
219    0.004955
469    0.011113
985    0.010945
1099    0.006291
1314    0.009263
1490    0.004797
1681    0.014650
1845    0.008642
1862    0.003639
1941    0.005727
1989    0.010626
2277    0.003748
2319    0.008934
2460    0.008508
2569    0.008934
2857    0.006806
3050    0.029729
3306    0.009263
3309    0.007585
3341    0.005727
3567    0.004201
3732    0.007874
3740    0.014317
3789    0.007409
3790    0.007052
3942    0.007677
4023    0.004455
4195    0.004813
4324    0.006210
4413    0.040845
4463    0.007631
4467    0.007165
4536    0.007451
4544    0.009446
4545    0.038984
4576    0.008934
4577    0.008318
4652    0.010211
4678    0.007204
4690    0.008934
4839    0.012248
4870    0.005516
4905    0.009855
4991    0.012889
5093    0.007366
5176    0.016085
5202    0.005749
5205    0.011979
5352    0.013040
5414    0.006374
5415    0.006461
5440    0.006943
5495    0.003425
5501    0.003543
5515    0.004843
5544    0.016063
5646    0.009542
5806    0.008258
5840    0.010211
5876    0.011514
5899    0.015646
6042    0.008858
6085    0.014104
6086    0.010945
6261    0.015051
6262    0.050158
6460    0.009093
6479    0.014317
6598    0.009212
6719    0.006005
6734    0.007409
6983    0.009642
6984    0.010642
7000    0.008858
7018    0.014317
7087    0.007366
7168    0.007106
7173    0.007325
7192    0.007631
7236    0.010480
7351    0.006157
7371    0.016085
7378    0.018354
7508    0.007978
7550    0.016085
7608    0.014317
7636    0.007366
7802    0.004734
7833    0.004578
7896    0.014179
8033    0.015051
8040    0.009045
8107    0.008165
8638    0.007409
8777    0.007677
8937    0.028634
8946    0.016085
9086    0.010945
9398    0.011196
9400    0.012248
9454    0.005175
9480    0.016085
9533    0.005557
9641    0.020518
9797    0.012248
9824    0.009012
9881    0.008642
9991    0.008443
10074    0.005123
10095    0.007925
10140    0.011323
10146    0.008574
10334    0.005193
10354    0.006374
10872    0.012248
10974    0.041243
10975    0.045783
10976    0.010780
11165    0.010626
11218    0.003820
11251    0.013283
11271    0.006291
11341    0.008784
11358    0.006030
11473    0.010087
11503    0.004165
11750    0.004782
11784    0.016085
11841    0.005893
12245    0.004707
12259    0.012549
12273    0.005619
12283    0.003516
12345    0.004875
12551    0.004649
12637    0.028634
12668    0.007677
12765    0.011155
12864    0.005557
12880    0.011818
12889    0.008188
12894    0.008318
12904    0.004678
12911    0.011498
12978    0.007677
12999    0.005878
13014    0.003926
13050    0.004509
13070    0.008642
13078    0.010211
13125    0.016400
13157    0.015169
13162    0.010626
13167    0.016517
13231    0.009093
13340    0.015051
13355    0.004153
13357    0.002500
13372    0.017853
13434    0.008106
13466    0.004177
13470    0.008258
13482    0.027357
13530    0.007244
13581    0.009968
13621    0.014317
13704    0.011310
13781    0.015051
13909    0.007052
14073    0.012366
14304    0.008086
14321    0.016085
14322    0.008142
14335    0.010480
14742    0.001822
14796    0.005705
15029    0.009746
15063    0.005105
15142    0.006979
15216    0.006806
15333    0.009542
15533    0.016085
15536    0.016085
15556    0.007677
15604    0.032126
15818    0.005436
15822    0.005302
15849    0.008508
15888    0.010480
15907    0.005378
15912    0.004606
15952    0.005933
16026    0.007725
16111    0.015051
16113    0.011310
16259    0.008508
16453    0.015051
16460    0.016085
16520    0.013748
16529    0.020353
16532    0.016285
16585    0.006227
16592    0.003840
16676    0.008712
16729    0.005819
16732    0.004441
16766    0.006943
16862    0.006263
16863    0.012549
16866    0.011979
16880    0.006131
17108    0.006874
17129    0.005436
17145    0.010211
17292    0.005619
17331    0.006612
17345    0.008032
17506    0.012889
17507    0.018891
17524    0.021046
17560    0.011121
17907    0.011310
17922    0.006346
17945    0.011979
17947    0.009968
18005    0.004550
18023    0.011310
18098    0.007127
18158    0.006675
18167    0.002747
18182    0.002754
18187    0.012248
18319    0.005981
18499    0.065924
18502    0.009968
18549    0.010087
18569    0.009746
18607    0.009968
18624    0.012889
18661    0.014317
18670    0.006210
18674    0.009746
18713    0.007451
18732    0.011310
18962    0.008380
18987    0.006675
19000    0.010087
19043    0.004939
19195    0.020173
19223    0.006461
19278    0.006406
19366    0.002481
19426    0.003506
19479    0.013748
19485    0.007284
19537    0.011514
19720    0.016085
19728    0.011736
19820    0.006030
19844    0.008350
19933    0.011121
20009    0.020173
20017    0.013283
20088    0.008380
20090    0.003029
20260    0.001518
20275    0.004376
20432    0.015956
20582    0.013414
20830    0.016063
20841    0.028243
20844    0.003727
20927    0.004325
21059    0.012889
21115    0.008377
21118    0.006908
21120    0.005727
21122    0.005862
21129    0.004025
21142    0.013748
21146    0.007409
21150    0.006107
21164    0.011514
21171    0.037646
21247    0.002588
