161
219    0.021742
333    0.006535
370    0.010481
451    0.009122
686    0.010654
1173    0.013549
1188    0.026364
1283    0.020917
1451    0.006216
1490    0.007017
1614    0.010899
1699    0.006201
1701    0.040217
1762    0.006696
1859    0.021798
1941    0.008377
2014    0.010369
2047    0.007417
2277    0.016445
2292    0.021191
2344    0.006307
2366    0.012257
2609    0.009954
2744    0.006995
3039    0.077789
3080    0.023527
3086    0.033483
3089    0.031169
3166    0.017522
3230    0.041882
3501    0.013549
3675    0.021926
3719    0.058285
3732    0.046067
3743    0.007811
3944    0.008281
4195    0.007039
4380    0.030056
4662    0.018483
4666    0.011517
4681    0.037706
5202    0.008409
5495    0.005009
5501    0.005183
5517    0.015768
5573    0.012257
5879    0.020209
5881    0.040648
5889    0.017915
5904    0.013680
5977    0.007062
6596    0.013150
6734    0.021673
6999    0.015127
7000    0.012956
7178    0.010963
7377    0.007319
7380    0.029717
7438    0.014255
7720    0.014255
7833    0.006696
8019    0.006288
8417    0.008748
9096    0.047055
9210    0.029289
9304    0.012743
9518    0.005556
9747    0.010596
9751    0.015768
9812    0.018244
9963    0.026846
10095    0.011592
10107    0.016009
10338    0.014935
10355    0.013957
10774    0.013067
10840    0.008893
10881    0.011230
10897    0.007622
11183    0.010054
11289    0.029572
11452    0.019428
11782    0.006477
11803    0.016009
12048    0.010054
12053    0.012080
12122    0.032775
12245    0.006885
12283    0.005142
12443    0.020941
12487    0.047055
12522    0.008575
12817    0.008893
12818    0.011910
12861    0.017915
12889    0.011977
12978    0.022459
13014    0.011485
13151    0.014103
13162    0.015542
13228    0.008377
13319    0.025523
13355    0.012148
13357    0.010969
13535    0.015768
14063    0.008128
14137    0.010836
14314    0.022056
14320    0.008856
14498    0.006950
15029    0.014255
15033    0.012080
15503    0.010425
15867    0.018355
15912    0.006737
16229    0.026114
16585    0.012144
16592    0.011235
16707    0.009407
16732    0.006496
16909    0.018853
16941    0.009762
16959    0.007866
17037    0.008250
17281    0.007344
17292    0.016438
17327    0.017166
17345    0.011748
17484    0.013059
17632    0.013816
17669    0.018593
17802    0.026114
17868    0.041699
18003    0.009954
18167    0.004018
18180    0.014103
18190    0.011994
18587    0.008009
18724    0.011517
18881    0.026114
19125    0.009626
19127    0.006821
19233    0.052228
19366    0.003629
19752    0.026114
19785    0.014400
19817    0.010208
19820    0.008820
19844    0.012213
20108    0.012541
20260    0.011100
20275    0.032002
20282    0.005711
20781    0.022015
20841    0.020655
21083    0.032697
21115    0.006127
21150    0.008933
21191    0.011748
21254    0.024383
21266    0.007062
