139
1069    0.017289
1072    0.017829
1403    0.016684
1490    0.009897
1496    0.019686
1613    0.036834
1614    0.015374
1741    0.055222
2047    0.010462
2224    0.015285
2277    0.015464
2281    0.028651
2290    0.020332
2432    0.006361
2470    0.036549
2604    0.012811
2710    0.013641
2723    0.010290
2882    0.040171
3009    0.021067
3085    0.031052
3545    0.029538
3834    0.025890
4028    0.014864
4380    0.021198
4550    0.027404
4582    0.036834
4637    0.018122
4932    0.023335
4950    0.031052
4953    0.027404
5043    0.005420
5096    0.009651
5879    0.014253
5880    0.031052
6118    0.036834
6403    0.017974
6486    0.017419
6501    0.021337
6707    0.012492
6828    0.027154
7173    0.030225
7199    0.011380
7380    0.013972
7710    0.025890
7747    0.023756
7896    0.014626
8019    0.008870
8025    0.030270
8596    0.009773
8781    0.011339
8845    0.025957
9136    0.015938
9282    0.011017
9304    0.017974
9931    0.036834
9991    0.017419
10145    0.021337
10215    0.075265
10261    0.009218
10338    0.010533
10397    0.015113
10566    0.036834
10605    0.022112
10892    0.008236
11014    0.040543
11180    0.008259
11183    0.014181
11434    0.010123
11453    0.017289
11661    0.035378
11841    0.006079
12005    0.007408
12853    0.011725
12907    0.014783
12999    0.006064
13355    0.008568
13357    0.010315
13434    0.010034
13482    0.014111
13544    0.024715
13568    0.013514
13702    0.019893
13886    0.009191
13977    0.025890
14063    0.022929
14065    0.004352
14305    0.016799
14314    0.031110
14322    0.016799
14410    0.025270
14537    0.010358
14742    0.003760
15028    0.022242
15140    0.010090
15158    0.022581
15294    0.021067
15484    0.015840
15503    0.014704
15906    0.012703
16030    0.013514
16511    0.022944
16513    0.026593
16585    0.002141
16729    0.012006
16734    0.007388
16791    0.017038
16949    0.019488
16955    0.014399
17051    0.010788
17144    0.008305
17669    0.008742
17868    0.044113
18167    0.011336
18437    0.024715
18587    0.011297
18948    0.020332
19046    0.014181
19127    0.019242
19162    0.036834
19177    0.031706
19261    0.011017
19277    0.016570
19410    0.006814
19426    0.014468
19453    0.012390
19464    0.010290
19535    0.013390
19589    0.018122
19813    0.043845
19986    0.026593
20260    0.021919
20275    0.009028
20282    0.016110
20382    0.018933
20673    0.016245
20909    0.049431
21253    0.008100
21266    0.019922
