469
115    0.003900
154    0.009125
637    0.007692
640    0.007692
702    0.003395
807    0.009125
863    0.004566
1091    0.013698
1157    0.006487
1240    0.005787
1272    0.003332
1334    0.009125
1415    0.003808
1416    0.008382
1423    0.007617
1464    0.009125
1486    0.004734
1490    0.004904
1583    0.009125
1595    0.004827
1628    0.008221
1633    0.004283
1677    0.003723
1699    0.002167
1710    0.008221
1794    0.007026
1847    0.004221
1862    0.005579
1949    0.009170
2084    0.006375
2087    0.009125
2092    0.004417
2093    0.005458
2102    0.004567
2283    0.003662
2356    0.005998
2374    0.009125
2396    0.004919
2432    0.004727
2508    0.003876
2509    0.006122
2587    0.008978
2593    0.008221
2595    0.005780
2644    0.003973
2684    0.003069
2688    0.003187
2706    0.002541
2723    0.005098
2737    0.003133
2778    0.006413
2826    0.004417
2920    0.004024
3163    0.009125
3193    0.015283
3327    0.004050
3396    0.009170
3463    0.005684
3465    0.007692
3563    0.002872
3567    0.010734
3571    0.003363
3592    0.009962
3611    0.005094
3618    0.009480
3619    0.010646
3734    0.004133
3831    0.005594
3842    0.017766
3926    0.006587
3987    0.007692
4012    0.006788
4023    0.004553
4072    0.005684
4080    0.010437
4085    0.009125
4130    0.004191
4137    0.013339
4142    0.004283
4143    0.005594
4172    0.007026
4324    0.019042
4328    0.004489
4426    0.007692
4438    0.009125
4492    0.003287
4660    0.005780
4777    0.003623
4860    0.005219
4901    0.009856
4916    0.006260
5043    0.004028
5046    0.006260
5074    0.003032
5075    0.007939
5079    0.005969
5084    0.008503
5096    0.004782
5103    0.004382
5134    0.008221
5253    0.007026
5260    0.003702
5264    0.017392
5282    0.007692
5374    0.005885
5432    0.007692
5495    0.001750
5535    0.008833
5575    0.006587
5578    0.013845
5610    0.005037
5668    0.009125
5719    0.007775
5739    0.004315
5806    0.004221
5856    0.005854
5883    0.006587
5945    0.027374
5968    0.005885
5971    0.006122
5975    0.002799
5991    0.003348
6050    0.003107
6161    0.008221
6203    0.006122
6206    0.006788
6224    0.006413
6270    0.005356
6287    0.009125
6528    0.009125
6596    0.002297
6644    0.005219
6651    0.003379
6758    0.019899
6761    0.002499
6762    0.007061
6790    0.004877
6908    0.002256
7058    0.007317
7129    0.004647
7139    0.006788
7176    0.004647
7180    0.004315
7181    0.003044
7270    0.010861
7344    0.007317
7456    0.003082
7460    0.003973
7508    0.004077
7524    0.002609
7531    0.002369
7642    0.003682
7697    0.005998
7726    0.004734
7748    0.004251
7753    0.002491
7767    0.007317
7787    0.020121
7797    0.005510
7802    0.002419
7887    0.006122
7892    0.003549
7917    0.009125
8025    0.004999
8039    0.009125
8068    0.003643
8078    0.005505
8101    0.007848
8121    0.009125
8181    0.002984
8185    0.005094
8186    0.004527
8200    0.003702
8233    0.013982
8288    0.005219
8323    0.003287
8421    0.006122
8428    0.043819
8429    0.016292
8442    0.006922
8444    0.024662
8446    0.004951
8449    0.005510
8496    0.005510
8630    0.001568
8738    0.009125
8816    0.053000
8817    0.005780
8853    0.006260
8918    0.003020
8984    0.003585
9153    0.006727
9177    0.004647
9179    0.003876
9186    0.007317
9200    0.002483
9244    0.009125
9388    0.003107
9411    0.001732
9510    0.003258
9517    0.002128
9784    0.006587
9798    0.005115
9812    0.003187
10140    0.002894
10261    0.002284
10290    0.003160
10447    0.014634
10448    0.036585
10454    0.027988
10529    0.009125
10611    0.007707
10646    0.004780
10701    0.005094
10744    0.009125
10794    0.003744
10837    0.002872
10926    0.006413
11087    0.006375
11093    0.003444
11103    0.002070
11112    0.002532
11117    0.002263
11138    0.004734
11180    0.002046
11183    0.003513
11201    0.002159
11206    0.004452
11265    0.009125
11279    0.003332
11328    0.006587
11355    0.005320
11390    0.004105
11433    0.008221
11503    0.002128
11537    0.008221
11591    0.004452
11607    0.011019
11608    0.007317
11683    0.005156
11729    0.005992
11744    0.008187
11782    0.002263
11791    0.006788
11841    0.006023
11858    0.004981
11860    0.018249
11861    0.006788
11863    0.011561
11870    0.009125
12110    0.002467
12245    0.002406
12273    0.002872
12283    0.012577
12307    0.002758
12345    0.002491
12356    0.005155
12432    0.005885
12521    0.005780
12591    0.005420
12660    0.006574
12763    0.008210
12765    0.008551
12853    0.002905
12855    0.004221
12864    0.005680
12904    0.002391
12907    0.003662
12948    0.005780
12980    0.007692
12983    0.002654
12985    0.006260
12987    0.005239
13050    0.009217
13154    0.003444
13157    0.003876
13159    0.006413
13357    0.001278
13361    0.003744
13434    0.005800
13451    0.004050
13452    0.008221
13458    0.006788
13491    0.004315
13499    0.005780
13501    0.002318
13535    0.005510
13580    0.002223
13584    0.018760
13650    0.007317
13718    0.007317
13784    0.006788
13794    0.020146
13856    0.006587
13895    0.006122
13897    0.004283
13899    0.007324
13910    0.015046
13912    0.005431
14065    0.005390
14073    0.003160
14099    0.004417
14200    0.003900
14335    0.005356
14391    0.003853
14439    0.006592
14440    0.005885
14485    0.013453
14490    0.008696
14506    0.007692
14536    0.003948
14594    0.004780
14604    0.001952
14676    0.009125
14701    0.004981
14741    0.003258
14742    0.004657
14745    0.010462
14796    0.002916
14874    0.003287
14883    0.012520
14884    0.007692
14957    0.006122
15009    0.004527
15019    0.019266
15137    0.005155
15210    0.003243
15216    0.003478
15336    0.005219
15344    0.009997
15345    0.006413
15468    0.007208
15492    0.005431
15511    0.009125
15570    0.004877
15583    0.015857
15660    0.004780
15710    0.003853
15712    0.002916
15714    0.006788
15764    0.004251
15820    0.009480
15821    0.003948
15907    0.002749
15931    0.010928
15983    0.003567
15996    0.006587
16063    0.007208
16116    0.002710
16165    0.011368
16321    0.003363
16370    0.007692
16371    0.003808
16391    0.005155
16409    0.009132
16485    0.002961
16493    0.007692
16509    0.006293
16585    0.005835
16767    0.005286
16815    0.010189
16941    0.001706
16955    0.003567
16959    0.002749
16976    0.005431
17051    0.002672
17072    0.004780
17144    0.002057
17163    0.006788
17181    0.005885
17347    0.007573
17358    0.010571
17369    0.003623
17417    0.009125
17451    0.007573
17484    0.001521
17527    0.004981
17643    0.002819
17695    0.004928
17782    0.035212
17829    0.004566
17830    0.006402
17856    0.009125
17876    0.014634
17949    0.003948
18005    0.002325
18020    0.005356
18098    0.007285
18138    0.003786
18167    0.004212
18186    0.006855
18282    0.001415
18317    0.007324
18326    0.003623
18383    0.005680
18401    0.007692
18460    0.005510
18614    0.005094
18619    0.002347
18620    0.021104
18652    0.004737
18655    0.002916
18683    0.006587
18703    0.004734
18815    0.006122
18882    0.001968
18910    0.005998
18928    0.012827
19037    0.003765
19043    0.010096
19048    0.005094
19085    0.008764
19215    0.005684
19232    0.002861
19266    0.007935
19278    0.001637
19370    0.002905
19392    0.007026
19410    0.001688
19418    0.009125
19426    0.001792
19480    0.004283
19535    0.006634
19569    0.004928
19583    0.005510
19751    0.004283
19785    0.007547
19817    0.003567
19820    0.006164
19822    0.004981
19823    0.004827
19830    0.003831
19837    0.009125
19844    0.004267
19915    0.007317
19917    0.007026
19945    0.004827
20228    0.008696
20260    0.002327
20275    0.002236
20301    0.006413
20392    0.009125
20413    0.005155
20464    0.002739
20534    0.003044
20621    0.007692
20672    0.004647
20768    0.002147
20776    0.004221
20803    0.001811
20841    0.033681
20868    0.002012
20901    0.002829
20902    0.006016
20924    0.005037
20946    0.002460
20964    0.005577
21016    0.006922
21019    0.003662
21050    0.008221
21114    0.005094
21123    0.006788
21150    0.003121
21177    0.007317
21215    0.007692
21243    0.004138
21264    0.003765
21266    0.002467
21307    0.002973
