44
552    0.056209
1278    0.066538
2093    0.044537
3521    0.075841
3618    0.051570
3820    0.084127
4143    0.091286
4328    0.073259
5556    0.055937
5771    0.088623
6918    0.059443
7987    0.059128
8081    0.099913
8428    0.143018
8446    0.040397
8816    0.072076
9517    0.034735
9670    0.297809
10451    0.085165
10454    0.065249
11103    0.016893
11180    0.066773
11552    0.110782
11611    0.107502
12675    0.046005
13501    0.037833
13910    0.040922
14358    0.076539
14359    0.071509
14604    0.031856
16321    0.054887
16485    0.048322
16585    0.008656
16976    0.088623
17345    0.066986
17757    0.073259
17782    0.052239
18167    0.022913
18383    0.046345
19043    0.041190
19460    0.034537
19795    0.114661
20841    0.039260
21150    0.016979
