36
212    0.164247
2569    0.087550
3050    0.097113
4544    0.092567
5352    0.063896
5358    0.090780
5501    0.034726
6261    0.294995
6479    0.140305
6705    0.059338
6984    0.052146
6999    0.101352
7000    0.086804
7325    0.077667
8107    0.040009
9398    0.054862
10837    0.027534
10975    0.074779
12889    0.040122
13167    0.080933
13219    0.078183
13357    0.024498
15500    0.088319
15601    0.063896
15604    0.078709
16529    0.099728
16592    0.037636
16676    0.085375
16862    0.061380
17144    0.039449
18485    0.100069
18499    0.071784
18987    0.065412
19278    0.031388
19460    0.040581
20969    0.080358
