171
333    0.008757
1283    0.018686
1436    0.012606
1699    0.004155
1741    0.006558
1747    0.015236
1779    0.024006
1780    0.019770
1846    0.012223
1862    0.007132
1940    0.011967
2206    0.020014
2277    0.007345
2281    0.013609
2344    0.008451
2396    0.009433
2432    0.006043
2618    0.020541
2947    0.025212
3077    0.013145
3089    0.016706
3647    0.009873
3654    0.018332
3850    0.012838
4195    0.009433
4260    0.012663
4380    0.013425
4463    0.014956
4501    0.026678
4567    0.029499
4636    0.016187
4699    0.028061
4729    0.011400
4777    0.027790
4798    0.020541
5043    0.005149
5057    0.024006
5135    0.026034
5439    0.018513
5487    0.029912
5495    0.006713
5532    0.008757
5567    0.009840
5585    0.034993
5627    0.031527
5628    0.020013
5745    0.014277
5820    0.015742
5879    0.013540
5920    0.020826
6102    0.023480
6372    0.008329
6486    0.016548
6628    0.010811
6743    0.020014
6880    0.020541
7188    0.012384
7199    0.010811
7226    0.025263
7349    0.018332
7465    0.019315
7466    0.012330
7486    0.012663
7650    0.013082
8025    0.009586
8107    0.008002
8165    0.020541
8446    0.009493
8533    0.011582
8596    0.009284
8845    0.024659
9155    0.032373
9185    0.028061
9319    0.037404
9517    0.008163
9523    0.014357
10074    0.010040
10145    0.020270
10215    0.035751
10247    0.015637
10338    0.010006
10803    0.013969
11757    0.011723
11782    0.026037
11827    0.023003
11973    0.018156
12005    0.007038
12230    0.010851
12283    0.006891
12416    0.015141
12684    0.007365
12817    0.011917
12876    0.018702
12983    0.010178
12987    0.005023
12999    0.005760
13352    0.010579
13357    0.009799
13434    0.003177
13974    0.034993
14063    0.021782
14065    0.008268
14124    0.014044
14498    0.018627
14537    0.009840
14726    0.017075
14736    0.029499
14774    0.020014
15016    0.014438
15210    0.012438
15239    0.017664
15642    0.046006
15686    0.012438
15712    0.011182
15822    0.010393
15908    0.018332
15928    0.012223
15988    0.017664
15989    0.015048
15991    0.032849
16259    0.016675
16269    0.033349
16323    0.023480
16575    0.015333
16585    0.002034
16592    0.007527
16694    0.034993
16729    0.005703
16732    0.008705
16734    0.014038
16825    0.031527
17027    0.011628
17032    0.019315
17438    0.015959
17531    0.009973
17637    0.021797
17868    0.013969
17966    0.013472
18005    0.008918
18099    0.034993
18416    0.017361
18440    0.021452
18587    0.010732
18636    0.031527
18664    0.024595
18665    0.029499
18750    0.058999
19125    0.012898
19127    0.018280
19226    0.008305
19271    0.025918
19278    0.006278
19426    0.006872
19443    0.024006
20260    0.008924
20274    0.012171
20282    0.007652
20568    0.020826
20587    0.014777
20588    0.019102
20742    0.016072
20745    0.015432
20746    0.021797
20803    0.006945
20841    0.009226
20844    0.007306
20927    0.008476
21253    0.007695
21254    0.021782
21290    0.012721
21333    0.026034
