135
103    0.012338
219    0.010386
1245    0.014337
1262    0.030710
1436    0.026964
1699    0.017775
1780    0.042289
1941    0.012005
2277    0.039280
2279    0.020212
2281    0.029111
2344    0.009039
2439    0.030012
2882    0.013605
3039    0.012387
3077    0.014059
3084    0.040424
3089    0.017868
3093    0.037425
3654    0.019606
3719    0.027844
4153    0.017699
4258    0.010386
4380    0.050255
4450    0.010153
4461    0.013925
4730    0.017973
4764    0.026305
5010    0.021405
5043    0.011014
5415    0.013543
5495    0.007179
5628    0.010702
5687    0.031550
5881    0.019418
6085    0.014783
6217    0.031550
6596    0.009423
6628    0.011563
6715    0.020212
7168    0.007448
7377    0.010490
7466    0.013187
7906    0.037425
8254    0.021680
8581    0.008298
8747    0.022944
8781    0.011520
8786    0.016724
9155    0.034624
9210    0.013992
9242    0.018262
9319    0.020002
9517    0.034921
9518    0.007963
9840    0.031550
10011    0.021405
10074    0.010738
10145    0.021680
10215    0.025491
10334    0.021772
10358    0.019062
10397    0.015355
10411    0.014940
10421    0.045062
10575    0.021405
10578    0.032799
10892    0.008368
11014    0.013731
11118    0.015530
11452    0.027844
12110    0.010121
12230    0.011605
12263    0.046625
12790    0.028819
12817    0.012745
12855    0.008656
12898    0.033672
12987    0.005372
12999    0.012322
13014    0.008230
13355    0.008705
13357    0.010480
13434    0.006797
13454    0.023313
13568    0.013731
14063    0.058241
14273    0.033719
14537    0.010524
14579    0.035397
14742    0.003820
14773    0.019062
15906    0.025813
15912    0.009655
15991    0.017567
16130    0.041791
16575    0.016399
16729    0.006099
16734    0.007507
16907    0.010421
16921    0.014940
16941    0.006995
16959    0.011274
17059    0.017834
17105    0.010849
17144    0.008438
17310    0.037425
17931    0.017189
18282    0.005802
18587    0.011478
18630    0.031550
18882    0.008073
18901    0.017312
19127    0.029327
19137    0.033719
19204    0.014861
19278    0.006714
19349    0.015899
19370    0.011914
19410    0.013847
19453    0.037767
19464    0.010455
19844    0.003501
19997    0.017069
20260    0.003181
20282    0.008184
20316    0.031550
20742    0.034378
20745    0.049516
20746    0.023313
20747    0.028819
20768    0.008806
20848    0.009715
20868    0.008252
21253    0.032918
