456
161    0.004302
164    0.005236
191    0.008222
380    0.010187
435    0.006346
483    0.005901
552    0.007691
583    0.005623
621    0.003574
702    0.003790
888    0.008588
1161    0.006570
1204    0.003528
1245    0.003903
1274    0.004931
1423    0.004252
1612    0.007579
1689    0.003243
1709    0.008169
1759    0.005688
1863    0.005688
1919    0.010721
1944    0.006151
1960    0.010187
2093    0.003047
2102    0.002549
2113    0.004133
2114    0.004045
2116    0.005826
2120    0.006461
2121    0.007844
2170    0.015857
2173    0.003036
2313    0.006346
2340    0.010187
2365    0.008588
2396    0.005492
2432    0.005278
2637    0.008588
2644    0.004436
2675    0.008504
2684    0.006853
2706    0.011346
2711    0.004302
2719    0.008588
2723    0.002846
2737    0.013994
2801    0.005688
2911    0.010187
2915    0.006835
2933    0.005286
2936    0.007160
2987    0.006063
3089    0.002432
3238    0.003738
3245    0.005623
3248    0.008169
3278    0.024252
3282    0.004931
3286    0.005561
3326    0.003621
3338    0.008871
3396    0.003413
3397    0.004133
3401    0.007355
3471    0.005980
3472    0.005980
3524    0.028641
3557    0.010187
3567    0.002397
3571    0.003755
3574    0.004133
3583    0.002234
3590    0.007579
3593    0.002933
3632    0.004180
3647    0.002874
3734    0.009228
3850    0.003738
3920    0.010187
3991    0.006989
4028    0.004111
4135    0.004302
4137    0.002482
4152    0.005755
4163    0.010187
4202    0.004328
4265    0.005286
4317    0.021142
4450    0.005527
4461    0.003790
4467    0.008177
4501    0.003883
4503    0.007160
4689    0.005502
4711    0.006989
4963    0.018356
4969    0.007160
5007    0.007844
5025    0.010187
5043    0.002998
5075    0.001773
5079    0.003332
5225    0.004971
5255    0.007355
5260    0.012400
5292    0.012691
5355    0.006063
5495    0.003908
5501    0.002022
5532    0.002549
5571    0.007160
5614    0.003498
5620    0.023604
5626    0.004328
5708    0.005337
5719    0.002894
5975    0.003124
6047    0.007844
6214    0.008169
6303    0.010187
6320    0.010187
6372    0.004849
6437    0.008169
6438    0.007579
6444    0.007160
6596    0.002565
6598    0.005256
6644    0.005826
6734    0.004227
6758    0.002222
6761    0.002791
6767    0.007160
6769    0.015709
6908    0.002519
6930    0.005502
6951    0.013671
7168    0.002027
7173    0.012539
7188    0.003605
7194    0.003864
7254    0.005826
7300    0.010187
7393    0.004552
7456    0.003441
7463    0.011653
7486    0.003686
7505    0.010187
7507    0.010187
7523    0.003922
7526    0.016338
7531    0.002644
7613    0.006835
7618    0.006245
7693    0.004971
7696    0.006346
7770    0.005142
7964    0.005142
7983    0.010187
8078    0.002049
8101    0.004381
8116    0.002209
8200    0.004133
8218    0.002475
8227    0.010187
8275    0.007728
8286    0.007844
8407    0.004408
8417    0.003413
8431    0.007160
8442    0.003864
8446    0.005527
8465    0.007579
8500    0.002240
8568    0.002271
8581    0.004518
8630    0.010502
8761    0.010187
8786    0.004552
8872    0.006346
8918    0.003372
9003    0.003738
9085    0.008588
9118    0.003218
9136    0.004408
9143    0.003962
9160    0.009862
9208    0.006835
9209    0.002323
9248    0.007355
9256    0.003653
9411    0.003868
9432    0.006454
9459    0.004818
9631    0.003883
9664    0.003413
9665    0.006570
9798    0.008566
9812    0.003558
9919    0.005826
9947    0.002376
9980    0.004277
10027    0.006245
10186    0.005098
10244    0.004854
10252    0.005688
10421    0.008177
10668    0.004782
10911    0.036378
10912    0.010187
10932    0.004583
10942    0.020644
10943    0.004854
11103    0.001156
11117    0.002527
11171    0.020374
11181    0.005636
11203    0.007179
11206    0.004971
11207    0.003653
11279    0.003720
11320    0.006151
11439    0.004156
11444    0.003605
11503    0.002376
11531    0.003441
11570    0.003182
11747    0.003790
11750    0.005457
11787    0.006570
11912    0.007844
12058    0.009178
12161    0.006063
12200    0.040748
12212    0.030561
12267    0.010187
12273    0.006413
12307    0.018478
12326    0.044379
12330    0.010187
12331    0.029132
12332    0.006346
12348    0.005286
12414    0.005445
12560    0.005901
12591    0.009077
12660    0.014679
12661    0.005189
12798    0.010187
12855    0.002356
12856    0.007579
12857    0.006346
12867    0.009358
12907    0.004089
12916    0.006245
12941    0.005901
12942    0.006346
12987    0.001462
12999    0.001677
13050    0.002573
13063    0.010187
13145    0.009563
13155    0.006835
13196    0.018356
13269    0.008588
13307    0.006989
13351    0.007170
13354    0.006063
13434    0.004625
13451    0.004522
13501    0.015530
13530    0.004133
13533    0.005142
13535    0.012303
13546    0.007355
13580    0.002482
13582    0.009178
13644    0.005755
13647    0.002703
13886    0.007625
13959    0.007579
13997    0.006989
14065    0.009628
14066    0.011802
14322    0.004646
14334    0.008169
14339    0.003922
14387    0.005980
14406    0.003091
14425    0.040747
14426    0.006346
14427    0.006346
14442    0.016505
14595    0.007160
14604    0.002179
14742    0.004159
14769    0.004746
14778    0.008588
14797    0.010187
14835    0.006835
14892    0.007844
15016    0.008407
15019    0.008604
15105    0.005901
15135    0.004854
15139    0.006151
15220    0.006454
15299    0.003982
15344    0.003720
15570    0.005445
15695    0.003809
15710    0.008604
15783    0.004522
15820    0.003528
15837    0.006570
15997    0.006063
16063    0.004024
16237    0.002800
16252    0.005502
16268    0.005826
16273    0.012907
16300    0.007355
16301    0.012691
16474    0.010187
16510    0.005142
16585    0.009475
16596    0.010187
16724    0.003543
16732    0.005068
16734    0.004087
16794    0.005826
16912    0.007579
16944    0.005492
17044    0.004464
17051    0.002984
17066    0.009166
17074    0.015234
17075    0.015848
17077    0.005098
17079    0.010024
17117    0.004979
17194    0.007844
17237    0.010187
17276    0.009178
17336    0.007355
17354    0.007160
17358    0.011802
17360    0.008169
17362    0.010187
17374    0.005098
17413    0.004746
17484    0.001698
17498    0.010187
17524    0.004003
17612    0.010187
17643    0.003147
17645    0.006697
17661    0.005445
17782    0.003574
17857    0.005445
17870    0.003182
17905    0.007579
17948    0.008169
18003    0.003883
18037    0.004746
18038    0.006570
18105    0.005337
18158    0.003809
18212    0.006570
18247    0.007545
18256    0.005054
18260    0.006454
18307    0.005502
18317    0.008177
18326    0.004045
18380    0.009178
18411    0.034014
18415    0.014320
18460    0.006151
18538    0.020374
18541    0.008588
18566    0.006697
18619    0.002620
18620    0.004712
18656    0.005755
18678    0.006989
18793    0.006151
18804    0.010187
18841    0.003942
18882    0.002197
18887    0.004679
18903    0.004818
19037    0.004203
19046    0.003922
19048    0.005688
19226    0.002418
19274    0.005445
19276    0.007160
19278    0.001828
19313    0.007355
19327    0.002404
19366    0.001416
19426    0.008003
19464    0.002846
19535    0.003703
19546    0.004931
19572    0.005561
19640    0.004203
19772    0.003469
19785    0.008426
19820    0.003441
19825    0.014709
19844    0.002859
20062    0.008169
20073    0.007355
20211    0.009178
20260    0.006928
20339    0.005901
20460    0.007242
20462    0.005980
20563    0.005502
20593    0.005826
20601    0.003528
20627    0.012266
20631    0.007844
20637    0.007844
20665    0.010187
20671    0.004971
20686    0.005755
20717    0.005192
20745    0.004493
20751    0.007160
20778    0.004782
20785    0.003455
20816    0.008169
20841    0.013430
20850    0.010187
20868    0.002246
20927    0.002468
21047    0.015689
21058    0.005967
21087    0.005926
21094    0.009424
21098    0.006835
21113    0.004854
21115    0.004780
21118    0.003942
21120    0.022874
21139    0.006063
21150    0.003485
21184    0.007355
21191    0.004583
21247    0.002954
21290    0.003703
21306    0.004003
21310    0.004133
