49
1278    0.057913
2093    0.038764
2094    0.099798
3574    0.052586
3618    0.044885
4023    0.032338
4142    0.060832
4150    0.056078
4151    0.056078
4328    0.063762
5084    0.060386
5883    0.093567
6197    0.088913
6596    0.032631
6758    0.028264
6762    0.050149
8081    0.086962
8428    0.124479
8429    0.077135
8446    0.035160
8630    0.022268
8817    0.164206
10453    0.076077
10454    0.056790
11112    0.035968
11552    0.096421
11611    0.093567
12283    0.051041
12675    0.080083
13501    0.032929
14359    0.062239
14741    0.046272
14745    0.029720
15023    0.062239
15299    0.050664
15765    0.103930
16321    0.047772
16487    0.070749
16501    0.038090
16585    0.007534
18098    0.051737
18167    0.019943
19043    0.035850
19170    0.085197
19426    0.025454
20484    0.096421
20535    0.066617
20841    0.068341
21087    0.037698
