296
147    0.005117
212    0.008171
219    0.004832
469    0.010837
985    0.010673
1099    0.006134
1304    0.007996
1314    0.009033
1490    0.004678
1681    0.014285
1845    0.008427
1862    0.003548
1941    0.005584
1989    0.010361
2277    0.003654
2319    0.008711
2460    0.008296
2569    0.008711
2857    0.006636
3050    0.028989
3306    0.009033
3309    0.007396
3341    0.005584
3567    0.004096
3732    0.007678
3740    0.013961
3789    0.007224
3790    0.006877
3942    0.007486
4001    0.008867
4023    0.004344
4195    0.004693
4324    0.006055
4413    0.039829
4463    0.007441
4467    0.006987
4536    0.014532
4544    0.009211
4545    0.038014
4576    0.008711
4577    0.008112
4652    0.009957
4678    0.007025
4690    0.008711
4839    0.011943
4870    0.005379
4905    0.009609
5093    0.007183
5176    0.015685
5202    0.005606
5205    0.011681
5352    0.012716
5414    0.006216
5415    0.006300
5440    0.006771
5495    0.003340
5501    0.003455
5515    0.004723
5544    0.015663
5646    0.009305
5806    0.008053
5840    0.009957
5876    0.011228
5899    0.015257
5962    0.008495
6042    0.008637
6085    0.013753
6086    0.010673
6261    0.014676
6262    0.048910
6460    0.008867
6479    0.013961
6598    0.008983
6719    0.005856
6734    0.007224
6983    0.009402
6984    0.010377
7000    0.008637
7018    0.013961
7087    0.007183
7168    0.006929
7173    0.007143
7192    0.007441
7236    0.010219
7351    0.006004
7371    0.015685
7378    0.017897
7508    0.007779
7550    0.015685
7608    0.013961
7636    0.007183
7802    0.004616
7833    0.004464
7896    0.013826
8033    0.014676
8040    0.008820
8107    0.007962
8638    0.007224
8777    0.007486
8937    0.027921
8946    0.015685
9086    0.010673
9398    0.010918
9400    0.011943
9454    0.005047
9480    0.015685
9533    0.005418
9641    0.020008
9797    0.011943
9824    0.008788
9881    0.008427
9991    0.008233
10074    0.004995
10095    0.007728
10140    0.011042
10146    0.008361
10334    0.005064
10354    0.006216
10689    0.007266
10872    0.011943
10974    0.040217
10975    0.044644
10976    0.010512
11165    0.010361
11213    0.005542
11218    0.003725
11251    0.012952
11271    0.006134
11341    0.008565
11358    0.005880
11473    0.009836
11503    0.004061
11750    0.004663
11784    0.015685
11841    0.005746
12245    0.004590
12259    0.012236
12273    0.005479
12283    0.003428
12345    0.004754
12551    0.004533
12637    0.027921
12668    0.007486
12765    0.010877
12864    0.005418
12880    0.011524
12889    0.007984
12894    0.008112
12904    0.004562
12911    0.011212
12978    0.007486
12999    0.005732
13014    0.003828
13050    0.004397
13070    0.008427
13078    0.009957
13109    0.011029
13125    0.015992
13157    0.014792
13162    0.010361
13167    0.016106
13231    0.008867
13340    0.014676
13355    0.004049
13357    0.002438
13370    0.008053
13434    0.007904
13466    0.004073
13470    0.008053
13482    0.026677
13530    0.007064
13581    0.009720
13621    0.013961
13704    0.011029
13781    0.014676
13909    0.006877
14073    0.012059
14304    0.007885
14321    0.015685
14322    0.007940
14335    0.010219
14742    0.001777
14796    0.005563
15029    0.009504
15063    0.004978
15142    0.006806
15216    0.006636
15333    0.009305
15533    0.015685
15536    0.015685
15556    0.007486
15604    0.031327
15818    0.005301
15822    0.005170
15849    0.008296
15888    0.010219
15907    0.005244
15912    0.004491
15931    0.006950
15952    0.005785
16026    0.007533
16111    0.014676
16113    0.011029
16259    0.008296
16453    0.014676
16460    0.015685
16520    0.013406
16529    0.019846
16532    0.015880
16585    0.006072
16592    0.003745
16676    0.008495
16729    0.005675
16732    0.004331
16766    0.006771
16862    0.006107
16863    0.012236
16866    0.011681
16880    0.005979
16982    0.012952
17108    0.006703
17129    0.005301
17145    0.009957
17292    0.005479
17331    0.006447
17345    0.007832
17506    0.012569
17507    0.018421
17524    0.020522
17560    0.010844
17907    0.011029
17922    0.006188
17945    0.011681
17947    0.009720
18005    0.004437
18023    0.011029
18098    0.006950
18158    0.006509
18173    0.009402
18182    0.002686
18187    0.011943
18319    0.005832
18499    0.064285
18502    0.009720
18549    0.009836
18569    0.009504
18607    0.009720
18624    0.012569
18661    0.013961
18670    0.006055
18674    0.009504
18713    0.007266
18732    0.011029
18962    0.008171
18987    0.006509
19000    0.009836
19043    0.004816
19195    0.019672
19223    0.006300
19278    0.006246
19366    0.002420
19426    0.003419
19479    0.013406
19485    0.007103
19537    0.011228
19720    0.015685
19728    0.011444
19820    0.005880
19844    0.008142
19933    0.010844
20009    0.019672
20017    0.012952
20088    0.008171
20090    0.002954
20260    0.001480
20275    0.004267
20432    0.015559
20452    0.006216
20454    0.015685
20582    0.013080
20830    0.015663
20841    0.027541
20844    0.003635
20927    0.004217
21059    0.012569
21115    0.008169
21118    0.006736
21120    0.005584
21122    0.005716
21129    0.003925
21142    0.013406
21146    0.007224
21150    0.005955
21164    0.011228
21171    0.036709
21247    0.002524
