339
267    0.005764
540    0.009025
786    0.005143
1091    0.019748
1092    0.018493
1100    0.011090
1184    0.003893
1204    0.004556
1240    0.004172
1345    0.007345
1406    0.011852
1416    0.006042
1478    0.011852
1595    0.006960
1699    0.001562
1707    0.004849
1714    0.011090
1824    0.006960
1845    0.006368
1999    0.008648
2222    0.007943
2277    0.002761
2280    0.007345
2396    0.003546
2432    0.002272
2442    0.033335
2508    0.005589
2651    0.009787
2723    0.003675
2756    0.008827
2778    0.009246
2876    0.009246
2920    0.005802
2985    0.006826
3193    0.007345
3326    0.004676
3341    0.004220
3460    0.015887
3463    0.024583
3567    0.015476
3571    0.009698
3583    0.005769
3619    0.005116
3632    0.005397
3733    0.005252
4023    0.003282
4081    0.008648
4099    0.006269
4137    0.006411
4142    0.006175
4143    0.008065
4151    0.017076
4172    0.010130
4173    0.012084
4195    0.003546
4274    0.009787
4287    0.009787
4324    0.018302
4325    0.008827
4328    0.019416
4345    0.011090
4492    0.009478
4599    0.007261
4697    0.004826
4980    0.014865
5043    0.003871
5046    0.027075
5055    0.006368
5056    0.007432
5075    0.002289
5096    0.006894
5264    0.006269
5495    0.005047
5532    0.003292
5556    0.004942
5578    0.004990
5708    0.006892
5719    0.003737
5737    0.020101
5739    0.012442
5952    0.011852
5988    0.005338
6090    0.010549
6421    0.007620
6451    0.008065
6576    0.008648
6596    0.003312
6663    0.006318
6758    0.002869
6761    0.032432
6762    0.005090
6984    0.003921
7078    0.015887
7129    0.013400
7270    0.031318
7460    0.005728
7525    0.009246
7531    0.003415
7674    0.013155
7712    0.013165
7714    0.005728
7770    0.006641
7797    0.007943
7802    0.001744
7892    0.005116
7895    0.014363
7988    0.012838
7989    0.004595
8025    0.007207
8078    0.007937
8081    0.008827
8105    0.006000
8140    0.009497
8233    0.010079
8287    0.010549
8340    0.010549
8395    0.005918
8407    0.005692
8409    0.011852
8428    0.075810
8429    0.039148
8442    0.004990
8500    0.002893
8622    0.003949
8630    0.002260
8696    0.009497
8711    0.004556
8726    0.007524
8743    0.011852
8781    0.004049
8783    0.004337
8816    0.031838
8817    0.008334
9200    0.003580
9392    0.006472
9411    0.002497
9517    0.003069
9518    0.002799
9523    0.005397
9782    0.007722
9784    0.009497
9798    0.003687
9981    0.008648
10105    0.003749
10358    0.006700
10451    0.007524
10453    0.007722
10454    0.040351
10611    0.005555
10666    0.010549
10701    0.014690
10794    0.005397
10836    0.006960
10837    0.006211
10926    0.009246
11093    0.009932
11138    0.006826
11146    0.004389
11157    0.007722
11180    0.014748
11201    0.006226
11219    0.009787
11236    0.007722
11271    0.004635
11671    0.020260
11747    0.004895
11841    0.002171
11889    0.005728
11958    0.005309
12057    0.011090
12122    0.003302
12279    0.015659
12283    0.005181
12470    0.008334
12519    0.003140
12591    0.003907
12608    0.009025
12613    0.006000
12661    0.006700
12729    0.007943
12763    0.005918
12764    0.007261
12805    0.011852
12818    0.006000
12853    0.004188
12907    0.005280
12947    0.017519
12948    0.025001
12983    0.003826
12987    0.011329
13024    0.011852
13157    0.005589
13158    0.011090
13209    0.011090
13228    0.008440
13230    0.013155
13354    0.007830
13355    0.006120
13356    0.007181
13357    0.001842
13434    0.002389
13492    0.006368
13501    0.010027
13584    0.027047
13585    0.060963
13784    0.009787
13856    0.009497
13899    0.010560
13910    0.025307
13912    0.007830
14014    0.006472
14065    0.009325
14425    0.006190
14439    0.003168
14441    0.015659
14485    0.014547
14521    0.011852
14534    0.009787
14604    0.014072
14742    0.004028
14745    0.009050
14851    0.011852
14864    0.010549
14903    0.006641
14944    0.005338
15016    0.010856
15023    0.012635
15063    0.003762
15137    0.007432
15216    0.005015
15342    0.007031
15344    0.009608
15488    0.010129
15695    0.004918
15829    0.013155
15907    0.003963
15931    0.010503
15983    0.005143
16012    0.006527
16029    0.005196
16116    0.003907
16117    0.004697
16237    0.003615
16279    0.006826
16321    0.004849
16485    0.004269
16486    0.012944
16490    0.005764
16509    0.004537
16556    0.013155
16585    0.009941
16724    0.004575
16754    0.018493
16932    0.008194
16941    0.004918
16950    0.006318
16959    0.003963
17144    0.002966
17213    0.010549
17360    0.010549
17372    0.006472
17471    0.005958
17517    0.013155
17630    0.009787
17635    0.008065
17695    0.007105
17751    0.013155
17875    0.005367
18005    0.003353
18013    0.011852
18158    0.004918
18167    0.006073
18277    0.008827
18326    0.005224
18382    0.014970
18383    0.012283
18424    0.011852
18438    0.007432
18535    0.015444
18619    0.003383
18620    0.006085
18655    0.046240
18668    0.011836
18702    0.006826
18754    0.008648
18784    0.006269
18856    0.013155
18882    0.002838
18885    0.008065
18993    0.006221
19043    0.003639
19265    0.007432
19266    0.003813
19275    0.008484
19278    0.004720
19327    0.003104
19347    0.007181
19392    0.010130
19460    0.003051
19478    0.011090
19543    0.004655
19690    0.009497
19707    0.004303
19785    0.007254
19817    0.005143
19844    0.002461
20032    0.011852
20100    0.005459
20108    0.006318
20228    0.006269
20359    0.007181
20464    0.007897
20534    0.004389
20620    0.015683
20621    0.011090
20713    0.007115
20742    0.006042
20821    0.008065
20841    0.017342
20848    0.003415
20882    0.008648
20901    0.004079
20902    0.004337
20946    0.003546
20964    0.004020
21005    0.004204
21016    0.009980
21057    0.004462
21058    0.003853
21063    0.007432
21065    0.005692
21087    0.007653
21123    0.009787
21150    0.004500
21155    0.005309
21159    0.010549
21235    0.008827
21277    0.010130
21290    0.004782
