84
539    0.031544
1646    0.026747
1847    0.033722
3053    0.030786
3162    0.038570
3583    0.015986
3789    0.030252
4410    0.056136
4571    0.036800
4699    0.058461
5202    0.023475
5501    0.014469
6085    0.028796
6262    0.029259
6375    0.051240
6707    0.024724
7087    0.030080
7378    0.037472
8107    0.033341
8220    0.034739
9086    0.044692
9153    0.026872
9209    0.016623
9769    0.038570
9812    0.025465
10259    0.038191
10291    0.044020
10975    0.093474
11218    0.015596
11283    0.029102
11587    0.040240
11765    0.047017
12005    0.029323
12245    0.019221
12326    0.035287
12684    0.015344
12987    0.010464
13165    0.047923
13175    0.103426
13355    0.016957
13357    0.010207
13434    0.006620
13464    0.072901
13466    0.017054
14395    0.043389
14791    0.061457
15210    0.025913
15335    0.043389
15478    0.035573
15601    0.026624
15773    0.072901
15822    0.021651
15953    0.039371
16527    0.024422
16529    0.062330
16591    0.119389
16592    0.031364
16713    0.034739
16729    0.011881
16862    0.025575
16944    0.019651
17051    0.021352
17854    0.032151
18485    0.041696
18499    0.029910
18547    0.039796
18713    0.030427
18992    0.031742
19030    0.072901
19043    0.020166
19410    0.013487
19707    0.023844
19830    0.030605
20108    0.035010
20713    0.039428
20717    0.018579
20898    0.058461
20964    0.022278
20978    0.033483
21058    0.021352
21129    0.016437
21188    0.033722
21195    0.034218
21264    0.030080
