38
333    0.043787
460    0.070991
686    0.071384
1451    0.041645
3077    0.065727
3089    0.041766
4289    0.092567
4380    0.033563
4399    0.130169
5866    0.046864
7199    0.054056
7595    0.056778
9398    0.054862
9631    0.066694
10338    0.050032
10837    0.027534
11203    0.061648
11218    0.037431
13530    0.070991
14304    0.079247
16592    0.037636
16772    0.070991
16880    0.060085
16941    0.032704
17051    0.051244
17407    0.056339
18205    0.094491
19004    0.112840
19037    0.072191
19271    0.064795
19410    0.032368
20260    0.029747
20282    0.038261
20376    0.174963
20678    0.093510
20849    0.174963
21155    0.070603
21253    0.076946
