285
204    0.017409
206    0.013406
208    0.034818
219    0.004832
256    0.017409
258    0.014676
288    0.006950
460    0.007064
504    0.009720
539    0.022599
552    0.006572
590    0.010844
630    0.009402
642    0.015685
1099    0.006134
1160    0.009609
1165    0.027099
1304    0.007996
1420    0.014676
1436    0.006272
1490    0.004678
1509    0.017409
1699    0.004134
1703    0.017409
1741    0.003263
1848    0.011681
2211    0.009957
2234    0.011943
2283    0.013974
2292    0.007064
2319    0.017423
2321    0.008788
2366    0.008171
2569    0.017423
2706    0.004847
2860    0.012236
2920    0.007678
2947    0.012543
2970    0.012952
3050    0.014495
3162    0.009211
3235    0.015685
3282    0.008427
3306    0.009033
3400    0.009211
3451    0.006604
3583    0.003818
3664    0.008949
3666    0.031370
3672    0.008565
4035    0.012569
4378    0.008053
4463    0.007441
4544    0.009211
4545    0.019007
4837    0.010512
4840    0.012569
5014    0.015685
5202    0.016818
5205    0.035044
5217    0.008495
5230    0.016343
5415    0.006300
5495    0.003340
5501    0.010366
5537    0.007441
5567    0.004896
5840    0.009957
5915    0.009836
5977    0.009416
5988    0.007064
6019    0.015685
6103    0.012569
6262    0.027949
6375    0.012236
6699    0.009609
6705    0.005904
6707    0.005904
6719    0.005856
7010    0.016990
7050    0.011681
7051    0.011228
7087    0.021550
7091    0.011681
7118    0.012569
7192    0.007441
7199    0.005379
7257    0.015685
7291    0.012236
7359    0.011444
7364    0.008711
7378    0.035794
7486    0.006300
7524    0.004978
7531    0.004519
7537    0.010512
7568    0.015685
7636    0.007183
7726    0.018066
7753    0.004754
7802    0.006924
7887    0.011681
7894    0.010844
7896    0.006913
7930    0.009033
8029    0.015685
8040    0.004410
8107    0.007962
8116    0.011327
8550    0.012952
8581    0.003860
8758    0.015685
8981    0.011029
9086    0.021346
9118    0.005500
9155    0.008053
9209    0.003970
9517    0.008122
9526    0.008949
9641    0.013338
9812    0.006081
9908    0.011943
9963    0.008949
9992    0.013961
9994    0.010673
10096    0.008361
10140    0.011042
10174    0.010673
10175    0.006771
10179    0.009957
10215    0.005929
10266    0.015685
10429    0.027921
10892    0.003893
10908    0.044115
10909    0.011943
10975    0.022322
10976    0.021024
11103    0.003950
11117    0.008636
11165    0.020723
11201    0.004120
11358    0.005880
11613    0.007533
11683    0.003279
12005    0.003501
12006    0.008296
12133    0.009504
12162    0.024514
12259    0.012236
12283    0.013713
12285    0.017409
12286    0.020723
12342    0.011444
12365    0.013017
12637    0.069804
12641    0.011444
12660    0.006272
12765    0.005439
12855    0.004026
12880    0.005762
12894    0.008112
12911    0.011212
12999    0.002866
13070    0.016854
13078    0.009957
13125    0.007996
13157    0.007396
13165    0.022889
13167    0.008053
13175    0.057630
13178    0.012952
13314    0.011228
13348    0.007103
13355    0.004049
13357    0.002438
13434    0.004742
13466    0.004073
13470    0.008053
13530    0.007064
14050    0.013961
14065    0.004113
14093    0.007396
14137    0.007224
14286    0.017409
14385    0.011444
14391    0.029408
14395    0.010361
14505    0.011681
14539    0.007728
14806    0.017409
14824    0.008233
14861    0.013406
14998    0.010673
15006    0.008788
15063    0.004978
15072    0.008711
15142    0.013611
15334    0.008361
15368    0.008296
15534    0.017409
15594    0.010844
15601    0.012716
15604    0.007832
15695    0.006509
15698    0.014676
15746    0.017409
15791    0.006703
15821    0.007533
15907    0.005244
15936    0.009720
15952    0.017356
16007    0.009504
16026    0.007533
16113    0.022058
16259    0.008296
16396    0.007779
16420    0.015685
16527    0.005832
16529    0.024808
16585    0.005060
16592    0.026214
16676    0.016990
16705    0.004562
16766    0.006771
16839    0.017409
16862    0.024430
16907    0.004847
16919    0.012569
16932    0.010844
16933    0.012952
16968    0.014676
17014    0.017409
17037    0.005500
17129    0.005301
17144    0.003925
17439    0.010361
17484    0.002902
17507    0.009211
17529    0.006669
17531    0.009923
17654    0.009305
17863    0.010673
17929    0.015685
18175    0.012236
18182    0.002686
18485    0.029871
18499    0.021428
18513    0.047055
18549    0.009836
18580    0.007728
18584    0.011444
18596    0.011444
18674    0.009504
18713    0.021798
18717    0.006358
18945    0.012952
19195    0.009836
19278    0.003123
19486    0.014676
19707    0.005694
19808    0.014676
19844    0.008142
20009    0.009836
20260    0.001480
20281    0.006300
20311    0.012952
20356    0.015685
20426    0.010512
20432    0.023338
20433    0.010085
20452    0.006216
20785    0.011809
20844    0.003635
20868    0.003839
20927    0.004217
20964    0.005320
20990    0.012952
21057    0.005904
21115    0.004084
21129    0.003925
21171    0.012236
21187    0.011228
21188    0.016106
21195    0.008171
