152
103    0.024286
213    0.036834
539    0.047814
630    0.019893
1099    0.012978
1165    0.019112
1188    0.018594
1279    0.022242
1451    0.008767
1490    0.009897
1646    0.013514
1951    0.016799
2283    0.014783
2285    0.024214
2569    0.036863
2713    0.021067
2744    0.009866
2745    0.010940
2758    0.028364
3050    0.010222
3162    0.019488
3451    0.013972
4035    0.053185
4378    0.034077
4544    0.019488
4545    0.020108
4787    0.028364
5202    0.047444
5227    0.019893
5352    0.013452
5462    0.026593
5501    0.007311
5521    0.015938
5529    0.056727
5532    0.009218
5851    0.019296
5976    0.018122
6117    0.050540
6262    0.014783
6297    0.023756
6375    0.025890
6576    0.024214
7087    0.030396
7377    0.010324
7378    0.018933
7466    0.012978
7486    0.013329
7523    0.014181
7636    0.015198
7726    0.019112
7736    0.010826
7753    0.020115
7802    0.009766
7833    0.009445
7926    0.021622
8116    0.007989
8167    0.022242
8230    0.036834
8244    0.029538
8321    0.033186
8760    0.033186
8989    0.029538
9086    0.022581
9152    0.017829
9256    0.026420
9454    0.010677
9517    0.008592
9641    0.014111
10095    0.016351
10174    0.022581
10578    0.032281
10840    0.012544
10907    0.110503
10975    0.062972
11103    0.004179
11118    0.015285
11129    0.022944
11201    0.008717
11283    0.044113
11332    0.036834
11434    0.010123
11683    0.006939
12110    0.009961
12263    0.045889
12416    0.031876
12551    0.009591
12784    0.028364
12889    0.016893
12898    0.016570
12900    0.015743
12987    0.005287
12999    0.006064
13070    0.017829
13167    0.017038
13175    0.017419
13357    0.005157
13396    0.031052
13434    0.003345
14063    0.022929
14395    0.021923
14604    0.007880
15210    0.013093
15216    0.014041
15335    0.021923
15368    0.017552
15478    0.017974
15496    0.029538
15497    0.012340
15500    0.018594
15952    0.024481
16527    0.012340
16529    0.031493
16591    0.020108
16827    0.029538
16862    0.025844
16865    0.028364
16944    0.009929
16959    0.011096
17051    0.010788
17144    0.008305
17305    0.031052
18485    0.042134
18499    0.015113
18625    0.019893
18675    0.031052
18713    0.015374
18717    0.026904
18891    0.028364
19046    0.014181
19065    0.017162
19177    0.010569
19278    0.006608
19410    0.013629
19453    0.012390
19503    0.015938
19640    0.015198
19844    0.003445
20260    0.003131
20672    0.018761
20713    0.019922
20785    0.012492
20791    0.021067
20848    0.009562
20868    0.008122
20983    0.011507
21057    0.012492
21111    0.015374
21113    0.052657
21150    0.008400
21172    0.020108
21182    0.024214
21247    0.005340
