137
212    0.038420
539    0.017709
591    0.030449
1069    0.019210
1072    0.019810
1165    0.021235
1184    0.012113
1324    0.026395
1451    0.009741
1699    0.004860
1941    0.013128
2400    0.028766
2432    0.014135
2478    0.040927
2706    0.011396
2744    0.010962
2972    0.031515
3029    0.036099
3044    0.044684
3050    0.011358
3053    0.017283
3162    0.021653
3665    0.021874
4023    0.010212
4413    0.023408
4461    0.015228
4544    0.021653
4545    0.022342
4842    0.034502
4882    0.040927
5043    0.006022
5202    0.026358
5206    0.019655
5462    0.029547
5567    0.011509
5804    0.040927
5975    0.012553
5976    0.020135
5977    0.011068
6115    0.021235
6262    0.016426
6268    0.040927
6297    0.026395
6324    0.028078
6727    0.025090
7087    0.016887
7199    0.012645
7377    0.011471
7378    0.021037
7523    0.015757
7524    0.011703
7531    0.010624
7632    0.038420
7833    0.010494
7849    0.026395
7926    0.024024
8021    0.015525
8107    0.018718
8417    0.013711
8500    0.026999
8534    0.013179
9086    0.025090
9242    0.019971
9388    0.013938
9469    0.036873
9517    0.009547
9641    0.015678
9692    0.016338
9812    0.014296
10140    0.025958
10174    0.025090
10259    0.021440
10908    0.051855
10909    0.056155
10975    0.069969
11103    0.004643
11201    0.009685
11331    0.025927
11499    0.022103
11683    0.007710
11786    0.020135
12005    0.016462
12110    0.011068
12122    0.020547
12551    0.010657
12889    0.009385
12987    0.005875
12999    0.006737
13078    0.023408
13125    0.018797
13175    0.096773
13355    0.009520
13357    0.005731
13434    0.003716
13778    0.028078
13787    0.024713
14065    0.004835
14209    0.040927
14709    0.040927
16060    0.015999
16237    0.011248
16259    0.019503
16529    0.023328
16532    0.018666
16585    0.004758
16676    0.019971
16734    0.008209
16862    0.028716
16944    0.011032
17051    0.011987
17141    0.021037
17506    0.029547
17547    0.020659
18485    0.023408
18499    0.033583
18607    0.022851
18674    0.022342
18713    0.017082
18869    0.040927
18998    0.022103
19278    0.014684
19410    0.022715
19707    0.013386
19820    0.013823
19844    0.011485
20260    0.003479
20426    0.024713
20894    0.022568
20895    0.040927
20927    0.009913
20978    0.018797
21105    0.057533
21187    0.026395
21188    0.037863
21191    0.018411
21195    0.038420
21247    0.005933
