48
1221    0.082066
1436    0.045840
2432    0.021974
3341    0.040817
3501    0.066022
3583    0.055806
3743    0.038059
4153    0.060175
4317    0.066022
5096    0.033340
5130    0.083648
5578    0.048267
5614    0.043698
6220    0.127246
6758    0.055500
7602    0.068008
8021    0.048267
8630    0.021863
9304    0.062091
10322    0.097983
10942    0.042978
11181    0.035198
11203    0.044835
12307    0.076935
12326    0.061593
12659    0.042978
12999    0.020947
13351    0.029853
13501    0.096990
13909    0.050262
14425    0.029939
14742    0.012989
14745    0.029180
15555    0.043883
15907    0.038330
16490    0.111516
16585    0.007397
16977    0.083648
17643    0.039313
18167    0.019581
18412    0.097983
18655    0.040661
19366    0.017684
19410    0.047081
20603    0.107271
21016    0.048267
21150    0.014509
21310    0.051630
