469
288    0.003913
448    0.004745
460    0.003977
621    0.003439
653    0.004863
669    0.009802
677    0.005239
702    0.003647
845    0.006009
1021    0.005678
1091    0.009810
1100    0.008263
1157    0.003484
1184    0.005802
1274    0.004745
1275    0.004948
1333    0.007076
1351    0.005538
1415    0.012273
1416    0.018007
1423    0.004091
1486    0.005086
1595    0.005186
1633    0.004601
1676    0.005919
1699    0.003492
1726    0.007076
1730    0.007548
1759    0.005473
1762    0.002513
1816    0.004948
1842    0.006209
1846    0.003424
1858    0.009802
1862    0.003995
1864    0.005606
1891    0.009802
1925    0.004948
1949    0.006567
2084    0.003424
2277    0.002058
2278    0.007954
2283    0.003934
2344    0.002367
2396    0.002642
2440    0.010270
2442    0.006209
2450    0.005351
2589    0.009726
2684    0.009891
2693    0.018965
2706    0.002729
2861    0.004671
2981    0.004707
3192    0.017501
3326    0.003484
3563    0.006170
3567    0.004612
3574    0.011931
3583    0.004299
3612    0.007076
3626    0.008831
3632    0.004022
3635    0.004091
3733    0.003913
3754    0.004635
3842    0.003181
4063    0.006889
4080    0.005606
4081    0.006443
4100    0.006724
4130    0.004502
4137    0.002388
4141    0.004164
4173    0.009004
4195    0.002642
4204    0.009802
4258    0.002720
4287    0.007292
4307    0.009802
4324    0.013637
4343    0.009802
4422    0.005919
4492    0.003531
4541    0.005678
4901    0.005294
5043    0.001442
5046    0.006724
5055    0.004745
5075    0.010233
5079    0.003206
5096    0.005136
5260    0.003977
5327    0.013154
5331    0.004707
5374    0.006322
5495    0.007521
5501    0.001945
5515    0.002659
5521    0.004241
5532    0.002453
5550    0.010077
5556    0.003682
5578    0.007436
5719    0.002784
5737    0.004992
5769    0.002766
5806    0.004534
5816    0.006106
5828    0.006443
5856    0.003144
5968    0.006322
5977    0.005301
5986    0.005410
5988    0.003977
6050    0.003338
6138    0.008831
6203    0.006577
6224    0.006889
6276    0.006724
6376    0.005038
6421    0.005678
6429    0.003955
6430    0.004268
6431    0.009802
6596    0.002468
6598    0.002529
6644    0.005606
6663    0.004707
6758    0.014963
6761    0.008055
6762    0.003793
6809    0.004189
6844    0.007624
6897    0.008831
6923    0.006889
7097    0.003774
7129    0.024962
7131    0.008831
7132    0.008831
7139    0.007292
7192    0.004189
7270    0.005834
7367    0.007860
7401    0.006577
7436    0.009802
7456    0.003311
7493    0.009134
7531    0.002544
7641    0.006724
7712    0.004905
7716    0.004745
7726    0.005086
7736    0.002881
7753    0.002676
7787    0.004323
7793    0.006106
7892    0.007624
7988    0.004783
8025    0.010740
8040    0.002483
8041    0.005919
8068    0.003913
8078    0.003943
8105    0.004470
8153    0.010077
8181    0.003206
8218    0.002381
8233    0.003755
8288    0.005606
8307    0.007292
8395    0.008819
8428    0.047072
8429    0.035002
8442    0.003718
8443    0.009802
8444    0.044155
8446    0.013296
8449    0.005919
8487    0.005473
8566    0.009802
8581    0.002173
8594    0.003774
8628    0.007548
8630    0.001684
8781    0.006035
8783    0.003231
8807    0.006889
8810    0.005086
8816    0.023723
8918    0.003244
8964    0.003872
9118    0.003097
9127    0.004822
9153    0.003613
9176    0.008831
9200    0.002668
9209    0.002235
9223    0.008263
9229    0.006106
9280    0.004502
9293    0.006724
9361    0.003454
9388    0.003338
9392    0.004822
9411    0.001861
9508    0.014585
9518    0.006257
9523    0.004022
9533    0.003051
9673    0.007548
9739    0.004822
9805    0.008831
9812    0.003424
9816    0.005754
9873    0.003051
9919    0.005606
9947    0.004573
9949    0.008263
9963    0.005038
10056    0.008831
10138    0.009802
10140    0.003108
10149    0.005834
10261    0.002453
10397    0.004022
10447    0.007860
10448    0.031441
10454    0.017180
10534    0.006889
10837    0.003085
10888    0.005678
10897    0.002861
10902    0.006209
10916    0.006322
10917    0.008263
11071    0.006009
11093    0.003700
11103    0.003336
11138    0.005086
11181    0.005423
11213    0.006240
11236    0.005754
11341    0.004822
11344    0.004635
11355    0.001905
11439    0.003999
11528    0.006488
11671    0.015095
11729    0.009656
11744    0.002932
11750    0.002625
11791    0.007292
11841    0.003235
12012    0.008263
12045    0.004189
12084    0.003999
12122    0.004921
12139    0.007548
12163    0.007548
12283    0.001930
12300    0.005027
12307    0.002963
12345    0.002676
12475    0.006443
12502    0.009802
12521    0.006209
12591    0.008733
12592    0.008831
12607    0.013779
12608    0.013449
12629    0.009802
12763    0.013228
12764    0.037873
12765    0.003062
12853    0.003120
12855    0.006801
12864    0.006101
12911    0.003156
12928    0.003580
12947    0.008702
12968    0.008263
12987    0.007035
13050    0.007426
13154    0.003700
13159    0.013779
13352    0.002963
13357    0.001372
13388    0.003700
13434    0.004450
13501    0.002490
13535    0.005919
13541    0.012885
13584    0.025191
13585    0.034068
13649    0.007860
13715    0.015095
13721    0.009802
13729    0.008263
13794    0.005410
13807    0.009802
13856    0.007076
13899    0.011802
13910    0.013469
13926    0.005294
14015    0.005538
14065    0.005790
14073    0.016973
14195    0.006322
14428    0.005086
14439    0.007081
14485    0.007226
14490    0.014012
14523    0.003934
14546    0.009802
14604    0.006291
14605    0.009802
14643    0.006106
14701    0.005351
14742    0.008004
14745    0.002248
14796    0.003132
14942    0.005678
15047    0.008263
15115    0.007548
15139    0.005919
15216    0.003736
15220    0.006209
15540    0.006443
15551    0.003547
15555    0.003380
15583    0.005678
15648    0.006724
15656    0.005186
15687    0.007076
15747    0.009802
15765    0.007860
15805    0.007292
15806    0.008263
15807    0.015557
15820    0.003395
15907    0.005905
15909    0.006009
15978    0.005919
15983    0.003832
16063    0.007743
16165    0.006106
16257    0.006724
16279    0.005086
16321    0.003613
16347    0.006322
16509    0.003380
16585    0.004558
16700    0.006724
16724    0.003409
16729    0.001597
16763    0.006443
16767    0.005678
16772    0.003977
16925    0.006106
16941    0.007329
16955    0.003832
16976    0.011667
16979    0.009802
17044    0.004295
17144    0.002210
17320    0.005473
17369    0.007784
17409    0.008263
17448    0.006724
17471    0.004440
17484    0.001634
17643    0.003028
17670    0.005294
17700    0.009802
17757    0.009645
17870    0.003062
18003    0.003736
18005    0.004996
18034    0.007076
18037    0.004567
18167    0.006033
18182    0.003024
18203    0.003257
18282    0.001520
18289    0.007292
18319    0.003284
18382    0.007436
18383    0.003051
18561    0.005834
18567    0.004241
18619    0.002521
18620    0.009068
18655    0.028189
18702    0.005086
18784    0.004671
18807    0.005086
18883    0.003006
18903    0.004635
18951    0.004745
18993    0.009271
18994    0.009802
19043    0.002711
19046    0.003774
19085    0.004707
19106    0.004351
19159    0.008263
19232    0.003074
19261    0.005863
19266    0.002841
19278    0.005275
19296    0.005919
19316    0.008263
19327    0.023129
19349    0.004164
19410    0.001813
19416    0.003338
19417    0.009802
19426    0.001925
19433    0.003700
19460    0.004547
19475    0.007860
19569    0.005294
19583    0.005919
19638    0.009802
19707    0.006412
19773    0.002460
19820    0.003311
19823    0.005186
19844    0.005501
19945    0.005186
20070    0.006577
20082    0.004215
20090    0.006652
20095    0.021642
20130    0.007076
20202    0.005351
20208    0.006577
20228    0.004671
20251    0.004022
20260    0.000833
20366    0.005473
20383    0.005678
20401    0.009802
20534    0.006541
20595    0.006322
20620    0.005843
20624    0.004863
20627    0.003934
20628    0.004567
20717    0.002498
20803    0.001945
20901    0.003039
20924    0.005410
20974    0.008831
21016    0.007436
21065    0.004241
21083    0.004091
21115    0.002300
21123    0.007292
21150    0.003353
21155    0.003955
21214    0.008831
21215    0.008263
21241    0.019604
21243    0.006667
21247    0.001421
21290    0.003563
21307    0.003193
