242
469    0.006682
470    0.019342
846    0.021468
986    0.021468
1091    0.010742
1132    0.021468
1254    0.015499
1262    0.008808
1281    0.015972
1382    0.010076
1416    0.039440
1595    0.022716
1689    0.006834
1699    0.002549
1824    0.011358
1846    0.007499
1918    0.009012
2102    0.005373
2211    0.012278
2217    0.013373
2278    0.008711
2442    0.013600
2589    0.021302
2723    0.005997
3162    0.011358
3248    0.017215
3563    0.006757
3567    0.005051
3575    0.010562
3577    0.021468
3593    0.006181
3619    0.016698
3647    0.006057
3734    0.009724
3754    0.010152
3959    0.015089
4023    0.005357
4080    0.012278
4100    0.014728
4118    0.011246
4135    0.018132
4150    0.009289
4168    0.020153
4171    0.015499
4240    0.004399
4324    0.044801
4328    0.010562
4450    0.011648
4488    0.010475
4492    0.007734
4494    0.013161
4560    0.015972
4578    0.011035
4637    0.010562
4840    0.015499
4870    0.006633
4871    0.008960
4899    0.006354
5018    0.012436
5044    0.009232
5074    0.007134
5075    0.003735
5084    0.010003
5093    0.008858
5327    0.014405
5567    0.006037
5578    0.008143
5628    0.006139
5737    0.010934
5756    0.014112
5975    0.006584
6406    0.014728
6755    0.013373
6758    0.014045
6762    0.024921
6790    0.011474
6844    0.008349
6908    0.005309
7181    0.007163
7508    0.009593
7579    0.026745
7802    0.005692
7988    0.010475
8025    0.011761
8040    0.005438
8078    0.008635
8160    0.021468
8200    0.008711
8306    0.013845
8351    0.015972
8421    0.043214
8423    0.018098
8428    0.051548
8429    0.012777
8446    0.017472
8581    0.004760
8622    0.006444
8711    0.007435
8816    0.010391
8873    0.012129
9210    0.008026
9282    0.006421
9343    0.018098
9395    0.012602
9518    0.009136
9798    0.006017
9873    0.006682
10162    0.013373
10244    0.010230
10454    0.065849
10676    0.011986
10762    0.036196
10771    0.019342
10803    0.008570
10837    0.003378
11089    0.010837
11103    0.002435
11178    0.007804
11180    0.009627
11201    0.005080
11278    0.021468
11386    0.014562
11417    0.014112
11729    0.007049
11733    0.012777
11782    0.010649
11817    0.014112
11819    0.015089
11841    0.007086
12042    0.009658
12085    0.007467
12283    0.012682
12348    0.011139
12608    0.014728
12675    0.006633
12763    0.009658
12853    0.013668
12855    0.004965
12927    0.007251
12951    0.011719
13014    0.004721
13228    0.006886
13434    0.003899
13501    0.005454
13521    0.021468
13541    0.009407
13580    0.010461
13584    0.044139
13611    0.019342
13691    0.011594
13727    0.014112
13910    0.005900
14011    0.015972
14014    0.010562
14065    0.007609
14303    0.006181
14306    0.015089
14439    0.015509
14538    0.008759
14579    0.010152
14604    0.018371
14717    0.008960
14727    0.010562
14742    0.010957
14769    0.010003
14772    0.034431
14811    0.010934
14874    0.015467
14942    0.012436
15016    0.008858
15204    0.014268
15551    0.007769
15712    0.013720
16004    0.016531
16026    0.009289
16060    0.008392
16239    0.019342
16265    0.010310
16285    0.021468
16321    0.007913
16487    0.011719
16490    0.009407
16509    0.007404
16729    0.006997
16734    0.017225
16941    0.004013
16949    0.011358
16958    0.009120
17124    0.013600
17144    0.004840
17314    0.014728
17433    0.013600
17484    0.003579
17529    0.016448
17689    0.036386
17867    0.011139
17922    0.007631
17978    0.021468
18037    0.010003
18086    0.011358
18106    0.012777
18340    0.017518
18383    0.006682
18619    0.005522
18620    0.009930
18655    0.013720
18670    0.007467
18689    0.011719
18841    0.008307
18883    0.006584
18887    0.009860
18888    0.007192
19075    0.018098
19223    0.007769
19226    0.005095
19366    0.002984
19410    0.019858
19411    0.010742
19464    0.005997
19794    0.019342
19816    0.012963
19817    0.008392
20043    0.013600
20095    0.011850
20150    0.012777
20219    0.017215
20226    0.022069
20242    0.021468
20260    0.003650
20464    0.012888
20534    0.014326
20605    0.012602
20626    0.008808
20627    0.008616
20647    0.019342
20901    0.013314
20946    0.011574
20964    0.006560
21115    0.005037
21129    0.004840
21132    0.009530
21146    0.008908
