79
469    0.022690
1644    0.065681
1752    0.031945
1845    0.035287
2380    0.033019
2442    0.046183
2589    0.036168
3312    0.065681
3326    0.025913
3465    0.061457
3567    0.017153
3574    0.029579
4328    0.035866
4899    0.021576
5075    0.012685
5327    0.048916
5484    0.042793
5495    0.013985
5521    0.031544
5532    0.018245
5656    0.054237
5769    0.020569
6323    0.033722
6697    0.036479
6756    0.027519
6761    0.019970
6844    0.028353
6994    0.037825
7470    0.047017
8086    0.072901
8292    0.052631
8428    0.105029
8630    0.025051
9798    0.020433
10145    0.042230
10454    0.031945
10837    0.011472
11118    0.030252
11180    0.016345
11181    0.040332
11552    0.054237
12675    0.022523
12855    0.016861
12987    0.020928
12995    0.036168
12999    0.012001
13061    0.056136
13434    0.006620
13501    0.018522
13584    0.037472
14065    0.008613
14195    0.094033
14323    0.025465
14742    0.007441
14946    0.042230
15741    0.145802
16029    0.028796
16279    0.037825
16486    0.035866
16705    0.019101
17117    0.017815
17913    0.070019
18005    0.018579
18037    0.033967
18167    0.022436
18620    0.033722
18655    0.093181
18807    0.037825
19327    0.017202
19410    0.013487
20095    0.040240
20250    0.050013
20256    0.038963
20260    0.006197
20359    0.039796
20460    0.025913
20534    0.145942
20587    0.030786
20628    0.033967
