62
539    0.038823
919    0.089724
977    0.080838
1016    0.069091
1056    0.075640
1165    0.046554
1420    0.075640
1436    0.064645
2569    0.044897
2972    0.069091
3053    0.037890
3772    0.061555
4545    0.097960
4858    0.069091
4872    0.041209
5202    0.028892
5294    0.089724
5976    0.044143
6262    0.036011
6375    0.063065
6926    0.051975
7122    0.089724
7258    0.075640
7378    0.046119
7802    0.011895
8107    0.020517
8116    0.019460
8500    0.019730
9517    0.020930
10174    0.055006
10975    0.076697
11201    0.042466
12122    0.022523
12880    0.029697
12999    0.014770
13125    0.041209
13175    0.254587
13357    0.012563
13434    0.016294
14395    0.053401
15072    0.044897
15483    0.080838
15500    0.045292
15792    0.031753
15912    0.023148
16113    0.056841
16529    0.076714
16532    0.040921
16592    0.019301
16676    0.087564
16734    0.017997
16862    0.031477
18499    0.110438
18674    0.048980
18964    0.089724
19535    0.032617
19844    0.016785
20260    0.007627
20460    0.031893
20894    0.024739
21187    0.057867
21188    0.041504
