34
1665    0.091977
1741    0.031227
2366    0.078213
3485    0.143311
4137    0.040600
4219    0.128311
4507    0.128311
5096    0.043660
5628    0.095300
6681    0.089991
7349    0.087293
9209    0.037996
10074    0.095623
11160    0.070789
12605    0.064153
13361    0.068366
13474    0.100617
14480    0.067610
15110    0.105561
15958    0.100617
16529    0.094979
16585    0.019373
16806    0.256622
16921    0.066519
18004    0.094143
18167    0.025641
19143    0.097813
19426    0.032726
19485    0.203955
19685    0.062001
19707    0.054500
20275    0.040841
21063    0.094143
21150    0.019000
