91
469    0.021782
538    0.053891
1595    0.037027
1845    0.033876
2432    0.012085
2442    0.044336
2589    0.034721
3297    0.026678
3312    0.063054
3326    0.024877
3574    0.028396
3619    0.027218
4328    0.034432
4409    0.056122
5487    0.029912
5717    0.027218
5769    0.019746
6219    0.053891
6532    0.033609
6756    0.026418
6758    0.030525
6761    0.057513
7271    0.046006
7486    0.025326
7493    0.032608
7887    0.046959
8029    0.063054
8156    0.069985
8181    0.022890
8212    0.041081
8281    0.033876
8296    0.056122
8428    0.100828
8500    0.015389
8581    0.015518
8630    0.036074
9153    0.025797
9392    0.034432
9873    0.021782
9949    0.058999
10453    0.041081
10454    0.030667
10837    0.011014
11118    0.029042
11180    0.015692
11183    0.026944
11201    0.016562
11241    0.046006
11282    0.032849
11552    0.052068
11672    0.069985
11744    0.020932
12675    0.021622
12855    0.016186
12920    0.035973
12928    0.025559
12987    0.020091
12995    0.034721
12999    0.023041
13320    0.026944
13501    0.017782
13584    0.035973
13646    0.056122
13910    0.019233
14065    0.008268
14189    0.063054
14323    0.024446
14742    0.007144
14946    0.040541
15140    0.019171
15648    0.048013
16047    0.038205
16237    0.019233
16279    0.036312
16486    0.034432
16585    0.004068
17044    0.030667
17117    0.017102
18005    0.017836
18167    0.010769
18620    0.032373
18655    0.022363
19327    0.016514
19410    0.012947
20095    0.038630
20534    0.023351
20587    0.029555
20595    0.045136
20628    0.032608
20768    0.016467
21129    0.015780
