50
333    0.028713
1451    0.027308
1940    0.039235
2277    0.048167
2457    0.067347
3077    0.086199
3563    0.072220
3790    0.045318
4025    0.138555
4380    0.022008
4468    0.117945
4678    0.046297
5628    0.032808
5866    0.030730
7693    0.055983
8019    0.027628
8021    0.043520
9200    0.031226
9497    0.096720
9502    0.093103
9526    0.058972
10338    0.065616
10780    0.082829
10837    0.018055
11531    0.038751
12889    0.026310
14063    0.035709
14861    0.088345
15009    0.056920
15910    0.041518
16591    0.062630
16815    0.064057
16922    0.103367
16923    0.063681
16941    0.021445
17105    0.066515
17529    0.043951
18005    0.029239
18587    0.035188
19271    0.042488
19354    0.085357
19426    0.022533
19468    0.114730
19844    0.010732
20260    0.029259
20282    0.025089
20465    0.057410
20848    0.029782
20868    0.025298
21253    0.025228
