105
1250    0.025461
1456    0.022799
1604    0.022799
1846    0.017462
2120    0.015853
2432    0.008632
2496    0.031139
2710    0.018513
2737    0.051501
2793    0.035136
3593    0.014392
3618    0.017313
3904    0.038493
3911    0.018426
4015    0.049989
4141    0.021237
4918    0.031139
5683    0.035136
5709    0.032240
5719    0.028398
6038    0.026997
6174    0.031139
6596    0.025172
6705    0.016954
6758    0.010902
7034    0.036090
7035    0.049989
7104    0.042142
7173    0.020510
7716    0.024197
7987    0.019850
8040    0.025325
8485    0.038493
8487    0.027910
8630    0.017178
9127    0.024594
9388    0.017024
10491    0.042474
10942    0.016884
11095    0.049602
11103    0.005671
11279    0.018256
11684    0.023292
11697    0.031668
12048    0.019246
12068    0.042142
12084    0.020396
12307    0.045337
12348    0.051874
12605    0.038492
12853    0.015913
12854    0.049989
12999    0.008229
13012    0.042142
13347    0.023124
13356    0.027289
13466    0.011694
13501    0.076207
13787    0.030185
14065    0.005906
14314    0.021110
14339    0.019246
14439    0.012038
14442    0.026997
14742    0.025513
14745    0.011463
14942    0.028958
15142    0.039083
15484    0.021497
15531    0.035136
15764    0.023292
16024    0.026717
16371    0.020864
16527    0.016747
16529    0.056988
16532    0.022799
16585    0.008718
16705    0.026196
16734    0.010027
16796    0.037191
16923    0.013873
17369    0.019850
17643    0.030889
17867    0.025937
17922    0.017769
18140    0.035136
18167    0.007692
18179    0.017848
18247    0.037026
18619    0.025714
18655    0.015974
18904    0.024393
19037    0.020626
19410    0.009248
19844    0.009352
20260    0.004250
20582    0.037558
20587    0.021110
20601    0.017313
20624    0.024801
20844    0.010437
21195    0.023464
21306    0.039286
21307    0.032572
21310    0.020283
