297
666    0.006405
702    0.005576
786    0.005858
930    0.009049
978    0.006081
1195    0.014986
1204    0.005190
1240    0.004752
1245    0.005741
1262    0.006149
1279    0.009049
1312    0.013502
1324    0.009665
1423    0.006255
1689    0.004771
1699    0.001779
1889    0.017143
1917    0.010281
1921    0.009494
1941    0.004807
1943    0.007435
1946    0.007565
1949    0.005020
2102    0.003751
2170    0.007776
2192    0.009335
2439    0.012018
2450    0.008181
2546    0.010533
2737    0.056611
2806    0.005280
2861    0.007141
2909    0.007034
2985    0.007776
2987    0.008919
3195    0.014986
3238    0.005498
3297    0.005713
3397    0.006081
3472    0.017594
3571    0.005524
3583    0.013145
3618    0.005190
3647    0.012685
3734    0.006788
3780    0.027004
3797    0.008681
3845    0.008181
3862    0.006367
3911    0.005524
3925    0.007373
3975    0.021067
4141    0.012733
4150    0.006484
4153    0.007087
4176    0.007929
4317    0.054429
4450    0.012197
4581    0.007087
4711    0.010281
4870    0.004630
4969    0.010533
4980    0.025400
5044    0.006444
5075    0.007823
5086    0.007313
5130    0.019703
5170    0.008093
5172    0.010819
5268    0.008467
5399    0.007776
5440    0.005828
5495    0.002875
5518    0.018987
5614    0.005146
5690    0.010819
5707    0.008272
5709    0.009665
5732    0.010819
5736    0.020562
5737    0.015266
5924    0.007087
6174    0.009335
6256    0.010819
6372    0.003567
6452    0.007703
6486    0.007087
6675    0.009049
6699    0.008272
6758    0.006536
6772    0.010819
6776    0.024035
6783    0.009665
7188    0.005303
7486    0.005423
7531    0.007780
7802    0.001987
8001    0.007633
8534    0.004826
8536    0.006652
8581    0.009969
8622    0.008996
8630    0.002575
8632    0.013502
8711    0.005190
8918    0.004960
8943    0.009335
9004    0.008797
9155    0.006932
9200    0.004079
9209    0.003417
9517    0.010487
9739    0.007373
9798    0.004200
9824    0.007565
9873    0.041979
9932    0.011540
9971    0.008093
9976    0.008009
10074    0.004300
10150    0.009335
10218    0.014986
10350    0.009049
10406    0.009049
10610    0.007313
10611    0.012657
10612    0.007776
10645    0.009665
10646    0.007851
10653    0.009665
10803    0.005982
10911    0.053516
10942    0.010123
11103    0.003400
11117    0.003717
11180    0.003360
11201    0.003546
11289    0.005657
11386    0.005083
11427    0.009851
11434    0.004118
11560    0.014986
11782    0.007434
12042    0.006742
12064    0.011902
12065    0.013502
12085    0.005212
12230    0.004647
12273    0.004717
12307    0.040774
12309    0.005550
12326    0.050778
12331    0.068570
12344    0.013502
12345    0.004092
12505    0.005423
12551    0.003902
12659    0.005062
12660    0.005399
12684    0.003154
12949    0.013134
12952    0.007197
12958    0.060333
12999    0.002467
13351    0.003516
13434    0.005443
13491    0.007087
13501    0.015230
13513    0.018670
13533    0.007565
13545    0.008181
13580    0.003651
13647    0.007952
13783    0.012018
13896    0.007633
13939    0.004404
14015    0.008467
14065    0.014164
14073    0.005190
14123    0.014986
14207    0.009494
14208    0.010533
14256    0.011149
14406    0.004547
14425    0.024682
14430    0.005858
14438    0.029972
14490    0.007141
14523    0.006015
14538    0.006114
14604    0.009618
14615    0.010819
14742    0.009178
14745    0.003437
14769    0.006983
15016    0.012367
15019    0.006329
15023    0.021591
15135    0.014282
15140    0.004105
15299    0.011717
15497    0.005020
15764    0.006983
15808    0.010533
16034    0.011205
16432    0.005799
16437    0.006255
16501    0.004404
16729    0.004885
16732    0.003728
16767    0.008681
16907    0.004173
16944    0.004040
16959    0.004514
17074    0.005603
17075    0.017485
17077    0.007499
17117    0.003662
17185    0.009335
17326    0.018098
17366    0.005713
17407    0.004826
17447    0.007313
17643    0.004630
17814    0.004882
17846    0.094383
17916    0.005473
18037    0.006983
18158    0.005603
18159    0.005741
18247    0.005550
18326    0.005951
18377    0.010819
18378    0.012018
18382    0.005685
18411    0.025019
18416    0.014870
18417    0.027562
18462    0.006983
18619    0.003854
18883    0.004596
19048    0.008367
19169    0.006015
19177    0.004300
19225    0.005041
19226    0.007113
19266    0.021721
19274    0.008009
19309    0.011777
19366    0.004165
19410    0.013862
19444    0.014282
19460    0.003476
19536    0.009335
19546    0.007254
19707    0.004901
19736    0.012095
19769    0.008797
19773    0.003762
19844    0.001402
19894    0.007776
20053    0.012634
20088    0.007034
20094    0.009494
20215    0.009665
20260    0.001274
20359    0.008181
20383    0.008681
20507    0.017839
20601    0.005190
20603    0.012634
20620    0.004466
20628    0.006983
20713    0.004053
20715    0.010056
20717    0.003819
20803    0.002974
20844    0.003129
20859    0.007703
20868    0.009913
20894    0.004132
20910    0.019957
20927    0.007260
20956    0.011902
20998    0.007929
21005    0.004789
21057    0.010165
21087    0.004359
21115    0.003516
21120    0.004807
21122    0.004921
21132    0.013305
21146    0.006219
21150    0.003418
21247    0.002173
21307    0.004882
21311    0.009494
