44
212    0.059726
539    0.055059
1941    0.040817
3053    0.053736
4545    0.069463
5202    0.040974
5204    0.195966
5977    0.034410
6019    0.114643
7378    0.196217
7802    0.033737
8107    0.029097
9517    0.029682
9992    0.102040
10174    0.078008
10908    0.080610
10909    0.087296
10975    0.054385
10976    0.153670
11201    0.030112
11331    0.161220
12365    0.047572
13175    0.180525
13219    0.056860
13352    0.038467
13434    0.011554
13466    0.029768
14395    0.075733
15601    0.046470
16130    0.071045
16309    0.087296
16529    0.036265
16676    0.062091
16849    0.107271
17144    0.028690
17221    0.064809
17531    0.036265
18499    0.156620
18713    0.106217
19480    0.059726
20432    0.056860
20785    0.043155
20964    0.038885
21057    0.043155
