56
1665    0.056809
1741    0.019287
2127    0.102919
2366    0.048308
3485    0.088515
3905    0.054451
4137    0.025077
4219    0.079251
4409    0.082533
4507    0.079251
5096    0.026967
5247    0.079251
5487    0.043988
5628    0.058862
6681    0.055583
7349    0.053916
7493    0.047954
8505    0.041307
9209    0.023468
9798    0.057693
10074    0.059061
11160    0.043723
12198    0.102919
12574    0.102919
12605    0.039624
12675    0.063595
12999    0.033884
13361    0.042226
13474    0.062146
13573    0.205839
13913    0.102919
13939    0.030248
14480    0.041759
14481    0.051061
15110    0.065199
15958    0.062146
16529    0.058664
16585    0.011966
16806    0.079251
16921    0.041086
17555    0.074303
18004    0.058147
18167    0.015837
18606    0.082533
19143    0.060414
19177    0.029531
19426    0.020213
19437    0.047954
19485    0.125972
19685    0.076590
19707    0.033661
20275    0.025225
20461    0.064110
20587    0.043463
21063    0.058147
21150    0.011735
