137
103    0.027966
147    0.012466
164    0.021802
539    0.055059
1099    0.014945
1165    0.022007
1188    0.021411
1279    0.025612
1451    0.010096
1490    0.011397
1646    0.015562
1951    0.019345
2283    0.034047
2285    0.027883
2569    0.021224
2713    0.024259
2745    0.012597
2758    0.032661
3029    0.018706
3162    0.022440
3665    0.022669
4035    0.061244
4265    0.022007
4461    0.015782
4544    0.022440
4787    0.032661
5010    0.024259
5202    0.013658
5228    0.038214
5501    0.008418
5513    0.042415
5529    0.032661
5532    0.010615
5851    0.022220
5976    0.020868
6086    0.026003
6117    0.029099
6576    0.027883
6630    0.020058
7377    0.023776
7486    0.015349
7523    0.016330
7736    0.012466
7753    0.011581
7926    0.024898
7989    0.014816
8167    0.025612
8244    0.034013
8323    0.015280
8747    0.026003
8760    0.038214
8989    0.034013
9086    0.026003
9454    0.012295
9517    0.019788
9777    0.019620
10095    0.018828
10096    0.020369
10578    0.018586
10975    0.072513
11103    0.004812
11117    0.010520
11129    0.026421
11283    0.050797
11331    0.026870
11434    0.011657
11503    0.009894
11528    0.014039
12005    0.008530
12264    0.042415
12416    0.018353
12784    0.032661
12889    0.019453
12898    0.019081
12987    0.006088
12999    0.006982
13070    0.020531
13175    0.040117
13219    0.018953
13357    0.005939
13363    0.042415
13396    0.035757
13434    0.007703
14063    0.026403
14303    0.012212
14391    0.017912
14395    0.025244
14917    0.020868
14959    0.027883
15210    0.015077
15335    0.025244
15368    0.020212
15478    0.020697
15496    0.034013
15497    0.014209
15500    0.021411
15952    0.028190
16529    0.024177
16591    0.023154
16592    0.018248
16676    0.020697
16729    0.006913
16828    0.030622
16862    0.014880
16865    0.032661
16944    0.022867
16959    0.012777
17051    0.012423
17144    0.009563
17471    0.019211
18340    0.017305
18485    0.072778
18499    0.017402
18625    0.022907
18713    0.053109
18717    0.015490
18873    0.042415
18883    0.013009
18891    0.032661
19046    0.016330
19112    0.022907
19204    0.016842
19207    0.042415
19278    0.007609
19410    0.007847
19453    0.028535
19497    0.042415
19640    0.035002
20672    0.021603
20713    0.011470
20848    0.011010
20983    0.013250
21113    0.040424
21150    0.009673
21182    0.027883
21195    0.019909
21247    0.006149
