379
147    0.003534
621    0.004219
650    0.012025
702    0.004474
786    0.004701
849    0.010834
985    0.007372
1091    0.024069
1092    0.008452
1204    0.004165
1272    0.004392
1345    0.006714
1363    0.008681
1416    0.005523
1423    0.005019
1478    0.010834
1490    0.003231
1595    0.006362
1643    0.008250
1646    0.004412
1665    0.006637
1691    0.003828
1699    0.001428
1714    0.010137
1746    0.003688
1825    0.008681
1842    0.007618
1862    0.004902
1942    0.005821
1943    0.005966
1949    0.004028
2048    0.004826
2432    0.004153
2440    0.012599
2442    0.015236
2589    0.011932
2641    0.008452
2652    0.007490
2778    0.008452
2876    0.008452
2902    0.008250
2920    0.005303
2985    0.006239
2991    0.024050
3151    0.008069
3192    0.007157
3193    0.006714
3460    0.014522
3463    0.022471
3563    0.003785
3571    0.004432
3574    0.004879
3583    0.002637
3619    0.009353
3733    0.004800
3826    0.007261
3960    0.008452
4081    0.007905
4099    0.011460
4130    0.005523
4137    0.002930
4142    0.005644
4151    0.005203
4172    0.009260
4173    0.011046
4176    0.006362
4287    0.008946
4324    0.025094
4328    0.017748
4345    0.010137
4461    0.004474
4492    0.008664
4522    0.005109
4571    0.006070
4599    0.006637
4666    0.005303
4697    0.004412
4871    0.005019
4980    0.013588
5043    0.001769
5046    0.008250
5056    0.006794
5079    0.007866
5084    0.011206
5096    0.003151
5264    0.011460
5501    0.002387
5556    0.004517
5578    0.004561
5708    0.006299
5717    0.004677
5719    0.010247
5739    0.005687
5769    0.003393
5771    0.007157
5777    0.010834
5789    0.008946
5847    0.010137
5869    0.006637
5952    0.010834
5977    0.009755
5987    0.006966
6035    0.016137
6090    0.009643
6421    0.006966
6430    0.005236
6451    0.007372
6576    0.007905
6596    0.003028
6598    0.003102
6639    0.012025
6655    0.004653
6755    0.007490
6758    0.005245
6761    0.016470
6762    0.018612
6828    0.013297
6908    0.002974
7129    0.012249
7270    0.014314
7460    0.005236
7493    0.005603
7525    0.008452
7534    0.010834
7631    0.004775
7714    0.005236
7716    0.005821
7753    0.003283
7797    0.007261
7802    0.001594
7887    0.008069
7892    0.009353
7894    0.007490
7895    0.006564
7988    0.017603
7989    0.004200
8021    0.009123
8025    0.013176
8040    0.003046
8078    0.004837
8105    0.005484
8181    0.003933
8193    0.007490
8228    0.014744
8233    0.004607
8296    0.009643
8310    0.008946
8340    0.009643
8378    0.007261
8395    0.005410
8407    0.005203
8428    0.040423
8429    0.050098
8442    0.004561
8500    0.005288
8581    0.002666
8630    0.002066
8711    0.004165
8726    0.006878
8774    0.005171
8783    0.003964
8807    0.008452
8816    0.034924
8864    0.009643
8871    0.010137
9177    0.006125
9200    0.003273
9411    0.002283
9517    0.002805
9518    0.005117
9523    0.004934
9533    0.003743
9784    0.008681
9798    0.003370
9981    0.007905
10162    0.007490
10220    0.006070
10257    0.010834
10280    0.012025
10343    0.007261
10350    0.007261
10451    0.006878
10453    0.014117
10454    0.047423
10610    0.005868
10611    0.005078
10666    0.009643
10701    0.013428
10703    0.020275
10836    0.006362
10837    0.003785
10892    0.002689
10902    0.007618
10926    0.008452
10945    0.012025
11088    0.010137
11093    0.004539
11117    0.005965
11138    0.006239
11180    0.010785
11201    0.011383
11203    0.008474
11271    0.004237
11279    0.004392
11325    0.012025
11527    0.006427
11671    0.027779
11747    0.004474
11841    0.003969
12084    0.004906
12110    0.003252
12122    0.003018
12279    0.007157
12283    0.004736
12356    0.006794
12480    0.006794
12505    0.004352
12551    0.003131
12591    0.003571
12608    0.008250
12613    0.005484
12634    0.012025
12684    0.002531
12764    0.006637
12805    0.010834
12853    0.007656
12855    0.002781
12907    0.009652
12928    0.004392
12947    0.016014
12948    0.007618
12987    0.003452
13050    0.006074
13126    0.010137
13157    0.005109
13158    0.010137
13355    0.005594
13357    0.006735
13434    0.004368
13492    0.005821
13501    0.009166
13530    0.004879
13584    0.024724
13585    0.055726
13647    0.003190
13784    0.008946
13794    0.006637
13886    0.006001
13899    0.004826
13910    0.009914
14012    0.004725
14065    0.008524
14073    0.008329
14093    0.005109
14195    0.007755
14237    0.006181
14303    0.003462
14425    0.002829
14439    0.005791
14485    0.013297
14521    0.010834
14604    0.007718
14742    0.001227
14745    0.013788
14851    0.010834
14864    0.009643
14874    0.012996
15004    0.008946
15137    0.006794
15140    0.003294
15212    0.005966
15344    0.013175
15345    0.008452
15488    0.004630
15648    0.008250
15697    0.006494
15792    0.004256
15851    0.010834
15907    0.007245
15931    0.014401
15983    0.009401
16023    0.006794
16034    0.004496
16047    0.006564
16063    0.004750
16136    0.007618
16237    0.003305
16279    0.006239
16283    0.007618
16303    0.010834
16321    0.004432
16347    0.007755
16485    0.003902
16490    0.005269
16509    0.004147
16585    0.009786
16732    0.002991
16754    0.016904
16843    0.007905
16925    0.007490
16941    0.008991
16952    0.005078
17037    0.003799
17094    0.005730
17210    0.006878
17332    0.009643
17372    0.005916
17484    0.002005
17695    0.006494
17797    0.007905
17817    0.005603
17875    0.004906
18005    0.006129
18098    0.004800
18158    0.004496
18167    0.001850
18169    0.009643
18277    0.008069
18282    0.001864
18382    0.013684
18383    0.014971
18424    0.010834
18438    0.006794
18535    0.014117
18619    0.003093
18620    0.005562
18652    0.003122
18655    0.042268
18668    0.005410
18702    0.006239
18754    0.007905
18784    0.005730
18807    0.012478
18885    0.007372
18993    0.005687
19043    0.003326
19261    0.003597
19275    0.007755
19278    0.004314
19327    0.019862
19392    0.009260
19416    0.004095
19460    0.002789
19478    0.010137
19543    0.004256
19690    0.008681
19707    0.003933
19785    0.006631
19844    0.001125
19905    0.005821
20090    0.002040
20228    0.005730
20260    0.003067
20383    0.006966
20428    0.012025
20464    0.003609
20534    0.012036
20620    0.014336
20627    0.004826
20768    0.002829
20801    0.007755
20803    0.002387
20821    0.007372
20841    0.019023
20848    0.003122
20901    0.003729
20902    0.003964
20946    0.003241
21016    0.004561
21057    0.004078
21063    0.006794
21065    0.005203
21087    0.003498
21122    0.003949
21146    0.004990
21159    0.009643
21277    0.009260
21290    0.004371
21298    0.017893
