337
147    0.004041
621    0.004824
702    0.005116
786    0.005375
985    0.008429
1091    0.027521
1363    0.009927
1416    0.006315
1419    0.009433
1423    0.005739
1426    0.009039
1451    0.003273
1490    0.003695
1595    0.007274
1646    0.005045
1746    0.004217
1842    0.008710
1845    0.006655
1862    0.005605
1925    0.006941
1972    0.007349
2048    0.005518
2093    0.004112
2345    0.006502
2396    0.003706
2432    0.002374
2440    0.021609
2442    0.017421
2508    0.005841
2589    0.013643
2646    0.009664
2706    0.003828
2745    0.004084
2778    0.009664
2902    0.009433
3358    0.009226
3460    0.016605
3463    0.008565
3470    0.009226
3484    0.008183
3521    0.021009
3574    0.005579
3575    0.006765
3583    0.006030
3588    0.008183
3619    0.010695
3647    0.003879
3734    0.006228
4081    0.009039
4099    0.006552
4100    0.009433
4130    0.006315
4138    0.009664
4150    0.005949
4173    0.031575
4176    0.007274
4287    0.010229
4324    0.014347
4328    0.006765
4422    0.008302
4450    0.003730
4488    0.006709
4492    0.004953
4522    0.005841
4666    0.006064
4697    0.005045
4827    0.011591
4871    0.005739
5043    0.002023
5079    0.008994
5084    0.006406
5096    0.003603
5264    0.006552
5495    0.002638
5501    0.008187
5515    0.003730
5544    0.006185
5562    0.014006
5578    0.005216
5707    0.007589
5708    0.007203
5709    0.008868
5717    0.005347
5719    0.019527
5739    0.006502
5769    0.003879
5777    0.012388
5789    0.010229
5977    0.011155
6035    0.018452
6090    0.011026
6130    0.007677
6425    0.007134
6430    0.005987
6451    0.008429
6596    0.003462
6598    0.003547
6755    0.008565
6756    0.005190
6758    0.008996
6761    0.015066
6762    0.005320
6828    0.015204
7001    0.009039
7113    0.010588
7129    0.007003
7310    0.009927
7330    0.004112
7493    0.006406
7631    0.005460
7712    0.006880
7714    0.005987
7716    0.006655
7787    0.006064
7797    0.008302
7802    0.003645
7887    0.018452
7892    0.010695
7894    0.008565
7965    0.006315
7967    0.007067
7988    0.020128
7989    0.004803
8021    0.005216
8025    0.007533
8068    0.005489
8078    0.005531
8153    0.007067
8181    0.004497
8193    0.008565
8200    0.005579
8218    0.016701
8233    0.010534
8296    0.011026
8395    0.006185
8428    0.059427
8429    0.057283
8442    0.005216
8500    0.003023
8630    0.002362
8783    0.004533
8816    0.039932
8864    0.011026
8984    0.005403
9388    0.004682
9424    0.005877
9455    0.006709
9459    0.006502
9533    0.004279
9919    0.007864
9947    0.003207
9981    0.009039
10186    0.006880
10451    0.007864
10453    0.024213
10454    0.024100
10643    0.013750
10701    0.007677
10837    0.004328
10892    0.003074
10902    0.008710
11088    0.011591
11117    0.006821
11138    0.007134
11180    0.009249
11181    0.003803
11201    0.013015
11203    0.009689
11236    0.008071
11279    0.005021
11402    0.013750
11444    0.004866
11671    0.010588
11729    0.004515
11841    0.009076
11852    0.013750
11909    0.007864
12166    0.010232
12283    0.002707
12345    0.003754
12480    0.007768
12505    0.004976
12551    0.003580
12591    0.008167
12608    0.018866
12613    0.012542
12654    0.008565
12684    0.002894
12764    0.007589
12853    0.013131
12907    0.005518
12928    0.005021
12947    0.006104
12987    0.021709
13050    0.003472
13126    0.011591
13145    0.006454
13158    0.011591
13355    0.003198
13357    0.005776
13434    0.001248
13466    0.003217
13501    0.006987
13530    0.005579
13584    0.035337
13585    0.023894
13591    0.006603
13593    0.009927
13794    0.007589
13886    0.006861
13894    0.009927
13910    0.015115
14065    0.008122
14093    0.005841
14195    0.008868
14303    0.003959
14416    0.013750
14439    0.006622
14485    0.015204
14604    0.005883
14742    0.002807
14745    0.012612
14746    0.005489
14796    0.004394
14811    0.014006
14874    0.014860
15004    0.010229
15023    0.006603
15140    0.003766
15200    0.011591
15219    0.012388
15299    0.005375
15344    0.010043
15648    0.009433
15764    0.006406
15820    0.004762
15851    0.012388
15907    0.004142
15908    0.007203
15931    0.005489
15978    0.008302
15983    0.005375
16061    0.008183
16064    0.008429
16116    0.004084
16117    0.004909
16119    0.006880
16237    0.003779
16279    0.021402
16321    0.005068
16347    0.008868
16371    0.005739
16485    0.004462
16487    0.007506
16490    0.006025
16498    0.007349
16585    0.011190
16692    0.007134
16732    0.003420
16925    0.008565
16941    0.005140
16959    0.004142
17313    0.006228
17407    0.008855
17661    0.007349
17688    0.009226
17767    0.013750
17782    0.004824
17817    0.006406
17875    0.005610
18005    0.003504
18091    0.007768
18098    0.005489
18105    0.007203
18159    0.005267
18160    0.015179
18167    0.004232
18173    0.007426
18242    0.009226
18382    0.005216
18383    0.008559
18619    0.003536
18620    0.006360
18650    0.009433
18652    0.003569
18655    0.017574
18668    0.006185
18754    0.009039
18773    0.009927
18784    0.006552
18807    0.007134
18904    0.006709
18993    0.006502
19261    0.004112
19262    0.004663
19278    0.007400
19327    0.019466
19366    0.001911
19410    0.002544
19426    0.002700
19464    0.003841
19478    0.011591
19484    0.009927
19543    0.004866
19690    0.009927
19707    0.004497
19757    0.006822
19785    0.003791
19844    0.001286
19905    0.006655
20030    0.009927
20090    0.002333
20150    0.008183
20214    0.009226
20228    0.013104
20260    0.003506
20288    0.008183
20406    0.011591
20464    0.008254
20534    0.018350
20620    0.020490
20768    0.003235
20785    0.004663
20803    0.002729
20841    0.003625
20844    0.002871
20868    0.003032
20894    0.003791
20901    0.008527
20927    0.003330
21058    0.004027
21063    0.007768
21122    0.004515
21146    0.005706
21150    0.003136
21159    0.011026
21277    0.010588
