305
212    0.007432
219    0.008789
246    0.005461
469    0.004928
539    0.006851
552    0.005977
834    0.009707
1097    0.005304
1161    0.010212
1244    0.008740
1304    0.014544
1477    0.005704
1646    0.017428
1816    0.007993
1888    0.015834
1941    0.005079
2102    0.003963
2226    0.007993
2229    0.008644
2319    0.023769
2344    0.003824
2396    0.004268
2432    0.002734
2498    0.013348
2569    0.007923
2663    0.031667
2745    0.004703
2826    0.007664
3050    0.017577
3053    0.006687
3298    0.006983
3341    0.005079
3451    0.012012
3567    0.003725
3610    0.011129
3664    0.008139
3745    0.006983
3748    0.013348
3771    0.013348
3858    0.007029
3903    0.005977
4135    0.006687
4222    0.014266
4467    0.006355
4544    0.025131
4545    0.017287
4618    0.013348
4715    0.013348
5043    0.016309
5202    0.035690
5203    0.012697
5439    0.008377
5495    0.006075
5501    0.009428
5515    0.004296
5521    0.006851
5532    0.007925
5603    0.012697
5628    0.004528
5806    0.007324
5822    0.011431
5975    0.004856
5977    0.017127
5991    0.005809
6085    0.012509
6154    0.015834
6161    0.014266
6262    0.063549
6297    0.010212
6372    0.003769
6405    0.011780
6472    0.008740
6504    0.013348
6532    0.007604
6598    0.004085
6673    0.010212
6727    0.009707
6864    0.007993
6999    0.009172
7001    0.010409
7048    0.005920
7087    0.006533
7110    0.008377
7168    0.006302
7199    0.004892
7254    0.009056
7350    0.011129
7351    0.005461
7378    0.032555
7744    0.006321
7783    0.015834
7798    0.008065
7802    0.004198
7833    0.004060
7896    0.025149
8020    0.015834
8040    0.004011
8043    0.009707
8107    0.007241
8116    0.010302
8148    0.011129
8218    0.015386
8351    0.023560
8407    0.006851
8417    0.010609
8500    0.003482
8509    0.010624
8536    0.014057
8630    0.013602
8757    0.013348
9086    0.019414
9118    0.005002
9136    0.006851
9203    0.009056
9388    0.005392
9432    0.010031
9454    0.004590
9460    0.008551
9472    0.014266
9473    0.014266
9517    0.018468
9695    0.015834
9718    0.014266
9747    0.006424
9797    0.010863
9994    0.019414
10074    0.013629
10095    0.007029
10096    0.007604
10140    0.005021
10174    0.009707
10350    0.009561
10421    0.006355
10500    0.012697
10553    0.015834
10646    0.008295
10794    0.006496
10872    0.010863
10908    0.010031
10909    0.032588
10975    0.027069
10976    0.019122
11108    0.011431
11111    0.014266
11117    0.003927
11201    0.003747
11283    0.006321
11289    0.005977
11334    0.004787
11358    0.005348
11433    0.014266
11434    0.004351
11444    0.005603
11499    0.008551
11519    0.012849
11613    0.006851
11750    0.004241
11753    0.007545
11841    0.002613
11859    0.015834
12006    0.007545
12048    0.006096
12118    0.007172
12162    0.007432
12167    0.007993
12233    0.009172
12283    0.006236
12345    0.004323
12365    0.005920
12508    0.007993
12621    0.010409
12659    0.005348
12674    0.009561
12853    0.005040
12880    0.005241
12888    0.011129
12889    0.010893
12985    0.010863
13008    0.006894
13078    0.027168
13157    0.026906
13167    0.007324
13175    0.022464
13219    0.007075
13357    0.011085
13370    0.007324
13434    0.004313
13462    0.006983
13482    0.012131
13886    0.003951
14002    0.009294
14088    0.010624
14104    0.010863
14112    0.013348
14305    0.007221
14320    0.005370
14382    0.015834
14395    0.018847
14406    0.004804
14482    0.040045
14486    0.010212
14537    0.004453
14568    0.011431
14742    0.001616
14758    0.015834
14774    0.018112
14781    0.008377
14796    0.005060
14865    0.006127
15008    0.009707
15149    0.014266
15204    0.005262
15216    0.012071
15315    0.012192
15336    0.009056
15600    0.014343
15601    0.005782
15783    0.007029
15820    0.005484
15848    0.007993
15952    0.010523
16026    0.006851
16130    0.008840
16133    0.012192
16160    0.011431
16237    0.004351
16260    0.011780
16273    0.010031
16309    0.010863
16486    0.007790
16529    0.004513
16585    0.012886
16592    0.003406
16676    0.023179
16705    0.004149
16713    0.015090
16714    0.008946
16729    0.002580
16732    0.003939
16862    0.005555
16873    0.021249
16886    0.011431
16929    0.017480
16944    0.004268
16964    0.014266
17051    0.004637
17144    0.003570
17150    0.012697
17303    0.008644
17327    0.010409
17507    0.008377
17524    0.006222
17654    0.016925
17739    0.014266
17799    0.014266
18005    0.004035
18074    0.011431
18179    0.011306
18260    0.010031
18282    0.002455
18339    0.014266
18340    0.006460
18344    0.015834
18451    0.007923
18499    0.025985
18500    0.028531
18501    0.010863
18506    0.013348
18576    0.015834
18713    0.019826
18717    0.011565
18732    0.010031
19149    0.014266
19226    0.003758
19327    0.003736
19366    0.002201
19426    0.003110
19459    0.015834
19460    0.003672
19495    0.015834
19577    0.007221
19766    0.009424
19772    0.005392
19773    0.003975
19844    0.002962
19907    0.008644
20113    0.009863
20336    0.010624
20424    0.015834
20432    0.007075
20582    0.005948
20644    0.012697
20785    0.005370
20796    0.008551
20830    0.014246
20841    0.004175
20847    0.010624
20927    0.007671
21012    0.009863
21056    0.015834
21057    0.016110
21115    0.003715
21142    0.012192
21150    0.005416
21171    0.011129
