192
100    0.034108
115    0.009466
147    0.006509
194    0.022147
288    0.008841
474    0.022147
689    0.011180
724    0.015989
739    0.014559
744    0.011717
749    0.012667
753    0.015194
868    0.013000
886    0.022147
920    0.009705
1113    0.044582
1157    0.007872
1276    0.010319
1451    0.010543
1466    0.009583
1668    0.049462
1669    0.022147
1699    0.005259
1762    0.011358
1969    0.023204
2156    0.028226
2440    0.011602
2508    0.009409
2723    0.006187
3206    0.016477
3317    0.022147
3593    0.006376
3619    0.008613
3635    0.009244
3713    0.062221
3715    0.054035
3794    0.014559
3911    0.008164
4093    0.015194
4137    0.005396
4258    0.012293
4375    0.022147
4453    0.019954
4458    0.013577
4673    0.059184
5043    0.003259
5152    0.009087
5352    0.016176
5501    0.004396
5515    0.012017
5532    0.011085
5541    0.017054
5718    0.009190
5719    0.018872
5909    0.037341
5977    0.005989
6050    0.007542
6227    0.014030
6758    0.009660
6972    0.015989
7038    0.019954
7075    0.050050
7175    0.017054
7178    0.009298
7351    0.007638
7359    0.014559
7429    0.013373
7617    0.018671
7651    0.014030
7802    0.002936
8098    0.022147
8107    0.020258
8116    0.009607
8181    0.007244
8346    0.015989
8476    0.007077
8624    0.018276
9002    0.010245
9168    0.011837
9173    0.022147
9200    0.012055
9945    0.009466
9971    0.023922
9980    0.009298
10074    0.006355
10525    0.019793
10605    0.006648
10689    0.009244
10738    0.013796
11074    0.022147
11103    0.002513
11112    0.006146
11178    0.048307
11358    0.014961
11434    0.012173
11736    0.012829
11791    0.016477
11869    0.060450
11944    0.037341
12095    0.008841
12122    0.005559
12207    0.026001
12361    0.017760
12519    0.010574
12551    0.011534
12817    0.007542
12987    0.003179
13009    0.014559
13070    0.010720
13195    0.010636
13491    0.010474
13939    0.013018
14073    0.076702
14074    0.042851
14314    0.009353
14316    0.007244
14387    0.013000
14406    0.013439
14412    0.035365
14448    0.102635
14452    0.026363
14453    0.029494
14681    0.014030
14694    0.017760
14749    0.007574
15140    0.006067
15204    0.007360
15207    0.011384
15216    0.008442
15271    0.024491
15274    0.011602
15792    0.015675
15818    0.006744
15822    0.006578
15874    0.010474
15928    0.030945
15958    0.026746
16312    0.065907
16362    0.010245
16409    0.011082
16430    0.013373
16585    0.005150
16907    0.006167
17025    0.018487
17027    0.014719
17129    0.006744
17374    0.011082
17484    0.003692
17531    0.006312
17669    0.010512
17961    0.018671
17994    0.012513
18085    0.051162
18146    0.011837
18191    0.017054
18361    0.018671
18652    0.005749
18706    0.025659
18888    0.007419
19037    0.009138
19097    0.008703
19235    0.019954
19278    0.003973
19293    0.022147
19309    0.008703
19327    0.010452
19366    0.009234
19464    0.006187
19581    0.014861
19583    0.013373
19785    0.012213
19844    0.004143
19867    0.015989
19965    0.046700
20540    0.018276
20620    0.006601
20622    0.022147
20626    0.054520
20841    0.011679
20844    0.004624
20848    0.011498
20927    0.005365
20978    0.020344
21001    0.011491
21002    0.016477
21019    0.008889
21020    0.012513
21057    0.007511
21085    0.008703
21150    0.005051
21208    0.022147
21247    0.006421
