66
333    0.023993
686    0.039115
1283    0.025597
1435    0.050223
1741    0.017966
1897    0.067384
2211    0.054833
2218    0.095870
2277    0.040249
2278    0.038899
2882    0.069703
3089    0.022885
3881    0.040975
4025    0.057889
4153    0.045337
4362    0.040728
4380    0.036781
4468    0.098557
5628    0.027415
5765    0.060734
7199    0.059239
7747    0.061830
8446    0.026009
9023    0.036015
9231    0.054164
10215    0.032649
10614    0.049278
10837    0.015087
11014    0.070348
11400    0.061830
11683    0.018059
12053    0.044347
12283    0.018878
13008    0.041743
13295    0.049743
13357    0.013424
13434    0.008705
13568    0.035174
14063    0.029839
14348    0.064328
14498    0.025517
15685    0.052335
15906    0.033062
15912    0.024734
16592    0.020623
16707    0.034537
16923    0.026606
17255    0.071325
17374    0.047973
18098    0.038271
18385    0.057059
18640    0.076880
19036    0.086375
19127    0.025041
19410    0.017736
19464    0.026782
19962    0.061830
20256    0.051239
20260    0.016300
20271    0.076880
20282    0.020965
20465    0.047973
20678    0.051239
20993    0.034382
21155    0.038687
21253    0.021081
