236
552    0.007839
1021    0.012030
1091    0.020783
1415    0.008668
1416    0.009538
1595    0.010987
1681    0.008520
1726    0.014993
1730    0.015991
1759    0.011595
1862    0.004233
1925    0.010483
1949    0.020871
2093    0.006211
2170    0.010775
2198    0.015991
2450    0.011337
2547    0.014597
2706    0.023129
2861    0.009896
3194    0.016653
3328    0.015450
3470    0.013934
3567    0.004886
3618    0.007192
3842    0.006739
4080    0.011878
4081    0.013652
4130    0.019076
4135    0.008770
4137    0.005060
4150    0.008986
4151    0.008986
4172    0.015991
4173    0.028614
4258    0.005763
4287    0.015450
4324    0.007223
4422    0.012540
4628    0.016653
4710    0.015991
5075    0.003614
5079    0.006792
5084    0.009676
5331    0.009973
5374    0.013393
5501    0.008244
5515    0.005634
5548    0.009280
5556    0.007801
5578    0.007877
5615    0.008822
5706    0.021974
5816    0.012936
5908    0.020767
5968    0.026787
5977    0.005616
5988    0.008426
6276    0.014247
6430    0.009042
6487    0.012540
6626    0.014993
6758    0.013587
6761    0.022755
6841    0.011733
7001    0.013652
7078    0.012540
7129    0.021154
7139    0.015450
7470    0.026787
7523    0.007995
7712    0.020783
7787    0.009159
7892    0.008077
7894    0.012936
7988    0.030401
8021    0.007877
8025    0.011377
8040    0.005260
8068    0.008290
8078    0.008353
8105    0.009471
8153    0.021349
8218    0.020180
8395    0.009342
8428    0.069811
8429    0.037080
8442    0.007877
8446    0.005634
8448    0.011595
8487    0.011595
8630    0.010704
8783    0.006846
8816    0.070365
8984    0.008160
9200    0.005652
9280    0.009538
9293    0.014247
9518    0.004419
10448    0.016653
10454    0.009100
10610    0.010134
10837    0.003268
11103    0.002356
11138    0.010775
11180    0.009313
11181    0.022978
11201    0.004914
11236    0.012190
11569    0.005899
11671    0.015991
11729    0.013638
12049    0.012936
12085    0.014446
12122    0.005213
12166    0.015454
12283    0.004089
12307    0.006278
12345    0.005670
12591    0.018503
12654    0.012936
12763    0.009342
12764    0.011463
12855    0.004803
12864    0.006464
12904    0.005441
12987    0.008943
13050    0.005245
13311    0.009100
13357    0.002908
13434    0.001886
13501    0.015829
13529    0.008770
13541    0.009100
13554    0.012360
13584    0.085396
13585    0.012030
13591    0.009973
13658    0.020767
13715    0.015991
13718    0.016653
13894    0.014993
13899    0.025005
13910    0.022829
14065    0.004907
14425    0.004886
14439    0.005001
14485    0.015310
14604    0.017772
14741    0.007415
14742    0.004240
14745    0.009525
14796    0.006636
14811    0.021154
14824    0.009821
15063    0.005939
15070    0.010987
15081    0.007415
15139    0.012540
15216    0.015833
15344    0.007584
15540    0.013652
15764    0.009676
15805    0.015450
15807    0.010987
15820    0.007192
15870    0.018710
15907    0.006256
15913    0.014597
15931    0.008290
15978    0.025080
16024    0.011099
16063    0.008203
16117    0.007415
16165    0.012936
16279    0.021550
16321    0.007655
16461    0.008520
16501    0.006103
16585    0.006036
16692    0.010775
16700    0.014247
16767    0.012030
16772    0.008426
16941    0.007764
16976    0.012360
17117    0.005075
17313    0.009406
17326    0.012540
17407    0.013374
17413    0.009676
17643    0.006416
17670    0.011216
17757    0.020434
17782    0.007286
18167    0.003196
18182    0.003204
18319    0.006957
18383    0.006464
18619    0.005341
18620    0.009606
18652    0.005391
18653    0.010577
18655    0.006636
18702    0.010775
18773    0.014993
18784    0.009896
18786    0.015991
18807    0.010775
18993    0.009821
19043    0.005745
19085    0.009973
19266    0.006020
19278    0.003726
19327    0.029402
19349    0.008822
19416    0.007072
19433    0.007839
19844    0.009713
20070    0.013934
20090    0.007047
20095    0.022926
20108    0.009973
20202    0.011337
20228    0.009896
20251    0.008520
20534    0.006929
20535    0.021349
20620    0.006189
20714    0.006846
20841    0.010951
20924    0.011463
21016    0.007877
21150    0.004736
21243    0.004709
21307    0.006766
