396
147    0.003480
219    0.006573
333    0.002964
370    0.004753
451    0.004136
455    0.003967
469    0.003686
479    0.005401
686    0.004831
702    0.008812
803    0.007946
920    0.005189
1095    0.006087
1097    0.003967
1099    0.004172
1116    0.005156
1163    0.022400
1276    0.005517
1278    0.005292
1283    0.006324
1304    0.005439
1403    0.005364
1422    0.007376
1440    0.014914
1458    0.005401
1486    0.006144
1511    0.007784
1604    0.027004
1699    0.001406
1707    0.004365
1740    0.004325
1741    0.004438
1746    0.003632
1859    0.004942
1897    0.008323
1924    0.006773
1943    0.005875
1970    0.006087
2014    0.009404
2015    0.005439
2066    0.011842
2093    0.003542
2166    0.007150
2173    0.003529
2277    0.009943
2278    0.004805
2319    0.005926
2344    0.002860
2457    0.048658
2618    0.006951
2723    0.003308
2819    0.003755
2820    0.011842
2874    0.008124
2882    0.012915
3010    0.009119
3039    0.003919
3077    0.008897
3086    0.005061
3089    0.019788
3767    0.009119
3861    0.005778
3881    0.005061
3915    0.006536
4023    0.002955
4025    0.014301
4118    0.006204
4142    0.005558
4195    0.003192
4306    0.011842
4362    0.025154
4380    0.024988
4402    0.007784
4468    0.042608
4472    0.019966
4480    0.010878
4492    0.004266
4495    0.007376
4497    0.006690
4500    0.005257
4502    0.009119
4511    0.008124
4571    0.005978
4577    0.005517
4581    0.005600
4636    0.010955
4653    0.007637
4662    0.004191
4678    0.009557
4697    0.004345
4698    0.007946
4730    0.005687
4743    0.005778
4949    0.015184
5000    0.008810
5055    0.005732
5116    0.007150
5209    0.005826
5225    0.005778
5256    0.007784
5584    0.012174
5626    0.005031
5628    0.003386
5877    0.007150
5879    0.004582
5901    0.009119
5904    0.006204
6042    0.005875
6047    0.009119
6049    0.005600
6050    0.004033
6305    0.006536
6596    0.002982
6628    0.003659
6664    0.009496
6827    0.004971
6870    0.008549
6871    0.009983
6902    0.008549
6940    0.005978
6968    0.010669
7110    0.012530
7141    0.005292
7199    0.014634
7238    0.010669
7240    0.008549
7309    0.009496
7310    0.008549
7380    0.004492
7393    0.005292
7486    0.004285
7524    0.003386
7531    0.006148
7595    0.030743
7598    0.013719
7636    0.009772
7747    0.007637
7753    0.003233
7754    0.005061
7800    0.007784
8019    0.011406
8025    0.003244
8107    0.002708
8189    0.045755
8211    0.007150
8218    0.005754
8262    0.007784
8270    0.005875
8275    0.008984
8323    0.004266
8417    0.003967
8438    0.007946
8439    0.011842
8442    0.008984
8451    0.010669
8569    0.007502
8581    0.002626
8596    0.003142
8712    0.012288
8881    0.006464
9016    0.004228
9023    0.004448
9060    0.007376
9126    0.005364
9137    0.006144
9231    0.006690
9282    0.003542
9398    0.003713
9411    0.004496
9510    0.004228
9523    0.004859
9526    0.006087
9551    0.009983
9558    0.011842
9641    0.004536
9749    0.006031
9852    0.010669
9900    0.008549
9901    0.007260
9944    0.005364
9945    0.005061
9947    0.005525
10074    0.003398
10165    0.008323
10215    0.008066
10290    0.004101
10295    0.014096
10331    0.006395
10333    0.010312
10334    0.017222
10338    0.003386
10397    0.004859
10420    0.004753
10578    0.005189
10614    0.012174
10786    0.006612
10790    0.005643
10803    0.004727
10816    0.008323
10837    0.005591
10988    0.008810
10994    0.008124
11014    0.013034
11108    0.008549
11121    0.006951
11146    0.003951
11181    0.003276
11277    0.008124
11344    0.005600
11358    0.004000
11398    0.014519
11401    0.006395
11415    0.009885
11434    0.003254
11444    0.004191
11475    0.015004
11528    0.007839
11530    0.005687
11581    0.004779
11683    0.004461
11684    0.005517
11744    0.003542
11750    0.009515
11757    0.003967
11871    0.021338
12047    0.007376
12053    0.010955
12122    0.005945
12133    0.006464
12230    0.003672
12277    0.006265
12283    0.009327
12612    0.008549
12889    0.002716
12920    0.006087
12932    0.005092
12974    0.004492
13014    0.002604
13297    0.007637
13298    0.005364
13319    0.003858
13355    0.002754
13357    0.008290
13434    0.001075
13482    0.004536
13495    0.006690
13533    0.005978
13568    0.004345
13758    0.011842
13891    0.008124
13892    0.012288
13907    0.008549
14002    0.006951
14063    0.014743
14065    0.001399
14098    0.011842
14135    0.006773
14137    0.004914
14183    0.008323
14217    0.007150
14304    0.005364
14314    0.005001
14323    0.004136
14348    0.007946
14367    0.009496
14387    0.006951
14406    0.003593
14498    0.006304
14537    0.003330
14573    0.011842
14629    0.006860
14716    0.006144
14742    0.001209
14824    0.005600
14826    0.007048
14863    0.005643
14865    0.004582
14868    0.006395
14874    0.004266
15009    0.035250
15011    0.008549
15032    0.005257
15135    0.005643
15204    0.007870
15686    0.004209
15713    0.005478
15814    0.007946
15818    0.003606
15822    0.003517
15827    0.006612
15912    0.003055
15943    0.015004
16011    0.008124
16094    0.008854
16117    0.004228
16119    0.005926
16129    0.008323
16150    0.007502
16585    0.011703
16592    0.002547
16613    0.008549
16707    0.017064
16771    0.007502
16884    0.009119
16885    0.005439
16922    0.010669
16923    0.006573
16941    0.006640
17037    0.003741
17059    0.005643
17105    0.006865
17144    0.002670
17255    0.017620
17256    0.011842
17281    0.003330
17292    0.007454
17330    0.010669
17471    0.005364
17525    0.007150
17529    0.004536
17669    0.002810
17798    0.009983
17821    0.004172
17854    0.005222
17916    0.004325
17922    0.004209
17924    0.013902
17931    0.010878
17933    0.010669
17959    0.009496
18005    0.006036
18098    0.004727
18167    0.001822
18179    0.004228
18223    0.006204
18319    0.003967
18387    0.009496
18587    0.003632
18641    0.009119
18670    0.008237
18724    0.015667
18726    0.009028
18841    0.004582
18882    0.002554
18888    0.003967
18940    0.005732
18951    0.005732
18992    0.005156
19004    0.007637
19008    0.008810
19036    0.021338
19125    0.004365
19127    0.006186
19145    0.007502
19177    0.006796
19204    0.004702
19262    0.004016
19277    0.005327
19327    0.002794
19328    0.005875
19464    0.003308
19541    0.007637
19577    0.005401
19727    0.008549
19736    0.004779
19751    0.005558
19844    0.002215
20072    0.011842
20252    0.009496
20256    0.006329
20257    0.011842
20260    0.010067
20262    0.011842
20274    0.008237
20275    0.005805
20282    0.007769
20359    0.006464
20465    0.011851
20559    0.006031
20714    0.003904
20768    0.005572
20807    0.010185
20817    0.018237
20927    0.005737
20969    0.005439
20993    0.008494
21005    0.003784
21065    0.010248
21115    0.005556
21122    0.003888
21150    0.002701
21155    0.004779
21253    0.007812
21254    0.018428
21258    0.005732
21266    0.003202
