70
1766    0.059168
1857    0.059168
1946    0.040145
2658    0.042950
2747    0.036526
3593    0.022897
3613    0.061239
4178    0.057416
4811    0.068823
4870    0.024571
4905    0.043898
5096    0.041676
5108    0.079529
5399    0.041264
5475    0.047333
5567    0.022364
5679    0.079529
5840    0.045486
6269    0.053363
6291    0.047333
6758    0.052031
8019    0.038302
8408    0.042950
11103    0.009022
11181    0.021999
11782    0.019725
11788    0.041264
11960    0.061239
12005    0.015995
12045    0.033991
12307    0.048084
12510    0.051291
12551    0.020709
12553    0.079529
12675    0.024571
12987    0.011415
13224    0.079529
13501    0.101031
13886    0.019844
13939    0.023373
13983    0.085901
14604    0.017014
14742    0.008118
14745    0.018237
15016    0.065628
15029    0.043414
15462    0.079529
15908    0.041663
15912    0.020518
16490    0.069697
16729    0.038883
16734    0.031905
17117    0.038869
17641    0.079529
18865    0.071652
18866    0.052280
18882    0.017154
19366    0.011053
19639    0.067044
19698    0.061239
19757    0.039456
19773    0.019963
20596    0.061239
20603    0.067044
20620    0.023703
20956    0.031580
21016    0.030167
21095    0.106726
21307    0.025909
21348    0.045486
