141
333    0.009624
479    0.017538
1069    0.036098
1072    0.018613
1163    0.036370
1283    0.020534
1439    0.019242
1440    0.048430
1681    0.015777
1682    0.020145
1686    0.018918
1725    0.018185
1741    0.028825
2277    0.008072
2744    0.010300
3274    0.027028
3298    0.016959
3472    0.022572
3567    0.009048
3583    0.008432
3679    0.034645
3743    0.011501
4137    0.009369
4267    0.019411
4380    0.014753
4399    0.028609
4570    0.034645
4637    0.018918
4639    0.018918
4949    0.016435
4993    0.030836
5043    0.005658
5067    0.034645
5075    0.006691
5414    0.013729
5523    0.015351
6403    0.018764
6598    0.009921
6825    0.029610
7168    0.022957
7173    0.015777
7199    0.011880
7446    0.023574
7595    0.037436
7693    0.018764
7766    0.030836
7802    0.005098
8252    0.023574
8254    0.022275
8323    0.013853
8431    0.027028
8534    0.012382
8581    0.008526
8594    0.014805
8596    0.010202
8622    0.011542
8630    0.006607
8711    0.013318
8786    0.017183
9105    0.022886
9282    0.023003
9364    0.012882
9411    0.014600
9455    0.018764
9523    0.031554
9980    0.016143
10074    0.022067
10290    0.013318
10334    0.022370
10338    0.054981
10605    0.023084
11184    0.017787
11207    0.013791
11289    0.029031
11528    0.012727
11747    0.014308
12166    0.014308
12297    0.057217
12613    0.017538
12660    0.013853
12668    0.016536
12735    0.018764
12855    0.008893
12889    0.008818
12911    0.012382
12999    0.012660
13355    0.008944
13357    0.016152
13359    0.025278
13886    0.019189
14498    0.010235
14742    0.003925
14906    0.022275
14994    0.022275
15229    0.017538
15912    0.009921
16237    0.010568
16575    0.016850
16592    0.008272
16612    0.018764
16729    0.006267
16923    0.010672
16941    0.007188
17037    0.012148
17213    0.061673
17281    0.010814
17868    0.015351
17884    0.027028
18167    0.005917
18182    0.005932
18203    0.012778
18725    0.015517
18726    0.014658
18898    0.014586
18946    0.034645
19046    0.014805
19086    0.022572
19128    0.014043
19170    0.025278
19225    0.012935
19226    0.009126
19271    0.014241
19410    0.007114
19453    0.012935
19534    0.028609
19756    0.020767
19844    0.003597
20090    0.006524
20260    0.016344
20557    0.012727
20695    0.016743
20848    0.009982
20894    0.010602
21058    0.011262
21065    0.033277
21129    0.008670
21135    0.019952
21253    0.016911
21254    0.059841
21258    0.037226
21264    0.015866
