39
2253    0.150128
3274    0.117121
3282    0.080657
3298    0.073488
4267    0.084114
4380    0.063929
5414    0.059493
7181    0.055597
7595    0.054074
8252    0.102154
8630    0.028630
9364    0.055823
9411    0.031634
10290    0.057709
10333    0.072554
10338    0.095300
11103    0.018904
11118    0.069147
11279    0.060854
11729    0.054715
12245    0.043934
13434    0.015131
14233    0.090963
16148    0.080657
16944    0.044917
18340    0.067985
19046    0.064153
19213    0.082670
19410    0.030827
19453    0.056050
20260    0.028330
20282    0.036439
20695    0.072554
20910    0.073969
21039    0.089057
21065    0.072100
21150    0.019000
21253    0.036641
21254    0.051863
