277
314    0.007395
486    0.011427
661    0.010862
666    0.007573
689    0.008944
716    0.009780
740    0.014208
744    0.009374
749    0.020267
753    0.012155
901    0.021397
917    0.012791
920    0.007764
1157    0.006298
1276    0.008255
1364    0.007527
1450    0.017718
1451    0.004217
1466    0.007666
1646    0.006500
1691    0.005640
1699    0.002104
1845    0.008576
1951    0.008081
1969    0.018564
2097    0.017718
2156    0.060216
2366    0.008316
2450    0.009672
2508    0.007527
2662    0.017718
2673    0.013182
2744    0.009491
2819    0.005619
2826    0.008576
2909    0.008316
3044    0.009672
3422    0.014936
3450    0.011224
3498    0.015963
3593    0.020404
3618    0.012272
3713    0.106665
3715    0.043228
3789    0.007352
4137    0.004317
4406    0.008944
4433    0.033110
4497    0.010010
4689    0.009569
4942    0.013643
5093    0.007310
5152    0.014539
5168    0.014936
5501    0.003517
5515    0.014420
5532    0.013302
5554    0.012791
5567    0.004982
5577    0.011224
5610    0.009780
5718    0.007352
5719    0.010065
5725    0.007666
5977    0.014374
5986    0.009780
6129    0.008717
6372    0.004217
6385    0.017718
6472    0.009780
6719    0.005960
6755    0.011037
6756    0.006688
6758    0.011592
7075    0.010010
7168    0.003526
7181    0.005912
7343    0.008316
7356    0.011888
7483    0.035435
7524    0.005067
7631    0.007035
7729    0.014936
7964    0.008944
7989    0.006189
8078    0.003563
8218    0.012913
8301    0.010545
8417    0.005936
8446    0.004807
8568    0.003950
8581    0.003929
8615    0.014208
8624    0.007310
8639    0.020464
8711    0.006136
8814    0.014936
8970    0.010010
9023    0.006656
9114    0.009569
9118    0.005598
9265    0.013643
9388    0.006034
9389    0.014936
9442    0.008081
9518    0.003770
9546    0.017718
9580    0.017718
9692    0.035365
9728    0.015963
9798    0.004966
9927    0.015963
10074    0.005084
10175    0.006891
10421    0.007111
10422    0.007666
10525    0.007917
10605    0.010636
10738    0.011037
10832    0.013182
10892    0.003961
11095    0.017581
11112    0.014751
11125    0.015963
11160    0.007527
11201    0.004193
11218    0.003791
11434    0.004869
11439    0.007229
11440    0.008944
11478    0.011427
11581    0.007150
11611    0.012791
11782    0.008789
11841    0.002924
11869    0.009672
11944    0.014936
12095    0.014146
12120    0.012791
12122    0.004448
12361    0.014208
12421    0.007189
12519    0.008459
12677    0.028122
12684    0.003729
12785    0.011427
12817    0.012068
12862    0.013182
12911    0.005705
12946    0.010862
12974    0.006721
12983    0.005154
13014    0.003896
13015    0.015963
13195    0.008509
13198    0.008790
13319    0.005772
13347    0.008196
13351    0.012470
13491    0.008379
13634    0.014208
13743    0.010699
13886    0.004421
13910    0.009738
14065    0.008373
14073    0.018409
14074    0.011427
14108    0.011647
14224    0.009193
14285    0.013643
14314    0.007482
14316    0.011590
14387    0.010400
14412    0.007073
14439    0.004267
14441    0.010545
14448    0.030790
14453    0.007865
14455    0.015963
14485    0.006531
14528    0.014936
14563    0.012791
14610    0.015963
14945    0.011888
15072    0.008866
15140    0.004853
15147    0.009892
15271    0.006531
15344    0.006471
15450    0.010699
15488    0.006821
15591    0.007573
15848    0.008944
15903    0.010400
15928    0.012378
16023    0.010010
16094    0.006624
16362    0.024587
16363    0.013182
16409    0.008866
16501    0.005207
16585    0.013390
16890    0.008138
16959    0.005337
17011    0.017718
17025    0.007395
17027    0.017663
17029    0.007814
17101    0.006531
17181    0.011427
17210    0.010134
17366    0.006754
17369    0.007035
17438    0.008081
17447    0.008646
17451    0.014705
17484    0.005907
17645    0.011647
17669    0.004205
17685    0.010400
17811    0.007917
17814    0.005772
17821    0.006243
18042    0.014936
18073    0.017718
18082    0.007573
18142    0.010010
18146    0.009469
18183    0.015963
18192    0.014208
18274    0.015963
18282    0.019228
18317    0.007111
18319    0.005936
18331    0.007715
18462    0.008255
18469    0.013182
18563    0.025583
18652    0.004599
18653    0.009024
18883    0.010868
18898    0.013442
18937    0.017718
18982    0.012155
19226    0.004205
19343    0.010010
19426    0.003480
19458    0.017718
19785    0.004885
19844    0.003315
19861    0.011888
20338    0.011647
20620    0.026403
20626    0.014539
20628    0.008255
20673    0.007814
20688    0.008316
20713    0.009583
20768    0.004169
20803    0.003517
20835    0.088589
20845    0.007229
20848    0.004599
20899    0.009672
20927    0.004292
20964    0.005414
20978    0.016275
21002    0.026363
21020    0.010010
21087    0.005154
21111    0.007395
21115    0.004157
21120    0.005683
21150    0.004041
21152    0.007917
21234    0.011647
21247    0.005137
