196
1    0.011241
15    0.016058
66    0.018024
219    0.006496
333    0.005858
552    0.008835
630    0.012641
666    0.010004
686    0.009550
702    0.017418
803    0.015705
1002    0.023406
1099    0.024742
1283    0.037497
1692    0.011154
1707    0.017255
2047    0.006648
2077    0.021088
2119    0.010675
2277    0.009827
2278    0.009497
2432    0.016168
2502    0.042176
2631    0.039464
2819    0.007423
2872    0.010530
3013    0.078684
3039    0.007747
3089    0.005587
3393    0.010906
3400    0.024767
3453    0.021088
3574    0.009497
3698    0.015096
4300    0.011516
4324    0.008141
4380    0.067350
4383    0.009769
4463    0.010004
4488    0.011421
4662    0.008283
4729    0.007625
4877    0.027479
5028    0.011421
5202    0.007537
5217    0.011421
5415    0.016940
5501    0.004646
5563    0.009394
5573    0.021973
5866    0.006269
5867    0.015705
5904    0.012262
6365    0.007716
6434    0.015096
6523    0.018024
6888    0.014580
7117    0.010459
7330    0.014002
7377    0.006560
7380    0.008879
7636    0.028973
7725    0.012777
7833    0.006002
7948    0.010750
8218    0.011373
8729    0.013387
8845    0.032989
9016    0.008357
9063    0.023406
9179    0.019887
9282    0.007001
9398    0.007339
9407    0.070219
9411    0.008887
9517    0.005460
9551    0.019732
9594    0.023406
9600    0.021088
9641    0.008967
10083    0.019732
10096    0.011241
10175    0.009103
10221    0.015387
10376    0.014580
10589    0.008709
10837    0.003683
11118    0.009713
11201    0.005539
11218    0.005008
11340    0.045319
11341    0.011516
11342    0.013068
11355    0.004549
11453    0.010986
11731    0.016058
11803    0.014349
11804    0.016898
11868    0.023406
11902    0.086096
11903    0.021088
12005    0.004707
12167    0.011815
12235    0.019732
12245    0.006171
12283    0.004609
12300    0.012003
12411    0.013931
12414    0.012510
12519    0.011175
12684    0.004927
12731    0.019732
12880    0.007747
12889    0.032205
12894    0.021812
12974    0.008879
12999    0.003853
13143    0.009344
13145    0.021973
13151    0.012641
13165    0.015387
13167    0.010827
13228    0.007508
13319    0.007625
13357    0.009832
13359    0.015387
13370    0.010827
13462    0.020645
13482    0.008967
13574    0.021088
13609    0.019732
13743    0.014134
13915    0.017414
14124    0.009394
14320    0.007938
14498    0.018689
14874    0.008432
15686    0.008320
15818    0.007127
15820    0.008106
15878    0.027862
16034    0.008751
16116    0.006952
16243    0.023406
16268    0.013387
16585    0.013607
16592    0.005035
16771    0.014828
16868    0.023406
17105    0.006785
17189    0.019732
17281    0.019747
17284    0.018770
17293    0.016898
17379    0.019732
17407    0.007537
17445    0.010750
17484    0.007804
17661    0.012510
17669    0.011110
17689    0.026448
18005    0.005965
18007    0.012262
18182    0.010832
18186    0.008793
18203    0.007778
18330    0.019732
18505    0.021088
18619    0.006020
18882    0.030292
18933    0.031411
19128    0.008548
19373    0.014828
19426    0.004597
19438    0.017414
19480    0.010986
19537    0.015096
19634    0.034838
19718    0.017845
19933    0.014580
20002    0.015387
20090    0.011913
20260    0.001990
20275    0.005737
20282    0.010237
20540    0.009658
20785    0.015877
20791    0.013387
20848    0.006076
20969    0.010750
21028    0.014828
21115    0.005491
21126    0.012641
21155    0.009445
21253    0.010294
21266    0.006330
