473
27    0.007275
78    0.010604
288    0.004233
300    0.009554
333    0.002654
335    0.006971
428    0.005092
522    0.010604
568    0.004082
570    0.010604
716    0.005853
800    0.008165
840    0.006839
863    0.005306
929    0.007275
954    0.010604
1035    0.010604
1081    0.005015
1097    0.003552
1184    0.009415
1188    0.005353
1194    0.015651
1240    0.003363
1283    0.008494
1403    0.004803
1405    0.008165
1415    0.004426
1435    0.005555
1440    0.004452
1529    0.004082
1633    0.004977
1689    0.003375
1691    0.006751
1699    0.001259
1740    0.003873
1741    0.013910
1762    0.005438
1799    0.017007
1825    0.007655
1846    0.003704
1866    0.008165
2008    0.019620
2015    0.004870
2018    0.006501
2106    0.007115
2244    0.010604
2250    0.010604
2277    0.011129
2279    0.005727
2281    0.008248
2366    0.004977
2385    0.009554
2432    0.003662
2458    0.010106
2613    0.006403
2706    0.002953
2745    0.003149
2768    0.005401
2857    0.004042
2873    0.008165
2874    0.007275
2882    0.003855
2947    0.007640
3039    0.028077
3042    0.010604
3043    0.009540
3077    0.015934
3086    0.009064
3089    0.007594
3121    0.010604
3311    0.006971
3313    0.010604
3396    0.007105
3441    0.005450
3501    0.016506
3502    0.019107
3503    0.006311
3515    0.010604
3529    0.009554
3567    0.007485
3573    0.010604
3583    0.002325
3644    0.006143
3719    0.015778
3726    0.003704
3733    0.004233
3774    0.006839
3789    0.004400
3797    0.006143
3876    0.010604
3905    0.005610
3908    0.007889
3942    0.004560
4030    0.009554
4127    0.008503
4265    0.005502
4297    0.008939
4327    0.007275
4380    0.022375
4383    0.008851
4408    0.009554
4577    0.009881
4616    0.008939
4633    0.008939
4636    0.004905
4681    0.007655
4698    0.007115
4817    0.005727
4855    0.008165
4871    0.004426
5040    0.007655
5075    0.003690
5116    0.006403
5137    0.006311
5250    0.009554
5313    0.007453
5321    0.007275
5491    0.010604
5493    0.006065
5501    0.002105
5523    0.004233
5538    0.008165
5602    0.004941
5820    0.009540
5840    0.006065
5864    0.013435
5866    0.005680
5923    0.006839
5977    0.002868
5991    0.003890
6042    0.005261
6043    0.012622
6129    0.005217
6434    0.006839
6467    0.006605
6481    0.007655
6501    0.006143
6556    0.009554
6620    0.006403
6808    0.005261
6931    0.005667
6984    0.003160
7002    0.009554
7010    0.005174
7051    0.006839
7168    0.002110
7191    0.007115
7194    0.004022
7196    0.006224
7234    0.006971
7310    0.007655
7351    0.003657
7379    0.011110
7380    0.004022
7514    0.005555
7531    0.008258
7555    0.008165
7595    0.006882
7619    0.003325
7636    0.004375
7683    0.014549
7747    0.006839
7754    0.004532
7792    0.009554
7802    0.001406
7815    0.035757
7817    0.024496
7818    0.010604
7820    0.022359
7833    0.005438
7877    0.006971
7930    0.005502
7978    0.010604
8019    0.002553
8021    0.004022
8025    0.002905
8035    0.009554
8080    0.009554
8087    0.006971
8107    0.009699
8129    0.007655
8211    0.006403
8218    0.002576
8260    0.005667
8320    0.010604
8417    0.003552
8568    0.002364
8593    0.010604
8620    0.010604
8712    0.005502
8744    0.009554
8783    0.003496
8820    0.007275
8898    0.010604
8918    0.003510
8923    0.010604
8926    0.008939
8945    0.008939
9003    0.003890
9084    0.009554
9179    0.004505
9209    0.002418
9210    0.003964
9282    0.003172
9311    0.005133
9408    0.005920
9411    0.002013
9464    0.008165
9510    0.003786
9513    0.074227
9514    0.021208
9518    0.002256
9519    0.008939
9523    0.004351
9526    0.005450
9641    0.008124
9650    0.008939
9750    0.007655
9752    0.013678
9754    0.010604
9830    0.010604
9932    0.008165
9960    0.006971
10092    0.010604
10095    0.004707
10159    0.007889
10167    0.010604
10215    0.003611
10334    0.006169
10338    0.006065
10397    0.004351
10401    0.006143
10411    0.004233
10436    0.009554
10578    0.004646
10837    0.001669
10840    0.003611
11014    0.003890
11029    0.009554
11090    0.005401
11201    0.007528
11229    0.007889
11339    0.009554
11344    0.005015
11355    0.008243
11358    0.003581
11398    0.006501
11422    0.006605
11430    0.010604
11434    0.002914
11503    0.004947
11528    0.007019
11530    0.005092
11591    0.005174
11683    0.001997
11704    0.008939
11729    0.003482
11744    0.003172
11871    0.009554
11891    0.006403
12005    0.002133
12043    0.006971
12122    0.010647
12245    0.008387
12246    0.008939
12365    0.003964
12454    0.007889
12464    0.006971
12493    0.006143
12496    0.008939
12548    0.003428
12551    0.002761
12630    0.013435
12635    0.008165
12684    0.004464
12763    0.004770
12767    0.010604
12817    0.003611
12818    0.004836
12845    0.010604
12889    0.004863
12928    0.007745
12944    0.005667
12952    0.005092
12983    0.003084
13179    0.003946
13232    0.005991
13311    0.004646
13357    0.008908
13388    0.008005
13434    0.005777
13451    0.004707
13467    0.007655
13556    0.008503
13568    0.003890
13580    0.002584
13596    0.026818
13647    0.002813
13687    0.010604
13729    0.008939
13760    0.006065
13958    0.008165
14050    0.008503
14054    0.004905
14065    0.001253
14075    0.008939
14314    0.004478
14339    0.004082
14343    0.004375
14355    0.007453
14473    0.007453
14498    0.005645
14520    0.006971
14538    0.008653
14579    0.005015
14592    0.012806
14604    0.009074
14716    0.005502
14742    0.001082
14785    0.006143
14789    0.006971
14802    0.006971
14863    0.005053
14865    0.004103
14959    0.006971
15049    0.010604
15111    0.007655
15127    0.013001
15140    0.002905
15180    0.007889
15204    0.003524
15210    0.003769
15213    0.010604
15402    0.010604
15666    0.007655
15751    0.007453
15782    0.006224
15820    0.003672
15827    0.005920
15865    0.009554
15908    0.005555
16006    0.010604
16028    0.007275
16196    0.010604
16550    0.010604
16575    0.009293
16585    0.004931
16592    0.006843
16612    0.010348
16613    0.015311
16698    0.008165
16707    0.003820
16729    0.001728
16730    0.010604
16732    0.002638
16862    0.003720
16892    0.010434
16941    0.001982
16955    0.004145
17009    0.010604
17034    0.005450
17044    0.004646
17093    0.005092
17117    0.002591
17124    0.006718
17202    0.008503
17208    0.008939
17281    0.002982
17327    0.013941
17399    0.010604
17478    0.006143
17480    0.004803
17484    0.003535
17515    0.063623
17525    0.006403
17563    0.007115
17579    0.009554
17604    0.010604
17669    0.007550
17713    0.010604
17723    0.010604
17752    0.010604
17814    0.006909
17817    0.004941
17821    0.003736
17836    0.005920
17845    0.008503
17867    0.005502
17885    0.005727
17905    0.007889
17924    0.006224
17926    0.007889
17930    0.010604
17945    0.007115
17966    0.004082
18005    0.002702
18068    0.006065
18180    0.005727
18182    0.008179
18223    0.011110
18256    0.005261
18267    0.010604
18451    0.005306
18516    0.008165
18572    0.006839
18578    0.010604
18580    0.009414
18587    0.003252
18689    0.005789
18724    0.004676
18725    0.004279
18852    0.007655
18859    0.008939
18882    0.002287
18898    0.008045
18980    0.014549
19010    0.010612
19018    0.010604
19039    0.008165
19092    0.008503
19127    0.002770
19128    0.007745
19134    0.009554
19226    0.002517
19261    0.003172
19262    0.003596
19366    0.002947
19402    0.007655
19426    0.002083
19447    0.008165
19556    0.010604
19564    0.006971
19565    0.010604
19582    0.006718
19739    0.010604
19796    0.010604
19844    0.000992
19951    0.010604
19989    0.009554
20032    0.009554
20090    0.008995
20275    0.007797
20382    0.005450
20440    0.006403
20506    0.007889
20557    0.003510
20561    0.009554
20562    0.007889
20713    0.008603
20717    0.005405
20731    0.007275
20768    0.007485
20776    0.004905
20791    0.006065
20803    0.002105
20848    0.002753
20864    0.021208
20868    0.009353
20901    0.003288
20946    0.002858
20972    0.011577
21059    0.007655
21095    0.021345
21116    0.010604
21122    0.003482
21129    0.002391
21133    0.011841
21150    0.002418
21253    0.011659
21254    0.009901
21266    0.002868
21290    0.003855
21295    0.009554
