386
1    0.011834
17    0.009881
83    0.011101
147    0.003621
216    0.012321
217    0.012321
266    0.012321
314    0.005143
348    0.005783
455    0.004128
460    0.004999
552    0.004651
610    0.009302
665    0.012321
737    0.019761
748    0.011101
773    0.009837
851    0.010868
904    0.010387
1113    0.016535
1245    0.004720
1262    0.005055
1272    0.004500
1451    0.002933
1529    0.018975
1588    0.010387
1668    0.013759
1670    0.012321
1672    0.011101
1680    0.005203
1689    0.003922
1698    0.003343
1762    0.003159
1781    0.006961
1864    0.021141
1919    0.004323
1942    0.005964
1961    0.022202
1969    0.006455
1970    0.006333
1991    0.009881
2156    0.005234
2172    0.005783
2174    0.005783
2219    0.011101
2220    0.012321
2313    0.007675
2432    0.002128
2508    0.015703
2644    0.005365
2688    0.004304
2723    0.003442
2767    0.011101
2785    0.012321
3013    0.005917
3030    0.009488
3073    0.009881
3315    0.005827
3368    0.008895
3471    0.007233
3473    0.039073
3583    0.002702
3593    0.017737
3596    0.007233
3635    0.005143
3675    0.005173
3713    0.029671
3715    0.006012
3788    0.016742
3862    0.005234
3888    0.006879
3903    0.004651
3950    0.006726
3952    0.012321
3977    0.007440
4001    0.006276
4024    0.010387
4131    0.010387
4260    0.008918
4433    0.007675
4458    0.007554
4461    0.004585
4496    0.007554
4501    0.018787
4536    0.005143
4673    0.006585
4730    0.005917
4859    0.006654
4893    0.009167
5152    0.005055
5187    0.012321
5352    0.004500
5427    0.012321
5454    0.009488
5485    0.005659
5495    0.004727
5501    0.004891
5530    0.024643
5532    0.003084
5541    0.009488
5615    0.005234
5718    0.025565
5719    0.010499
5752    0.008895
5879    0.004768
5962    0.006012
5976    0.006062
6046    0.007047
6270    0.007233
6275    0.007554
6313    0.005699
6334    0.006113
6363    0.018976
6372    0.005865
6396    0.012321
6577    0.011101
6583    0.008453
6585    0.009488
6596    0.006204
6655    0.004768
6758    0.002687
6764    0.008267
6881    0.006012
6972    0.008895
7038    0.022202
7168    0.002452
7175    0.009488
7178    0.005173
7181    0.012333
7188    0.004360
7546    0.012321
7631    0.004893
7744    0.004919
7964    0.006220
7987    0.004893
8078    0.002478
8081    0.008267
8107    0.014088
8218    0.002993
8346    0.008895
8374    0.008267
8417    0.004128
8446    0.003343
8476    0.015749
8500    0.002709
8534    0.003968
8613    0.076258
8616    0.006801
8622    0.007397
8624    0.015252
8639    0.009487
8640    0.006165
8783    0.004062
9016    0.004399
9054    0.012321
9143    0.004792
9144    0.012321
9200    0.003353
9209    0.002810
9322    0.008895
9425    0.011101
9488    0.007333
9517    0.005748
9644    0.005173
9692    0.004919
9777    0.005699
9798    0.003453
9824    0.006220
9971    0.013309
9973    0.011101
9990    0.016906
9994    0.007554
10101    0.031161
10261    0.003084
10290    0.008535
10360    0.008100
10525    0.022023
10605    0.003698
10637    0.005699
10726    0.011101
10837    0.001939
10992    0.007440
11003    0.022202
11093    0.004651
11103    0.001398
11112    0.003419
11118    0.010226
11120    0.024643
11146    0.004111
11178    0.004479
11182    0.006113
11202    0.033303
11226    0.011101
11253    0.008895
11327    0.006585
11331    0.007806
11344    0.005827
11355    0.004789
11489    0.009488
11528    0.004078
11622    0.007047
11729    0.004046
11731    0.008453
11733    0.007333
11893    0.010387
11944    0.010387
12005    0.002478
12073    0.010387
12095    0.009837
12162    0.005783
12163    0.009488
12201    0.026686
12207    0.028931
12227    0.009881
12273    0.003878
12300    0.009478
12319    0.006801
12351    0.010387
12352    0.011101
12421    0.014998
12459    0.009488
12505    0.004459
12548    0.007966
12551    0.003208
12633    0.027500
12661    0.006276
12709    0.010387
12797    0.007946
12817    0.004196
12855    0.002850
12985    0.008453
12987    0.008843
12989    0.012321
13014    0.005419
13089    0.009167
13231    0.006276
13355    0.005732
13367    0.008660
13434    0.001119
13442    0.012321
13537    0.009488
13539    0.012321
13740    0.009881
13751    0.014465
13832    0.012321
13896    0.006276
13939    0.003621
13946    0.008100
13961    0.007946
14058    0.006519
14065    0.001456
14073    0.012802
14074    0.007946
14190    0.010387
14199    0.010387
14294    0.010387
14314    0.005203
14316    0.004030
14320    0.004179
14412    0.009837
14439    0.002967
14448    0.028550
14453    0.016409
14479    0.012321
14485    0.004542
14507    0.008895
14742    0.006289
14944    0.004999
14947    0.008453
14980    0.008660
14998    0.007554
15081    0.008798
15140    0.006750
15198    0.024643
15204    0.004095
15232    0.011101
15271    0.004542
15274    0.006455
15344    0.004500
15346    0.008267
15390    0.024643
15488    0.004744
15555    0.004249
15874    0.005827
15928    0.012912
15931    0.004919
15983    0.004817
16030    0.004521
16034    0.004606
16225    0.008453
16287    0.012321
16312    0.022000
16362    0.005699
16585    0.002149
16692    0.006393
16706    0.006333
16729    0.006024
16734    0.002471
16773    0.009881
16885    0.005659
16907    0.003431
16959    0.003712
17025    0.010285
17027    0.016378
17031    0.009167
17051    0.003609
17101    0.009083
17105    0.007143
17108    0.004744
17471    0.011162
17492    0.009167
17817    0.005741
17830    0.004323
17857    0.006585
17870    0.003849
17954    0.037951
17962    0.009167
17966    0.009487
18085    0.009488
18146    0.006585
18182    0.007603
18210    0.009881
18366    0.007440
18529    0.012321
18561    0.007333
18587    0.003779
18652    0.009595
18653    0.006276
18670    0.004285
18706    0.007137
18713    0.005143
18833    0.012321
18883    0.011337
18899    0.012321
19173    0.005871
19226    0.005848
19366    0.003425
19416    0.004196
19427    0.007554
19501    0.010387
19502    0.024643
19583    0.007440
19648    0.006519
19649    0.007047
19742    0.007440
19829    0.012321
19844    0.002305
19965    0.008660
20082    0.021194
20162    0.008660
20260    0.002095
20434    0.011101
20452    0.013197
20540    0.010168
20559    0.012551
20620    0.007345
20626    0.010110
20627    0.004945
20648    0.009683
20771    0.010532
20803    0.002445
20827    0.006333
20841    0.003249
20844    0.010290
20845    0.005027
20848    0.006397
20868    0.002717
20894    0.006794
20964    0.007531
20978    0.011318
20992    0.024643
21001    0.006393
21005    0.003937
21032    0.019761
21057    0.004179
21083    0.005143
21085    0.004842
21118    0.004768
21134    0.008660
21150    0.002810
21199    0.012321
21247    0.001786
21279    0.008838
21285    0.011101
21290    0.004479
21292    0.007047
