88
1439    0.033673
1604    0.030691
1680    0.028418
2047    0.019114
2277    0.028252
2344    0.016252
2710    0.024921
2882    0.048926
2985    0.034916
3084    0.036343
3089    0.016064
3571    0.024805
4258    0.018676
4269    0.067293
4380    0.038726
4949    0.028761
5075    0.011709
5414    0.024026
5415    0.024352
5866    0.018024
6050    0.022917
6221    0.051818
7199    0.041581
7595    0.021838
7747    0.043400
7802    0.008921
8043    0.041254
8189    0.037144
8408    0.036343
8500    0.014797
8505    0.027008
8781    0.020715
9209    0.015345
9411    0.012775
9980    0.028251
10140    0.021340
10294    0.067293
10334    0.019574
10338    0.038486
11014    0.049379
11581    0.027155
11684    0.031354
12064    0.026721
12659    0.022729
12765    0.021022
12855    0.015564
12999    0.011078
13014    0.029595
13295    0.034916
13320    0.025908
13355    0.031305
13568    0.024689
13703    0.043400
14063    0.041889
14183    0.047299
14233    0.036735
14498    0.017911
14537    0.018924
14579    0.063647
14742    0.006869
15209    0.035603
15555    0.023207
15695    0.025158
15798    0.060628
15912    0.017361
16371    0.028086
16707    0.024242
16729    0.010967
16734    0.026996
16923    0.018676
16941    0.012578
17051    0.019709
17105    0.019507
17931    0.030907
18167    0.010355
18282    0.010433
19170    0.044237
19718    0.025652
20059    0.056730
20260    0.011441
20282    0.029432
20481    0.031823
20777    0.060628
20844    0.014050
21065    0.058235
21253    0.029595
21254    0.020945
21259    0.029872
