37
333    0.043787
1283    0.046715
1314    0.090780
1646    0.064192
1699    0.020775
2093    0.052331
2120    0.055485
2215    0.108986
2277    0.036727
2432    0.030214
3089    0.041766
3732    0.077162
4380    0.067126
5415    0.063315
6532    0.084023
8446    0.047466
9180    0.120032
10215    0.059585
10334    0.050892
10837    0.027534
12283    0.034453
12889    0.040122
13320    0.067361
13484    0.068396
14868    0.094491
16148    0.084690
16592    0.037636
17281    0.049202
17922    0.062191
18182    0.026990
19211    0.110839
19444    0.083374
19535    0.063604
20090    0.029684
20260    0.029747
20282    0.038261
21253    0.076946
