39
212    0.076394
1163    0.076968
1351    0.091953
2819    0.051614
3050    0.045169
5110    0.094281
5352    0.059439
5358    0.084447
6262    0.065322
6707    0.055199
7378    0.083658
7531    0.042249
8116    0.035299
8342    0.080748
9454    0.047179
9641    0.124699
10119    0.095538
10837    0.025613
10975    0.139124
13167    0.075286
13606    0.106991
14065    0.019228
14114    0.137207
15601    0.059439
15604    0.073218
16064    0.099778
16459    0.088848
16529    0.046385
16676    0.158837
17524    0.063954
18485    0.093088
18499    0.066776
18888    0.054524
19212    0.066404
19215    0.101383
19410    0.030110
19444    0.077557
19844    0.015224
20830    0.146435
