332
4    0.009237
76    0.021572
147    0.003760
219    0.003551
333    0.003202
1069    0.006005
1082    0.012794
1160    0.007062
1204    0.004431
1222    0.006638
1240    0.004057
1345    0.007143
1351    0.007228
1361    0.009519
1364    0.005435
1374    0.008777
1390    0.012794
1480    0.017884
1585    0.025589
1668    0.035717
1674    0.008777
1699    0.001519
1741    0.014386
1863    0.007143
1919    0.008977
1933    0.010260
2074    0.006703
2174    0.006005
2175    0.011527
2181    0.012794
2199    0.021572
2200    0.009519
2222    0.007726
2277    0.008057
2290    0.007062
2292    0.005191
2380    0.005795
2432    0.002209
2644    0.005571
2706    0.003562
2711    0.010806
2715    0.008993
2723    0.007148
2744    0.003427
2826    0.006193
2914    0.007970
3029    0.005643
3089    0.003054
3211    0.010786
3471    0.007510
3563    0.012081
3567    0.003010
3569    0.021572
3571    0.004716
3574    0.015574
3583    0.005611
3593    0.047886
3597    0.022531
3619    0.004976
3881    0.005468
4137    0.006235
4202    0.005435
4240    0.047188
4245    0.013126
4258    0.003551
4262    0.006295
4380    0.017180
4461    0.004761
4492    0.004609
4502    0.009852
4671    0.012794
4678    0.005163
4732    0.005961
4739    0.008105
4809    0.009519
4828    0.009852
4859    0.013820
4894    0.008252
5047    0.023845
5112    0.007411
5225    0.006243
5293    0.007844
5381    0.010786
5417    0.008777
5426    0.007510
5501    0.002539
5584    0.006576
5756    0.008411
5757    0.010260
5765    0.008105
5866    0.003427
5975    0.003924
5977    0.003460
6043    0.007615
6180    0.007615
6372    0.006091
6628    0.003953
6692    0.009519
6705    0.004339
6758    0.002790
6828    0.004716
7000    0.006348
7075    0.007228
7097    0.004926
7181    0.004269
7241    0.006097
7261    0.015939
7369    0.012794
7377    0.003586
7406    0.006703
7429    0.007726
7493    0.011923
7514    0.006703
7523    0.009852
7565    0.009852
7619    0.004012
7720    0.006984
7722    0.010260
7736    0.003760
7739    0.012794
7747    0.008252
7802    0.005088
8021    0.004853
8078    0.002573
8289    0.007970
8342    0.006348
8417    0.008572
8476    0.004088
8624    0.005279
8781    0.015754
8935    0.007726
8947    0.017555
9060    0.007970
9068    0.007726
9153    0.009432
9282    0.003827
9320    0.010680
9366    0.008585
9388    0.004357
9532    0.007970
9732    0.023054
9747    0.005191
9994    0.007844
10074    0.003671
10103    0.010260
10191    0.008585
10220    0.006458
10295    0.007615
10338    0.007317
10401    0.007411
10411    0.010215
10433    0.011527
10560    0.008585
10569    0.016503
10605    0.003840
10798    0.011527
10837    0.004027
10846    0.017145
10892    0.002861
10901    0.012794
11018    0.013405
11173    0.062749
11174    0.029556
11180    0.002869
11181    0.007078
11201    0.003028
11277    0.008777
11386    0.004339
11503    0.002985
11591    0.006243
11673    0.007228
11683    0.002410
11757    0.004286
11841    0.002111
12008    0.006576
12048    0.004926
12109    0.011434
12118    0.011590
12166    0.004761
12230    0.003967
12232    0.013820
12245    0.003373
12277    0.006769
12430    0.012794
12432    0.008252
12522    0.016805
12660    0.009218
12668    0.005502
12684    0.002693
12756    0.018474
12763    0.017267
12853    0.004073
12855    0.002959
12927    0.008643
12952    0.006144
12983    0.003722
12987    0.012855
12999    0.006318
13116    0.025589
13143    0.005108
13188    0.008993
13319    0.004168
13434    0.002324
13474    0.007726
13482    0.004901
13491    0.006051
13541    0.016819
13770    0.007844
13800    0.012695
13886    0.006385
13910    0.021097
13912    0.007615
13939    0.003760
13947    0.012794
14002    0.007510
14065    0.004535
14200    0.005468
14439    0.012324
14453    0.005680
14455    0.011527
14519    0.008252
14539    0.005680
14611    0.006910
14617    0.007615
14742    0.001306
14769    0.005961
15136    0.012794
15140    0.003505
15210    0.004548
15216    0.004877
15239    0.019375
15271    0.009432
15344    0.004673
15497    0.004286
15659    0.008411
15791    0.004926
15827    0.007143
15907    0.003854
15912    0.003301
15928    0.035753
16029    0.005054
16052    0.010786
16116    0.003800
16117    0.004568
16215    0.007411
16353    0.005756
16501    0.007521
16585    0.008925
16592    0.013761
16705    0.023466
16706    0.006576
16729    0.008341
16732    0.003183
16734    0.002566
16791    0.005918
16890    0.005876
16944    0.003449
17025    0.005340
17027    0.012755
17037    0.004042
17051    0.003747
17105    0.007418
17369    0.005080
17372    0.006295
17413    0.005961
17440    0.009519
17587    0.008585
17680    0.012794
17807    0.011527
17814    0.008336
18005    0.006521
18009    0.009519
18037    0.005961
18159    0.004901
18167    0.015750
18179    0.004568
18180    0.006910
18317    0.005135
18396    0.007844
18440    0.007844
18652    0.006643
18653    0.006516
18693    0.010260
18824    0.009237
18863    0.009852
18866    0.008411
18888    0.004286
19006    0.010260
19037    0.052790
19043    0.003539
19112    0.006910
19125    0.018864
19127    0.003342
19128    0.004673
19226    0.003037
19262    0.008678
19279    0.007726
19366    0.001778
19426    0.005026
19460    0.002968
19522    0.011527
19523    0.006769
19577    0.011670
19817    0.010003
19820    0.004321
19844    0.002394
19879    0.011527
20233    0.006295
20251    0.005249
20260    0.002175
20274    0.004450
20275    0.003136
20282    0.005596
20305    0.006402
20439    0.006638
20475    0.005502
20482    0.008411
20534    0.012807
20626    0.026247
20717    0.003261
20778    0.006005
20833    0.007510
20894    0.003528
20993    0.004588
21082    0.010260
21120    0.008208
21150    0.002918
21243    0.002901
21253    0.002813
21266    0.003460
21279    0.018354
21283    0.023054
