244
311    0.018330
479    0.009279
523    0.018062
828    0.012472
1091    0.030541
1092    0.014300
1173    0.010556
1188    0.010270
1595    0.010764
1662    0.010270
1699    0.002416
1714    0.017151
1821    0.016315
1859    0.008491
1862    0.008293
1949    0.006816
2044    0.017151
2047    0.005779
2102    0.005092
2120    0.006452
2155    0.020345
2271    0.018330
2281    0.007912
2342    0.014300
2344    0.004913
2396    0.010968
2440    0.031974
2589    0.010093
2646    0.014300
2678    0.010093
3050    0.022584
3060    0.020345
3124    0.017151
3326    0.007232
3563    0.006403
3632    0.008347
3754    0.009621
3944    0.006452
4080    0.011636
4130    0.009344
4137    0.004957
4151    0.008803
4275    0.020345
4328    0.030028
4561    0.013121
4662    0.007200
4697    0.007464
4997    0.038665
5043    0.005987
5046    0.027914
5079    0.013308
5096    0.005331
5209    0.010009
5495    0.003903
5501    0.008076
5515    0.005519
5739    0.009621
6117    0.027914
6325    0.018330
6376    0.010457
6407    0.020345
6430    0.008858
6451    0.012472
6488    0.029376
6501    0.023570
6547    0.030272
6663    0.009770
6758    0.008873
6761    0.005573
6850    0.016315
6918    0.008122
7088    0.009279
7168    0.004049
7281    0.010987
7644    0.009770
7693    0.029782
7712    0.030541
7716    0.009848
7753    0.005555
7895    0.011106
7987    0.008078
7988    0.029782
8021    0.007717
8025    0.033438
8049    0.016315
8107    0.004652
8170    0.008078
8218    0.004942
8261    0.015136
8428    0.048851
8429    0.024217
8442    0.007717
8560    0.017151
8630    0.010486
8642    0.020345
8644    0.014300
8696    0.014688
8773    0.020345
8796    0.018330
8816    0.029543
8970    0.011494
8994    0.015136
9098    0.017151
9424    0.008695
9470    0.015136
9518    0.004329
9981    0.013374
10166    0.014688
10252    0.011359
10331    0.010987
10354    0.007264
10451    0.023272
10454    0.026744
10611    0.008591
10701    0.011359
10837    0.009605
10839    0.013957
11087    0.007106
11117    0.005046
11130    0.010009
11138    0.010556
11180    0.009123
11201    0.009629
11213    0.006476
11218    0.004352
11271    0.014337
11729    0.006680
11782    0.005046
11941    0.017151
12110    0.005502
12122    0.020427
12277    0.010764
12279    0.012108
12283    0.008012
12345    0.011110
12613    0.009279
12632    0.013374
12764    0.011230
12765    0.006356
12813    0.018330
12924    0.015136
12947    0.009031
12987    0.011681
12995    0.010093
13157    0.008643
13231    0.010362
13272    0.020345
13319    0.006628
13357    0.005697
13434    0.003695
13501    0.020676
13584    0.031372
13585    0.035355
13856    0.044063
13890    0.014688
13910    0.011182
14065    0.002404
14249    0.013651
14331    0.010556
14359    0.009770
14425    0.019147
14439    0.004899
14604    0.013057
14742    0.002077
14745    0.004665
15023    0.019540
15344    0.007430
15368    0.009695
15729    0.016315
15783    0.009031
15859    0.015136
15912    0.005249
15931    0.008122
15983    0.007953
16279    0.010556
16321    0.007499
16432    0.007872
16459    0.011106
16487    0.011106
16498    0.010873
16585    0.007096
16705    0.010661
16724    0.007076
16729    0.006631
16732    0.005061
16931    0.018330
16941    0.019014
16949    0.010764
16959    0.006128
17117    0.004972
17167    0.012472
17347    0.008442
17484    0.003391
17531    0.005798
17635    0.012472
17782    0.014275
17847    0.020345
17875    0.008301
17909    0.020345
18005    0.005185
18023    0.012888
18246    0.018330
18282    0.003154
18382    0.007717
18383    0.006332
18620    0.009411
18652    0.005281
18655    0.032505
18668    0.009152
18682    0.017151
18702    0.010556
18784    0.009695
18883    0.006240
18925    0.013957
18977    0.015136
19261    0.006085
19262    0.006900
19266    0.005897
19278    0.003650
19460    0.004719
19464    0.005683
19557    0.010556
19767    0.013957
19820    0.006871
19822    0.011106
19841    0.012472
19844    0.001903
20029    0.020345
20043    0.012888
20150    0.024217
20228    0.009695
20464    0.012213
20534    0.020364
20620    0.012127
20726    0.015666
20803    0.004038
20841    0.005364
20844    0.004248
20946    0.005484
20964    0.006217
21065    0.008803
21115    0.004773
21277    0.015666
21290    0.022187
