206
212    0.011859
219    0.014024
539    0.010932
1161    0.016295
1165    0.026218
1426    0.016609
1646    0.009270
1698    0.020563
1850    0.016006
1862    0.005149
1915    0.022763
2043    0.018797
2162    0.022763
2283    0.010140
2319    0.012643
2344    0.006102
2569    0.025285
2706    0.007035
2950    0.016609
3050    0.028047
3298    0.011143
3451    0.009584
3576    0.042599
3742    0.021299
3789    0.020969
3858    0.011215
4035    0.018240
4099    0.012040
4198    0.013946
4413    0.014450
4540    0.019455
4544    0.040101
4639    0.012430
5043    0.003718
5116    0.015256
5202    0.008136
5248    0.012868
5352    0.027681
5447    0.022763
5537    0.010798
5677    0.017333
5694    0.015738
5899    0.011071
5976    0.012430
5977    0.006832
6085    0.009980
6117    0.017333
6262    0.060842
6274    0.016609
6365    0.008329
6705    0.008569
6727    0.015489
6864    0.012754
6984    0.007530
7342    0.014831
7366    0.017758
7378    0.012987
7466    0.008902
7486    0.009143
7524    0.007225
7636    0.010425
7697    0.016609
7896    0.010032
7967    0.012987
8021    0.009584
8040    0.012800
8107    0.005777
8116    0.016439
8218    0.006138
8351    0.018797
8596    0.006703
8777    0.010865
8978    0.016006
9127    0.012430
9202    0.016609
9203    0.014450
9209    0.005761
9398    0.023767
9411    0.004796
9517    0.005894
9641    0.019358
9812    0.008825
9947    0.005894
10096    0.012133
10119    0.014831
10140    0.008012
10837    0.003976
10975    0.010798
10976    0.030512
11201    0.005979
11271    0.008902
11273    0.025265
11358    0.017067
11519    0.010251
11553    0.019455
11841    0.004170
12006    0.024079
12110    0.006832
12118    0.011444
12122    0.006342
12416    0.010932
12746    0.019455
12888    0.053275
12894    0.011772
12904    0.006620
12927    0.008534
12987    0.003627
13050    0.006381
13078    0.028901
13157    0.010733
13167    0.023374
13175    0.011948
13219    0.011290
13357    0.007075
13434    0.002294
13482    0.009679
13565    0.030074
13580    0.006156
13606    0.016609
13691    0.013645
14065    0.002985
14114    0.021299
14320    0.008569
14395    0.015037
14498    0.013449
14538    0.010308
14568    0.018240
14607    0.008569
14773    0.012868
14774    0.014450
14792    0.017758
14953    0.021299
15081    0.009021
15140    0.006921
15207    0.012987
15600    0.011444
15601    0.018454
15604    0.011366
15732    0.018240
15820    0.017500
15893    0.042599
15952    0.008396
16066    0.021299
16113    0.016006
16160    0.018240
16273    0.016006
16459    0.013792
16529    0.050404
16531    0.013503
16585    0.010281
16592    0.010870
16676    0.024657
16705    0.039720
16706    0.012987
16713    0.012040
16729    0.004118
16732    0.006285
16862    0.017727
17117    0.006174
17144    0.005697
17150    0.060782
17281    0.007105
17292    0.015904
17355    0.016006
17447    0.012328
17524    0.019856
17562    0.020261
17669    0.005996
17830    0.008864
17916    0.009227
18005    0.006439
18159    0.009679
18282    0.003917
18335    0.015256
18435    0.008941
18499    0.041464
18501    0.017333
18619    0.012996
18730    0.021299
19177    0.007249
19195    0.014274
19215    0.015738
19216    0.021299
19366    0.007023
19470    0.045526
19485    0.010308
19568    0.015037
19640    0.010425
19704    0.018797
19718    0.009631
19777    0.016953
19851    0.019455
19962    0.016295
20260    0.002148
20405    0.016953
20582    0.009491
20671    0.012328
20672    0.012868
20800    0.016295
20830    0.011366
20841    0.006661
21006    0.016953
21012    0.031476
21115    0.011855
21118    0.009776
21150    0.005762
