32
786    0.080466
1091    0.103000
2344    0.049713
4324    0.071593
4905    0.113618
5079    0.067323
5327    0.138115
6697    0.103000
6758    0.044889
8107    0.047069
8218    0.050006
8702    0.128219
10454    0.090197
10839    0.141214
11213    0.065524
11947    0.204244
12122    0.051669
12283    0.040533
13434    0.018691
13592    0.141214
13647    0.054613
14745    0.047202
15102    0.130399
15822    0.122266
16487    0.112366
17529    0.078854
19086    0.120828
19557    0.106800
20150    0.122509
20630    0.153140
20844    0.042976
21290    0.074828
