198
481    0.011636
539    0.011922
1097    0.009231
1309    0.027142
1455    0.014726
1690    0.013130
1862    0.005616
1940    0.009423
1941    0.008838
1951    0.012566
2173    0.008212
2216    0.013030
2283    0.011058
2432    0.009516
2444    0.022095
2711    0.011636
2720    0.027553
2920    0.012152
3133    0.019892
3157    0.021217
3306    0.014296
3309    0.023411
3443    0.027553
3444    0.021217
3483    0.011119
3685    0.017455
3903    0.010401
4037    0.014034
4195    0.014855
4240    0.005646
4369    0.027553
4450    0.007475
4873    0.015209
4890    0.017163
5043    0.004054
5075    0.004794
5093    0.022737
5487    0.011776
5501    0.010937
5583    0.017163
5717    0.010716
5718    0.011434
5916    0.014434
5975    0.008451
6011    0.027553
6017    0.027553
6076    0.016637
6077    0.040998
6078    0.022095
6085    0.021767
6238    0.022095
6452    0.014163
6655    0.010662
6969    0.027553
7168    0.010966
7203    0.022095
7351    0.009502
7531    0.007152
7770    0.013909
8068    0.010999
8078    0.005541
8345    0.019892
8448    0.030767
8568    0.006143
8581    0.006109
8609    0.027553
8622    0.016541
8623    0.018113
8630    0.009468
8694    0.027553
8711    0.009543
9003    0.020218
9139    0.027553
9200    0.007499
9209    0.018848
9282    0.008241
9456    0.017455
9799    0.015384
9824    0.013909
9873    0.008576
9984    0.011305
10074    0.007906
10599    0.042434
10809    0.021217
10846    0.018461
10975    0.035329
11118    0.011434
11182    0.013670
11279    0.010062
11282    0.012933
11289    0.010401
11355    0.005355
11503    0.006427
11782    0.013668
11841    0.009094
11867    0.022095
12005    0.005541
12153    0.027553
12245    0.014529
12259    0.019366
12270    0.027553
12283    0.005426
12307    0.008330
12345    0.007523
12605    0.010608
12675    0.008513
12684    0.005799
12987    0.007910
13167    0.012745
13169    0.024824
13228    0.008838
13350    0.018903
13351    0.006464
13366    0.017163
13486    0.024824
14089    0.018488
14214    0.021217
14385    0.018113
14439    0.019905
14538    0.011242
14604    0.005895
14726    0.013445
14742    0.002813
14796    0.008804
15140    0.007548
15142    0.075397
15143    0.036225
15410    0.011242
15531    0.019366
15667    0.019892
15779    0.013445
15815    0.024824
15822    0.008183
15830    0.013787
15940    0.016637
15952    0.009156
16047    0.015041
16133    0.021217
16134    0.046456
16237    0.007572
16511    0.017163
16527    0.027692
16529    0.031410
16531    0.029452
16592    0.011854
16714    0.015567
16729    0.004490
16766    0.021432
16862    0.009666
17044    0.012074
17144    0.006212
17421    0.018903
17484    0.004593
17504    0.027553
17654    0.014726
17814    0.008976
17832    0.021217
18086    0.014577
18182    0.004250
18197    0.022095
18247    0.010204
18282    0.008543
18366    0.016637
18482    0.015759
18499    0.011305
18664    0.019366
18713    0.023000
18888    0.009231
19176    0.027553
19191    0.023228
19223    0.009971
19225    0.009268
19226    0.071932
19228    0.015041
19262    0.009345
19437    0.012838
19460    0.006391
19640    0.011369
19707    0.009012
19773    0.006916
19820    0.009306
20090    0.004675
20311    0.020499
20487    0.016637
20582    0.010351
20594    0.022095
20803    0.010937
20816    0.022095
20894    0.007597
20915    0.014577
20916    0.013670
21094    0.012745
21242    0.017455
21243    0.006247
21247    0.003994
21251    0.046456
21266    0.007451
21299    0.016399
