218
219    0.006368
227    0.013292
333    0.005743
370    0.009209
451    0.008015
686    0.009362
1215    0.016128
1283    0.024506
1304    0.010539
1403    0.020786
1490    0.006166
1529    0.008834
1604    0.010465
1699    0.010898
1746    0.014075
1859    0.009577
1894    0.022946
1943    0.011384
2008    0.053071
2014    0.027334
2020    0.013292
2093    0.006863
2120    0.007277
2140    0.045892
2277    0.009633
2432    0.003962
2609    0.008747
2670    0.017071
2744    0.006146
2757    0.016566
2882    0.008342
2947    0.016532
3039    0.007595
3077    0.008620
3086    0.009807
3089    0.021910
3191    0.012264
3583    0.005032
3647    0.006474
3675    0.009633
3726    0.008015
3978    0.014536
4258    0.006368
4380    0.017607
4462    0.022946
4486    0.011482
4596    0.019344
4662    0.008120
4673    0.012264
4743    0.011197
4919    0.018401
4949    0.019614
4955    0.016128
5043    0.003376
5171    0.013292
5256    0.030168
5415    0.008304
5495    0.004402
5517    0.013855
5628    0.006562
5769    0.006474
5820    0.010322
5824    0.019344
5866    0.006146
5877    0.013855
5881    0.011906
5904    0.012021
5977    0.006205
6050    0.007814
6195    0.022946
6306    0.013657
6472    0.012666
6714    0.012526
6715    0.024784
7110    0.012140
7254    0.013124
7330    0.006863
7377    0.006431
7380    0.008704
7595    0.007446
7596    0.022946
7711    0.017071
7817    0.035338
8019    0.005526
8189    0.012666
8408    0.012392
8438    0.030793
8442    0.008704
8546    0.016128
8583    0.020673
8630    0.003942
8711    0.007947
8712    0.011906
8781    0.007063
8981    0.014536
9016    0.008192
9060    0.014293
9180    0.015742
9700    0.016128
9747    0.009310
10215    0.007814
10249    0.019344
10252    0.012811
10334    0.020023
10335    0.025928
10338    0.013123
10614    0.011794
10659    0.012392
10837    0.003611
11014    0.008419
11055    0.022946
11180    0.005145
11201    0.005430
11213    0.007304
11289    0.008662
11581    0.009259
11684    0.010691
11803    0.014067
12122    0.005760
12283    0.009037
12302    0.014293
12345    0.006265
12416    0.009929
12493    0.013292
12863    0.019344
12889    0.005262
13014    0.005046
13228    0.007360
13319    0.007475
13348    0.009362
13355    0.005337
13357    0.003213
13434    0.006251
13568    0.008419
13580    0.005591
13775    0.011794
13886    0.005725
14088    0.015396
14137    0.009522
14212    0.014536
14498    0.012214
14519    0.014799
14527    0.011906
14717    0.009577
14742    0.002342
14859    0.024784
14868    0.012392
14970    0.022946
15009    0.011384
15029    0.012526
15156    0.019344
15210    0.008156
15233    0.022946
15466    0.008085
15518    0.017669
15695    0.008579
15827    0.012811
15910    0.008304
16063    0.009064
16094    0.017157
16148    0.022214
16371    0.009577
16585    0.016007
16592    0.004936
16650    0.013124
16705    0.024049
16707    0.041331
16923    0.006368
16941    0.004289
17037    0.007249
17051    0.006720
17061    0.014799
17281    0.006453
17292    0.007222
17484    0.003825
17499    0.019344
17559    0.048384
17669    0.005446
17868    0.027480
17916    0.008380
17922    0.008156
18003    0.008747
18167    0.003531
18179    0.016385
18182    0.007079
18282    0.003557
18587    0.007038
18619    0.005902
18724    0.020239
18726    0.034987
18898    0.008704
19125    0.008458
19127    0.005994
19278    0.004116
19460    0.005322
19524    0.016566
19751    0.010770
19817    0.008970
19844    0.010732
20090    0.007786
20260    0.013654
20281    0.008304
20282    0.005018
20440    0.013855
20648    0.018033
20717    0.005848
20776    0.010614
20871    0.022946
20927    0.005558
20993    0.008229
21065    0.029786
21114    0.012811
21150    0.002616
21155    0.009259
21253    0.005046
21254    0.042850
21258    0.022214
21259    0.010186
