238
4    0.013996
76    0.032686
115    0.008286
219    0.005380
333    0.004852
686    0.007910
735    0.013300
773    0.007739
786    0.007578
1159    0.014928
1160    0.010701
1204    0.006714
1240    0.006148
1274    0.009384
1309    0.006366
1361    0.014423
1364    0.008236
1699    0.006906
1741    0.007266
1933    0.031093
1936    0.014928
2008    0.008968
2009    0.017466
2060    0.014423
2074    0.040624
2120    0.006148
2222    0.011706
2393    0.017466
2590    0.019386
2706    0.010796
2710    0.007179
2744    0.005193
2947    0.006984
3089    0.013883
3152    0.011706
3162    0.010257
3211    0.016343
3471    0.011380
3567    0.004561
3571    0.007146
3574    0.047196
3583    0.004251
3593    0.022326
3597    0.011380
3618    0.006714
3619    0.007540
3942    0.008337
3943    0.008606
3944    0.006148
4240    0.059584
4245    0.013259
4380    0.014876
4461    0.007213
4486    0.009701
4501    0.007390
4661    0.013300
4732    0.009033
4870    0.005990
4894    0.012503
5047    0.018066
5110    0.011230
5501    0.003848
5515    0.005259
5525    0.012744
5537    0.016572
5620    0.011230
5745    0.007910
5975    0.005946
5977    0.005243
6125    0.017466
6363    0.014928
6372    0.004614
6565    0.017466
6628    0.005990
6923    0.013626
6924    0.017466
7075    0.010953
7192    0.008286
7523    0.014928
7736    0.005698
7763    0.016343
7796    0.014928
7802    0.002570
8021    0.007354
8218    0.004710
8289    0.024152
8330    0.019386
8581    0.004299
8603    0.010824
8629    0.013996
8781    0.017903
8947    0.026600
9060    0.012076
9168    0.010361
9200    0.005276
9275    0.014928
9282    0.005798
9320    0.016183
9488    0.011538
9532    0.012076
9569    0.019386
9582    0.019386
9679    0.013996
9732    0.017466
9798    0.010867
9866    0.017466
10105    0.005525
10175    0.015079
10191    0.013008
10198    0.017466
10277    0.012503
10354    0.006922
10401    0.011230
10433    0.017466
10569    0.012503
10699    0.013300
10837    0.006102
10846    0.006495
10893    0.012281
11018    0.010156
11103    0.002199
11173    0.095079
11174    0.014928
11183    0.007464
11207    0.006953
11277    0.013300
11399    0.009100
11422    0.012076
11503    0.004522
11673    0.010953
11683    0.003652
12132    0.012076
12230    0.006012
12232    0.010470
12365    0.007248
12522    0.006366
12736    0.013300
12756    0.013996
12757    0.019386
12763    0.008721
12927    0.013096
12974    0.007354
12987    0.033392
12999    0.006383
13008    0.008441
13232    0.010953
13319    0.006316
13434    0.001760
13437    0.017466
13474    0.011706
13491    0.009168
13529    0.024561
13541    0.016990
13580    0.004724
13640    0.013300
13737    0.014928
13800    0.009618
13803    0.009538
13910    0.010656
13939    0.005698
14065    0.004581
14073    0.013428
14200    0.024857
14320    0.006575
14406    0.005882
14439    0.004668
14448    0.033690
14539    0.017212
14556    0.019386
14579    0.009168
14628    0.014928
14753    0.019386
15071    0.019386
15072    0.009701
15271    0.007146
15344    0.007080
15551    0.007016
15555    0.006686
15695    0.007248
15874    0.009168
15889    0.010156
15912    0.005002
15913    0.013626
15928    0.020316
15931    0.023217
16063    0.007658
16116    0.005758
16117    0.006922
16215    0.011230
16353    0.008721
16371    0.008091
16501    0.011395
16585    0.010143
16592    0.016681
16705    0.020318
16729    0.003159
16791    0.008968
16794    0.011088
17027    0.019327
17123    0.011088
17697    0.019386
17914    0.011380
18003    0.007390
18005    0.004941
18009    0.014423
18167    0.008950
18184    0.014928
18191    0.014928
18319    0.006495
18619    0.004986
18620    0.008968
18652    0.005032
18654    0.012744
18658    0.013008
18703    0.010059
19125    0.021438
19127    0.010128
19140    0.019386
19279    0.011706
19327    0.004575
19370    0.006171
19718    0.007390
19844    0.001813
19879    0.017466
19908    0.013996
20240    0.017466
20260    0.001648
20282    0.016958
20412    0.016343
20534    0.006468
20626    0.023862
20716    0.007658
20844    0.008095
21071    0.019386
21082    0.031093
21115    0.004548
21150    0.002211
21279    0.083431
