223
212    0.010202
219    0.012064
539    0.009404
1161    0.014017
1165    0.033831
1646    0.007974
1680    0.009178
1698    0.017689
1850    0.013769
1862    0.004430
1941    0.006972
2043    0.016170
2090    0.014288
2268    0.013769
2283    0.008723
2319    0.021752
2344    0.005249
2380    0.009844
2432    0.003753
2460    0.010357
2569    0.021752
2806    0.015316
2950    0.014288
3050    0.030159
3297    0.008285
3451    0.008244
3726    0.007592
3728    0.021735
3753    0.014288
3789    0.036077
3858    0.009648
4099    0.010357
4198    0.011997
4413    0.012431
4540    0.016736
4544    0.045996
4545    0.011865
4618    0.018323
4840    0.015691
5043    0.003198
5075    0.003782
5202    0.027995
5248    0.011070
5352    0.015875
5415    0.007865
5447    0.019582
5501    0.004314
5537    0.009289
5628    0.006215
5677    0.014911
5806    0.010054
5899    0.009524
5976    0.010693
5977    0.005878
6085    0.017170
6262    0.034893
6562    0.012590
6596    0.005472
6665    0.017429
6705    0.007371
6727    0.026649
6864    0.010971
6984    0.006478
6999    0.012590
7342    0.012758
7366    0.015277
7377    0.006092
7378    0.011172
7466    0.007658
7486    0.007865
7523    0.008368
7537    0.013124
7802    0.005763
7896    0.025891
7930    0.011277
7967    0.011172
8021    0.008244
8040    0.011011
8061    0.018323
8107    0.019880
8116    0.014142
8596    0.005767
8767    0.021735
8777    0.009346
8978    0.013769
9179    0.009233
9203    0.012431
9209    0.004956
9398    0.013630
9517    0.005070
9641    0.008326
9751    0.013124
9768    0.011616
9797    0.014911
9812    0.007592
9947    0.005070
10089    0.019582
10140    0.013785
10475    0.015277
10837    0.003420
10872    0.014911
10892    0.004860
10975    0.046447
10976    0.013124
11201    0.005143
11358    0.007341
11438    0.021735
11519    0.008819
11553    0.016736
11588    0.011738
11806    0.014288
11841    0.003587
12006    0.020714
12110    0.005878
12122    0.005456
12167    0.010971
12345    0.011869
12619    0.021735
12654    0.013539
12746    0.016736
12765    0.006790
12889    0.004984
12894    0.010127
12904    0.005695
12927    0.014682
13050    0.005489
13078    0.049724
13157    0.009233
13167    0.010054
13175    0.010278
13219    0.009712
13228    0.006972
13357    0.006086
13434    0.001974
13565    0.025871
13580    0.005296
14065    0.002568
14137    0.009019
14304    0.009844
14395    0.012936
14498    0.005785
14538    0.008868
14607    0.007371
14792    0.015277
14796    0.006945
15081    0.007760
15207    0.011172
15334    0.010438
15601    0.031750
15604    0.009778
15820    0.022582
15822    0.019365
15893    0.036645
15894    0.021735
15952    0.014445
16113    0.027538
16160    0.015691
16273    0.013769
16459    0.011865
16529    0.030971
16531    0.011616
16532    0.009913
16585    0.016425
16592    0.018701
16676    0.021211
16705    0.011390
16713    0.010357
16729    0.003542
16732    0.005407
16862    0.015250
16885    0.009982
17084    0.030553
17088    0.043469
17101    0.008011
17103    0.007937
17105    0.006300
17117    0.005311
17144    0.014702
17150    0.034858
17221    0.011070
17281    0.006112
17355    0.013769
17447    0.010606
17463    0.021735
17507    0.022998
17524    0.008540
17562    0.017429
17669    0.005158
17738    0.021735
17916    0.015875
18005    0.005539
18223    0.011386
18260    0.013769
18452    0.011499
18499    0.053504
18501    0.014911
18619    0.005590
18625    0.011738
19177    0.006236
19195    0.012279
19215    0.013539
19366    0.006041
19470    0.039164
19485    0.008868
19543    0.007692
19568    0.012936
19571    0.019582
19640    0.008968
19777    0.014584
19851    0.016736
19945    0.011499
19962    0.014017
20002    0.014288
20260    0.003695
20314    0.015277
20671    0.010606
20803    0.004314
20841    0.011461
20845    0.008868
21012    0.013539
21118    0.008410
21150    0.004957
21271    0.019582
