256
76    0.015324
219    0.005045
333    0.004549
457    0.007376
801    0.012777
1145    0.018178
1160    0.020068
1161    0.011724
1214    0.011950
1486    0.009432
1668    0.030448
1674    0.012471
1682    0.009523
1709    0.014577
1712    0.006405
1741    0.006813
1863    0.010149
1919    0.006377
1933    0.014577
1936    0.013998
1993    0.011516
2092    0.008799
2173    0.005418
2290    0.010034
2292    0.007376
2553    0.014577
2706    0.005061
2715    0.012777
2744    0.004869
2853    0.009019
2947    0.006549
2995    0.009258
3089    0.008679
3152    0.010976
3211    0.015324
3311    0.011950
3322    0.012471
3567    0.004277
3574    0.081132
3583    0.003986
3593    0.036635
3596    0.010670
3686    0.008409
3788    0.008233
3790    0.007180
3881    0.007769
3911    0.026802
3950    0.009923
4099    0.008662
4202    0.007722
4240    0.040971
4245    0.024866
4380    0.024409
4497    0.010270
4501    0.006929
4732    0.016939
4854    0.012777
4870    0.016849
4894    0.011724
5043    0.002675
5093    0.007500
5227    0.019634
5230    0.008532
5426    0.010670
5482    0.011516
5567    0.010224
5626    0.007722
5651    0.018178
5706    0.009617
5745    0.007417
5852    0.013124
5899    0.007965
5975    0.005575
6364    0.025554
6371    0.012777
6372    0.004327
6486    0.008596
6828    0.013401
6908    0.004495
6918    0.007257
6926    0.010530
6984    0.010836
7000    0.009019
7116    0.010976
7330    0.005437
7377    0.005095
7523    0.006999
7650    0.006796
7965    0.008349
8289    0.022647
8323    0.006549
8581    0.004031
8596    0.004823
8603    0.010149
8692    0.018178
8781    0.005596
8783    0.005993
9053    0.018178
9069    0.015324
9143    0.007070
9153    0.006700
9320    0.007587
9443    0.014577
9739    0.008943
9944    0.008233
9945    0.007769
9947    0.008481
10175    0.007070
10267    0.018178
10338    0.005198
10354    0.006490
10358    0.009258
10411    0.014513
10560    0.012197
10569    0.023447
10570    0.013998
10697    0.017065
10773    0.006191
10837    0.005721
10846    0.006090
10881    0.007817
11103    0.002062
11173    0.089152
11174    0.013998
11180    0.004076
11181    0.005028
11197    0.011950
11344    0.008596
11358    0.006140
11386    0.006165
11399    0.008532
11519    0.007376
11569    0.005163
11588    0.009817
11750    0.004869
11757    0.006090
11841    0.003000
12018    0.016378
12232    0.009817
12522    0.017907
12660    0.006549
12668    0.007817
12675    0.005616
12677    0.009617
12735    0.008870
12763    0.008178
12864    0.005658
13117    0.036356
13319    0.005922
13357    0.005090
13451    0.008069
13474    0.010976
13541    0.015931
13737    0.013998
13800    0.018037
13803    0.008943
13886    0.004536
13910    0.029974
13964    0.007769
14012    0.007143
14065    0.006443
14200    0.015539
14285    0.013998
14314    0.007677
14439    0.004377
14444    0.016378
14526    0.011724
14537    0.005112
14611    0.029452
15032    0.008069
15204    0.006041
15206    0.015324
15210    0.019384
15239    0.009176
15271    0.006700
15333    0.009715
15466    0.006405
15468    0.007180
15551    0.013156
15656    0.019235
15659    0.011950
15660    0.019046
15695    0.013592
15712    0.005809
15888    0.010670
15910    0.006578
15928    0.019049
16001    0.011516
16026    0.007866
16029    0.007180
16117    0.006490
16150    0.011516
16215    0.010530
16331    0.016378
16353    0.008178
16501    0.005343
16585    0.011624
16592    0.007821
16705    0.014289
16729    0.008888
16732    0.013566
16798    0.018178
16850    0.030649
16851    0.018178
17025    0.007587
17027    0.012081
17816    0.012777
17829    0.009096
17830    0.006377
17854    0.008017
17916    0.006639
18005    0.013898
18167    0.016783
18282    0.002818
18326    0.007218
18493    0.009617
18496    0.011724
18579    0.009923
18619    0.014026
18652    0.009438
18653    0.018517
18657    0.013998
18658    0.012197
18882    0.007842
18976    0.011516
19037    0.030001
19100    0.014577
19125    0.020101
19128    0.006639
19212    0.007417
19223    0.006578
19226    0.004314
19261    0.005437
19327    0.004289
19366    0.002526
19379    0.018178
19426    0.003570
19461    0.013524
19577    0.008291
19772    0.006191
19773    0.009126
19875    0.015324
20018    0.016378
20090    0.003084
20260    0.001545
20274    0.006322
20281    0.006578
20282    0.011926
20534    0.006065
20626    0.022374
20714    0.005993
20927    0.004403
20993    0.006519
21150    0.002073
21243    0.004122
21264    0.007500
