31
212    0.093855
2321    0.100936
2568    0.168568
3050    0.055493
3858    0.088763
5153    0.106869
5202    0.064388
6262    0.080253
7378    0.102780
7930    0.103749
9200    0.054422
10837    0.031467
10975    0.170924
11103    0.022684
12118    0.090568
12283    0.039375
14870    0.199957
15601    0.073025
15604    0.089953
16529    0.113975
16862    0.140298
16873    0.134169
16878    0.168568
17221    0.101843
18485    0.114365
18499    0.082039
18619    0.102858
19844    0.018704
19992    0.199957
21115    0.046912
21172    0.109156
