42
333    0.077844
686    0.063453
1283    0.041525
1496    0.083120
1741    0.029145
2277    0.032646
2432    0.026857
2641    0.109313
2714    0.079212
3077    0.058424
3732    0.068589
4380    0.029834
5217    0.075889
5501    0.030868
5866    0.041657
7869    0.124716
8376    0.155522
8807    0.109313
9016    0.055527
9398    0.048766
9411    0.029525
9631    0.059284
10647    0.090090
10837    0.024475
12889    0.035664
13167    0.071940
15856    0.140119
16592    0.033454
17281    0.087470
17407    0.050080
18182    0.023991
18725    0.062758
19127    0.040623
19480    0.072999
19537    0.100302
19634    0.077159
20090    0.026386
20260    0.026442
20432    0.069496
20762    0.076515
21155    0.062758
21253    0.034198
