86
161    0.027114
786    0.025099
1091    0.096385
1112    0.128413
1140    0.051488
1644    0.057847
2047    0.036475
2278    0.026052
2589    0.031855
3050    0.017819
3571    0.023667
3592    0.035050
4137    0.015644
4173    0.058978
4194    0.047768
4328    0.031589
5708    0.033636
5821    0.045129
5977    0.017363
6115    0.033314
6430    0.027957
6441    0.043082
6596    0.016166
6761    0.035176
7129    0.065404
7281    0.034676
7508    0.028691
7712    0.032128
7887    0.043082
8068    0.025631
8107    0.014682
8702    0.039995
8816    0.031079
9747    0.026052
10130    0.035050
10261    0.016069
10454    0.028135
10569    0.041409
10841    0.044048
11103    0.007284
11118    0.026644
11180    0.028792
11729    0.021083
11947    0.031855
11950    0.049441
12122    0.016117
12283    0.012643
12675    0.059511
12825    0.108255
12987    0.009216
12999    0.010569
13501    0.016313
13584    0.099009
13585    0.037193
13647    0.017035
13910    0.017645
13985    0.128413
14065    0.015171
14425    0.045321
14687    0.064207
15344    0.023448
15445    0.148323
15705    0.041409
15912    0.016565
15931    0.025631
16321    0.023667
16432    0.024844
16724    0.022332
16729    0.010464
16815    0.035848
16933    0.047768
17484    0.010703
18383    0.019984
18425    0.043082
18535    0.037689
18620    0.029700
18655    0.061551
19327    0.045451
19460    0.014892
19514    0.046354
20587    0.027114
20844    0.013405
20972    0.035050
21065    0.027782
21097    0.047768
21290    0.023341
