129
333    0.010947
428    0.021006
927    0.024144
1262    0.017946
1283    0.035036
1401    0.043741
1403    0.019812
1451    0.010411
1741    0.024591
1781    0.024712
1871    0.036874
1940    0.014958
1941    0.014031
2008    0.020233
2277    0.018364
2344    0.010564
2388    0.025676
2432    0.007553
2460    0.020843
2714    0.022278
2744    0.011716
3043    0.039355
3077    0.016432
3089    0.031324
3536    0.033682
3583    0.009592
3726    0.015279
3732    0.019291
4151    0.037853
4380    0.033563
4484    0.035076
4871    0.018256
5075    0.007611
5415    0.047486
5484    0.051352
5866    0.023432
5881    0.022695
6038    0.023623
7094    0.033682
7277    0.033682
7393    0.019546
7466    0.015412
7531    0.011355
7602    0.023378
7712    0.021888
7902    0.021888
8025    0.011982
8116    0.009487
8419    0.087481
8783    0.014420
8845    0.015412
8862    0.021701
9016    0.015617
9203    0.025017
9411    0.008304
9944    0.019812
10334    0.012723
10397    0.035892
10614    0.022483
10647    0.025338
10837    0.006883
10897    0.012767
11203    0.015412
11434    0.012021
11470    0.036874
11673    0.024712
11841    0.007219
12005    0.017594
12279    0.026033
12283    0.008613
12647    0.029350
12855    0.010116
12889    0.010031
12999    0.007200
13167    0.020233
13357    0.006124
13466    0.010233
13683    0.027710
13968    0.026815
14065    0.005168
14340    0.017555
14475    0.023878
14498    0.023284
14604    0.009358
14726    0.021344
15081    0.015617
15209    0.023142
15623    0.016756
15686    0.015548
15801    0.017748
15878    0.026033
15912    0.011285
16029    0.017278
16585    0.002543
16592    0.009409
16729    0.007129
16862    0.015345
16941    0.008176
16944    0.011791
17101    0.016123
17281    0.049202
17661    0.023378
17875    0.017846
17885    0.023623
18167    0.006731
18182    0.006748
18366    0.026412
18385    0.026033
18587    0.013415
18630    0.036874
19127    0.011425
19349    0.018582
19351    0.024422
19537    0.056420
19634    0.021701
19787    0.039409
19844    0.008183
20260    0.018592
20282    0.009565
20587    0.018472
20617    0.024144
20791    0.025017
20848    0.011355
21129    0.009862
21150    0.004988
21253    0.009618
21254    0.040842
21258    0.021172
21259    0.019417
