67
1091    0.090961
1240    0.028823
1592    0.090890
2344    0.021951
2933    0.047159
3571    0.067004
4137    0.022146
4172    0.069988
4328    0.044716
5079    0.029727
5536    0.090890
6430    0.039575
6761    0.024897
7600    0.040888
7988    0.088701
8025    0.024897
8107    0.020784
8428    0.087297
8702    0.056616
10130    0.049616
10166    0.065618
10261    0.022747
10454    0.039827
10841    0.124709
11103    0.020622
11180    0.020379
11552    0.067620
11607    0.054882
11729    0.029845
11909    0.051984
11947    0.045093
11950    0.069988
12048    0.034993
12283    0.017898
12675    0.028081
12904    0.023815
12987    0.013046
12995    0.045093
12999    0.014962
13145    0.042662
13501    0.023093
13584    0.186873
13656    0.090890
14065    0.021476
14742    0.009278
15102    0.057579
15822    0.026994
16030    0.033347
16116    0.026994
16119    0.045481
16487    0.049616
16509    0.031345
16732    0.022611
16941    0.016989
17484    0.015151
17661    0.048577
18620    0.042043
18655    0.029043
19087    0.058618
19261    0.027185
19557    0.047159
20534    0.030326
20587    0.038383
20620    0.027089
20629    0.045093
20844    0.018976
21065    0.039328
