302
1    0.008002
15    0.011432
66    0.012831
97    0.016663
147    0.004897
219    0.004624
267    0.007302
333    0.008340
411    0.010062
428    0.008002
437    0.011181
439    0.021908
444    0.008816
460    0.013522
646    0.011432
653    0.008267
677    0.008906
679    0.016663
686    0.006799
751    0.016663
836    0.016663
844    0.016663
850    0.009096
871    0.016663
1012    0.011712
1099    0.005871
1245    0.012767
1275    0.008411
1283    0.004449
1286    0.009917
1346    0.008002
1351    0.009414
1690    0.007940
1699    0.003957
1862    0.003396
1893    0.015013
1934    0.011712
1941    0.005345
2003    0.006652
2089    0.012397
2277    0.006996
2278    0.013522
2418    0.010954
2432    0.011510
2450    0.009096
2872    0.007496
2947    0.006003
2948    0.011181
3013    0.024007
3039    0.011030
3073    0.013362
3110    0.009653
3400    0.008816
3434    0.013362
3523    0.016663
3698    0.032240
3727    0.009653
3745    0.007349
3958    0.013362
4300    0.016396
4324    0.005796
4380    0.019179
4383    0.013909
4441    0.009414
4877    0.009781
4899    0.004932
4936    0.011181
5028    0.008131
5043    0.004904
5202    0.005366
5205    0.033542
5217    0.016262
5276    0.016663
5414    0.011899
5415    0.012060
5462    0.012030
5573    0.007821
5695    0.009917
5865    0.007496
5866    0.008926
6519    0.016663
6523    0.025662
6559    0.028095
6562    0.009653
6628    0.015444
6783    0.010747
6957    0.012831
6984    0.004966
7093    0.014047
7168    0.003316
7207    0.016663
7228    0.008066
7314    0.016663
7381    0.014047
7464    0.008999
7488    0.014047
7636    0.013751
7787    0.007349
7793    0.010380
7798    0.008487
7833    0.004273
7896    0.006617
7922    0.011181
8019    0.004013
8202    0.016663
8225    0.011432
8226    0.015013
8395    0.007496
8526    0.014047
8534    0.005366
8568    0.003715
8729    0.009530
8845    0.041099
8851    0.015013
8905    0.011181
8918    0.005515
9016    0.005949
9180    0.022863
9210    0.006230
9248    0.012030
9364    0.005582
9398    0.005225
9411    0.006327
9494    0.022863
9495    0.013362
9641    0.006383
9674    0.011712
9679    0.012030
9934    0.016663
9936    0.008066
9939    0.011181
9944    0.007547
10107    0.010215
10124    0.015013
10363    0.010215
10366    0.045038
10369    0.009096
10370    0.016663
10371    0.012831
10411    0.006652
10769    0.012030
10837    0.002622
10840    0.005675
10892    0.003726
10982    0.016663
11090    0.008487
11102    0.014047
11112    0.004624
11117    0.008266
11196    0.008066
11271    0.011742
11277    0.011432
11313    0.012397
11355    0.006477
11503    0.003887
11620    0.016663
11729    0.005471
11731    0.022863
11902    0.030646
12005    0.010054
12079    0.012397
12119    0.012397
12223    0.016663
12230    0.010334
12246    0.028095
12300    0.012818
12326    0.024197
12329    0.016663
12333    0.016663
12356    0.009414
12413    0.016823
12414    0.008906
12420    0.010556
12519    0.003978
12551    0.008678
12569    0.009198
12649    0.015013
12880    0.005515
12889    0.015285
12894    0.007764
12911    0.010731
12983    0.004847
13050    0.004208
13167    0.007708
13319    0.005429
13357    0.002333
13359    0.010954
13370    0.015416
13434    0.001513
13436    0.012831
13574    0.015013
13742    0.011432
13970    0.014047
13983    0.008999
14104    0.011432
14124    0.020063
14245    0.016663
14246    0.015013
14336    0.016663
14498    0.004435
14604    0.003565
14781    0.008816
14799    0.015013
15032    0.007397
15140    0.004565
15201    0.016663
15315    0.012831
15532    0.016663
15556    0.007166
15665    0.016663
15686    0.005923
15856    0.015013
15878    0.009917
15879    0.011181
16062    0.012831
16085    0.010062
16116    0.009898
16117    0.005949
16181    0.016663
16225    0.011432
16248    0.016663
16323    0.067085
16516    0.014047
16585    0.002906
16592    0.010753
16647    0.011712
16676    0.008131
16713    0.007940
16714    0.009414
16717    0.010380
16734    0.003342
16862    0.005846
16907    0.004640
17099    0.026725
17144    0.003757
17146    0.012831
17281    0.037487
17291    0.014047
17292    0.005245
17293    0.012030
17407    0.005366
17519    0.008999
17531    0.004749
17534    0.016663
17547    0.008411
17552    0.009917
17575    0.012831
17669    0.003955
17689    0.009414
17830    0.005846
18005    0.004247
18054    0.013362
18055    0.007600
18152    0.051324
18158    0.006230
18171    0.015013
18182    0.007712
18223    0.008729
18472    0.010954
18503    0.016663
18587    0.005111
18624    0.012030
18652    0.004326
18712    0.009917
18882    0.010783
18883    0.005111
18930    0.016663
18931    0.030026
19005    0.016663
19006    0.013362
19128    0.006085
19366    0.002316
19381    0.009198
19416    0.005675
19455    0.008411
19462    0.010062
19537    0.021493
19589    0.008198
19634    0.016534
19718    0.012704
19808    0.014047
19838    0.012397
19844    0.007793
20090    0.008481
20260    0.004250
20275    0.008168
20282    0.021864
20432    0.014892
20460    0.011846
20717    0.016986
20731    0.011432
20749    0.016663
20760    0.014511
20762    0.008198
20791    0.009530
20845    0.006799
20848    0.004326
21122    0.005471
21155    0.013448
21212    0.012397
21243    0.003778
21247    0.002416
