254
1    0.009284
314    0.008069
604    0.009674
677    0.010333
739    0.012709
742    0.019333
747    0.019333
749    0.011057
757    0.019333
771    0.019333
882    0.011199
901    0.011674
902    0.015503
973    0.019333
1157    0.006872
1203    0.014383
1247    0.010333
1360    0.013263
1364    0.008213
1460    0.013589
1850    0.012247
1971    0.016298
1972    0.020665
2156    0.032853
2173    0.005762
2174    0.009074
2292    0.007844
2450    0.010554
2508    0.008213
2819    0.006131
3045    0.019333
3450    0.012247
3498    0.034836
3567    0.004549
3593    0.033396
3611    0.010794
3618    0.006696
3713    0.124148
3715    0.075469
3862    0.008213
3863    0.015503
3942    0.008314
4064    0.016298
4075    0.009592
4212    0.016298
4263    0.019333
4433    0.024085
4598    0.014887
4673    0.010333
4916    0.013263
5152    0.007932
5153    0.010333
5225    0.009434
5515    0.005245
5518    0.012247
5523    0.007718
5567    0.016310
5711    0.019333
5725    0.008365
5977    0.010456
6002    0.013589
6215    0.019333
6247    0.012709
6250    0.014383
6323    0.008943
6372    0.004602
6462    0.011506
6754    0.016298
6756    0.007298
7075    0.010923
7524    0.016585
7530    0.014887
7541    0.057999
7542    0.013957
7779    0.007718
7802    0.002563
7967    0.009937
8116    0.004193
8223    0.008526
8301    0.011506
8381    0.021343
8568    0.004311
8581    0.004287
8603    0.010794
8624    0.007977
8639    0.007443
8711    0.013391
8737    0.011199
8741    0.012972
9136    0.008365
9200    0.005262
9209    0.004408
9454    0.005604
9545    0.016298
9579    0.016298
9692    0.038589
9694    0.011852
9798    0.010837
9873    0.006017
9877    0.012709
9947    0.004510
9971    0.010441
10222    0.011506
10261    0.004838
10422    0.008365
10525    0.051834
10605    0.005803
10773    0.006584
10876    0.014887
10881    0.008314
11018    0.010128
11079    0.016298
11103    0.002193
11112    0.021461
11135    0.019333
11178    0.007028
11279    0.007060
11355    0.003757
11445    0.007844
11503    0.004510
11581    0.031206
11750    0.015535
11788    0.010031
11854    0.010671
11869    0.010554
12050    0.013589
12064    0.007677
12095    0.077177
12211    0.017418
12300    0.004957
12361    0.015503
12425    0.011852
12455    0.011057
12519    0.004615
12551    0.005034
12652    0.012469
12677    0.030685
12684    0.004069
12817    0.013168
12904    0.005066
12932    0.008314
12974    0.007333
12983    0.005623
13319    0.006298
13347    0.008943
13348    0.007888
13351    0.004536
13356    0.010554
13357    0.002707
13580    0.004711
13634    0.015503
13647    0.010259
13891    0.013263
14002    0.011348
14073    0.026782
14074    0.012469
14130    0.016426
14261    0.015503
14314    0.008164
14316    0.006323
14324    0.013589
14343    0.007977
14387    0.011348
14412    0.007718
14448    0.011199
14453    0.025746
14544    0.014887
14884    0.016298
14998    0.011852
15063    0.011057
15169    0.017418
15271    0.014252
15474    0.011506
15553    0.014383
15554    0.011348
15591    0.008263
15691    0.019333
15792    0.006842
15820    0.006696
15822    0.005742
15850    0.012469
15913    0.013589
15928    0.006753
15931    0.007718
16060    0.007558
16094    0.007228
16279    0.010031
16362    0.026829
16373    0.013263
16501    0.005682
16585    0.010115
16729    0.003151
16772    0.015689
17027    0.012849
17029    0.008526
17044    0.008472
17369    0.007677
17427    0.011674
17428    0.016298
17484    0.003223
17600    0.015503
17669    0.004588
17811    0.008639
17821    0.006812
17966    0.007443
18082    0.033052
18133    0.008472
18167    0.005950
18180    0.010441
18186    0.007263
18192    0.015503
18254    0.011348
18282    0.005995
18579    0.010554
18619    0.004972
18634    0.019333
18652    0.005019
18670    0.006724
18702    0.010031
18828    0.013589
18883    0.005930
19043    0.005348
19262    0.006557
19347    0.010554
19366    0.002687
19416    0.006584
19426    0.003797
19457    0.009592
19830    0.008116
19997    0.008817
20194    0.016298
20256    0.010333
20260    0.001643
20617    0.010671
20620    0.017286
20626    0.007932
20627    0.007759
20673    0.008526
20714    0.006373
20845    0.031551
20899    0.010554
20927    0.004683
20978    0.008879
21001    0.040124
21002    0.014383
21020    0.010923
21057    0.006557
21070    0.017418
21113    0.009213
21150    0.004409
21191    0.008697
21247    0.002803
21261    0.010441
21345    0.032596
