386
161    0.005995
333    0.003553
404    0.010249
411    0.008572
415    0.008843
443    0.007836
568    0.005465
996    0.011384
1091    0.007103
1096    0.011967
1130    0.010931
1142    0.018311
1240    0.004502
1415    0.065174
1416    0.019560
1418    0.021123
1419    0.019478
1451    0.003379
1526    0.011967
1689    0.004519
1691    0.009038
1712    0.005002
1729    0.011967
1740    0.005184
1746    0.004354
1762    0.007280
1792    0.007667
1829    0.012790
2292    0.005760
2541    0.009978
2604    0.004937
2613    0.017144
2617    0.007587
2688    0.004959
2706    0.003953
2714    0.007230
2778    0.009978
2843    0.012790
2970    0.010561
2973    0.012790
3237    0.012790
3293    0.012790
3326    0.005046
3393    0.006614
3455    0.009978
3459    0.010249
3575    0.006984
3632    0.005824
3647    0.008011
3686    0.006567
3850    0.005208
3854    0.016447
3925    0.006984
4080    0.016238
4135    0.005995
4176    0.007510
4195    0.003827
4271    0.007510
4324    0.034562
4328    0.020952
4344    0.008843
4354    0.007667
4422    0.008572
4427    0.012790
4450    0.003851
4461    0.005282
4515    0.009332
4607    0.009978
4637    0.006984
4660    0.008993
4722    0.012790
4911    0.011384
4982    0.009332
5018    0.008223
5043    0.004178
5074    0.004717
5075    0.007410
5079    0.004643
5220    0.012209
5315    0.010931
5367    0.010561
5462    0.010249
5521    0.006142
5532    0.003553
5549    0.006181
5610    0.007836
5706    0.007510
5717    0.011042
5719    0.004032
5818    0.009739
5856    0.004554
5970    0.021123
6035    0.009525
6085    0.005607
6086    0.008703
6087    0.010249
6203    0.009525
6270    0.008333
6345    0.008843
6376    0.007297
6598    0.003662
6628    0.004386
6630    0.006713
6651    0.005257
6655    0.005493
6691    0.012790
6705    0.004814
6758    0.003096
6769    0.007297
6809    0.006067
6882    0.012790
6890    0.012790
6908    0.007021
6942    0.010931
7044    0.008449
7097    0.005465
7129    0.036151
7130    0.010931
7141    0.006343
7168    0.011300
7181    0.004736
7194    0.005385
7219    0.012790
7268    0.012790
7343    0.006663
7346    0.011384
7348    0.012790
7377    0.003979
7387    0.008843
7412    0.012790
7465    0.007836
7466    0.010004
7470    0.009155
7510    0.008223
7522    0.016898
7531    0.003685
7533    0.011967
7558    0.009978
7600    0.006386
7696    0.008843
7779    0.005667
7793    0.008843
7833    0.003640
7859    0.012790
7887    0.009525
8040    0.003596
8041    0.008572
8078    0.008565
8112    0.011967
8153    0.021890
8200    0.005760
8275    0.005385
8322    0.012790
8408    0.007667
8453    0.010249
8500    0.003122
8533    0.004699
8577    0.007103
8596    0.003766
8689    0.008223
8787    0.008572
8838    0.012790
8871    0.011967
8918    0.004699
8964    0.005607
8968    0.011967
9093    0.010249
9118    0.004485
9209    0.006474
9361    0.005002
9388    0.004834
9463    0.010931
9616    0.011384
9631    0.005411
9744    0.011384
9873    0.004418
9962    0.008703
9979    0.007510
10001    0.012790
10025    0.009978
10037    0.009525
10064    0.006520
10087    0.011967
10160    0.012790
10247    0.012687
10261    0.003553
10454    0.062205
10619    0.010249
10716    0.010931
10841    0.009739
10878    0.012790
11087    0.004959
11089    0.007166
11103    0.001610
11121    0.008333
11178    0.005161
11181    0.007854
11183    0.005465
11201    0.003359
11311    0.023935
11334    0.004291
11344    0.006713
11355    0.008277
11390    0.012772
11401    0.007667
11434    0.003901
11439    0.005792
11503    0.003311
11511    0.012790
11527    0.007587
11534    0.008449
11590    0.012790
11656    0.012790
11736    0.008223
11768    0.023935
11783    0.012790
11841    0.011714
11889    0.006181
11997    0.011384
12005    0.005710
12045    0.006067
12215    0.009525
12230    0.004402
12283    0.002795
12300    0.003640
12466    0.012790
12470    0.008993
12484    0.010249
12625    0.010561
12684    0.005976
12763    0.006386
12817    0.004834
12822    0.010931
12873    0.008223
12927    0.004795
12940    0.008449
12944    0.007587
12951    0.007749
12983    0.004129
13014    0.003122
13048    0.030746
13154    0.005359
13173    0.010931
13179    0.005282
13300    0.009525
13361    0.011649
13370    0.006567
13434    0.005156
13459    0.012790
13466    0.003321
13474    0.008572
13545    0.007749
13580    0.003459
13647    0.007533
13717    0.012790
13899    0.005697
13977    0.009978
14073    0.004916
14134    0.012790
14305    0.012949
14343    0.005857
14442    0.015333
14445    0.006067
14476    0.012790
14485    0.005233
14490    0.006765
14493    0.011384
14604    0.009111
14608    0.012790
14682    0.009155
14742    0.001449
14749    0.004855
14754    0.005667
14773    0.007230
14802    0.009332
14803    0.009525
14889    0.009155
15037    0.008119
15216    0.010823
15361    0.012790
15400    0.006142
15493    0.008449
15501    0.011967
15503    0.005667
15712    0.013609
15713    0.006567
15714    0.021123
15820    0.004916
15888    0.008333
15927    0.005925
16012    0.007043
16060    0.005549
16071    0.011384
16171    0.012790
16302    0.007103
16403    0.010931
16430    0.008572
16485    0.004607
16501    0.004172
16509    0.004896
16544    0.011967
16545    0.012790
16546    0.012790
16585    0.000825
16752    0.011384
16944    0.003827
16951    0.011967
16954    0.007166
16958    0.006031
16959    0.004276
16996    0.012790
17095    0.007297
17103    0.005184
17117    0.006938
17144    0.003201
17373    0.008119
17457    0.008993
17551    0.012790
17552    0.016898
17583    0.011384
17628    0.011967
17756    0.010561
17814    0.004625
17863    0.008703
17873    0.006984
17877    0.008572
17922    0.005046
18038    0.009155
18071    0.011967
18182    0.006570
18282    0.002201
18335    0.008572
18396    0.008703
18435    0.010048
18652    0.003685
18672    0.009739
18849    0.012790
18883    0.008708
19039    0.010931
19225    0.004775
19261    0.004246
19278    0.002547
19349    0.012061
19410    0.005252
19433    0.005359
19460    0.003293
19707    0.004643
19741    0.006663
19894    0.007366
19941    0.011384
20030    0.010249
20036    0.012790
20090    0.007225
20233    0.006984
20288    0.008449
20320    0.010561
20344    0.012790
20411    0.012790
20534    0.004736
20554    0.008020
20557    0.004699
20592    0.012790
20620    0.004231
20671    0.006927
20673    0.006261
20717    0.003618
20773    0.011967
20779    0.010931
20803    0.002818
20844    0.002964
20848    0.003685
20868    0.003130
20880    0.011967
20901    0.013206
20902    0.004680
20964    0.004338
21058    0.004158
21118    0.005493
21122    0.004661
21129    0.012803
21131    0.012790
21135    0.007366
21141    0.007437
21146    0.005891
21150    0.004856
21247    0.008232
