35
538    0.153973
1091    0.100057
3077    0.075116
3583    0.043848
3619    0.077767
4137    0.048720
4328    0.098376
5096    0.052392
5578    0.075849
6532    0.096026
6699    0.110372
6758    0.043607
6844    0.077767
7364    0.100057
7377    0.056044
8116    0.043368
8630    0.034356
10454    0.087620
10840    0.068097
11729    0.065658
12233    0.115831
12283    0.039375
13320    0.076984
13580    0.048720
14065    0.023623
14745    0.045854
16485    0.064889
17129    0.060885
17601    0.180153
18133    0.087620
18167    0.030769
18668    0.089953
19410    0.036992
19444    0.095284
21156    0.153973
