568
161    0.003833
333    0.002272
404    0.006553
411    0.005481
415    0.005654
443    0.010021
448    0.004394
450    0.004056
568    0.003495
996    0.007279
1091    0.004542
1096    0.007652
1130    0.006990
1142    0.011708
1240    0.002879
1415    0.045463
1416    0.025014
1418    0.013506
1419    0.012455
1451    0.002161
1525    0.016356
1526    0.007652
1595    0.004802
1689    0.002890
1691    0.008669
1698    0.002463
1712    0.006397
1729    0.007652
1740    0.003315
1746    0.002784
1762    0.004655
1792    0.004902
1829    0.008178
1842    0.005750
1921    0.005750
2093    0.002715
2292    0.003683
2432    0.001568
2450    0.009910
2453    0.008178
2460    0.004325
2541    0.006380
2589    0.004503
2604    0.003157
2613    0.010962
2617    0.004851
2688    0.003171
2693    0.023417
2694    0.007279
2706    0.002527
2714    0.004623
2778    0.006380
2843    0.008178
2970    0.006753
2973    0.008178
3063    0.014558
3237    0.008178
3293    0.008178
3326    0.003227
3393    0.004229
3455    0.006380
3459    0.006553
3567    0.004271
3575    0.004466
3589    0.008178
3619    0.003530
3632    0.003724
3647    0.005122
3686    0.004199
3811    0.008178
3850    0.003330
3854    0.010516
3916    0.005402
3925    0.004466
3960    0.006380
4047    0.006753
4080    0.010383
4081    0.005967
4084    0.003745
4135    0.007667
4151    0.003928
4176    0.004802
4195    0.002447
4271    0.004802
4324    0.028414
4328    0.013398
4344    0.005654
4354    0.004902
4422    0.005481
4424    0.008178
4427    0.008178
4450    0.002463
4461    0.003378
4486    0.004542
4515    0.005967
4607    0.006380
4637    0.004466
4660    0.005750
4710    0.006990
4722    0.008178
4833    0.004851
4911    0.007279
4982    0.005967
5018    0.010516
5043    0.004007
5074    0.003016
5075    0.006318
5079    0.011875
5084    0.008459
5220    0.007807
5227    0.004902
5315    0.006990
5367    0.006753
5441    0.006990
5462    0.006553
5521    0.003928
5532    0.004543
5549    0.003952
5563    0.003643
5601    0.006553
5610    0.005010
5615    0.003856
5706    0.004802
5717    0.014121
5719    0.002578
5769    0.002561
5806    0.004199
5818    0.006227
5856    0.002912
5970    0.013506
6035    0.006091
6050    0.003091
6061    0.005967
6085    0.003585
6086    0.005565
6087    0.006553
6115    0.004710
6142    0.006990
6177    0.008178
6203    0.006091
6235    0.006990
6270    0.010657
6345    0.005654
6372    0.002161
6376    0.004666
6429    0.003663
6598    0.007025
6628    0.002804
6630    0.004293
6651    0.003362
6655    0.003512
6689    0.004710
6691    0.008178
6697    0.004542
6705    0.003079
6758    0.005939
6761    0.002487
6769    0.004666
6789    0.006990
6790    0.004851
6791    0.006553
6809    0.003880
6882    0.008178
6890    0.008178
6908    0.006734
6942    0.006990
6972    0.006553
7044    0.005402
7097    0.006989
7129    0.032363
7130    0.006990
7141    0.004056
7166    0.003724
7168    0.007225
7181    0.003029
7194    0.003443
7219    0.008178
7268    0.008178
7273    0.008178
7325    0.004029
7333    0.008178
7343    0.004261
7346    0.007279
7348    0.008178
7377    0.002544
7387    0.005654
7412    0.008178
7465    0.005010
7466    0.006397
7470    0.005854
7510    0.005258
7522    0.010805
7531    0.002356
7533    0.007652
7558    0.006380
7600    0.004083
7641    0.006227
7696    0.005654
7779    0.003624
7793    0.005654
7802    0.001203
7833    0.002328
7859    0.008178
7887    0.006091
8040    0.002299
8041    0.005481
8078    0.009128
8111    0.006553
8112    0.007652
8153    0.018663
8181    0.002969
8200    0.022098
8250    0.008178
8275    0.003443
8288    0.005192
8322    0.008178
8331    0.008178
8408    0.004902
8428    0.017437
8442    0.003443
8446    0.004925
8453    0.006553
8500    0.001996
8533    0.003004
8577    0.004542
8596    0.002408
8630    0.004679
8689    0.005258
8737    0.005258
8781    0.002794
8787    0.005481
8816    0.008788
8838    0.008178
8871    0.007652
8918    0.003004
8964    0.003585
8968    0.007652
8988    0.008178
9093    0.006553
9094    0.008178
9118    0.002868
9209    0.004140
9229    0.005654
9361    0.003198
9388    0.003091
9463    0.006990
9505    0.008178
9508    0.006753
9616    0.007279
9631    0.003460
9744    0.007279
9757    0.007652
9863    0.008178
9873    0.005650
9902    0.007652
9947    0.002117
9962    0.005565
9979    0.004802
10001    0.008178
10025    0.006380
10037    0.006091
10064    0.004169
10087    0.007652
10160    0.008178
10220    0.004582
10247    0.008112
10261    0.004543
10304    0.007652
10324    0.007652
10447    0.007279
10449    0.008178
10454    0.047730
10472    0.006753
10619    0.006553
10716    0.006990
10773    0.003091
10841    0.006227
10878    0.008178
10902    0.005750
10916    0.005854
11087    0.003171
11089    0.004582
11093    0.003426
11103    0.003089
11114    0.008178
11116    0.008178
11121    0.005328
11138    0.004710
11178    0.003300
11180    0.002035
11181    0.005022
11183    0.003495
11201    0.002148
11218    0.001942
11276    0.008178
11311    0.015305
11334    0.002744
11344    0.004293
11355    0.007057
11390    0.012250
11401    0.004902
11427    0.005967
11434    0.002495
11439    0.003703
11503    0.002117
11511    0.008178
11514    0.007279
11527    0.004851
11534    0.005402
11568    0.005654
11590    0.008178
11591    0.004429
11656    0.008178
11736    0.005258
11757    0.003041
11768    0.015305
11783    0.008178
11841    0.007490
11889    0.003952
11997    0.007279
12005    0.003651
12012    0.007652
12045    0.003880
12215    0.006091
12230    0.002815
12283    0.003575
12300    0.002328
12345    0.002478
12466    0.008178
12470    0.005750
12484    0.006553
12521    0.005750
12551    0.002364
12613    0.004140
12625    0.006753
12661    0.004623
12684    0.005732
12763    0.008167
12764    0.005010
12817    0.003091
12818    0.004140
12822    0.006990
12864    0.002825
12873    0.010516
12906    0.008178
12927    0.003066
12940    0.005402
12944    0.004851
12951    0.004955
12983    0.005281
12987    0.002606
13014    0.001996
13048    0.019660
13154    0.003426
13157    0.003856
13159    0.006380
13173    0.006990
13179    0.003378
13300    0.006091
13351    0.002130
13361    0.007448
13370    0.004199
13434    0.003297
13459    0.008178
13466    0.002123
13474    0.005481
13541    0.003978
13545    0.004955
13580    0.002212
13584    0.018663
13647    0.004817
13717    0.008178
13718    0.014558
13869    0.006227
13899    0.007286
13954    0.008178
13977    0.006380
14065    0.002145
14073    0.003144
14134    0.008178
14276    0.008178
14305    0.008280
14340    0.003643
14343    0.003745
14442    0.009804
14445    0.003880
14476    0.008178
14485    0.003346
14490    0.008651
14493    0.007279
14604    0.013594
14608    0.008178
14682    0.005854
14710    0.008178
14741    0.003241
14742    0.004633
14749    0.006208
14754    0.003624
14773    0.004623
14796    0.002901
14802    0.005967
14803    0.006091
14874    0.003270
14882    0.006990
14889    0.005854
15033    0.004199
15037    0.005192
15115    0.006990
15116    0.008178
15216    0.006920
15271    0.003346
15361    0.008178
15400    0.003928
15484    0.003903
15493    0.005402
15501    0.007652
15503    0.003624
15711    0.006227
15712    0.008702
15713    0.004199
15714    0.013506
15820    0.003144
15888    0.005328
15927    0.003789
15963    0.008178
16010    0.008178
16012    0.004503
16025    0.006380
16060    0.003548
16071    0.007279
16120    0.004902
16171    0.008178
16237    0.002495
16279    0.014129
16302    0.004542
16321    0.003346
16371    0.003789
16403    0.006990
16430    0.005481
16485    0.002946
16488    0.005565
16489    0.004542
16501    0.002668
16509    0.003130
16521    0.004140
16544    0.007652
16545    0.008178
16546    0.008178
16585    0.001583
16724    0.003157
16752    0.007279
16925    0.005654
16944    0.002447
16951    0.007652
16954    0.004582
16955    0.010645
16958    0.003856
16959    0.002734
16996    0.008178
17095    0.004666
17103    0.003315
17117    0.006655
17123    0.005192
17144    0.002047
17192    0.008178
17366    0.003460
17373    0.005192
17457    0.005750
17551    0.008178
17552    0.010805
17583    0.007279
17628    0.007652
17756    0.006753
17814    0.002957
17830    0.003184
17854    0.008006
17861    0.007652
17863    0.005565
17870    0.002836
17873    0.004466
17874    0.006091
17875    0.003703
17877    0.005481
17879    0.008178
17922    0.003227
18005    0.002313
18038    0.005854
18071    0.007652
18167    0.001397
18182    0.005601
18240    0.007652
18282    0.001407
18335    0.005481
18382    0.003443
18396    0.005565
18435    0.006425
18476    0.005192
18652    0.002356
18655    0.005801
18660    0.005402
18672    0.006227
18690    0.004902
18849    0.008178
18883    0.005568
19039    0.006990
19085    0.004359
19119    0.006990
19159    0.007652
19225    0.003053
19261    0.002715
19262    0.003079
19266    0.002631
19278    0.001628
19349    0.007712
19388    0.008178
19410    0.003359
19433    0.003426
19460    0.004211
19707    0.002969
19741    0.004261
19823    0.004802
19844    0.000849
19862    0.006990
19894    0.009419
19941    0.007279
20030    0.006553
20036    0.008178
20090    0.006160
20095    0.005010
20130    0.006553
20148    0.008178
20233    0.004466
20260    0.001543
20288    0.005402
20320    0.006753
20344    0.008178
20411    0.008178
20534    0.003029
20554    0.005128
20557    0.003004
20592    0.008178
20620    0.002705
20671    0.004429
20673    0.004003
20717    0.002313
20773    0.007652
20779    0.006990
20803    0.001802
20844    0.001895
20848    0.002356
20868    0.002002
20880    0.007652
20901    0.008444
20902    0.002992
20964    0.002774
21016    0.003443
21058    0.002659
21118    0.003512
21122    0.002981
21129    0.010233
21131    0.008178
21135    0.004710
21141    0.004755
21146    0.003767
21150    0.003105
21194    0.008178
21243    0.002058
21247    0.005264
