227
443    0.013896
448    0.012186
450    0.011249
1415    0.010507
1416    0.034687
1525    0.045362
1595    0.013319
1691    0.008014
1698    0.006830
1712    0.008870
1842    0.015948
1921    0.015948
2093    0.007530
2432    0.004347
2450    0.027485
2453    0.022681
2460    0.011996
2589    0.012490
2693    0.064944
2694    0.020188
3063    0.040376
3567    0.011846
3589    0.022681
3619    0.009791
3811    0.022681
3916    0.014983
3960    0.017694
4047    0.018729
4081    0.016549
4084    0.010387
4135    0.010631
4151    0.010893
4324    0.017512
4424    0.022681
4486    0.012597
4710    0.019385
4833    0.013455
5018    0.014583
5043    0.003704
5075    0.004380
5079    0.024701
5084    0.023459
5227    0.013596
5441    0.019385
5532    0.006300
5563    0.010104
5601    0.018175
5615    0.010695
5717    0.019582
5769    0.007103
5806    0.011645
6050    0.008573
6061    0.016549
6115    0.013062
6142    0.019385
6177    0.022681
6235    0.019385
6270    0.014777
6372    0.005992
6429    0.010159
6598    0.012990
6689    0.013062
6697    0.012597
6758    0.010980
6761    0.006896
6789    0.019385
6790    0.013455
6791    0.018175
6908    0.006225
6972    0.018175
7097    0.009692
7129    0.025644
7166    0.010329
7273    0.022681
7325    0.011175
7333    0.022681
7641    0.017271
7802    0.003337
8078    0.010126
8111    0.018175
8153    0.012940
8181    0.008234
8200    0.051072
8250    0.022681
8288    0.014398
8331    0.022681
8428    0.048359
8442    0.009549
8446    0.013659
8630    0.012976
8737    0.014583
8781    0.007749
8816    0.024371
8988    0.022681
9094    0.022681
9229    0.015681
9505    0.022681
9508    0.018729
9757    0.021223
9863    0.022681
9873    0.007835
9902    0.021223
9947    0.005872
10220    0.012708
10261    0.006300
10304    0.021223
10324    0.021223
10447    0.020188
10449    0.022681
10454    0.022062
10472    0.018729
10773    0.008573
10902    0.015948
10916    0.016236
11093    0.009503
11103    0.005712
11114    0.022681
11116    0.022681
11138    0.013062
11180    0.005644
11218    0.005386
11276    0.022681
11355    0.004893
11390    0.011325
11427    0.016549
11514    0.020188
11568    0.015681
11591    0.012284
11757    0.008434
12012    0.021223
12283    0.004957
12345    0.006874
12521    0.015948
12551    0.006555
12613    0.011481
12661    0.012822
12684    0.005299
12763    0.011325
12764    0.013896
12818    0.011481
12864    0.007835
12873    0.014583
12906    0.022681
12983    0.007323
12987    0.007227
13157    0.010695
13159    0.017694
13351    0.005906
13541    0.011031
13584    0.051760
13718    0.040376
13869    0.017271
13899    0.010104
13954    0.022681
14065    0.005948
14276    0.022681
14340    0.010104
14490    0.011996
14604    0.021543
14710    0.022681
14741    0.008988
14742    0.010279
14749    0.008609
14796    0.008044
14874    0.009069
14882    0.019385
15033    0.011645
15115    0.019385
15116    0.022681
15271    0.009279
15484    0.010826
15711    0.017271
15963    0.022681
16010    0.022681
16025    0.017694
16120    0.013596
16237    0.006918
16279    0.039186
16321    0.009279
16371    0.010507
16488    0.015433
16489    0.012597
16521    0.011481
16585    0.002927
16724    0.008756
16925    0.015681
16955    0.029523
17117    0.006152
17123    0.014398
17192    0.022681
17366    0.009596
17830    0.008832
17854    0.022205
17861    0.021223
17870    0.007864
17874    0.016892
17875    0.010271
17879    0.022681
18005    0.006416
18167    0.003874
18182    0.003884
18240    0.021223
18382    0.009549
18476    0.014398
18655    0.016089
18660    0.014983
18690    0.013596
19085    0.012090
19119    0.019385
19159    0.021223
19262    0.008538
19266    0.007297
19388    0.022681
19460    0.005839
19823    0.013319
19844    0.002355
19862    0.019385
19894    0.013062
20090    0.004271
20095    0.013896
20130    0.018175
20148    0.022681
20260    0.004280
21016    0.009549
21129    0.005676
21194    0.022681
21243    0.005708
