107
314    0.020285
677    0.025975
739    0.031949
901    0.058693
1090    0.038974
1157    0.017275
1364    0.020647
1847    0.044963
1969    0.025460
1972    0.051950
2156    0.041294
2432    0.008393
2723    0.013577
3450    0.030789
3583    0.010657
3593    0.013992
3713    0.156047
3715    0.094861
4055    0.024533
4063    0.034160
4075    0.024112
4826    0.037424
4870    0.015015
5152    0.019940
5153    0.025975
5495    0.009323
5501    0.009646
5563    0.019506
5578    0.018435
5977    0.026286
6754    0.040972
7500    0.035087
7524    0.041694
7542    0.035087
7709    0.022166
7987    0.019299
8573    0.023911
8624    0.040106
8639    0.018711
9200    0.013227
9742    0.036158
9971    0.026247
10445    0.020647
10525    0.021717
10605    0.014588
11183    0.018711
11445    0.019720
11581    0.019612
11750    0.013018
12064    0.019299
12095    0.077606
12421    0.019720
12425    0.029795
12519    0.011602
12551    0.012655
12677    0.102852
12983    0.014137
13014    0.010687
13319    0.015833
13347    0.022481
13348    0.019829
13351    0.011402
13647    0.012895
13891    0.033342
14222    0.027135
14261    0.038974
14316    0.031791
14453    0.043148
14495    0.043787
15063    0.013898
15271    0.017914
15344    0.017749
15783    0.021574
15928    0.016977
16362    0.067444
16373    0.033342
16501    0.014284
16585    0.008476
16890    0.022322
17027    0.048452
17029    0.021434
17369    0.038597
17427    0.029347
17632    0.025713
17669    0.011535
17821    0.017124
18082    0.020772
18138    0.020168
18192    0.038974
18282    0.015070
18317    0.019506
18652    0.012616
18883    0.014906
19347    0.026531
19426    0.009545
19844    0.004546
20260    0.008263
20620    0.028970
20626    0.039880
20714    0.016022
20803    0.009646
20844    0.010147
20848    0.012616
20978    0.022322
21001    0.025217
21002    0.036158
21150    0.005542
