147
159    0.027783
610    0.013078
822    0.017189
1116    0.015085
1157    0.012315
1296    0.062429
1483    0.026679
1680    0.014631
1681    0.014215
1698    0.009399
1945    0.020070
2003    0.027662
2113    0.014058
2114    0.013757
2120    0.010987
2239    0.089378
2277    0.007273
2432    0.011966
2577    0.062429
2723    0.009679
2745    0.010290
3096    0.016026
3164    0.024352
3238    0.012711
3341    0.011113
3485    0.014899
3501    0.017976
3615    0.031602
3743    0.010363
3831    0.021240
3944    0.010987
4137    0.008442
4179    0.016906
4237    0.025013
4260    0.012538
4406    0.017489
4673    0.018517
4739    0.021948
4776    0.020337
5043    0.005098
5096    0.027234
5501    0.013753
5628    0.009907
5769    0.009775
5899    0.015182
5975    0.010626
6135    0.024352
6313    0.048079
6319    0.016510
6378    0.020337
6400    0.026679
6596    0.008723
6679    0.034978
6959    0.021948
6962    0.027783
7099    0.017189
7235    0.024352
7602    0.018517
7631    0.013757
7824    0.020620
8777    0.014899
9143    0.026949
9200    0.009430
9297    0.018517
9936    0.016770
10057    0.031215
10121    0.019574
10614    0.017808
10618    0.031215
10668    0.016262
11160    0.029437
11201    0.016398
11216    0.021581
11503    0.008082
11636    0.022345
11973    0.017976
12048    0.013339
12071    0.012595
12520    0.026679
12591    0.010290
12605    0.040017
12889    0.015890
13069    0.026679
13352    0.010474
13751    0.020337
13777    0.039631
13886    0.008645
13992    0.021948
14323    0.024204
14348    0.023247
14350    0.018913
14480    0.098403
14481    0.085944
14815    0.041746
14872    0.044689
14997    0.015801
15695    0.025906
15764    0.016143
15776    0.027783
15783    0.015380
15791    0.013339
15841    0.021948
15888    0.020337
15889    0.018150
15910    0.012538
16070    0.034646
16094    0.012953
16117    0.012370
16207    0.015380
16521    0.015801
16527    0.011607
16529    0.019748
16585    0.016112
17094    0.016510
17145    0.019816
17443    0.024352
17484    0.005775
17780    0.020070
17814    0.011287
17913    0.016638
17945    0.023247
18005    0.008830
18041    0.020920
18167    0.010663
18179    0.012370
18567    0.014991
18569    0.018913
18655    0.011071
18831    0.034646
18882    0.014946
18883    0.010626
18898    0.013142
19010    0.017337
19226    0.008223
19327    0.008175
19485    0.014136
19685    0.038674
19686    0.022775
19773    0.008697
19785    0.019105
19844    0.006481
19908    0.025013
20260    0.014726
20275    0.008492
20768    0.008152
20803    0.006876
20868    0.007640
