230
152    0.021017
212    0.009865
219    0.011665
523    0.009329
539    0.009094
595    0.011874
667    0.021017
828    0.012884
927    0.011601
1420    0.035435
1490    0.005647
1664    0.009653
1689    0.006690
1699    0.002495
1862    0.004283
2043    0.015636
2286    0.012508
2319    0.010517
2458    0.010015
2569    0.010517
2744    0.005629
2950    0.027631
3011    0.013816
3050    0.029163
3053    0.008875
3341    0.006741
3450    0.039942
3664    0.021605
3789    0.008721
3790    0.008302
3849    0.042033
3858    0.009329
3862    0.008928
3903    0.007933
4137    0.005121
4289    0.011119
4413    0.012020
4544    0.066715
4576    0.010517
4587    0.015636
4693    0.017717
4697    0.007711
4773    0.018935
4870    0.006493
4884    0.018935
5043    0.006185
5110    0.024349
5115    0.010340
5205    0.014102
5352    0.007675
5415    0.007605
5440    0.016347
5745    0.008575
5904    0.011010
6085    0.016603
6262    0.084350
6297    0.013554
6319    0.020030
6365    0.006928
6575    0.037870
6596    0.005291
6613    0.006901
6707    0.007128
6727    0.012884
6844    0.008174
7044    0.012508
7048    0.023572
7087    0.008672
7292    0.014102
7311    0.011734
7350    0.014772
7351    0.007248
7366    0.014772
7377    0.005891
7508    0.009391
7531    0.005456
7754    0.017965
7802    0.005572
7896    0.008345
7910    0.012884
7948    0.019305
7967    0.021605
8019    0.005061
8040    0.005324
8041    0.012690
8043    0.025769
8107    0.004806
8116    0.004558
8233    0.024153
8406    0.012884
8407    0.009094
8577    0.010517
8875    0.021017
8957    0.013816
8984    0.008258
9086    0.025769
9202    0.013816
9398    0.006590
9454    0.006092
9459    0.009939
9460    0.011350
9481    0.015173
9517    0.004903
9533    0.006541
9641    0.008051
9746    0.023201
9752    0.013554
9768    0.011232
9897    0.013091
9933    0.030346
9993    0.015173
10095    0.009329
10669    0.015636
10837    0.003307
10908    0.013314
10909    0.014418
10975    0.017965
10976    0.025381
11103    0.002384
11201    0.009947
11342    0.011734
11358    0.007098
11473    0.011874
11531    0.007098
11613    0.009094
11674    0.033707
11732    0.021017
11757    0.007041
12005    0.004227
12048    0.008091
12118    0.009519
12259    0.014772
12342    0.013816
12505    0.007605
12551    0.005473
12605    0.008091
12618    0.008823
12668    0.009038
12746    0.016183
12866    0.012337
12880    0.027824
12888    0.059088
12889    0.004819
13078    0.048081
13157    0.008928
13167    0.009722
13175    0.029816
13219    0.009391
13352    0.006353
13357    0.023542
13482    0.008051
13530    0.008527
13580    0.015362
13923    0.017717
14163    0.014772
14237    0.010803
14395    0.012508
14538    0.008575
14607    0.007128
14727    0.010340
14754    0.008390
15601    0.007675
15603    0.011734
15702    0.018935
15783    0.009329
15792    0.007438
15822    0.018725
16094    0.007857
16112    0.014102
16260    0.015636
16269    0.010015
16273    0.013314
16529    0.023959
16575    0.009209
16585    0.017104
16592    0.004521
16676    0.010255
16732    0.005228
16862    0.007373
16872    0.018935
16873    0.014102
16874    0.021017
16878    0.017717
16880    0.028870
16921    0.008390
16932    0.026183
17049    0.014772
17117    0.005136
17147    0.012508
17273    0.015173
17281    0.011820
17327    0.013816
17395    0.011232
17524    0.008258
17922    0.007470
18005    0.010712
18082    0.008983
18159    0.008051
18180    0.011350
18223    0.011010
18260    0.013314
18282    0.009775
18326    0.008345
18358    0.017717
18485    0.012020
18499    0.017245
18502    0.023468
18596    0.013816
18619    0.005405
18625    0.011350
18713    0.008772
18717    0.007675
18992    0.009151
19195    0.011874
19232    0.006590
19309    0.008258
19485    0.008575
19777    0.014102
19785    0.023178
19844    0.001966
20009    0.011874
20582    0.007895
20824    0.008481
20830    0.018909
20964    0.006423
20969    0.019305
21058    0.006155
21115    0.019723
21150    0.002396
21171    0.014772
