40
824    0.120300
1204    0.057709
2432    0.028775
3096    0.077079
3238    0.061136
3485    0.071655
3501    0.086457
3615    0.075996
4179    0.081309
4237    0.120300
5501    0.033072
6400    0.128311
6679    0.084114
7099    0.082670
9143    0.064806
9297    0.089057
10614    0.085650
11201    0.039433
11636    0.107467
12605    0.064153
12889    0.038211
13352    0.050374
13777    0.095304
14323    0.058206
14480    0.135220
14568    0.120300
14815    0.050194
15783    0.073969
15841    0.105561
16069    0.140474
16094    0.062297
16521    0.075996
16529    0.047490
19410    0.030827
19485    0.067985
19685    0.062001
19773    0.041828
19844    0.015586
20260    0.028330
21139    0.099174
