146
1    0.018467
15    0.026381
103    0.012677
166    0.021470
797    0.038453
1060    0.038453
1069    0.036098
1072    0.018613
1415    0.016049
1614    0.016049
1680    0.016239
1741    0.036031
1819    0.034645
1941    0.012335
2014    0.015269
2102    0.009624
2123    0.038453
2344    0.009287
2502    0.034645
2744    0.010300
2745    0.011420
2768    0.019585
2872    0.017299
3013    0.055400
3202    0.038453
3238    0.014108
3586    0.026381
3607    0.022275
4380    0.036882
4578    0.019765
4636    0.017787
4639    0.018918
4949    0.016435
5028    0.018764
5179    0.019585
5217    0.018764
5225    0.018764
5414    0.013729
5495    0.007376
5573    0.054147
6338    0.038453
7055    0.030836
7097    0.014805
7118    0.027762
7802    0.005098
7926    0.022572
8233    0.014731
8509    0.025802
8568    0.008574
8630    0.013214
8712    0.019952
8845    0.013549
8991    0.023219
9016    0.013729
9203    0.021993
9276    0.023953
9304    0.018764
9364    0.012882
9411    0.007300
9873    0.011968
9963    0.019765
10338    0.010996
10605    0.023084
10769    0.027762
10981    0.023574
11051    0.018918
11196    0.018613
11201    0.009100
11218    0.008227
11342    0.021470
11439    0.015689
11503    0.008970
11661    0.036933
11803    0.023574
11902    0.047148
11903    0.034645
12005    0.015467
12245    0.010139
12300    0.009860
12530    0.028609
12889    0.026454
12999    0.012660
13050    0.009711
13357    0.016152
13434    0.003492
13462    0.016959
13482    0.014731
13909    0.015189
14062    0.038453
14063    0.035905
14072    0.038453
14124    0.015433
14224    0.019952
14304    0.017417
14305    0.017538
14966    0.038453
15033    0.017787
15090    0.032417
15140    0.010534
15334    0.018467
15473    0.034645
15500    0.019411
15695    0.014376
15878    0.022886
16220    0.026381
16585    0.002235
16633    0.050556
16707    0.013853
16729    0.006267
16836    0.029610
16941    0.007188
16955    0.015032
17281    0.032441
17407    0.012382
17776    0.027762
17814    0.012528
17823    0.034645
17868    0.015351
18167    0.005917
18223    0.020145
18358    0.032417
18565    0.022572
18705    0.022886
18883    0.011794
18933    0.025802
19127    0.010044
19271    0.014241
19410    0.021342
19453    0.012935
19736    0.015517
20009    0.021725
20260    0.006538
20281    0.013915
20282    0.016818
20465    0.019242
20468    0.020344
20741    0.027762
20760    0.033486
20762    0.018918
20785    0.013041
20863    0.034645
20909    0.051604
21088    0.022572
21150    0.004385
21253    0.016911
21259    0.034139
