108
103    0.034435
469    0.016255
666    0.022322
990    0.033684
1262    0.021428
1415    0.021798
1614    0.043597
1741    0.009788
2014    0.020739
2102    0.013071
2277    0.010963
2344    0.012614
2383    0.037706
3013    0.025082
3607    0.030254
4380    0.060113
4450    0.014169
4615    0.044029
4948    0.038856
5010    0.029871
5179    0.026601
5217    0.025485
5501    0.010366
5573    0.024514
5701    0.035830
6628    0.016136
7199    0.016136
7595    0.016949
7798    0.026601
8281    0.025281
8845    0.018402
9179    0.022188
9304    0.025485
9411    0.019830
9819    0.040217
10215    0.017786
10334    0.015192
10422    0.022599
10578    0.068657
10612    0.027099
10981    0.032018
11118    0.021673
11201    0.012360
11340    0.050561
11398    0.032018
11453    0.024514
11503    0.012183
11744    0.015621
11902    0.096055
12048    0.020108
12230    0.016195
12263    0.065066
12273    0.016438
12684    0.010993
12889    0.011977
12900    0.044644
12987    0.007497
13143    0.020849
13357    0.007313
13454    0.032533
13462    0.023033
13909    0.020630
14063    0.032511
14124    0.020962
14224    0.027099
14523    0.020962
14537    0.014687
14718    0.036709
14952    0.024699
15135    0.024888
15906    0.018012
16267    0.044029
16437    0.021798
16695    0.033086
16707    0.018815
16862    0.018322
17106    0.028828
17281    0.014687
17341    0.044029
17875    0.021309
18143    0.038856
18167    0.008037
18282    0.008097
18504    0.047055
18565    0.030658
18726    0.039818
18882    0.022531
19125    0.019251
19127    0.027284
19169    0.020962
19271    0.019342
19277    0.046990
19383    0.024159
19437    0.024335
19447    0.040217
19453    0.052704
19718    0.019909
19736    0.021076
19789    0.047055
20260    0.017759
20282    0.011421
20465    0.026134
20745    0.023033
20760    0.022741
20785    0.017713
20803    0.020732
21136    0.038856
21253    0.011485
