270
176    0.016506
219    0.009162
333    0.004131
455    0.005530
534    0.008822
686    0.006734
1163    0.015611
1190    0.007635
1204    0.005717
1245    0.006323
1272    0.006028
1283    0.004407
1403    0.014952
1404    0.011602
1413    0.008647
1415    0.006889
1471    0.010119
1614    0.013778
1698    0.004478
1699    0.001960
1740    0.006028
1741    0.009280
1859    0.006889
1896    0.012280
1918    0.006929
1924    0.009441
1993    0.010457
2014    0.006554
2102    0.004131
2109    0.010851
2173    0.004919
2277    0.017324
2278    0.006697
2281    0.012839
2321    0.008332
2345    0.007806
2380    0.014952
2470    0.008189
2622    0.010119
2723    0.004611
2882    0.036002
3013    0.015853
3089    0.015761
3090    0.014024
3244    0.012280
3268    0.010119
3607    0.047807
3744    0.016506
3850    0.006056
3944    0.010469
4195    0.008899
4240    0.013528
4262    0.008121
4377    0.009689
4378    0.007635
4380    0.022164
4463    0.007055
4636    0.007635
4662    0.005841
4672    0.009689
4777    0.013108
4871    0.006889
4946    0.010282
4947    0.013915
4956    0.012710
5070    0.011075
5179    0.008407
5274    0.010119
5501    0.003276
5532    0.004131
5573    0.007747
5584    0.008484
5628    0.014160
5707    0.009111
5745    0.006734
5769    0.009314
5770    0.009967
5992    0.011602
6042    0.008189
6323    0.015270
6372    0.007858
6430    0.007187
6630    0.015611
6715    0.008914
6809    0.007055
6827    0.006929
6828    0.012168
6994    0.008564
7106    0.011324
7199    0.005100
7323    0.014871
7325    0.007327
7787    0.007279
7802    0.002188
7989    0.011531
8025    0.004521
8040    0.004181
8107    0.007549
8281    0.007990
8323    0.005946
8500    0.003630
8533    0.005463
8568    0.003680
8581    0.003660
8630    0.008508
8725    0.013236
8781    0.005081
8822    0.010119
8845    0.011632
8964    0.006520
9003    0.006056
9127    0.008121
9180    0.011324
9200    0.004492
9304    0.016108
9384    0.016506
9454    0.009569
9812    0.005766
9947    0.003850
9995    0.013236
10074    0.004736
10105    0.004704
10215    0.005621
10307    0.014871
10334    0.014403
10338    0.014160
10355    0.008822
10790    0.007865
10837    0.005195
10892    0.003691
10898    0.008564
10981    0.010119
11014    0.030279
11016    0.009325
11184    0.007635
11334    0.004990
11355    0.003208
11358    0.005575
11503    0.003850
11683    0.003109
11729    0.005420
11750    0.004421
11902    0.020238
12005    0.003320
12047    0.010282
12048    0.006355
12079    0.012280
12085    0.005741
12202    0.007528
12287    0.014871
12345    0.004507
12389    0.013236
12414    0.008822
12519    0.015761
12764    0.009111
12775    0.016506
12889    0.011355
12978    0.007098
13050    0.004168
13151    0.008914
13319    0.010755
13351    0.003872
13355    0.011518
13357    0.009244
13434    0.001499
13454    0.010282
13462    0.007279
13529    0.006970
13543    0.010645
13568    0.006056
14063    0.005137
14065    0.001950
14124    0.006625
14183    0.011602
14304    0.007476
14320    0.005598
14498    0.004393
14701    0.009011
14719    0.008733
14742    0.003370
14833    0.016506
14874    0.011892
14946    0.009561
14951    0.013915
15032    0.007327
15037    0.009441
15158    0.010119
15204    0.005485
15484    0.014196
15623    0.006323
15687    0.011917
15712    0.005274
15910    0.005973
16029    0.006520
16030    0.006056
16116    0.004902
16237    0.004536
16437    0.006889
16490    0.007233
16585    0.019190
16592    0.003551
16658    0.013236
16707    0.011892
16729    0.002690
16734    0.003311
16772    0.006697
16836    0.012710
16862    0.011581
16937    0.009689
16941    0.003085
17037    0.005215
17235    0.089227
17281    0.009283
17292    0.010390
17345    0.014851
17484    0.005503
17530    0.010851
17875    0.006734
17916    0.006028
17931    0.007581
17944    0.010457
18005    0.004207
18167    0.012700
18174    0.012280
18182    0.017824
18326    0.006554
18438    0.009325
18528    0.016506
18565    0.029067
18725    0.006661
18726    0.012584
18882    0.003560
18883    0.005062
18896    0.040476
18940    0.007990
18948    0.009111
19125    0.012168
19127    0.012934
19128    0.006028
19277    0.022276
19366    0.002294
19383    0.007635
19438    0.012280
19464    0.004611
19580    0.009441
19648    0.008733
19685    0.006142
19727    0.023833
19736    0.006661
19785    0.013653
19945    0.008733
20090    0.019603
20256    0.017643
20260    0.015435
20275    0.004046
20276    0.012280
20281    0.005973
20282    0.003610
20288    0.009824
20632    0.012710
20681    0.016506
20768    0.003884
20803    0.003276
21065    0.014284
21115    0.003872
21118    0.006387
21122    0.005420
21150    0.007528
21253    0.014518
21254    0.005137
