258
333    0.004585
460    0.007434
689    0.009248
1081    0.008664
1097    0.006138
1157    0.006512
1163    0.017328
1283    0.014675
1309    0.006016
1440    0.023074
1451    0.004361
1604    0.008356
1633    0.008599
1668    0.030687
1681    0.015033
1698    0.004970
1741    0.013733
1746    0.028095
1762    0.004698
1830    0.012043
1986    0.016506
2102    0.004585
2108    0.015445
2122    0.009506
2211    0.010478
2277    0.007692
2280    0.010229
2604    0.006372
2618    0.010754
2723    0.005118
2745    0.005441
2819    0.005810
2826    0.008868
2853    0.009089
2909    0.008599
3089    0.004373
3129    0.011232
3583    0.004017
3743    0.010959
3745    0.008080
3861    0.008940
3862    0.007783
4173    0.008414
4240    0.003754
4258    0.005084
4309    0.018321
4324    0.006372
4380    0.014058
4456    0.007517
4486    0.009168
4543    0.012569
4637    0.009014
4695    0.010613
4899    0.010844
5074    0.012176
5075    0.006376
5116    0.011063
5241    0.014692
5331    0.008798
5368    0.036641
5495    0.003514
5501    0.007272
5521    0.007927
5523    0.014627
5925    0.010113
5988    0.007434
5991    0.026887
6042    0.009089
6372    0.008721
6628    0.011321
6715    0.009894
6808    0.009089
6809    0.007830
6908    0.004531
6984    0.005460
7109    0.012293
7168    0.007292
7199    0.011321
7376    0.018321
7456    0.012376
7466    0.006455
7493    0.008536
7531    0.004756
7595    0.017836
7753    0.005002
7802    0.002429
7971    0.018321
7985    0.009014
8040    0.004641
8041    0.011063
8116    0.003973
8181    0.005992
8193    0.011412
8408    0.019789
8500    0.004029
8534    0.011799
8568    0.004085
8581    0.008124
8596    0.004861
8711    0.012690
8712    0.009506
8845    0.006455
8979    0.018321
9009    0.008940
9023    0.027529
9152    0.035472
9153    0.013506
9450    0.018321
9523    0.007517
9881    0.008868
9939    0.012293
10070    0.018321
10074    0.010513
10246    0.012293
10276    0.016506
10290    0.006345
10334    0.021316
10335    0.010351
10338    0.005239
10354    0.013082
10411    0.007314
10589    0.006817
10645    0.011816
10837    0.002883
10846    0.006138
10892    0.008193
11103    0.002078
11201    0.004336
11218    0.003920
11355    0.003561
11358    0.006188
11401    0.009894
11434    0.005035
11570    0.005723
11684    0.008536
11750    0.004907
11753    0.008730
11984    0.007475
12005    0.007369
12042    0.008242
12122    0.004599
12230    0.011362
12245    0.004830
12279    0.010904
12283    0.003608
12321    0.036641
12364    0.011412
12505    0.006630
12551    0.004771
12659    0.006188
12684    0.003856
12720    0.012043
12763    0.008242
12987    0.002630
13228    0.011754
13280    0.014692
13357    0.002565
13434    0.003327
13647    0.004861
13803    0.009014
13892    0.009506
13896    0.009331
13897    0.008599
14065    0.015151
14093    0.031133
14183    0.012877
14365    0.011063
14406    0.016675
14425    0.004311
14498    0.004876
14520    0.012043
14537    0.015456
14539    0.016265
14701    0.010001
14742    0.001870
14752    0.011063
15204    0.006088
15207    0.018834
15209    0.019386
15210    0.006512
15420    0.018321
15421    0.018321
15555    0.006318
15804    0.012877
15910    0.026519
15911    0.009598
15912    0.014180
16218    0.018321
16371    0.007647
16396    0.008187
16585    0.003195
16612    0.008940
16729    0.005972
16732    0.004558
16921    0.007314
16923    0.005084
16941    0.006849
16944    0.014816
16959    0.005519
17108    0.007054
17374    0.009168
17413    0.008536
17447    0.008940
17661    0.009792
17817    0.008536
17868    0.007314
17884    0.012877
17889    0.011063
17916    0.006691
18003    0.006984
18133    0.008028
18138    0.007603
18159    0.007018
18167    0.002819
18179    0.006541
18182    0.002826
18203    0.006088
18205    0.009894
18340    0.007475
18560    0.010613
18652    0.004756
18726    0.048886
18898    0.020848
18903    0.008664
19046    0.007054
19169    0.014706
19177    0.005257
19226    0.004348
19366    0.007639
19411    0.009168
19426    0.003598
19536    0.011412
19772    0.006239
19773    0.009198
19844    0.001714
19876    0.015445
19997    0.008356
20090    0.003108
20215    0.011816
20260    0.009345
20282    0.016026
20336    0.012293
20481    0.008664
20713    0.004954
20716    0.014473
20768    0.008621
20803    0.003636
20844    0.003825
20916    0.018179
21065    0.031709
21115    0.004298
21122    0.006016
21135    0.009506
21150    0.006267
21253    0.024172
21254    0.011404
21258    0.053208
21259    0.008133
