41
1856    0.125530
1862    0.030348
1889    0.085165
2737    0.051136
3501    0.077260
3571    0.054887
3618    0.051570
4637    0.073259
4811    0.064430
4915    0.134157
5079    0.048702
5096    0.039015
5924    0.070418
6758    0.064946
7330    0.044537
8534    0.047948
9664    0.049884
10846    0.049884
10942    0.100586
11569    0.042295
12307    0.135045
13501    0.037833
13909    0.058817
14604    0.063713
14742    0.015199
15019    0.062882
15597    0.097885
15906    0.051352
16734    0.029868
17643    0.046005
18247    0.055144
18451    0.074511
19177    0.042725
19266    0.043164
19366    0.020695
19410    0.027547
19444    0.070956
19698    0.114661
19945    0.078780
20601    0.103140
21307    0.048511
