35
1204    0.063784
1296    0.165931
1297    0.184171
1741    0.069028
2173    0.054891
2285    0.121069
3175    0.155260
3485    0.079198
3583    0.040386
4237    0.132963
5621    0.132963
6310    0.123577
6681    0.099464
6828    0.067886
8777    0.079198
10614    0.094666
12605    0.141813
12675    0.056901
12932    0.079198
13777    0.105336
14480    0.149454
14815    0.055478
15792    0.065177
16521    0.083996
16529    0.052489
16959    0.055478
17094    0.087762
18055    0.083996
18212    0.118779
18567    0.079690
19010    0.092158
19327    0.043458
19485    0.075141
19685    0.068528
20260    0.015656
