37
212    0.084229
219    0.049802
244    0.110012
2321    0.090584
2569    0.089795
3050    0.049802
3162    0.094940
5202    0.115568
6262    0.072022
7087    0.074042
7377    0.050296
7965    0.082418
8101    0.077167
9086    0.110012
10837    0.028240
10975    0.153394
11103    0.020358
11201    0.042466
11729    0.058924
11841    0.029614
12005    0.036090
12110    0.048527
12904    0.047019
13219    0.080187
13434    0.016294
13552    0.120408
14104    0.123110
15500    0.090584
15603    0.100191
16862    0.062954
16932    0.111781
17051    0.052558
18499    0.073625
18625    0.096914
18796    0.129554
19785    0.049477
20108    0.086178
