83
469    0.020549
666    0.028219
991    0.066024
1415    0.027556
1614    0.027556
2102    0.016523
2277    0.013859
2344    0.015946
2383    0.047666
3011    0.043402
3013    0.031707
3607    0.038246
3726    0.046125
4380    0.063326
4456    0.027088
4639    0.032483
4948    0.049120
5010    0.037762
5217    0.032217
5501    0.013104
5573    0.061980
5866    0.017684
6049    0.031223
6372    0.015715
7010    0.032217
7199    0.020398
7595    0.021426
7798    0.033628
8281    0.031958
8581    0.014639
8845    0.023263
9179    0.028049
9304    0.032217
9398    0.020703
9411    0.037603
9965    0.044301
10215    0.022485
10338    0.018880
10578    0.057862
11090    0.033628
11340    0.063917
11398    0.040476
11453    0.030990
11503    0.015401
11902    0.121428
12263    0.082254
12273    0.020780
12898    0.059403
12987    0.009477
12999    0.021737
14063    0.041099
14124    0.026499
14224    0.034257
14523    0.026499
15135    0.031462
15712    0.021098
15906    0.045539
16267    0.055659
16862    0.023162
17094    0.031462
17281    0.037133
17407    0.021260
17875    0.026937
18167    0.010160
18282    0.020472
18504    0.059485
18565    0.038756
18726    0.025168
18882    0.028482
19126    0.066024
19127    0.017246
19277    0.059403
19383    0.030541
19453    0.044417
19718    0.025168
19789    0.059485
20260    0.011225
20282    0.014438
20465    0.033038
20760    0.028748
20785    0.022392
20803    0.013104
21253    0.014518
