411
73    0.016040
370    0.004458
449    0.005335
661    0.006810
666    0.004748
790    0.008265
823    0.008020
920    0.004868
976    0.010009
1113    0.007454
1157    0.003949
1184    0.003288
1221    0.007164
1274    0.005377
1451    0.005288
1466    0.009613
1480    0.005176
1529    0.004277
1643    0.007621
1646    0.004076
1668    0.006202
1707    0.004095
1762    0.002848
1946    0.005608
1969    0.005820
1972    0.005937
2067    0.011109
2156    0.009439
2170    0.005764
2306    0.009365
2396    0.002994
2432    0.001918
2455    0.009365
2508    0.014158
2644    0.009674
2652    0.006920
2688    0.007761
2715    0.007808
2723    0.003103
2744    0.002975
2764    0.008554
2853    0.005511
2855    0.006810
2867    0.009065
3044    0.012128
3268    0.006810
3464    0.006708
3588    0.006612
3593    0.006397
3596    0.013042
3597    0.006521
3637    0.008908
3672    0.005465
3713    0.013375
3715    0.005421
3721    0.007808
3875    0.009365
3881    0.009496
3886    0.005066
3890    0.007164
3903    0.008387
3950    0.006064
3978    0.007037
4150    0.004807
4240    0.006829
4271    0.011755
4326    0.011109
4459    0.022217
4501    0.012704
4562    0.007454
4563    0.011109
4576    0.005559
4586    0.006920
4620    0.011755
4636    0.005139
4740    0.007164
4757    0.008265
4783    0.008554
4862    0.008554
4870    0.003432
4899    0.009863
5022    0.014075
5032    0.010009
5034    0.008554
5113    0.009365
5137    0.006612
5152    0.009115
5331    0.005335
5402    0.011109
5469    0.007303
5501    0.004410
5502    0.007621
5532    0.002780
5541    0.008554
5556    0.004173
5563    0.004458
5614    0.003815
5616    0.006810
5626    0.004719
5675    0.017998
5718    0.027659
5719    0.018932
5725    0.048067
5764    0.007037
5768    0.008265
5856    0.003563
5991    0.004076
6169    0.008020
6376    0.005710
6397    0.011109
6429    0.004483
6560    0.008020
6596    0.002797
6663    0.005335
6699    0.006132
6705    0.003768
6734    0.004610
6756    0.004193
6758    0.014536
6809    0.004748
6904    0.007164
6926    0.006435
6984    0.003311
6989    0.008908
7097    0.004277
7168    0.002211
7391    0.006920
7441    0.005335
7508    0.009928
7509    0.005877
7642    0.004483
7709    0.005066
7736    0.003265
7746    0.006202
7802    0.001473
7935    0.005214
8015    0.009365
8078    0.008937
8146    0.008020
8165    0.006521
8300    0.006276
8342    0.005511
8374    0.014908
8476    0.003550
8478    0.007621
8533    0.003677
8536    0.004931
8603    0.037214
8605    0.011109
8616    0.006132
8618    0.007808
8624    0.027501
8639    0.012831
8640    0.005559
8673    0.007303
9118    0.003510
9200    0.003023
9320    0.004636
9388    0.022699
9395    0.006521
9455    0.005421
9459    0.005253
9460    0.005999
9518    0.002364
9533    0.003458
9692    0.004435
9742    0.008265
9799    0.006202
9873    0.003458
9881    0.005377
9939    0.007454
9963    0.005710
9971    0.005999
10103    0.008908
10263    0.006612
10290    0.003847
10401    0.006435
10445    0.004719
10525    0.004964
10558    0.019305
10605    0.010003
10625    0.013840
10637    0.005139
10797    0.011109
10806    0.008908
10837    0.001748
10897    0.003242
10998    0.011109
11018    0.005820
11062    0.005335
11103    0.001260
11112    0.015415
11146    0.003706
11173    0.006810
11178    0.008077
11180    0.004981
11184    0.005139
11201    0.002629
11213    0.003536
11327    0.005937
11344    0.005253
11358    0.007504
11380    0.008020
11478    0.007164
11503    0.002591
11562    0.005294
11569    0.003155
11677    0.007808
11683    0.002093
11747    0.016534
11756    0.011109
11757    0.003722
11782    0.002755
11841    0.005500
11872    0.007037
11889    0.004837
11972    0.006810
11990    0.011109
12005    0.002234
12021    0.008020
12095    0.004435
12109    0.004964
12207    0.006521
12297    0.016529
12300    0.005697
12302    0.006920
12354    0.007164
12358    0.006920
12421    0.013522
12484    0.008020
12510    0.014329
12519    0.002652
12535    0.007621
12551    0.002893
12641    0.007303
12677    0.005877
12817    0.003783
12855    0.002569
12917    0.009365
12954    0.015616
12982    0.024060
12987    0.009567
13014    0.002443
13050    0.002805
13144    0.010009
13157    0.004719
13195    0.005335
13198    0.005511
13200    0.011109
13237    0.011109
13347    0.005139
13434    0.001009
13462    0.004899
13466    0.005198
13470    0.005139
13495    0.006276
13897    0.005214
13899    0.008917
13910    0.006106
13983    0.005999
14058    0.005877
14104    0.007621
14220    0.010009
14316    0.007267
14414    0.008554
14439    0.002675
14452    0.006612
14453    0.024656
14536    0.004807
14537    0.003124
14539    0.004931
14563    0.008020
14682    0.007164
14742    0.001134
14745    0.005095
14826    0.006612
15000    0.008020
15063    0.003177
15080    0.005253
15271    0.036852
15274    0.017459
15555    0.011493
15818    0.003383
15821    0.004807
15822    0.003299
15848    0.005608
15874    0.026267
15897    0.008020
15899    0.008554
15910    0.004020
15928    0.019402
15931    0.035477
16065    0.006810
16071    0.008908
16193    0.008908
16215    0.012870
16237    0.003053
16312    0.019835
16321    0.004095
16349    0.006276
16353    0.004997
16362    0.005139
16374    0.007303
16425    0.013840
16426    0.008265
16445    0.007808
16448    0.008020
16504    0.014329
16509    0.007662
16585    0.003875
16684    0.008265
16729    0.005431
16734    0.002228
16802    0.010009
16890    0.015306
16892    0.027327
16907    0.009279
17025    0.060274
17027    0.036916
17028    0.008908
17031    0.008265
17042    0.008020
17135    0.011109
17144    0.002505
17373    0.006354
17395    0.005937
17484    0.005555
17586    0.008020
17588    0.004868
17817    0.005176
17870    0.003470
17962    0.008265
17964    0.005820
18005    0.002831
18085    0.008554
18167    0.001709
18182    0.003427
18282    0.001722
18368    0.011109
18370    0.028095
18435    0.003931
18446    0.005066
18454    0.013621
18455    0.011109
18543    0.006354
18579    0.006064
18580    0.004931
18584    0.007303
18652    0.002884
18706    0.006435
18709    0.008265
18728    0.006064
18729    0.008265
18789    0.008554
18882    0.002396
18885    0.006810
18888    0.003722
18898    0.004214
18967    0.010009
18975    0.011109
19097    0.021826
19223    0.004020
19226    0.002636
19232    0.006967
19261    0.003323
19278    0.001993
19351    0.024809
19353    0.010009
19363    0.009365
19366    0.003088
19410    0.002055
19426    0.002182
19437    0.010352
19464    0.003103
19489    0.011109
19535    0.004038
19711    0.010009
19772    0.003783
19773    0.002789
19785    0.003063
19820    0.003752
19844    0.005195
19907    0.006064
20040    0.011109
20260    0.000944
20301    0.007808
20429    0.011109
20452    0.003966
20464    0.003334
20465    0.005559
20540    0.022918
20545    0.006354
20605    0.006521
20695    0.004837
20768    0.005227
20803    0.002205
20844    0.004639
20845    0.004532
20848    0.011535
20868    0.002450
20978    0.005102
20993    0.003984
21002    0.008265
21005    0.010649
21020    0.006276
21058    0.003254
21094    0.005139
21150    0.003800
21266    0.006008
21279    0.007968
21331    0.009365
