357
147    0.004312
219    0.004072
314    0.006124
333    0.003672
428    0.007046
441    0.006992
449    0.007046
455    0.004915
534    0.007842
666    0.006271
786    0.005735
1065    0.010066
1081    0.006938
1135    0.010592
1250    0.007473
1255    0.006887
1272    0.005358
1283    0.015670
1284    0.045191
1286    0.008732
1332    0.012369
1400    0.009295
1403    0.013291
1415    0.006124
1451    0.003492
1530    0.011766
1557    0.086581
1558    0.014672
1570    0.012369
1574    0.014672
1579    0.013219
1608    0.011298
1631    0.011298
1633    0.006887
1681    0.006020
1692    0.006992
1699    0.001742
1741    0.002750
1746    0.004500
1752    0.006429
1762    0.003762
1844    0.008995
1878    0.008859
1886    0.012369
1956    0.010313
1970    0.007542
2008    0.006787
2015    0.006739
2020    0.016998
2093    0.030718
2174    0.006887
2188    0.008009
2217    0.009139
2277    0.006160
2280    0.008192
2281    0.011412
2283    0.005889
2314    0.013219
2410    0.011298
2432    0.002534
2547    0.010313
2601    0.008995
2604    0.005103
2613    0.008859
2701    0.013219
2706    0.008170
2744    0.003930
2745    0.004358
2756    0.009845
2806    0.005170
2882    0.016001
2920    0.006471
2935    0.011766
3089    0.003502
3090    0.018699
3215    0.010313
3274    0.010313
3396    0.009830
3397    0.005953
3460    0.008859
3567    0.006904
3571    0.005408
3603    0.008289
3644    0.008499
3672    0.007218
3912    0.007102
4065    0.010592
4108    0.013219
4141    0.006233
4195    0.003955
4258    0.008144
4265    0.007613
4271    0.007762
4295    0.013219
4324    0.005103
4380    0.014073
4450    0.003980
4461    0.005459
4697    0.005383
4743    0.007159
4926    0.005334
5074    0.004876
5075    0.002553
5333    0.011766
5338    0.014672
5501    0.002912
5532    0.003672
5535    0.007102
5696    0.011766
5861    0.011298
5864    0.009295
5881    0.007613
5929    0.010916
5977    0.003968
6456    0.013219
6474    0.010916
6558    0.009645
6715    0.007924
6717    0.013219
6740    0.029344
6827    0.012319
6918    0.005857
7112    0.010916
7168    0.008759
7181    0.004895
7281    0.007924
7284    0.010592
7380    0.005565
7431    0.008732
7455    0.011766
7463    0.016783
7475    0.009139
7733    0.012369
7802    0.001945
7989    0.005125
8021    0.011131
8025    0.004019
8040    0.007433
8078    0.002951
8105    0.013383
8107    0.003355
8116    0.006364
8193    0.009139
8284    0.011298
8294    0.012369
8570    0.010916
8630    0.010083
8633    0.012369
8638    0.006088
8781    0.022582
8783    0.019347
8962    0.013219
9105    0.008732
9118    0.004635
9120    0.013219
9137    0.007613
9214    0.006739
9249    0.011298
9277    0.013219
9364    0.004915
9380    0.013219
9408    0.008192
9411    0.002785
9492    0.017719
9502    0.005953
9518    0.006244
9523    0.006020
9700    0.010313
9747    0.005953
9878    0.008289
9947    0.006845
9980    0.006159
10290    0.005081
10397    0.054177
10458    0.079313
10459    0.013219
10575    0.016783
10593    0.007762
10790    0.006992
10826    0.009139
10829    0.008612
10836    0.007762
10837    0.004618
10881    0.006309
11014    0.010766
11016    0.008289
11102    0.012369
11117    0.007278
11146    0.004895
11180    0.009869
11207    0.005262
11271    0.005170
11401    0.007924
11415    0.006124
11500    0.010592
11729    0.004818
11841    0.007264
11937    0.009645
11984    0.005986
12109    0.006556
12110    0.007935
12146    0.013219
12245    0.011605
12273    0.009236
12277    0.015525
12279    0.008732
12283    0.008667
12317    0.013219
12332    0.009139
12551    0.003820
12607    0.010313
12613    0.006692
12625    0.010916
12644    0.018279
12648    0.008392
12665    0.021831
12763    0.006600
12904    0.003844
12907    0.005889
12976    0.010313
12978    0.006309
13052    0.012369
13122    0.010066
13154    0.005538
13155    0.009845
13157    0.006233
13319    0.004780
13370    0.006787
13434    0.001332
13466    0.003432
13482    0.005621
13568    0.005383
13580    0.003575
13784    0.010916
13910    0.004032
14054    0.006787
14065    0.001733
14068    0.013219
14279    0.010916
14322    0.006692
14498    0.003905
14526    0.009462
14650    0.013219
14713    0.010066
14742    0.002995
14790    0.013219
14883    0.010066
14925    0.013219
15063    0.004196
15105    0.008499
15130    0.008499
15209    0.007762
15244    0.013219
15294    0.008392
15297    0.010592
15318    0.011298
15684    0.007046
15710    0.006196
15748    0.012369
15778    0.005485
15822    0.004358
15927    0.006124
15952    0.004876
16011    0.010066
16117    0.005238
16136    0.009295
16176    0.007473
16190    0.011766
16269    0.006992
16326    0.011766
16449    0.010592
16479    0.011298
16486    0.007218
16489    0.007342
16502    0.011766
16574    0.011298
16585    0.003412
16612    0.021478
16692    0.007613
16794    0.008392
16902    0.012369
16921    0.005857
16936    0.013219
16941    0.002742
16954    0.007406
17037    0.004635
17097    0.024738
17106    0.008099
17117    0.003585
17144    0.003308
17145    0.008392
17292    0.004618
17372    0.007218
17572    0.010592
17757    0.007218
17760    0.011298
17764    0.013219
17782    0.010294
17854    0.006471
17868    0.005857
17870    0.018334
17875    0.011972
17887    0.011766
17950    0.009462
18021    0.009139
18167    0.006773
18179    0.005238
18182    0.002263
18282    0.002275
18336    0.008192
18382    0.005565
18405    0.011298
18438    0.008289
18493    0.007762
18655    0.004688
18703    0.007613
18866    0.009645
18882    0.003165
18940    0.007102
18948    0.008099
18951    0.007102
19037    0.006054
19127    0.007665
19128    0.005358
19373    0.018589
19410    0.002714
19528    0.019689
19540    0.013219
19543    0.005192
19546    0.014204
19569    0.007924
19589    0.007218
19707    0.004799
20090    0.002489
20260    0.004989
20282    0.003208
20425    0.011298
20426    0.008859
20440    0.008859
20507    0.008732
20533    0.012369
20557    0.004856
20657    0.010313
20717    0.011217
20768    0.003452
20902    0.004837
20949    0.013219
21058    0.004297
21085    0.005765
21150    0.003346
21155    0.005921
21247    0.004254
21253    0.025810
21254    0.009133
21258    0.014204
21259    0.006513
21328    0.011766
