341
177    0.012633
219    0.003506
314    0.005273
333    0.003162
479    0.005761
504    0.007053
688    0.008667
710    0.011382
799    0.014831
1017    0.006618
1069    0.005929
1099    0.004451
1174    0.011382
1419    0.008667
1435    0.006618
1440    0.005303
1490    0.010183
1496    0.013503
1501    0.012633
1614    0.015818
1691    0.004021
1707    0.004656
1741    0.014204
1762    0.003239
1859    0.010545
1924    0.007225
1942    0.006115
2014    0.025081
2015    0.005802
2080    0.008879
2093    0.003778
2102    0.003162
2109    0.008304
2277    0.002652
2344    0.006102
2380    0.011444
2432    0.004363
2457    0.037077
2470    0.012535
2604    0.008788
2644    0.005500
2714    0.006434
2744    0.006767
2882    0.004592
3013    0.030333
3077    0.004746
3089    0.012062
3284    0.007745
3341    0.004052
3404    0.010130
3451    0.004792
3586    0.008667
3592    0.006896
3607    0.065860
3646    0.011382
3727    0.014636
3732    0.005571
3839    0.008879
3850    0.004635
3911    0.004656
4142    0.011859
4176    0.006684
4240    0.002588
4252    0.010650
4253    0.011382
4260    0.004571
4371    0.010130
4380    0.033926
4468    0.006493
4480    0.005802
4662    0.017882
4696    0.008476
4777    0.005016
4829    0.009728
4836    0.008879
4867    0.010130
4871    0.005273
4939    0.007519
5043    0.001859
5074    0.004198
5075    0.002198
5156    0.010130
5178    0.007869
5179    0.019302
5202    0.004068
5217    0.006164
5225    0.006164
5440    0.004913
5495    0.002423
5567    0.003552
5573    0.011859
5628    0.007225
5701    0.017333
5745    0.005154
5856    0.004052
5866    0.006767
5879    0.004888
6013    0.012633
6193    0.007869
6281    0.012633
6329    0.012633
6358    0.006215
6532    0.006067
6583    0.008667
6596    0.003181
6630    0.005974
6705    0.004284
6715    0.013645
6984    0.003765
7055    0.010130
7083    0.011382
7168    0.002514
7377    0.003541
7416    0.007225
7563    0.011382
7571    0.004938
7595    0.008199
7948    0.005802
7962    0.007519
7987    0.010032
8019    0.003042
8025    0.010381
8066    0.029183
8068    0.005043
8218    0.003069
8222    0.007628
8275    0.004792
8301    0.007519
8448    0.007053
8466    0.010130
8581    0.002801
8596    0.003352
8630    0.004341
8781    0.003889
8845    0.022256
9016    0.004510
9193    0.006555
9218    0.008667
9304    0.012328
9364    0.004232
9398    0.003961
9411    0.009593
9454    0.003662
9551    0.010650
9593    0.012633
9641    0.014518
9944    0.011444
9947    0.002947
9961    0.007137
10074    0.007249
10175    0.004913
10215    0.008604
10275    0.010130
10334    0.003674
10338    0.007225
10358    0.006434
10369    0.006896
10373    0.010650
10605    0.003792
10614    0.006493
10786    0.021160
10892    0.002825
10981    0.038723
11014    0.004635
11103    0.002866
11218    0.002703
11289    0.004769
11341    0.006215
11401    0.013645
11439    0.005154
11503    0.002947
11683    0.004759
11733    0.007519
11735    0.007519
11739    0.007318
11803    0.007745
11841    0.002085
11902    0.038723
11961    0.007869
11984    0.005154
12047    0.007869
12059    0.010650
12079    0.009398
12110    0.003416
12245    0.003331
12283    0.007463
12413    0.006377
12519    0.003016
12855    0.002922
12880    0.004181
12889    0.011588
12904    0.003310
12974    0.004792
12999    0.002080
13050    0.003190
13125    0.005802
13143    0.005043
13151    0.006822
13319    0.008231
13355    0.008815
13357    0.014150
13434    0.001147
13462    0.011143
13480    0.009398
13568    0.004635
13746    0.009728
13849    0.010650
13895    0.008476
13909    0.009980
13922    0.010130
13965    0.011382
13968    0.007745
14054    0.005844
14063    0.015727
14108    0.008304
14124    0.010140
14212    0.008003
14213    0.008003
14224    0.006555
14304    0.017165
14323    0.004413
14520    0.008304
14538    0.005154
14656    0.006752
14726    0.006164
14742    0.001289
14798    0.008879
14857    0.010425
15035    0.010650
15053    0.009398
15063    0.003612
15158    0.007745
15204    0.004198
15210    0.004490
15334    0.006067
15507    0.006555
15623    0.004839
15667    0.009120
15695    0.004723
15712    0.004037
15775    0.007225
15778    0.004723
15820    0.004375
15906    0.004357
15907    0.003805
16026    0.005466
16299    0.006020
16430    0.007628
16437    0.005273
16509    0.004357
16585    0.014687
16592    0.002717
16707    0.022754
16729    0.002059
16772    0.010251
16886    0.009120
16941    0.009445
17037    0.003991
17051    0.007400
17281    0.010657
17292    0.007952
17366    0.004815
17369    0.005016
17407    0.004068
17454    0.012633
17484    0.008423
17587    0.008476
17868    0.005043
17875    0.010308
17916    0.009227
17926    0.009398
17931    0.011604
18005    0.006439
18007    0.006618
18167    0.001944
18182    0.007795
18186    0.004746
18223    0.006618
18319    0.004232
18366    0.007628
18565    0.044492
18599    0.012633
18652    0.003279
18705    0.007519
18724    0.005571
18725    0.005098
18726    0.004815
18882    0.008175
18883    0.003875
18941    0.007519
18951    0.030574
19003    0.010650
19125    0.004656
19127    0.006599
19128    0.004613
19261    0.003778
19271    0.018713
19277    0.011366
19381    0.006973
19383    0.005844
19555    0.012633
19572    0.006896
19607    0.011382
19615    0.008667
19634    0.006267
19736    0.010195
19785    0.010449
20088    0.005929
20090    0.006430
20094    0.008003
20108    0.006067
20175    0.009398
20260    0.013961
20274    0.004394
20275    0.006192
20281    0.004571
20282    0.008288
20305    0.006321
20460    0.004490
20468    0.006684
20540    0.005212
20632    0.019455
20760    0.005500
20768    0.002972
20785    0.004284
20793    0.034145
20803    0.002507
20841    0.009992
20844    0.005275
20848    0.003279
20927    0.003060
21058    0.003700
21094    0.017531
21115    0.002964
21129    0.002848
21136    0.009398
21150    0.004321
21253    0.002778
21254    0.011795
21258    0.006115
21346    0.006822
