152
15    0.023652
702    0.012828
865    0.034475
2268    0.021840
2277    0.014474
2432    0.011907
2723    0.009631
2947    0.024839
3077    0.012951
3371    0.021840
3521    0.017559
3772    0.023652
3925    0.016961
4202    0.014646
4380    0.039680
4690    0.017251
4946    0.021475
4949    0.029470
5203    0.027646
5414    0.036927
5458    0.019718
5515    0.009353
5573    0.016182
5769    0.009727
5856    0.011059
5916    0.018061
5975    0.010574
5993    0.021475
6042    0.017104
6365    0.011365
6564    0.034475
6670    0.029064
6734    0.014306
6984    0.010275
7168    0.013721
7181    0.011503
7189    0.019971
7199    0.021303
7228    0.016688
7274    0.024232
7403    0.024890
7431    0.020519
7598    0.019971
7754    0.029470
7802    0.013711
7935    0.016182
8275    0.013077
8281    0.033375
8375    0.020817
8500    0.007581
8622    0.010348
8630    0.005923
9016    0.012309
9023    0.012951
9177    0.017559
9411    0.013090
9501    0.031061
9641    0.013207
9804    0.026547
9824    0.017403
10140    0.010933
10334    0.020056
10359    0.031061
10397    0.014145
10551    0.031061
10578    0.045320
10647    0.019971
10714    0.011940
11087    0.012043
11090    0.017559
11118    0.014306
11386    0.011692
11415    0.014389
11503    0.008042
11569    0.009792
11757    0.011550
12110    0.009323
12263    0.042950
12300    0.008840
12684    0.014513
12889    0.007906
12898    0.046528
12900    0.029470
12987    0.004949
12999    0.017026
13295    0.017888
13357    0.019309
13466    0.008065
14063    0.010730
14213    0.021840
14233    0.018820
14538    0.014066
14603    0.023652
14604    0.014751
14681    0.021840
14742    0.007038
14920    0.017888
15140    0.018888
15294    0.019718
15879    0.023133
15906    0.011889
15909    0.021135
15952    0.011457
16030    0.025297
16082    0.022663
16129    0.024232
16259    0.016428
16613    0.024890
16729    0.005619
16734    0.006915
16754    0.024232
16876    0.029064
16933    0.025649
16944    0.009293
17037    0.010892
17105    0.009994
17239    0.029064
17281    0.019390
17366    0.013142
17395    0.018426
17527    0.018820
18143    0.025649
18159    0.013207
18182    0.005318
18526    0.021135
18705    0.020519
18917    0.031061
19046    0.026546
19127    0.018010
19128    0.012590
19173    0.016428
19177    0.009892
19261    0.010312
19349    0.014646
19366    0.014374
19437    0.016063
19453    0.034790
20090    0.005849
20260    0.005861
20282    0.015078
20465    0.017251
20554    0.038956
20713    0.009323
20785    0.035077
20868    0.007602
20916    0.017104
21054    0.027646
21120    0.011059
21150    0.003931
21154    0.046265
21212    0.025649
21253    0.030324
