36
333    0.039806
1081    0.075219
1163    0.075219
1275    0.080290
1633    0.074658
2277    0.066776
3164    0.111797
4240    0.032591
4310    0.255101
4380    0.030512
4576    0.079591
5769    0.044878
7755    0.100763
9961    0.089863
10334    0.092530
10338    0.045484
10837    0.025031
11103    0.018044
12551    0.041417
14742    0.032472
15941    0.268177
16207    0.070607
16585    0.009246
16592    0.034215
16612    0.077613
18005    0.040536
18167    0.024476
18182    0.024537
19127    0.041546
20090    0.026986
20260    0.040564
20282    0.034783
20716    0.062827
21188    0.073575
21253    0.034976
21254    0.099010
