50
610    0.046347
1243    0.075271
1436    0.044231
1845    0.059431
1855    0.103507
3583    0.026924
3618    0.042523
4153    0.058064
4574    0.075271
4811    0.053127
5096    0.064341
5567    0.069055
5879    0.047510
6758    0.026776
6761    0.033633
6844    0.047752
7330    0.036723
7989    0.042888
8918    0.040638
9152    0.059431
9517    0.028641
11468    0.043074
12307    0.037118
12684    0.025843
12999    0.020212
13355    0.028559
13501    0.093587
13886    0.030636
14391    0.051850
14742    0.012533
14745    0.028156
15555    0.042343
15791    0.047271
15988    0.061978
16063    0.096997
16235    0.110620
16585    0.007137
16734    0.024628
17115    0.060915
17643    0.037934
18939    0.122781
19169    0.049278
19366    0.017064
19410    0.045429
19757    0.060915
20457    0.122781
20620    0.073188
20841    0.032372
21087    0.035713
21310    0.049818
