151
333    0.008461
370    0.013569
1163    0.047966
1204    0.011709
1440    0.028387
1451    0.008047
1681    0.027743
1698    0.018344
1699    0.004014
1740    0.012347
1741    0.006336
1746    0.010369
1862    0.006891
2014    0.013425
2102    0.008461
2174    0.015869
2209    0.025153
2277    0.014194
2344    0.016331
2933    0.017542
3089    0.016141
3164    0.023764
3574    0.013718
3743    0.010112
3861    0.016498
3874    0.030461
4240    0.006927
4310    0.162673
4334    0.033809
4380    0.012971
4536    0.014111
4571    0.017067
4581    0.015989
4872    0.015528
4899    0.010006
4992    0.025153
5043    0.014925
5075    0.005883
5487    0.014450
5769    0.028618
5866    0.009056
5988    0.041154
6046    0.019337
6997    0.033809
7199    0.020891
7349    0.017712
7350    0.023764
7406    0.017712
7595    0.032915
8116    0.007333
8275    0.025649
8623    0.022225
8630    0.023236
9105    0.020122
9510    0.012071
9526    0.017378
9798    0.009476
10074    0.048504
10245    0.021060
10261    0.008461
10334    0.019668
10422    0.014629
10837    0.010641
10846    0.011326
10850    0.040830
10892    0.007559
11103    0.003836
11162    0.024409
11750    0.009056
11757    0.011326
11787    0.021805
12005    0.006800
12283    0.006658
12551    0.008804
12889    0.007753
12927    0.034258
12949    0.014815
12987    0.004853
12999    0.016697
13035    0.054224
13295    0.017542
13357    0.004734
14406    0.010258
14537    0.009508
14742    0.006902
14752    0.020415
14868    0.018259
14920    0.017542
15008    0.020727
15240    0.028502
15591    0.014450
15704    0.022686
15822    0.010041
15910    0.012235
15912    0.008722
16005    0.028502
16110    0.030461
16207    0.015008
16575    0.014815
16592    0.007273
16707    0.024359
16729    0.005510
16732    0.008411
16734    0.006782
16941    0.018959
16944    0.009114
17353    0.033809
17470    0.067618
17884    0.023764
18006    0.027112
18167    0.015608
18182    0.010431
18282    0.010483
18670    0.011759
18726    0.012888
19127    0.017662
19128    0.012347
19225    0.011373
19370    0.010762
19426    0.006640
19437    0.015753
19541    0.021805
19825    0.024409
20090    0.011472
20123    0.027112
20149    0.027112
20260    0.002874
20282    0.007393
20587    0.028555
20588    0.018456
20593    0.019337
20713    0.009143
20716    0.013355
20768    0.007955
20859    0.017378
20868    0.007455
20994    0.014539
21065    0.014629
21115    0.007932
21122    0.011102
21129    0.007623
21141    0.017712
21150    0.007710
21188    0.015639
21191    0.015209
21247    0.004901
21253    0.014869
21254    0.031569
21258    0.032730
21259    0.015008
21279    0.012125
