141
15    0.026674
103    0.012818
2277    0.016323
2432    0.013428
2691    0.020780
2723    0.010862
2745    0.011547
2947    0.028013
3089    0.009281
3371    0.024631
3521    0.019803
3772    0.026674
3925    0.019129
3993    0.035030
4202    0.016518
4317    0.020173
4380    0.029834
4690    0.019456
4946    0.024219
4949    0.033235
5278    0.038881
5414    0.027763
5458    0.022238
5515    0.010548
5573    0.018250
5769    0.010970
5975    0.011925
6042    0.019290
6670    0.032777
6734    0.016134
6984    0.011588
7168    0.015475
7180    0.018387
7181    0.012973
7189    0.022523
7199    0.024025
7228    0.018820
7403    0.028070
7431    0.023141
7598    0.022523
7754    0.016618
7802    0.010309
7935    0.018250
8068    0.015521
8275    0.014748
8281    0.018820
8406    0.023836
8622    0.011670
8630    0.006680
9016    0.013882
9023    0.014606
9177    0.019803
9411    0.007381
9499    0.024631
9641    0.014895
9804    0.029939
9824    0.019627
10140    0.012330
10334    0.022619
10359    0.035030
10397    0.015952
10551    0.035030
10578    0.017037
10714    0.013466
10819    0.038881
11087    0.013581
11090    0.019803
11386    0.013186
11415    0.016228
11569    0.011044
11757    0.013025
12110    0.010514
12209    0.038881
12263    0.024219
12300    0.009969
12684    0.008184
12889    0.008916
12898    0.104945
12987    0.005581
12999    0.038402
13295    0.040347
13357    0.027220
14063    0.024203
14213    0.024631
14233    0.021225
14389    0.038881
14538    0.015863
14603    0.026674
14604    0.008318
14681    0.024631
14742    0.003969
14746    0.015521
14781    0.020570
14920    0.020173
15140    0.021301
15294    0.022238
15411    0.038881
15879    0.026088
16022    0.038881
16082    0.025559
16585    0.002260
16729    0.012673
16754    0.027328
16876    0.032777
16933    0.028926
16944    0.010481
17037    0.012283
17105    0.011271
17281    0.010934
17366    0.014821
17395    0.020780
18133    0.017037
18159    0.014895
18182    0.005998
18238    0.038881
18282    0.006028
18526    0.023836
18705    0.023141
18917    0.035030
19046    0.014969
19127    0.020311
19128    0.014199
19177    0.011156
19211    0.024631
19212    0.015863
19261    0.011629
19349    0.016518
19366    0.010807
20090    0.006596
20260    0.009916
20282    0.008502
20465    0.019456
20554    0.021967
20713    0.010514
20785    0.039559
20868    0.008573
21054    0.031179
21120    0.012472
21141    0.020368
21150    0.004433
21253    0.034198
