30
2277    0.047390
2819    0.071593
4380    0.043307
4949    0.192979
5708    0.118268
5769    0.063698
5866    0.060469
6705    0.076566
7753    0.061642
8505    0.090608
8638    0.093683
11987    0.138402
12987    0.032405
13357    0.031610
15240    0.190319
16732    0.056162
16734    0.045284
18106    0.134364
18167    0.034740
18182    0.034826
19370    0.071865
19773    0.056670
20068    0.138402
20092    0.203399
20260    0.019191
20282    0.049369
21115    0.052965
21141    0.118268
21253    0.049643
21279    0.080964
