232
150    0.018266
191    0.008743
212    0.010170
219    0.006013
310    0.018266
539    0.009375
664    0.016684
1184    0.006413
1274    0.010488
1490    0.005822
1698    0.011756
1807    0.019521
1808    0.013974
1862    0.008832
1949    0.007259
2145    0.021667
2203    0.012097
2275    0.014865
2319    0.010842
2569    0.010842
2912    0.016684
2920    0.009556
2950    0.014243
2972    0.016684
3011    0.014243
3050    0.012026
3053    0.018300
3136    0.021667
3327    0.009618
3451    0.008219
3588    0.025791
3664    0.011137
3789    0.008991
3858    0.009618
3903    0.008179
3905    0.022927
4137    0.005279
4195    0.005841
4359    0.036532
4413    0.012392
4544    0.057317
4545    0.035484
5043    0.003188
5202    0.013954
5221    0.018266
5352    0.015826
5370    0.021667
5414    0.023208
5458    0.012392
5495    0.004156
5501    0.004300
5562    0.011036
6193    0.013497
6262    0.052177
6282    0.021667
6297    0.013974
6372    0.005157
6394    0.013726
6418    0.021667
6454    0.014538
6467    0.013497
6576    0.014243
6596    0.005455
6613    0.007115
6727    0.013283
6999    0.025103
7048    0.008101
7192    0.009261
7257    0.019521
7292    0.014538
7351    0.007472
7366    0.015229
7377    0.012146
7378    0.044549
7406    0.011351
7537    0.013083
7856    0.013283
7896    0.008604
7967    0.011137
7987    0.008604
8019    0.005218
8078    0.004358
8101    0.037270
8107    0.004955
8116    0.009399
8131    0.009375
8147    0.021667
8150    0.018266
8500    0.004764
8581    0.004804
8728    0.018266
8805    0.009205
9398    0.013588
9442    0.009882
9454    0.012562
9517    0.005054
9641    0.016601
9747    0.017583
9798    0.006073
9947    0.005054
9991    0.030740
10095    0.009618
10139    0.019521
10174    0.013283
10259    0.011351
10837    0.003410
10908    0.027452
10909    0.044594
10975    0.018521
10976    0.013083
11103    0.002458
11117    0.005374
11165    0.012896
11201    0.010255
11283    0.008650
11358    0.021955
11415    0.018087
11503    0.005054
11562    0.010325
11613    0.028126
11707    0.017375
11765    0.013974
11786    0.010660
11806    0.014243
11841    0.003576
11958    0.008743
12005    0.004358
12110    0.005859
12118    0.009814
12660    0.007805
12820    0.010573
12866    0.012719
12880    0.007171
12888    0.060917
12889    0.009937
13014    0.004764
13078    0.024785
13157    0.009205
13175    0.030740
13220    0.017375
13352    0.006550
13353    0.008384
13357    0.018203
13434    0.003935
13562    0.021667
13580    0.015838
13606    0.014243
13794    0.011960
14073    0.007504
14163    0.015229
14391    0.009150
14607    0.007348
14754    0.008650
14773    0.011036
15101    0.019521
15406    0.019521
15478    0.010573
15500    0.010937
15603    0.024195
15792    0.007668
15822    0.006435
16060    0.008470
16113    0.013726
16270    0.016684
16358    0.017375
16529    0.018525
16571    0.021667
16585    0.010076
16592    0.004661
16676    0.021145
16862    0.007601
16880    0.007441
16907    0.006033
16932    0.026994
16958    0.009205
17087    0.021667
17094    0.010325
17117    0.005295
17168    0.021667
17281    0.006093
17627    0.019521
17669    0.010285
17731    0.019521
17811    0.009682
18005    0.011044
18082    0.018521
18158    0.008101
18167    0.003334
18169    0.017375
18223    0.022702
18260    0.013726
18326    0.008604
18485    0.012392
18499    0.035559
18502    0.012097
18567    0.009375
18596    0.014243
18625    0.011702
18702    0.011242
18713    0.009043
18924    0.019521
19043    0.005994
19195    0.012241
19215    0.013497
19232    0.013588
19278    0.003887
19327    0.010225
19366    0.003011
19460    0.005025
19480    0.010170
19485    0.008840
19772    0.007379
19773    0.005439
19777    0.014538
19778    0.019521
19844    0.008107
20071    0.012896
20406    0.018266
20432    0.009682
20433    0.012551
20465    0.021684
20582    0.008140
20751    0.015229
20844    0.009048
20927    0.010497
20983    0.006769
21115    0.005083
21122    0.007115
21159    0.017375
21182    0.042730
21195    0.010170
21266    0.005859
