59
18    0.094110
333    0.026142
469    0.032511
702    0.038867
863    0.052269
1163    0.049397
1680    0.044111
2337    0.094110
2344    0.025227
2860    0.073419
3077    0.039240
3089    0.024935
3514    0.167529
4301    0.093352
4380    0.040075
5043    0.015370
5074    0.034712
5414    0.037294
5415    0.037800
5866    0.027978
5977    0.028247
7118    0.075412
7379    0.109442
7408    0.055264
7636    0.129297
7965    0.047975
8783    0.034435
9282    0.062485
9398    0.032754
9411    0.019830
9641    0.040015
9746    0.057657
10096    0.050163
10363    0.064037
11196    0.050561
11838    0.083764
12300    0.026784
12889    0.047907
13295    0.054197
14212    0.066173
15881    0.057657
15907    0.031465
16117    0.037294
16501    0.030700
16592    0.022469
16633    0.068666
16729    0.017024
17281    0.029374
17292    0.032876
17366    0.039818
17552    0.062169
17868    0.041699
18182    0.016114
19127    0.027284
19177    0.029971
20090    0.017722
20275    0.025602
20282    0.022843
20969    0.047975
