311
159    0.012527
405    0.012527
702    0.011625
822    0.007750
1244    0.008623
1436    0.005628
1466    0.006759
1490    0.004198
1604    0.007125
1689    0.009946
1741    0.008783
1746    0.004791
1780    0.008826
1943    0.007750
1999    0.020538
2093    0.004672
2106    0.010482
2114    0.006203
2172    0.007332
2173    0.004656
2344    0.003773
2432    0.002698
2579    0.013169
2658    0.008437
2723    0.004364
2747    0.007175
2951    0.014074
2995    0.015913
3013    0.007502
3038    0.015622
3096    0.014452
3152    0.009433
3341    0.005011
3563    0.004917
3567    0.003676
3583    0.006851
3615    0.014249
3672    0.007686
3686    0.014452
3743    0.023362
3788    0.014151
3789    0.006483
3899    0.015622
3943    0.006935
3944    0.004954
3975    0.021960
4133    0.009170
4153    0.014775
4219    0.024058
4240    0.003201
4260    0.005653
4312    0.011622
4329    0.015622
4456    0.012819
4461    0.005813
4732    0.007279
4776    0.009170
4871    0.006520
4899    0.004623
4926    0.005679
5043    0.006896
5075    0.002718
5093    0.006446
5096    0.012279
5102    0.011278
5316    0.012029
5331    0.007502
5495    0.002997
5550    0.016059
5628    0.004467
5629    0.010980
5678    0.009298
5706    0.008265
5746    0.010269
5843    0.013169
5975    0.004791
6310    0.020964
6313    0.014452
6378    0.009170
6596    0.007866
6624    0.008437
6660    0.010482
6681    0.016873
6683    0.013169
6835    0.010717
6892    0.012527
6984    0.004656
7099    0.015501
7109    0.010482
7168    0.009326
7188    0.005528
7191    0.010482
7262    0.011622
7291    0.010980
7350    0.010980
7460    0.006802
7524    0.004467
7531    0.004055
7607    0.008184
7802    0.004142
7824    0.018595
8019    0.003762
8040    0.003957
8078    0.006284
8107    0.003572
8212    0.009170
8257    0.025055
8308    0.015622
8392    0.014074
8500    0.010305
8513    0.010717
8560    0.013169
8684    0.010075
8689    0.009049
8777    0.006718
8837    0.007332
8862    0.007750
8918    0.005170
9023    0.005868
9056    0.015622
9068    0.009433
9143    0.018227
9200    0.008503
9297    0.008349
9361    0.005504
9411    0.002966
9456    0.009896
9486    0.009298
9510    0.005577
9783    0.008349
9798    0.008757
9812    0.005457
10074    0.004482
10115    0.008826
10121    0.008826
10207    0.011622
10215    0.015960
10268    0.013169
10605    0.004689
10619    0.011278
10668    0.014665
10773    0.005320
10809    0.012029
11103    0.001772
11112    0.004335
11117    0.003875
11157    0.009170
11160    0.019910
11201    0.003697
11217    0.015622
11279    0.011410
11285    0.010075
11355    0.003036
11358    0.010553
11413    0.009298
11415    0.006520
11503    0.003644
11684    0.007279
11729    0.005130
11914    0.015622
12045    0.006677
12071    0.017037
12245    0.004119
12283    0.006152
12480    0.008826
12548    0.005050
12551    0.004068
12605    0.036086
12618    0.006558
12711    0.010717
12855    0.003613
12880    0.005170
12957    0.015622
12960    0.031243
12987    0.002242
13257    0.011622
13285    0.015622
13352    0.009445
13357    0.002187
13388    0.005897
13434    0.004255
13474    0.009433
13488    0.008826
13766    0.015622
13863    0.007817
13993    0.015622
14166    0.010482
14233    0.017056
14260    0.009577
14303    0.004498
14316    0.005109
14353    0.009731
14440    0.010075
14445    0.006677
14475    0.008528
14480    0.076061
14481    0.046502
14611    0.016873
14742    0.004784
14752    0.009433
14754    0.006236
14765    0.014074
14782    0.011278
14808    0.015622
14815    0.009411
14857    0.006446
14872    0.010075
14957    0.010482
14988    0.011278
14995    0.013169
14997    0.007125
15033    0.007226
15110    0.009896
15139    0.009433
15142    0.012214
15229    0.007125
15387    0.009731
15550    0.007957
15628    0.015622
15710    0.006597
15764    0.014557
15791    0.006014
15839    0.015622
15912    0.004030
16333    0.007750
16489    0.007817
16529    0.035617
16585    0.001816
16729    0.005092
16734    0.031335
16785    0.031243
16786    0.015622
16920    0.031243
16921    0.012472
16923    0.004335
16929    0.008623
16941    0.005840
16944    0.004211
17053    0.006304
17055    0.010717
17105    0.009057
17267    0.028149
17335    0.013169
17885    0.025310
18055    0.021374
18133    0.020536
18167    0.002404
18203    0.005191
18214    0.009433
18276    0.014074
18282    0.004844
18306    0.031243
18357    0.046865
18583    0.010980
18670    0.005433
18674    0.008528
18724    0.006889
18725    0.006304
18728    0.008528
18841    0.012090
18882    0.010109
18888    0.005233
18898    0.005926
19055    0.012527
19144    0.011622
19145    0.019793
19223    0.005653
19232    0.004898
19327    0.003686
19366    0.002171
19370    0.004973
19410    0.008670
19460    0.010870
19485    0.006374
19486    0.013169
19580    0.017870
19685    0.023251
19707    0.010219
19766    0.009298
19773    0.007843
19844    0.001461
19885    0.014074
19896    0.015622
20009    0.008826
20038    0.010717
20082    0.006718
20260    0.002656
20275    0.003829
20391    0.015622
20458    0.010075
20550    0.012527
20559    0.007957
20569    0.015622
20713    0.004224
20716    0.006171
20803    0.003101
20811    0.008935
20844    0.006523
20911    0.011622
20927    0.003784
20956    0.006203
20983    0.004880
21065    0.006759
21094    0.007226
21122    0.005130
21126    0.008437
21129    0.010567
21132    0.006935
21152    0.013961
21195    0.007332
21247    0.004529
