276
150    0.016573
191    0.007933
219    0.010912
310    0.016573
574    0.012454
664    0.015138
1272    0.007179
1292    0.015765
1316    0.019659
1490    0.005282
1621    0.013487
1689    0.006258
1699    0.002334
1924    0.011244
1925    0.009924
2224    0.008158
2288    0.019659
2290    0.010851
2319    0.009837
2396    0.005299
2425    0.053135
2432    0.003395
2706    0.005474
2920    0.008670
2921    0.019659
2948    0.013191
3050    0.010912
3053    0.008302
3338    0.008560
3681    0.017712
3742    0.016573
3771    0.016573
3789    0.008158
3864    0.017712
3903    0.007421
3919    0.015138
3921    0.011700
3976    0.027635
4137    0.004790
4153    0.009297
4359    0.033145
4467    0.007890
4544    0.041603
4545    0.021463
4837    0.011871
5043    0.002893
5112    0.011388
5115    0.009672
5116    0.011871
5202    0.006330
5227    0.021234
5358    0.010200
5371    0.019659
5414    0.014038
5458    0.022488
5501    0.003902
5515    0.005333
5532    0.009840
5603    0.015765
5850    0.029251
5856    0.006306
5898    0.009297
5977    0.005316
6085    0.007765
6125    0.017712
6193    0.012246
6262    0.055230
6297    0.012679
6596    0.004950
6610    0.010200
6727    0.012052
7048    0.007350
7097    0.007569
7192    0.016804
7359    0.012923
7377    0.005510
7378    0.030314
7523    0.007569
7524    0.005622
7549    0.017712
7571    0.007685
7787    0.008670
7802    0.002606
7857    0.014626
7896    0.015612
7987    0.007806
8002    0.033145
8040    0.004980
8116    0.004264
8131    0.017012
8150    0.016573
8233    0.007531
8275    0.007457
8301    0.035101
8302    0.015765
8395    0.008844
8417    0.006586
8500    0.008646
8534    0.006330
8586    0.015765
8639    0.007569
8704    0.017712
8797    0.017712
8935    0.011871
8944    0.014626
9085    0.016573
9136    0.008506
9149    0.017712
9200    0.005350
9209    0.004483
9210    0.007350
9267    0.015138
9398    0.006164
9426    0.011871
9454    0.005699
9459    0.009297
9517    0.004586
9624    0.014626
9641    0.007531
9768    0.010507
9777    0.009094
9812    0.006867
9947    0.004586
9991    0.009297
10095    0.008727
10096    0.009441
10140    0.012468
10207    0.014626
10374    0.017712
10837    0.003094
10908    0.012454
10909    0.067434
10975    0.016804
11008    0.013191
11056    0.015765
11201    0.009304
11390    0.008844
11415    0.008205
11423    0.013818
11444    0.006957
11613    0.008506
11674    0.015765
11744    0.005880
11958    0.007933
12286    0.011700
12322    0.015765
12533    0.017712
12618    0.016506
12652    0.012679
12769    0.033145
12820    0.009593
12855    0.009093
12880    0.013013
12889    0.004508
13014    0.004323
13070    0.009516
13078    0.022488
13157    0.016703
13167    0.009094
13170    0.016573
13175    0.037187
13311    0.008614
13352    0.005943
13353    0.007607
13355    0.004573
13357    0.005505
13396    0.016573
13434    0.001785
13462    0.008670
13470    0.009094
13565    0.011700
13580    0.004790
14073    0.006808
14093    0.008352
14137    0.008158
14163    0.027635
14164    0.019659
14304    0.008904
14391    0.008302
14417    0.015765
14482    0.016573
14628    0.015138
14642    0.012679
14749    0.006723
14754    0.007848
14793    0.014193
15063    0.011243
15101    0.017712
15466    0.006927
15478    0.019185
15500    0.019847
15521    0.012679
15601    0.007179
15603    0.010976
15604    0.008844
15695    0.007350
15791    0.007569
15792    0.006957
15952    0.006533
16026    0.008506
16094    0.007350
16113    0.012454
16159    0.015765
16259    0.009368
16269    0.009368
16270    0.015138
16398    0.015765
16527    0.006586
16529    0.005603
16578    0.018319
16585    0.004571
16591    0.010732
16592    0.016915
16626    0.015138
16676    0.009593
16692    0.010200
16849    0.016573
16907    0.005474
16932    0.036737
16958    0.008352
17107    0.019659
17108    0.007569
17369    0.023419
17507    0.010401
17654    0.010507
17661    0.010507
17748    0.019659
17811    0.008785
17829    0.009837
17867    0.010200
17981    0.019659
18005    0.005010
18082    0.025207
18326    0.015612
18485    0.011244
18499    0.056460
18596    0.012923
18625    0.021234
18713    0.008205
18717    0.007179
19043    0.005438
19153    0.014626
19232    0.012329
19271    0.007280
19278    0.003527
19327    0.009278
19366    0.002732
19426    0.003861
19464    0.005492
19485    0.008021
19499    0.012679
19512    0.010851
19772    0.013390
19778    0.017712
19830    0.008253
19844    0.001839
20289    0.010851
20406    0.016573
20432    0.008785
20465    0.019674
20537    0.017712
20582    0.007385
20646    0.019659
20717    0.010020
20844    0.004104
20927    0.004762
20964    0.006008
20978    0.009029
21113    0.009368
21115    0.013836
21122    0.006455
21171    0.013818
21182    0.012923
21188    0.018187
21224    0.019659
21266    0.005316
