76
150    0.067044
310    0.067044
539    0.034412
583    0.043898
1165    0.041264
1304    0.036526
2920    0.035074
3903    0.030020
4023    0.019844
4359    0.067044
4544    0.042076
4545    0.086829
4842    0.067044
4858    0.061239
5202    0.025609
5458    0.045486
5567    0.022364
5850    0.059168
5977    0.021506
6193    0.049539
6297    0.051291
6727    0.048755
7192    0.033991
7258    0.134089
7524    0.022742
7857    0.059168
7989    0.055560
8150    0.067044
8275    0.030167
8301    0.047333
8500    0.034976
9267    0.061239
9454    0.023053
9777    0.036788
10646    0.041663
10908    0.050381
10909    0.109120
10974    0.061239
10975    0.033991
11201    0.018820
11390    0.071554
11423    0.055899
11613    0.034412
11683    0.029962
12769    0.067044
12889    0.018237
13014    0.017488
13078    0.090972
13125    0.036526
13175    0.075219
13219    0.035538
13319    0.025909
13357    0.011135
14065    0.009396
14073    0.027543
14137    0.033002
15063    0.022742
15478    0.077613
15792    0.028145
16060    0.031089
16729    0.012961
16958    0.033786
17141    0.040879
17547    0.040145
17811    0.035538
18499    0.032629
18625    0.042950
18674    0.043414
19327    0.018766
19512    0.043898
19772    0.054168
20260    0.006761
20582    0.029876
20894    0.021927
21182    0.052280
21188    0.073575
