55
333    0.029686
519    0.099998
686    0.048396
1122    0.088250
1283    0.031671
1415    0.049508
2102    0.059372
2119    0.054099
2268    0.075145
2277    0.024900
3013    0.056965
3077    0.044560
3084    0.064062
4380    0.045509
5202    0.076392
5415    0.042925
5556    0.044560
5766    0.085637
5866    0.031772
7523    0.045669
8223    0.052313
8534    0.038196
8622    0.035605
8845    0.041795
9180    0.081378
9253    0.106871
10105    0.033806
10837    0.018667
11206    0.057881
11453    0.055677
11902    0.072720
12110    0.064155
13143    0.047353
13320    0.045669
14063    0.036919
14246    0.106871
15616    0.118619
15822    0.035229
16117    0.042351
16588    0.099998
16592    0.025516
16729    0.019332
17281    0.033357
17292    0.037334
17868    0.047353
17875    0.048396
17963    0.061546
19366    0.016485
19383    0.054870
19410    0.021945
19444    0.056525
20260    0.010084
20282    0.025940
20432    0.053005
20859    0.060971
