192
552    0.011900
745    0.031525
786    0.012324
863    0.015775
927    0.017401
1016    0.024275
1127    0.019326
1240    0.009997
1698    0.008552
1699    0.011230
1740    0.011513
1951    0.014378
2487    0.021627
2549    0.025280
2609    0.012017
2737    0.010826
2861    0.015022
2984    0.020332
2985    0.016357
3221    0.025280
3318    0.018262
3618    0.010918
3866    0.026576
3888    0.017601
4099    0.015022
4150    0.013641
4151    0.013641
4202    0.013393
4620    0.016679
4811    0.013641
4899    0.009330
4936    0.021153
5075    0.010971
5096    0.008260
5112    0.018262
5614    0.010826
5707    0.017401
5708    0.016515
5717    0.012261
5719    0.008954
5732    0.022759
5990    0.025280
6205    0.028403
6489    0.037010
6630    0.014908
6651    0.011675
6675    0.019036
6719    0.010604
6758    0.013750
6761    0.008636
6908    0.007796
7241    0.015022
7393    0.014087
7396    0.021153
7583    0.016849
8446    0.008552
8568    0.014058
8630    0.010833
8756    0.019971
9209    0.007188
9314    0.019637
9517    0.007354
9812    0.011012
10247    0.014087
10261    0.007890
10409    0.019637
10422    0.013641
10611    0.013313
10803    0.012585
10940    0.031525
10942    0.021295
11283    0.012585
11400    0.020332
11417    0.020723
11468    0.011060
11566    0.014688
11569    0.008954
11747    0.011730
11757    0.010561
11857    0.015775
12064    0.012518
12307    0.057181
12326    0.015259
12331    0.018031
12332    0.019637
12648    0.018031
12675    0.029219
12765    0.009848
12836    0.017209
12864    0.009812
12920    0.032408
12927    0.010648
12952    0.015139
12999    0.010379
13014    0.006932
13203    0.031525
13320    0.012137
13370    0.014582
13434    0.002863
13466    0.007375
13501    0.008010
13505    0.021153
13565    0.018763
13732    0.028403
13836    0.018031
13886    0.007866
13909    0.012452
13910    0.008664
14065    0.011173
14073    0.010918
14130    0.013393
14169    0.039274
14186    0.031525
14303    0.009076
14305    0.014378
14329    0.022759
14412    0.012585
14428    0.016357
14439    0.007591
14452    0.018763
14485    0.011620
14562    0.022759
14604    0.006744
14732    0.021627
14742    0.003218
14745    0.007229
14754    0.012585
15140    0.008636
15299    0.024647
15324    0.026576
15551    0.011408
15663    0.026576
15848    0.015913
15910    0.011408
16063    0.024905
16116    0.009363
16299    0.015022
16501    0.009265
16510    0.015913
16585    0.001833
16657    0.014087
16734    0.006323
16960    0.021627
17074    0.023572
17075    0.024521
17111    0.013313
17117    0.007704
17445    0.014479
17471    0.014279
17643    0.009740
17830    0.011060
18098    0.012585
18167    0.019404
18182    0.004863
18190    0.014479
18256    0.015640
18319    0.021122
18324    0.028403
18411    0.013158
18652    0.008183
18841    0.012198
18853    0.028403
18882    0.006800
18977    0.023454
19366    0.004381
19460    0.007312
19462    0.019036
19617    0.016849
19756    0.017025
19769    0.018505
19844    0.002949
20010    0.021627
20090    0.005349
20260    0.002680
20327    0.023454
20358    0.021627
20464    0.009462
20481    0.014908
20593    0.018031
20601    0.010918
20620    0.009396
20624    0.015640
20688    0.014797
20969    0.014479
21057    0.010692
21087    0.009170
21115    0.007396
21120    0.020224
21150    0.003595
21306    0.024775
21307    0.010270
21310    0.012791
