134
103    0.041696
1069    0.019789
1072    0.020407
1415    0.017596
1646    0.015468
1990    0.023015
1992    0.026708
2102    0.021102
2235    0.031366
2278    0.017106
2459    0.035542
2819    0.013370
3077    0.015838
3665    0.022533
3903    0.015914
4023    0.010519
4380    0.016175
5202    0.013576
5203    0.033809
5260    0.017106
5389    0.028289
5390    0.042160
5495    0.008087
5589    0.037984
5977    0.011401
6030    0.028923
6372    0.030105
6376    0.021671
6586    0.037984
7173    0.017297
7188    0.014920
7377    0.011817
7523    0.032463
7524    0.012056
7571    0.032962
7744    0.016830
7802    0.005589
7902    0.021096
8223    0.018593
8533    0.013954
8595    0.032464
8935    0.025457
9127    0.020742
9152    0.020407
9155    0.019502
9256    0.030239
9265    0.032464
9371    0.042160
9388    0.014358
9411    0.016008
9415    0.062732
9517    0.009835
9518    0.008971
9630    0.033809
9692    0.016830
9798    0.011817
9799    0.023539
10605    0.050619
10607    0.042160
10647    0.024422
10892    0.028279
11103    0.004783
11117    0.010457
11553    0.032464
11683    0.007942
11750    0.011292
11841    0.006958
11872    0.106833
11927    0.048844
12046    0.023539
12161    0.025092
12166    0.031374
12684    0.008874
12889    0.009668
12999    0.006940
13050    0.010647
13352    0.012745
13382    0.029633
13434    0.007656
14066    0.024422
14176    0.031366
14231    0.054381
14316    0.027578
14353    0.026262
14498    0.011221
14526    0.027190
14717    0.017596
15683    0.042160
15821    0.018242
16116    0.012521
16159    0.033809
16237    0.011586
16592    0.009069
16729    0.013742
16843    0.027715
16923    0.011700
16944    0.022729
17101    0.015540
17543    0.032464
17661    0.022533
17817    0.019644
17922    0.014986
18159    0.016151
18182    0.006504
18252    0.042160
18670    0.014664
18715    0.024748
18848    0.027190
18898    0.015992
18903    0.039875
18955    0.027190
19171    0.032464
19225    0.014181
19226    0.010006
19410    0.007800
19707    0.013789
20090    0.007153
20260    0.003584
20282    0.018439
20339    0.024422
20540    0.017395
20672    0.042946
20689    0.121749
20694    0.035542
20768    0.009920
20803    0.008368
20848    0.010944
20894    0.011624
21088    0.024748
21094    0.019502
21114    0.023539
21150    0.004807
21253    0.009271
21264    0.017395
