185
143    0.016267
460    0.010596
1124    0.018853
1157    0.009282
1223    0.016842
1263    0.070582
1360    0.017915
1369    0.023527
1451    0.006216
1646    0.009581
1862    0.005322
1950    0.017522
1972    0.013957
2156    0.122033
2173    0.007783
2174    0.012257
2283    0.010481
2396    0.007039
2432    0.004510
2451    0.022015
2508    0.033282
2806    0.009201
3116    0.017915
3473    0.009201
3510    0.016543
3567    0.006144
3593    0.045110
3611    0.014580
3618    0.009044
3713    0.104808
3715    0.012743
3754    0.012349
3886    0.011910
4137    0.006363
4480    0.011994
4488    0.012743
5028    0.012743
5035    0.019428
5043    0.003843
5075    0.004544
5152    0.010714
5230    0.012257
5438    0.022015
5515    0.014169
5531    0.022015
5553    0.026114
6758    0.005695
7178    0.010963
7181    0.008713
7351    0.009006
7779    0.010425
7802    0.003462
8021    0.009906
8078    0.005252
8164    0.018355
8220    0.012444
8577    0.013067
8581    0.005790
8613    0.010775
8630    0.004487
8639    0.020108
9004    0.015329
9209    0.005955
9242    0.025485
9311    0.012640
9364    0.008748
9690    0.026114
9798    0.014638
9823    0.026114
9873    0.008128
10422    0.011299
10461    0.022015
10525    0.046676
10605    0.031353
10738    0.016267
10773    0.008893
10837    0.004110
10892    0.005839
11118    0.010836
11178    0.009493
11181    0.007224
11224    0.016842
11282    0.012257
11292    0.023527
11528    0.008643
11567    0.011370
11750    0.006995
11757    0.008748
12005    0.010504
12095    0.052123
12421    0.021191
12654    0.016267
12677    0.013816
12679    0.022015
12817    0.017786
12855    0.006040
12927    0.008820
12983    0.007596
12987    0.003748
12999    0.004299
13142    0.026114
13330    0.022015
13491    0.037048
14130    0.011094
14316    0.008541
14323    0.018244
14353    0.016267
14439    0.031442
14448    0.015127
14453    0.023184
14659    0.022015
14770    0.016543
14857    0.010775
15080    0.012349
15081    0.009324
15204    0.008678
15268    0.026114
15271    0.019251
15591    0.011161
15928    0.018244
15931    0.010425
16060    0.010208
16237    0.021530
16296    0.026114
16476    0.026114
16501    0.007675
16729    0.008512
16734    0.015714
16890    0.011994
17027    0.034712
17029    0.057584
17033    0.023820
17374    0.013067
17413    0.012167
17635    0.016009
17814    0.008508
18133    0.011443
18167    0.008037
18273    0.019428
18282    0.020243
18347    0.014414
18527    0.026114
18567    0.011299
18670    0.009083
19043    0.007224
19169    0.010481
19177    0.007493
19212    0.010654
19214    0.020108
19223    0.037800
19226    0.012395
19327    0.006162
19353    0.023527
19366    0.003629
19410    0.004831
19532    0.026114
19580    0.014936
19583    0.015768
19785    0.007200
19817    0.010208
19820    0.008820
20162    0.018355
20202    0.028511
20237    0.022015
20260    0.002220
20556    0.017522
20620    0.015566
20626    0.010714
20627    0.010481
20628    0.012167
20713    0.014124
20741    0.018853
20768    0.006144
20778    0.012257
20803    0.005183
20844    0.010904
20848    0.006779
20868    0.005758
20916    0.012956
21005    0.008345
21020    0.014754
21058    0.007648
21135    0.013549
21139    0.015542
21150    0.008933
