350
191    0.005996
376    0.014859
396    0.014859
401    0.014859
447    0.006596
451    0.005190
460    0.006029
1157    0.005282
1194    0.007310
1221    0.009583
1303    0.014859
1342    0.010444
1365    0.009109
1381    0.010194
1410    0.013387
1455    0.007941
1456    0.006777
1466    0.006429
1529    0.011441
1699    0.001764
1862    0.006057
1919    0.005213
1972    0.007941
2156    0.006312
2197    0.013387
2203    0.008296
2226    0.007501
2287    0.007136
2440    0.007784
2508    0.012625
2604    0.005168
2629    0.011055
2649    0.011916
2718    0.012526
2723    0.004151
2806    0.005235
2826    0.007192
2867    0.006062
2868    0.013387
3120    0.014859
3280    0.014859
3473    0.020942
3479    0.015001
3563    0.004677
3593    0.004278
3596    0.008722
3611    0.008296
3618    0.005146
3619    0.005779
3713    0.017891
3715    0.014501
3726    0.005190
3745    0.006553
3827    0.013387
3850    0.005452
3911    0.005477
3950    0.008111
4001    0.007568
4022    0.014859
4028    0.005996
4137    0.018102
4195    0.004005
4240    0.015223
4245    0.005081
4258    0.004124
4433    0.018511
4461    0.005529
4505    0.007251
4650    0.007027
4730    0.007136
4771    0.008972
4848    0.011916
4863    0.009970
4899    0.004398
5072    0.008844
5075    0.002585
5152    0.006096
5268    0.008395
5283    0.013387
5374    0.009583
5435    0.014859
5495    0.008551
5501    0.005898
5532    0.007437
5550    0.007638
5576    0.014859
5719    0.004221
5725    0.038576
5732    0.010727
5803    0.009768
5856    0.004766
5962    0.007251
5977    0.008036
6209    0.014859
6403    0.007251
6566    0.013387
6675    0.008972
6697    0.007435
6733    0.012526
6758    0.016202
6762    0.011499
6764    0.009970
6874    0.013387
6918    0.005932
6925    0.014859
6937    0.008025
7126    0.013387
7166    0.006096
7168    0.005914
7181    0.004958
7188    0.010517
7325    0.006596
7391    0.009256
7472    0.008722
7486    0.005377
7531    0.003857
7612    0.011916
7631    0.005900
7632    0.006974
7725    0.008111
7824    0.008844
7833    0.003810
7951    0.014859
7989    0.005190
8035    0.013387
8218    0.010829
8345    0.010727
8405    0.013387
8476    0.004748
8502    0.013387
8533    0.004918
8613    0.055178
8616    0.016403
8624    0.012262
8640    0.007435
8647    0.011916
8674    0.006062
8712    0.007710
8786    0.006640
9067    0.023831
9160    0.007192
9188    0.011916
9204    0.018219
9209    0.003388
9406    0.011442
9456    0.009413
9518    0.006323
9663    0.008395
9742    0.011055
9777    0.006873
9786    0.011442
9812    0.005190
9824    0.007501
9869    0.014859
9873    0.004625
9971    0.008025
9990    0.010194
10035    0.013387
10169    0.009768
10213    0.013387
10258    0.014859
10352    0.014859
10422    0.006429
10445    0.006312
10466    0.011916
10561    0.013387
10605    0.004460
10637    0.006873
10738    0.046279
10775    0.009970
10786    0.008296
10846    0.004978
10895    0.009109
11087    0.010381
11103    0.001686
11178    0.005402
11206    0.007251
11239    0.008722
11300    0.014859
11327    0.007941
11334    0.004492
11355    0.005776
11478    0.009583
11581    0.035976
11683    0.002799
11744    0.004444
11750    0.003980
11782    0.003685
11841    0.002452
11972    0.009109
12045    0.006351
12095    0.005932
12421    0.030145
12423    0.014859
12424    0.011055
12425    0.009109
12477    0.008025
12505    0.005377
12528    0.014859
12548    0.004803
12551    0.003869
12684    0.003128
12817    0.005060
12840    0.010194
12864    0.004625
12907    0.005964
12911    0.004785
12927    0.005019
12936    0.009970
12967    0.009583
12983    0.004322
13014    0.006535
13231    0.007568
13351    0.003486
13434    0.008095
13492    0.007192
13866    0.006166
13902    0.014859
14074    0.009583
14224    0.007710
14316    0.004860
14323    0.005190
14406    0.004508
14408    0.008722
14439    0.007156
14441    0.008844
14453    0.032980
14579    0.007027
14741    0.005305
14742    0.013650
14745    0.006815
14746    0.005932
14865    0.005750
15102    0.009413
15299    0.005809
15344    0.005426
15507    0.007710
15556    0.006390
15591    0.006351
15639    0.014859
15656    0.007861
15658    0.010194
15712    0.004748
15818    0.009049
15822    0.004413
15887    0.010727
15928    0.015571
15930    0.014859
15931    0.029658
16030    0.005452
16031    0.014859
16128    0.009583
16144    0.010194
16279    0.007710
16509    0.010249
16517    0.009413
16585    0.006046
16729    0.002422
16806    0.011442
16807    0.010444
16843    0.009768
16890    0.006824
16907    0.004137
16954    0.015001
16959    0.004476
17025    0.012403
17027    0.004938
17144    0.006701
17347    0.006166
17366    0.005664
17369    0.005900
17413    0.013846
17451    0.006166
17484    0.002477
17759    0.014859
17761    0.007710
17811    0.006640
17849    0.011442
17874    0.009970
18082    0.044455
18146    0.007941
18167    0.002286
18182    0.006877
18269    0.011916
18282    0.002304
18317    0.005964
18435    0.005258
18537    0.010444
18619    0.003822
18655    0.004748
18670    0.005168
18677    0.013387
18683    0.010727
18700    0.011916
18709    0.011055
18878    0.009970
18888    0.004978
18981    0.012526
19043    0.004110
19046    0.005721
19102    0.011055
19211    0.009413
19225    0.004998
19226    0.003526
19228    0.008111
19261    0.004444
19327    0.003506
19426    0.002918
19543    0.005258
19557    0.007710
19570    0.011916
19581    0.009970
19584    0.013387
19647    0.014859
19761    0.023831
19769    0.008722
19773    0.003730
19785    0.004097
19820    0.005019
19823    0.015723
19844    0.002780
19997    0.006777
20100    0.006166
20199    0.014859
20256    0.007941
20452    0.010610
20481    0.007027
20557    0.014754
20560    0.008395
20625    0.008607
20626    0.006096
20627    0.005964
20648    0.005839
20755    0.020388
20799    0.014859
20803    0.002949
20848    0.003857
20868    0.003276
20901    0.004608
20946    0.008011
20983    0.004642
20994    0.006390
21006    0.009970
21016    0.005636
21020    0.008395
21122    0.004879
21135    0.007710
21140    0.012526
21234    0.009768
21243    0.006738
