394
164    0.006267
197    0.012193
219    0.003384
333    0.003051
508    0.012193
519    0.010279
526    0.008015
609    0.010279
688    0.016729
689    0.006155
708    0.007724
920    0.005343
1099    0.004296
1278    0.005448
1283    0.006511
1304    0.011200
1382    0.005723
1451    0.005804
1466    0.005276
1490    0.009828
1496    0.006516
1512    0.027213
1681    0.005002
1692    0.005810
1762    0.003126
1798    0.010985
1862    0.002485
1897    0.008570
1918    0.005119
1957    0.008570
1992    0.007724
2046    0.012193
2102    0.009154
2119    0.011121
2277    0.012797
2278    0.004947
2347    0.008015
2362    0.012193
2364    0.010985
2396    0.003287
2399    0.012193
2507    0.010985
2524    0.008365
2745    0.003621
2857    0.004648
2947    0.004392
3032    0.010279
3039    0.008071
3043    0.021940
3066    0.012193
3089    0.002911
3289    0.008181
3291    0.010985
3483    0.004920
3583    0.002674
3607    0.007063
3684    0.012193
3717    0.009071
3726    0.008518
3733    0.004867
3958    0.009777
4023    0.006084
4025    0.007362
4168    0.011446
4176    0.025803
4282    0.007362
4300    0.005999
4339    0.012193
4380    0.023389
4383    0.005089
4512    0.006210
4662    0.004315
4666    0.005377
4684    0.009071
4804    0.012193
4833    0.006516
5044    0.005243
5181    0.009777
5202    0.015704
5260    0.004947
5415    0.004412
5449    0.009777
5495    0.007017
5501    0.004840
5505    0.009777
5508    0.012193
5573    0.034337
5584    0.006267
5598    0.012193
5822    0.008802
5866    0.003266
5898    0.005766
5975    0.011219
5991    0.004473
6001    0.009389
6061    0.008015
6073    0.007475
6365    0.008039
6429    0.004920
6585    0.009389
6587    0.012193
6588    0.007257
6597    0.008802
6705    0.004135
6765    0.008570
6767    0.008570
6927    0.008570
6954    0.024385
7000    0.006049
7168    0.002426
7188    0.004315
7330    0.003647
7377    0.003417
7380    0.004625
7389    0.009071
7486    0.004412
7523    0.018777
7524    0.010460
7735    0.012193
7790    0.010279
7802    0.003233
7864    0.012193
7902    0.006101
7926    0.007157
7948    0.005600
7985    0.005999
7996    0.005180
8116    0.002644
8146    0.008802
8218    0.014810
8219    0.005855
8223    0.005377
8233    0.004671
8275    0.004625
8489    0.005089
8505    0.004893
8533    0.004036
8542    0.009389
8725    0.009777
8726    0.020920
8872    0.015190
8873    0.006888
8935    0.022087
9002    0.005640
9007    0.010279
9016    0.013059
9023    0.004580
9153    0.004494
9155    0.005640
9168    0.006516
9204    0.007475
9209    0.002780
9247    0.008802
9253    0.010985
9388    0.004152
9398    0.003823
9411    0.009259
9415    0.018142
9467    0.010279
9474    0.012193
9484    0.004718
9517    0.005688
9634    0.010279
9765    0.007863
9947    0.002844
10105    0.003475
10175    0.004742
10252    0.006807
10335    0.006888
10409    0.007595
10421    0.004893
10422    0.005276
10605    0.010979
10614    0.006267
10626    0.007863
10641    0.010279
10773    0.004152
10776    0.008015
10837    0.001919
10846    0.004085
10857    0.007257
10881    0.015729
10892    0.002726
11026    0.007362
11103    0.002766
11223    0.006973
11326    0.008570
11334    0.007372
11355    0.002370
11386    0.004135
11390    0.010970
11408    0.029026
11439    0.009949
11445    0.004947
11468    0.004277
11503    0.008532
11530    0.005855
11555    0.024385
11576    0.007724
11588    0.013169
11700    0.010985
11706    0.012193
11750    0.003266
11806    0.008015
11824    0.007475
11841    0.002012
11976    0.010279
12053    0.005640
12073    0.010279
12110    0.013189
12122    0.003061
12161    0.021770
12245    0.003215
12283    0.002401
12365    0.004558
12462    0.007863
12505    0.004412
12551    0.003175
12591    0.010863
12618    0.010237
12668    0.005243
12880    0.008071
12889    0.013980
12904    0.006389
12983    0.003546
13050    0.006158
13100    0.009777
13179    0.009073
13235    0.010985
13319    0.003972
13352    0.003686
13353    0.004718
13355    0.002836
13357    0.001707
13434    0.003321
13451    0.010825
13453    0.012193
13462    0.005377
13479    0.008802
13484    0.009533
13580    0.002971
13586    0.007724
13751    0.007157
13939    0.007167
13970    0.020557
13983    0.006585
14063    0.003795
14176    0.009071
14225    0.009389
14316    0.007976
14340    0.004893
14567    0.010279
14604    0.002608
14656    0.006516
14773    0.006210
14865    0.004718
14868    0.006585
14968    0.007863
15009    0.006049
15026    0.007475
15070    0.006451
15081    0.017413
15210    0.004334
15368    0.005810
15387    0.007595
15468    0.004816
15497    0.008169
15551    0.004412
15831    0.007724
15944    0.005681
15953    0.013169
16023    0.006888
16024    0.006516
16029    0.004816
16074    0.012193
16120    0.006585
16122    0.012193
16151    0.009777
16207    0.005412
16219    0.024385
16237    0.003351
16406    0.012193
16429    0.008570
16489    0.006101
16548    0.012193
16578    0.017043
16585    0.012758
16589    0.008181
16591    0.026623
16592    0.010491
16713    0.005810
16714    0.020665
16717    0.007595
16724    0.008481
16787    0.012193
16923    0.003384
16941    0.002279
16955    0.004766
16959    0.003673
17010    0.009389
17037    0.003852
17059    0.005810
17117    0.002980
17144    0.010996
17248    0.008365
17281    0.020572
17288    0.046344
17292    0.003837
17349    0.008802
17357    0.010279
17465    0.008802
17575    0.009389
17582    0.007595
17616    0.013615
17617    0.007362
17695    0.006585
17821    0.012888
17829    0.006101
17882    0.012193
17913    0.005855
17922    0.004334
17923    0.010279
17966    0.004694
18098    0.004867
18179    0.008706
18186    0.004580
18223    0.006387
18224    0.012193
18237    0.012193
18253    0.006730
18282    0.003781
18334    0.007257
18565    0.007157
18587    0.007479
18652    0.003165
18653    0.006210
18670    0.004241
18713    0.005089
18882    0.002630
18955    0.007863
19102    0.009071
19205    0.012193
19213    0.006049
19215    0.007595
19228    0.006656
19249    0.029332
19278    0.006562
19307    0.012193
19313    0.008802
19366    0.003389
19410    0.002256
19416    0.004152
19426    0.004789
19464    0.003406
19480    0.005723
19567    0.007157
19577    0.005561
19586    0.007863
19844    0.003421
19919    0.010279
20161    0.012193
20275    0.002988
20282    0.002666
20393    0.010985
20420    0.006656
20440    0.007362
20594    0.009777
20632    0.009389
20642    0.006267
20655    0.012193
20671    0.005949
20672    0.018630
20682    0.009389
20688    0.005723
20734    0.008015
20741    0.008802
20766    0.024385
20785    0.008270
20803    0.002420
20844    0.002546
20848    0.009495
20888    0.010279
20899    0.006656
20927    0.005907
20943    0.010279
20983    0.003809
21064    0.009777
21085    0.004791
21122    0.004004
21150    0.002780
21155    0.004920
21253    0.002681
21266    0.003297
21320    0.036578
