38
333    0.038922
519    0.131109
686    0.063453
1940    0.053185
2432    0.026857
2710    0.057595
3013    0.074687
3089    0.037125
3989    0.087866
4380    0.059667
5202    0.150239
5573    0.072999
7524    0.044473
7846    0.131109
7860    0.087866
7946    0.112280
8726    0.088951
9411    0.059050
10105    0.044324
10837    0.024475
11103    0.017643
11902    0.095344
12110    0.126171
12551    0.040497
13143    0.062085
14498    0.041394
15952    0.051682
16592    0.033454
17281    0.087470
18205    0.083992
19127    0.040623
19410    0.028772
19718    0.059284
20282    0.034010
20540    0.064170
20760    0.067717
20801    0.100302
21264    0.064170
