127
212    0.019098
219    0.022584
539    0.017606
762    0.036659
1163    0.019242
1184    0.012042
1256    0.023570
1682    0.021316
2048    0.016331
2319    0.020360
2569    0.020360
2950    0.026748
3050    0.045169
3053    0.017183
3434    0.032629
3664    0.020915
3789    0.016885
3790    0.016072
4410    0.031332
4544    0.086109
4577    0.018958
4666    0.017945
5202    0.026204
5206    0.019540
5352    0.029719
5358    0.021112
5977    0.011003
6085    0.016072
6262    0.114314
6297    0.026242
6707    0.027599
6719    0.013687
6999    0.023570
7363    0.031332
7364    0.020360
7377    0.011404
7487    0.025346
7531    0.021125
7753    0.011110
7896    0.016157
8021    0.015434
8040    0.010307
8101    0.017497
8107    0.009304
8131    0.017606
8218    0.029655
8533    0.013467
8943    0.025346
9200    0.011074
9282    0.012170
9398    0.012759
9455    0.019855
9641    0.031175
9747    0.016509
9898    0.041448
10095    0.018062
10119    0.047769
10864    0.031332
10908    0.025777
10975    0.052172
11090    0.020724
11117    0.010092
11201    0.009629
11272    0.036659
11283    0.016243
11445    0.033019
11613    0.017606
11765    0.026242
12086    0.020539
12591    0.012084
12660    0.014658
12684    0.008564
12889    0.009331
13157    0.017286
13167    0.018822
13219    0.018182
13355    0.009464
13357    0.005697
13472    0.037376
13580    0.009914
14607    0.013800
14683    0.022212
15193    0.051553
15600    0.036859
15601    0.014860
15822    0.024169
15912    0.010497
16064    0.024945
16065    0.024945
16396    0.018182
16529    0.023193
16585    0.014192
16592    0.017505
16676    0.019855
16705    0.010661
16862    0.014275
16880    0.027946
17084    0.085798
17103    0.029719
17123    0.023272
17221    0.020724
17507    0.021527
17524    0.015988
17735    0.028599
17755    0.021747
18005    0.010370
18260    0.051553
18499    0.050082
18502    0.045436
18580    0.018062
18625    0.021975
18674    0.022212
18713    0.016982
18728    0.022212
19000    0.022988
19194    0.034302
19232    0.012759
19485    0.016601
19535    0.014792
19777    0.027302
20108    0.019540
20314    0.028599
20432    0.018182
20830    0.036609
21012    0.025346
21115    0.009546
21150    0.004640
