341
115    0.006531
219    0.004241
428    0.007338
448    0.007396
451    0.010675
453    0.007338
455    0.005119
523    0.006783
595    0.008633
1081    0.007226
1204    0.005292
1276    0.007120
1283    0.004080
1286    0.009095
1400    0.009680
1423    0.006378
1440    0.012830
1633    0.007172
1665    0.025304
1680    0.006453
1699    0.001814
1741    0.002864
1746    0.009373
1747    0.006653
1817    0.009518
1887    0.013767
1898    0.010483
1941    0.004902
2047    0.004340
2102    0.015297
2154    0.015281
2173    0.004554
2277    0.003208
2281    0.017829
2338    0.015281
2344    0.007381
2396    0.004119
2450    0.008342
2561    0.012254
2604    0.005315
2713    0.008740
2723    0.004269
2744    0.008186
2745    0.004538
2882    0.016665
2909    0.007172
2934    0.008970
2947    0.005505
3013    0.007338
3039    0.030346
3077    0.005740
3089    0.018238
3090    0.012983
3166    0.010253
3297    0.005825
3446    0.012254
3483    0.006166
3574    0.006200
3584    0.013767
3629    0.036761
3675    0.006415
3682    0.020090
3685    0.019361
3719    0.034105
4016    0.015281
4102    0.008252
4106    0.013767
4141    0.006492
4150    0.006612
4258    0.004241
4368    0.015281
4380    0.017588
4399    0.011368
4607    0.010740
4616    0.012882
4739    0.009680
4777    0.006068
4871    0.006378
5070    0.010253
5074    0.005078
5075    0.002659
5159    0.015281
5179    0.007783
5220    0.006571
5347    0.008633
5439    0.008084
5521    0.006612
5556    0.005740
5856    0.004902
5866    0.004093
5881    0.015857
5882    0.013767
5975    0.009373
6038    0.008252
6073    0.018736
6486    0.007226
6628    0.009442
6715    0.008252
6825    0.011767
6827    0.006415
7078    0.009227
7097    0.005883
7261    0.009518
7349    0.008005
7351    0.005270
7377    0.004283
7380    0.023185
7504    0.022064
7671    0.011767
7721    0.010483
7753    0.008345
7828    0.015281
7965    0.007018
7989    0.005338
8040    0.003871
8041    0.009227
8068    0.006100
8077    0.009095
8078    0.003073
8116    0.009942
8210    0.012882
8218    0.003712
8246    0.012254
8262    0.010045
8295    0.011368
8417    0.005119
8581    0.003388
8594    0.005883
8630    0.002625
8712    0.007928
8781    0.004704
8783    0.005037
8845    0.005384
9016    0.005456
9193    0.007928
9210    0.005713
9212    0.015281
9408    0.008532
9503    0.010483
9523    0.006269
9533    0.004756
9729    0.015281
9739    0.007518
9746    0.033738
10140    0.004846
10154    0.011368
10274    0.011767
10334    0.008889
10338    0.017479
10397    0.012539
10399    0.015281
10411    0.012200
10421    0.018399
10506    0.015281
10575    0.017479
10790    0.007282
10837    0.002405
10892    0.003417
11014    0.016819
11024    0.035300
11112    0.004241
11183    0.005883
11184    0.007068
11201    0.003616
11213    0.004864
11334    0.004619
11355    0.002970
11397    0.015281
11434    0.004199
11468    0.005361
11475    0.009680
11531    0.005161
11683    0.002878
11686    0.015281
11750    0.004093
11782    0.007580
11857    0.007646
11963    0.011032
12110    0.008264
12122    0.011507
12230    0.009477
12245    0.004029
12273    0.004809
12283    0.006018
12302    0.009518
12319    0.008435
12416    0.006612
12522    0.015053
12548    0.004940
12551    0.003979
12763    0.013748
12785    0.009855
12822    0.011767
12880    0.005058
12904    0.004004
12947    0.006783
12978    0.006571
13014    0.003360
13145    0.007172
13154    0.005768
13198    0.007581
13319    0.004978
13351    0.003585
13357    0.004279
13434    0.002775
13472    0.007018
13482    0.017561
13568    0.005606
13647    0.004054
13800    0.007581
13838    0.013767
13886    0.007625
13905    0.010253
14065    0.001805
14071    0.010483
14075    0.012882
14099    0.007396
14200    0.006531
14305    0.006969
14314    0.006453
14320    0.005182
14359    0.007338
14365    0.009227
14368    0.012254
14425    0.007191
14536    0.006612
14615    0.011032
14714    0.011032
14716    0.007928
14719    0.008084
14726    0.007456
14727    0.007518
14742    0.003120
14752    0.009227
14859    0.008252
14888    0.011767
14946    0.008852
14959    0.010045
15033    0.007068
15105    0.008852
15110    0.009680
15349    0.025764
15410    0.006234
15466    0.005384
15551    0.005530
15555    0.005270
15596    0.009095
15715    0.011368
15776    0.012254
15792    0.005408
15801    0.006200
15807    0.008084
15820    0.005292
15867    0.010740
15879    0.010253
15889    0.008005
15912    0.003942
16029    0.006036
16119    0.007646
16129    0.010740
16136    0.009680
16371    0.006378
16396    0.006828
16427    0.012254
16434    0.013767
16585    0.007106
16612    0.014913
16707    0.005505
16735    0.009095
16840    0.013767
16941    0.002856
16944    0.004119
16959    0.004603
17037    0.004828
17066    0.006874
17093    0.007338
17100    0.013767
17144    0.003445
17163    0.045474
17366    0.005825
17397    0.013767
17402    0.011767
17413    0.007120
17484    0.002547
17669    0.003627
17670    0.008252
17803    0.030561
17804    0.010740
17868    0.006100
17887    0.012254
18012    0.013767
18159    0.005854
18182    0.004714
18411    0.012755
18438    0.008633
18587    0.004687
18652    0.011900
18724    0.006739
18726    0.029124
18754    0.010045
18940    0.007396
19087    0.009855
19122    0.010045
19124    0.008167
19127    0.003991
19262    0.005182
19349    0.006492
19366    0.006371
19383    0.007068
19426    0.009003
19460    0.003544
19537    0.009855
19610    0.012882
19772    0.005204
19844    0.004288
20090    0.005185
20140    0.013767
20260    0.005196
20263    0.011767
20275    0.003745
20279    0.015281
20281    0.005530
20282    0.003342
20440    0.009227
20513    0.015281
20695    0.006653
20717    0.003894
20862    0.015281
20885    0.013767
20894    0.004213
20946    0.004119
20956    0.012135
21028    0.009680
21083    0.012755
21146    0.006341
21150    0.006969
21253    0.003360
21254    0.014268
21258    0.014793
21259    0.006783
21266    0.004132
