148
147    0.019313
212    0.015422
219    0.027356
539    0.014217
1097    0.011007
1256    0.019033
1423    0.013713
1436    0.035509
1862    0.006697
2047    0.009333
2048    0.013187
2319    0.016441
2425    0.029603
2950    0.021599
3050    0.054712
3053    0.013875
3434    0.026348
3664    0.050666
3789    0.013635
4115    0.029603
4413    0.018792
4492    0.011836
4544    0.104301
4577    0.030618
4908    0.023721
5202    0.021160
5352    0.011999
5358    0.017048
5415    0.011890
5977    0.008885
6187    0.025301
6262    0.079123
6274    0.021599
6297    0.021191
6707    0.022287
6908    0.008125
6999    0.019033
7048    0.012284
7110    0.017383
7330    0.009827
7364    0.016441
7366    0.023094
7377    0.009209
7487    0.020467
7531    0.008529
7583    0.017561
7753    0.008971
7896    0.013047
8021    0.012463
8040    0.008323
8101    0.028258
8107    0.007513
8131    0.042651
8218    0.015964
8943    0.020467
9200    0.008943
9282    0.009827
9398    0.020606
9455    0.016033
9641    0.012587
9747    0.026663
9751    0.019840
9768    0.017561
9991    0.015538
10095    0.014585
10119    0.019287
10130    0.017936
10248    0.023094
10429    0.026348
10864    0.025301
10908    0.020815
10975    0.042129
10976    0.019840
11117    0.016299
11201    0.007775
11271    0.011577
11283    0.013117
11358    0.011098
11445    0.013332
11613    0.014217
11765    0.021191
12086    0.016586
12605    0.012650
12660    0.011836
12744    0.032857
12888    0.023094
12889    0.022604
12999    0.016226
13014    0.007225
13157    0.013958
13167    0.015199
13219    0.014682
13355    0.007643
13357    0.009201
13482    0.012587
13580    0.016011
14607    0.011143
14717    0.013713
15193    0.020815
15503    0.013117
15600    0.029764
15601    0.023999
15822    0.019517
15907    0.019795
16064    0.020143
16065    0.020143
16396    0.014682
16453    0.027699
16529    0.018728
16585    0.013370
16592    0.014136
16676    0.016033
16705    0.043045
16880    0.022567
17084    0.023094
17103    0.011999
17117    0.008029
17221    0.016735
17507    0.034767
17735    0.023094
17755    0.017561
18005    0.025121
18167    0.005056
18260    0.041630
18499    0.040442
18502    0.036690
18625    0.017745
18713    0.013713
18882    0.007087
19000    0.018563
19043    0.018178
19064    0.020815
19195    0.018563
19232    0.010303
19485    0.013406
19535    0.011944
19777    0.022047
19834    0.029603
19844    0.003073
20108    0.015779
20314    0.023094
20322    0.029603
20432    0.014682
20433    0.019033
20785    0.011143
20841    0.008663
20844    0.006860
21012    0.020467
