224
159    0.017593
610    0.008282
822    0.010884
1116    0.009553
1199    0.013666
1204    0.007598
1233    0.018495
1436    0.007903
1604    0.010006
1680    0.009265
1681    0.009001
1698    0.005952
1699    0.002605
1741    0.004111
1967    0.015051
2003    0.008758
2058    0.010978
2113    0.008902
2114    0.008712
2132    0.021939
2239    0.084895
2285    0.014422
2292    0.008902
2297    0.009434
2432    0.007577
2555    0.015839
2589    0.010884
2653    0.016322
3096    0.020297
3176    0.019766
3501    0.011383
3583    0.004811
3615    0.020012
3688    0.010076
3754    0.010375
3789    0.009104
3859    0.015051
4003    0.014149
4128    0.013450
4151    0.009493
4237    0.015839
4240    0.004495
4261    0.032644
4406    0.022149
4536    0.018313
4636    0.010148
4673    0.023451
4729    0.007147
4837    0.013247
4870    0.006778
5043    0.006456
5096    0.017245
5745    0.017902
5946    0.016894
5947    0.021939
6310    0.014721
6313    0.030445
6319    0.020909
6679    0.011075
6761    0.006010
6828    0.008087
6883    0.021939
6949    0.012878
6962    0.017593
6984    0.006539
7048    0.016404
7234    0.043266
7236    0.025756
7350    0.015420
7393    0.009803
7463    0.012548
7466    0.007730
7493    0.010222
7524    0.006274
7619    0.006879
8027    0.013057
8040    0.005557
8068    0.008758
8110    0.014721
8116    0.004758
8218    0.010660
8533    0.007261
8534    0.007065
8536    0.009739
9297    0.011725
9344    0.019766
9402    0.011848
9454    0.006360
9783    0.011725
9895    0.021939
9924    0.019766
10057    0.019766
10074    0.006295
10075    0.014721
10116    0.010794
10121    0.012395
10215    0.007471
10248    0.015420
10261    0.005491
10290    0.007598
10444    0.043878
10614    0.011277
10618    0.019766
10676    0.012249
10994    0.015051
11008    0.014721
11103    0.002489
11117    0.005441
11160    0.018640
11203    0.007730
11216    0.027332
11434    0.006029
11684    0.010222
11750    0.005876
11753    0.010454
11782    0.005441
11840    0.017593
11887    0.013057
12064    0.008712
12071    0.023926
12073    0.018495
12075    0.033787
12605    0.008447
12606    0.013247
12684    0.004618
12889    0.010062
12999    0.003612
13008    0.009553
13096    0.010705
13111    0.021939
13352    0.013265
13357    0.006144
13395    0.019766
13434    0.003984
13578    0.021939
13647    0.005821
13743    0.013247
13751    0.012878
13777    0.025096
13992    0.013898
14058    0.011607
14137    0.009104
14323    0.015327
14350    0.011976
14366    0.039532
14480    0.124623
14481    0.054422
14742    0.002239
14745    0.010062
14781    0.011607
14815    0.019826
14867    0.016322
14903    0.011075
14996    0.012249
15072    0.010978
15110    0.013898
15239    0.011075
15452    0.019766
15551    0.015878
15695    0.008202
15732    0.015839
15841    0.013898
15889    0.011493
15939    0.010884
15942    0.013666
15958    0.013247
16030    0.008049
16065    0.013450
16094    0.008202
16119    0.010978
16191    0.021939
16237    0.006029
16529    0.031263
16532    0.020012
16585    0.012753
16705    0.017245
16729    0.007151
16732    0.016373
16921    0.017516
16923    0.006089
16941    0.004101
17105    0.006360
17144    0.004947
17438    0.010006
17484    0.003657
17780    0.012709
17928    0.016322
18055    0.010006
18167    0.013504
18468    0.013450
18567    0.018986
18649    0.010222
18655    0.014021
18728    0.011976
18731    0.011848
18888    0.007350
19000    0.012395
19009    0.014149
19010    0.021956
19143    0.012878
19145    0.013898
19278    0.003936
19464    0.006129
19485    0.017902
19487    0.019766
19685    0.032653
19707    0.007175
19773    0.005507
19785    0.012098
19844    0.002052
20100    0.009104
20260    0.009325
20275    0.005377
20322    0.019766
20528    0.015839
20559    0.011174
20620    0.013077
20844    0.009161
20868    0.004838
20927    0.005314
20983    0.006854
21088    0.012878
21118    0.008489
21188    0.010148
