420
14    0.011802
42    0.011802
45    0.008520
51    0.009464
65    0.009949
82    0.007919
147    0.003469
191    0.009525
219    0.003275
288    0.004711
314    0.004926
370    0.004737
449    0.005668
531    0.010633
628    0.011802
638    0.006837
661    0.007235
666    0.005044
737    0.009464
819    0.007476
823    0.008520
904    0.009949
974    0.005668
1113    0.007919
1240    0.003743
1265    0.010633
1271    0.007476
1347    0.011802
1410    0.010633
1433    0.006443
1529    0.004544
1668    0.006589
1699    0.004204
1764    0.006443
1946    0.005957
1970    0.006066
1974    0.011802
2074    0.006183
2156    0.015041
2174    0.005540
2226    0.011915
2292    0.004789
2297    0.005075
2320    0.011802
2508    0.005014
2539    0.004870
2651    0.008780
2652    0.007352
2688    0.004122
2764    0.009088
2802    0.008780
2867    0.009630
3044    0.006443
3238    0.004330
3268    0.007235
3298    0.005205
3464    0.007126
3559    0.006011
3574    0.004789
3588    0.007024
3593    0.003398
3597    0.006928
3618    0.004087
3640    0.011802
3652    0.011802
3713    0.004737
3721    0.008295
3881    0.005044
3888    0.013179
3889    0.010633
3890    0.007611
3903    0.004455
3950    0.006443
4023    0.002945
4080    0.006750
4202    0.005014
4240    0.004836
4258    0.009826
4267    0.005957
4313    0.007611
4319    0.005855
4430    0.010633
4441    0.006668
4501    0.008998
4562    0.015838
4639    0.005806
4729    0.003845
4740    0.007611
4757    0.008780
4771    0.007126
4859    0.006374
4862    0.009088
4899    0.013971
5022    0.007476
5023    0.009949
5152    0.004842
5258    0.035406
5268    0.013336
5331    0.005668
5377    0.009949
5532    0.002954
5541    0.009088
5626    0.005014
5675    0.006374
5718    0.019590
5719    0.036875
5725    0.040853
5957    0.010633
6197    0.008097
6334    0.005855
6372    0.002809
6377    0.011802
6429    0.009525
6430    0.005139
6490    0.010633
6507    0.005668
6663    0.005668
6758    0.007721
6761    0.003233
6763    0.010633
6908    0.002918
6948    0.011802
7166    0.009684
7173    0.004842
7181    0.003938
7194    0.004477
7286    0.005759
7330    0.003530
7342    0.020783
7429    0.007126
7456    0.007972
7465    0.013029
7510    0.006837
7618    0.007235
7633    0.008097
7640    0.009949
7644    0.011335
7709    0.005383
7746    0.006589
7802    0.001565
7803    0.011802
7833    0.009078
7935    0.016619
7965    0.005420
8003    0.008097
8049    0.009464
8078    0.011868
8083    0.009949
8116    0.005119
8165    0.006928
8342    0.005855
8446    0.003202
8476    0.003771
8478    0.008097
8534    0.003800
8536    0.005239
8568    0.002631
8587    0.009949
8596    0.003131
8603    0.065893
8613    0.004870
8618    0.008295
8624    0.019478
8639    0.009088
8673    0.007758
8781    0.003633
8783    0.007781
9200    0.006424
9238    0.011802
9282    0.007060
9304    0.005759
9320    0.004926
9333    0.011802
9361    0.004158
9388    0.008038
9394    0.011802
9454    0.003421
9518    0.005022
9625    0.021266
9628    0.009949
9692    0.004711
9873    0.003673
9947    0.005506
9971    0.006374
9982    0.008097
10011    0.006750
10179    0.006750
10244    0.005624
10341    0.006244
10420    0.004737
10422    0.005107
10525    0.005274
10558    0.013673
10578    0.010343
10605    0.007085
10609    0.007352
10625    0.007352
10629    0.007919
10637    0.005459
10789    0.008780
10837    0.001857
11007    0.005957
11018    0.006183
11031    0.008780
11112    0.003275
11173    0.014470
11178    0.004290
11203    0.004158
11218    0.002525
11327    0.006308
11434    0.003243
11476    0.009464
11566    0.005499
11570    0.003687
11657    0.008295
11683    0.002223
11727    0.011802
11747    0.004391
11750    0.003161
11757    0.003954
11786    0.005806
11788    0.006123
11841    0.003895
11869    0.006443
11882    0.006589
11918    0.008780
11938    0.006443
12021    0.008520
12023    0.011802
12045    0.010088
12095    0.004711
12202    0.005383
12226    0.011802
12300    0.018157
12304    0.006443
12351    0.009949
12355    0.011802
12421    0.004789
12446    0.009088
12467    0.011802
12477    0.006374
12519    0.002817
12522    0.003875
12535    0.008097
12717    0.009949
12721    0.011802
12817    0.008038
12855    0.008189
12862    0.008780
12864    0.003673
12918    0.011802
12925    0.009949
12931    0.011802
12954    0.016590
12987    0.008470
13109    0.007476
13228    0.003786
13298    0.005345
13311    0.005171
13319    0.003845
13352    0.003568
13443    0.011802
13466    0.002761
13484    0.004614
13491    0.005581
13495    0.006668
13553    0.007476
13580    0.002876
13610    0.008097
13634    0.009464
13642    0.011802
13647    0.003131
13697    0.009949
13775    0.006066
13899    0.004737
13910    0.003243
13912    0.007024
13939    0.003469
13983    0.006374
14065    0.001394
14200    0.005044
14290    0.009464
14316    0.003860
14323    0.004122
14339    0.004544
14430    0.004614
14485    0.004350
14686    0.010633
14725    0.007919
14742    0.002409
14745    0.002706
14780    0.006011
14787    0.007611
14906    0.006837
15006    0.005957
15063    0.006750
15254    0.011802
15255    0.011802
15256    0.011802
15267    0.011802
15271    0.030451
15274    0.037096
15371    0.011802
15556    0.005075
15591    0.010088
15641    0.011802
15699    0.007919
15849    0.005624
15874    0.027906
15896    0.007235
15928    0.020612
15931    0.014134
16076    0.008097
16094    0.004412
16119    0.005906
16215    0.006837
16228    0.008097
16286    0.007611
16312    0.014048
16349    0.006668
16353    0.005309
16361    0.009949
16425    0.007352
16445    0.008295
16555    0.009949
16575    0.005171
16585    0.003430
16615    0.008295
16780    0.010633
16802    0.010633
16890    0.016261
16892    0.034838
16907    0.003286
16954    0.005957
16955    0.004614
17025    0.029555
17027    0.039219
17031    0.008780
17032    0.013029
17037    0.003729
17042    0.008520
17101    0.004350
17117    0.002884
17129    0.007187
17386    0.009088
17413    0.005499
17531    0.003364
17586    0.008520
17630    0.008780
17821    0.004158
17822    0.009949
17922    0.004195
17962    0.008780
17963    0.012247
17964    0.006183
17966    0.009088
18005    0.003008
18044    0.011802
18082    0.005044
18085    0.009088
18116    0.013855
18167    0.003632
18176    0.009464
18182    0.005462
18188    0.011802
18245    0.011802
18282    0.001830
18331    0.005139
18435    0.008353
18535    0.006928
18882    0.005091
18951    0.005713
18962    0.005540
19040    0.011802
19043    0.003265
19085    0.005668
19106    0.005239
19225    0.003970
19248    0.006928
19266    0.003421
19268    0.011802
19278    0.004234
19351    0.006589
19503    0.005107
19707    0.003860
19741    0.011079
19773    0.005925
19823    0.018732
19836    0.005499
19844    0.004416
19997    0.005383
20164    0.011802
20203    0.008780
20275    0.002893
20301    0.008295
20306    0.008520
20439    0.018370
20452    0.004214
20464    0.003542
20540    0.004870
20544    0.009088
20617    0.006514
20620    0.003517
20626    0.004842
20768    0.008330
20803    0.002342
20821    0.007235
20910    0.010478
20978    0.005420
20983    0.003687
20993    0.004233
21005    0.003771
21019    0.004737
21058    0.003457
21068    0.010633
21118    0.004567
21150    0.002691
21243    0.002676
21247    0.005133
21279    0.008465
