511
191    0.003521
288    0.003484
368    0.007356
432    0.006492
469    0.002716
479    0.003980
536    0.008726
551    0.008726
560    0.006998
572    0.006998
583    0.004817
592    0.006134
621    0.003061
627    0.008726
702    0.003247
769    0.008726
882    0.005055
920    0.003824
1069    0.004096
1105    0.006720
1157    0.003102
1204    0.003022
1208    0.006720
1240    0.005535
1263    0.007862
1271    0.005528
1451    0.002077
1487    0.007862
1529    0.006719
1680    0.003685
1690    0.004158
1691    0.008334
1699    0.001036
1812    0.006300
1816    0.004405
1844    0.005350
1862    0.001778
1909    0.008726
1945    0.005055
1950    0.005855
1972    0.004664
2074    0.013714
2156    0.003707
2173    0.002601
2174    0.004096
2396    0.002352
2432    0.001507
2440    0.004571
2486    0.012600
2508    0.003707
2644    0.007599
2647    0.007356
2649    0.013996
2660    0.005194
2775    0.005987
2850    0.007356
2853    0.004329
2855    0.005350
2857    0.006653
2867    0.007121
2920    0.007697
3122    0.007356
3220    0.007862
3297    0.006653
3338    0.007599
3467    0.005855
3473    0.073793
3479    0.017620
3485    0.003753
3493    0.005736
3559    0.013334
3574    0.003541
3593    0.012562
3594    0.005628
3618    0.006044
3619    0.006788
3713    0.007005
3754    0.004127
3806    0.008726
3824    0.005269
3881    0.007459
3903    0.003294
3911    0.003217
4001    0.004445
4055    0.008810
4099    0.004158
4100    0.005987
4135    0.003685
4164    0.008726
4168    0.004096
4240    0.005364
4241    0.008726
4258    0.007265
4267    0.004405
4406    0.004405
4433    0.005436
4435    0.013996
4446    0.006134
4532    0.010387
4621    0.004930
4651    0.006998
4690    0.004367
4740    0.011256
4759    0.007356
4771    0.005269
4810    0.003663
4860    0.004991
4899    0.005165
4971    0.005855
5043    0.001284
5075    0.003037
5082    0.004367
5096    0.006859
5112    0.005055
5152    0.003580
5301    0.008726
5352    0.003187
5355    0.005194
5367    0.006492
5377    0.007356
5407    0.006300
5436    0.008726
5495    0.001674
5500    0.006998
5501    0.003464
5507    0.011056
5532    0.002184
5537    0.003730
5578    0.003310
5614    0.005993
5617    0.006998
5620    0.005055
5623    0.004664
5675    0.004713
5718    0.003621
5719    0.004957
5725    0.015103
5752    0.006300
5778    0.006300
5856    0.002799
5962    0.004258
5976    0.004293
5986    0.004817
5988    0.007081
6180    0.005194
6227    0.005528
6251    0.004224
6322    0.008726
6406    0.005987
6452    0.004485
6507    0.016763
6533    0.007862
6598    0.002251
6624    0.004713
6651    0.003232
6655    0.003377
6663    0.004191
6755    0.005436
6758    0.001903
6761    0.002390
6762    0.013506
6876    0.006720
6908    0.002158
7007    0.006134
7039    0.004445
7075    0.004930
7168    0.001737
7194    0.003310
7301    0.008726
7317    0.006720
7330    0.007830
7416    0.004991
7439    0.017453
7456    0.002947
7571    0.003411
7693    0.004258
7736    0.002565
7757    0.004872
7796    0.006720
7853    0.005436
7935    0.036863
7964    0.004405
7984    0.014713
7987    0.003465
8003    0.005987
8021    0.003310
8078    0.001755
8212    0.005122
8277    0.007862
8300    0.004930
8323    0.003144
8401    0.008726
8417    0.002923
8440    0.006998
8453    0.006300
8476    0.005577
8500    0.009594
8501    0.008726
8536    0.003874
8568    0.003891
8581    0.003870
8603    0.009744
8613    0.064810
8614    0.008726
8616    0.009633
8624    0.007201
8639    0.003360
8640    0.004367
8647    0.006998
8719    0.005194
8959    0.006998
8971    0.005269
8984    0.003429
9003    0.003202
9005    0.004617
9081    0.013439
9209    0.001990
9361    0.003075
9373    0.008726
9411    0.004970
9454    0.005059
9459    0.004127
9506    0.005987
9517    0.002036
9518    0.012997
9533    0.002716
9692    0.003484
9786    0.006720
9798    0.002446
9873    0.008148
9946    0.004930
9947    0.002036
9976    0.004664
10095    0.003874
10224    0.006492
10261    0.002184
10265    0.007862
10328    0.006300
10360    0.022946
10491    0.003707
10525    0.003899
10533    0.015724
10605    0.002619
10715    0.006720
10803    0.003484
10836    0.009234
10846    0.002923
10892    0.001951
11087    0.006096
11103    0.000990
11192    0.013439
11224    0.005628
11236    0.005122
11279    0.006374
11282    0.004096
11355    0.001696
11386    0.002960
11399    0.004096
11683    0.006575
11731    0.005987
11747    0.003247
11750    0.004675
11777    0.007862
11782    0.002164
11849    0.006492
11889    0.003800
11891    0.005269
11972    0.005350
12005    0.001755
12072    0.005528
12095    0.003484
12191    0.004329
12194    0.011256
12207    0.015367
12230    0.002706
12240    0.007356
12241    0.008726
12245    0.002301
12258    0.004872
12272    0.005350
12354    0.011256
12421    0.003541
12472    0.007356
12759    0.005528
12765    0.002726
12797    0.028140
12836    0.004764
12853    0.002778
12855    0.002018
12864    0.002716
12865    0.004991
12927    0.011789
12967    0.005628
12987    0.003758
13014    0.003838
13045    0.008726
13098    0.007862
13109    0.005528
13188    0.006134
13195    0.004191
13320    0.003360
13391    0.008726
13430    0.008726
13434    0.004754
13523    0.008726
13538    0.011711
13558    0.006998
13670    0.005736
13806    0.006998
13901    0.007862
13910    0.002398
13957    0.017453
13961    0.005628
14058    0.018467
14065    0.002062
14190    0.014713
14215    0.008726
14222    0.009744
14308    0.006134
14314    0.003685
14316    0.002854
14320    0.002960
14323    0.006096
14387    0.005122
14439    0.002101
14445    0.014919
14453    0.003874
14485    0.003217
14490    0.004158
14506    0.007356
14526    0.005628
14537    0.002454
14604    0.001867
14620    0.006492
14629    0.005055
14645    0.007356
14683    0.004764
14725    0.011711
14742    0.006235
14745    0.004002
14770    0.005528
14829    0.007862
14920    0.004528
14943    0.005122
14981    0.007356
15084    0.008726
15098    0.006720
15135    0.004158
15140    0.004781
15204    0.002900
15271    0.016083
15274    0.009143
15334    0.004191
15342    0.004664
15344    0.006374
15346    0.005855
15400    0.003776
15466    0.003075
15515    0.007356
15556    0.003753
15656    0.004617
15672    0.004664
15699    0.005855
15763    0.005436
15782    0.005122
15820    0.003022
15874    0.004127
15917    0.005194
15928    0.003048
15931    0.017418
16063    0.003447
16076    0.011973
16119    0.004367
16120    0.004713
16217    0.012267
16237    0.004796
16241    0.003707
16273    0.005528
16396    0.003899
16436    0.004617
16509    0.003009
16511    0.005436
16585    0.007609
16622    0.008726
16638    0.006998
16713    0.004158
16739    0.008726
16753    0.027991
16756    0.026179
16773    0.006998
16850    0.007356
16887    0.005269
16892    0.004293
16907    0.002430
16941    0.008156
16952    0.003685
16953    0.006720
16959    0.002629
17025    0.003642
17027    0.014499
17039    0.031448
17167    0.005350
17185    0.005436
17374    0.004367
17446    0.006720
17618    0.008726
17755    0.023319
17777    0.008726
17792    0.017453
17808    0.004872
17821    0.003075
17854    0.003848
17899    0.005528
17914    0.005122
17922    0.003102
17949    0.003776
17994    0.009860
18045    0.008726
18116    0.010245
18158    0.003262
18159    0.003343
18167    0.008057
18182    0.014808
18253    0.004817
18293    0.007356
18329    0.004991
18369    0.006998
18439    0.006492
18444    0.008726
18549    0.004930
18580    0.003874
18619    0.006733
18620    0.004037
18652    0.002265
18655    0.008365
18668    0.007851
18670    0.003035
18709    0.006492
18789    0.013439
18841    0.003377
18882    0.003765
18891    0.006720
18898    0.003310
18902    0.008726
18916    0.006998
18948    0.004817
18972    0.004445
19083    0.017209
19151    0.003048
19169    0.003502
19204    0.003465
19248    0.005122
19276    0.006134
19278    0.003131
19355    0.007356
19370    0.005556
19383    0.004037
19416    0.002972
19426    0.001714
19460    0.004048
19501    0.007356
19580    0.004991
19620    0.006492
19648    0.004617
19707    0.002854
19708    0.006134
19773    0.004381
19785    0.009624
19812    0.008726
19817    0.003411
19844    0.003265
19965    0.006134
20100    0.003621
20133    0.006998
20233    0.004293
20251    0.003580
20260    0.000742
20452    0.003116
20462    0.005122
20464    0.007858
20620    0.015605
20626    0.007161
20627    0.017512
20628    0.004066
20648    0.006858
20713    0.004720
20765    0.006998
20768    0.006160
20782    0.004764
20803    0.003464
20839    0.005855
20848    0.002265
20868    0.001924
20901    0.002706
20946    0.004705
20978    0.004008
20987    0.008726
20993    0.003130
21005    0.013942
21019    0.003502
21033    0.022512
21057    0.002960
21084    0.006134
21113    0.004158
21120    0.005598
21126    0.004713
21150    0.001990
21247    0.001265
21279    0.003130
21288    0.013439
21292    0.004991
