154
115    0.014109
219    0.009162
428    0.015853
455    0.011059
523    0.014654
1176    0.029742
1184    0.009770
1204    0.011433
1283    0.026443
1389    0.027830
1400    0.020913
1403    0.029904
1440    0.013859
1680    0.013941
1692    0.015731
1699    0.003920
1741    0.018559
1746    0.020250
1747    0.014374
1859    0.027556
2114    0.013108
2344    0.015946
2745    0.029413
2882    0.012001
2968    0.015495
3039    0.032779
3086    0.070547
3089    0.031521
3090    0.014024
3632    0.013544
3734    0.014952
4135    0.013941
4137    0.008043
4150    0.014284
4258    0.009162
4380    0.025331
4662    0.023365
4777    0.013108
4833    0.017643
5079    0.010797
5179    0.016814
5501    0.006552
5882    0.029742
6130    0.018431
6305    0.018222
6486    0.015611
6628    0.010199
6827    0.013859
7319    0.022648
7380    0.012522
7565    0.025420
7712    0.016519
7726    0.017128
7817    0.025420
7965    0.015162
8077    0.019648
8116    0.014320
8630    0.005672
8712    0.017128
8781    0.010162
9016    0.011786
9210    0.012342
10272    0.029742
10334    0.038409
10335    0.018651
10397    0.027088
10575    0.037762
10790    0.015731
10837    0.005195
10881    0.014196
11014    0.012112
11024    0.050840
11103    0.003745
11183    0.012710
11439    0.013469
11445    0.013394
11857    0.016519
11963    0.023833
12122    0.016573
12166    0.012283
12230    0.010237
12273    0.010390
12277    0.017465
12283    0.006501
12302    0.020563
12519    0.015761
12548    0.021343
12993    0.024560
13154    0.012461
13319    0.010755
13355    0.007679
13357    0.018489
13434    0.005995
13568    0.012112
13939    0.009702
14200    0.014109
14359    0.015853
14498    0.008786
14714    0.023833
14717    0.013778
14752    0.019934
14859    0.017828
15033    0.015270
15207    0.016968
15210    0.011734
15596    0.019648
15684    0.015853
15787    0.029742
15822    0.009804
15939    0.016378
16029    0.013040
16130    0.018431
16220    0.022648
16371    0.027556
16585    0.013433
16707    0.011892
17140    0.019934
17144    0.007443
17372    0.016241
17484    0.005503
17669    0.007835
17868    0.065892
17875    0.013469
17887    0.026473
17916    0.012056
18133    0.014465
18159    0.012646
18182    0.005093
18411    0.013778
18438    0.018651
18587    0.010125
18724    0.014559
18725    0.066607
18726    0.012584
18882    0.007121
18940    0.015979
19124    0.017643
19133    0.018651
19366    0.004588
19370    0.010509
19416    0.011242
19460    0.007657
19558    0.023203
19820    0.011150
19844    0.009264
20090    0.005601
20260    0.008419
20274    0.011482
20282    0.007219
20440    0.019934
20717    0.008413
20785    0.011196
21057    0.011196
21254    0.030824
