370
24    0.010793
168    0.015801
195    0.012126
420    0.007514
451    0.004701
460    0.010922
481    0.005684
568    0.010363
585    0.012126
595    0.007604
653    0.006677
701    0.009233
948    0.010364
1240    0.004268
1449    0.011346
1451    0.006407
1477    0.004848
1686    0.006621
1691    0.004284
1699    0.001598
1707    0.004961
1739    0.013459
1740    0.019660
1741    0.002522
1746    0.004128
1747    0.005860
1762    0.006902
1764    0.007347
1766    0.010013
1862    0.002743
1918    0.005650
1922    0.007900
1946    0.006794
1964    0.010793
2102    0.003368
2119    0.006138
2136    0.013459
2165    0.007604
2248    0.006983
2285    0.008847
2296    0.012126
2342    0.009460
2344    0.003250
2432    0.006972
2684    0.004527
2723    0.003760
2773    0.009717
2819    0.004268
2872    0.006055
2884    0.013459
3043    0.006055
3110    0.007796
3277    0.013459
3289    0.009031
3297    0.005130
3298    0.005936
3442    0.010793
3483    0.005431
3567    0.003167
3592    0.007347
3603    0.022811
3745    0.023742
3747    0.007514
3788    0.006096
3854    0.007796
3950    0.007347
4017    0.014694
4028    0.016293
4037    0.006855
4130    0.012363
4135    0.005684
4137    0.006558
4160    0.013459
4191    0.009717
4240    0.002758
4260    0.004870
4450    0.003651
4516    0.011647
4572    0.010013
4666    0.005936
4820    0.011346
4821    0.011346
4822    0.011346
4872    0.006181
4893    0.010013
4967    0.011346
5043    0.001980
5074    0.008945
5075    0.007026
5101    0.013459
5255    0.009717
5495    0.002582
5523    0.005373
5550    0.006918
5669    0.009233
5851    0.007051
6038    0.007269
6229    0.009717
6269    0.009031
6350    0.013459
6372    0.006407
6394    0.008526
6403    0.006567
6465    0.008526
6643    0.011346
6655    0.005208
6689    0.006983
6844    0.005234
6847    0.010364
6907    0.008384
6908    0.003328
6918    0.005373
6959    0.008526
6974    0.011346
7117    0.006014
7129    0.006855
7180    0.006365
7188    0.004763
7315    0.011346
7319    0.009233
7410    0.008384
7486    0.004870
7524    0.007697
7531    0.003494
7571    0.010522
7600    0.006055
7753    0.003675
7754    0.005752
7802    0.001784
7894    0.016767
7895    0.014694
7924    0.010364
7944    0.009460
7949    0.013459
8026    0.012126
8040    0.003409
8078    0.008120
8079    0.009233
8081    0.009031
8116    0.002919
8323    0.004848
8342    0.006677
8446    0.003651
8448    0.007514
8453    0.009717
8534    0.004334
8568    0.003001
8581    0.014921
8623    0.008847
8630    0.004625
8676    0.010793
8684    0.008680
8712    0.006983
8787    0.008127
8918    0.004455
8921    0.012126
9079    0.013459
9127    0.006621
9203    0.007698
9214    0.006181
9281    0.013459
9375    0.014537
9395    0.007900
9417    0.007269
9454    0.003901
9495    0.010793
9631    0.005130
9644    0.005650
9664    0.004509
9692    0.005373
9777    0.006226
9798    0.003772
9816    0.031601
9818    0.010364
9890    0.009717
9944    0.006096
9963    0.006918
9984    0.005522
10115    0.007604
10290    0.004661
10297    0.013459
10353    0.010013
10493    0.009233
10610    0.019702
10647    0.015593
10892    0.009028
10897    0.003928
10898    0.006983
11093    0.005080
11103    0.007634
11117    0.010014
11177    0.018919
11201    0.003185
11283    0.005373
11334    0.004069
11355    0.007847
11394    0.008384
11399    0.006317
11435    0.012126
11439    0.005491
11444    0.004763
11503    0.006279
11683    0.002535
11733    0.008010
11813    0.013459
11841    0.006663
11978    0.011346
12005    0.002707
12110    0.003640
12191    0.006677
12248    0.026917
12251    0.012126
12300    0.006902
12337    0.022041
12522    0.004419
12548    0.004351
12551    0.003505
12613    0.006138
12684    0.002833
12864    0.004189
12911    0.008668
12983    0.003915
12987    0.005795
13020    0.013459
13025    0.021585
13154    0.005080
13172    0.010364
13179    0.005008
13231    0.006855
13264    0.010364
13302    0.009031
13303    0.009233
13323    0.012126
13351    0.003158
13355    0.006261
13357    0.001884
13361    0.005522
13434    0.003666
13454    0.008384
13462    0.005936
13559    0.013459
13626    0.013459
13846    0.013459
13866    0.011170
13886    0.006716
13891    0.009233
13956    0.012126
14065    0.011130
14085    0.008680
14121    0.010013
14196    0.011346
14425    0.003167
14727    0.006621
14742    0.002748
14774    0.007698
14877    0.024251
14917    0.006621
14919    0.007900
14944    0.005461
15003    0.007429
15028    0.008127
15153    0.013459
15185    0.008384
15387    0.008384
15408    0.009717
15439    0.008847
15449    0.024251
15466    0.009484
15551    0.004870
15555    0.004641
15556    0.005788
15688    0.060078
15689    0.013459
15690    0.036377
15778    0.005032
15779    0.006567
15783    0.005974
15826    0.010793
15927    0.005617
15944    0.006271
15975    0.013459
16060    0.005261
16116    0.007994
16117    0.004805
16118    0.026917
16121    0.013459
16328    0.012126
16585    0.003912
16586    0.015029
16729    0.004387
16880    0.004622
16949    0.007121
17033    0.006138
17034    0.006918
17051    0.003942
17104    0.007796
17125    0.008127
17201    0.007698
17248    0.009233
17278    0.013459
17404    0.013459
17484    0.002244
17527    0.007347
17662    0.012126
17669    0.006388
17781    0.008384
17782    0.004722
17817    0.006271
17821    0.004742
17829    0.006735
17868    0.005373
17870    0.008409
17876    0.010793
17917    0.010793
17966    0.005182
18028    0.011346
18182    0.014533
18282    0.008346
18717    0.004915
18780    0.009031
18888    0.009017
18982    0.009233
19002    0.012126
19017    0.012126
19214    0.020727
19226    0.003194
19261    0.004025
19262    0.004564
19317    0.013459
19366    0.001870
19410    0.004980
19448    0.008127
19464    0.003760
19503    0.005823
19535    0.004893
19546    0.006515
19569    0.007269
19599    0.013459
19603    0.010793
19718    0.005130
19773    0.003378
19840    0.010793
19844    0.002518
20038    0.009233
20039    0.010793
20090    0.018267
20260    0.006865
20366    0.007514
20437    0.010013
20463    0.009233
20464    0.004040
20475    0.063663
20477    0.042967
20478    0.012126
20480    0.007604
20557    0.004455
20563    0.007269
20635    0.013459
20648    0.005288
20717    0.013720
20735    0.013459
20833    0.007900
20868    0.005935
20878    0.013459
21007    0.013459
21129    0.006069
21150    0.003069
21218    0.013459
21243    0.012207
21247    0.007804
