193
219    0.006912
322    0.022439
333    0.006233
451    0.026099
1135    0.017981
1147    0.020996
1324    0.016063
1588    0.020996
1650    0.024906
1725    0.011778
1741    0.009335
1746    0.022916
1756    0.022439
1898    0.034173
2008    0.023041
2020    0.014427
2265    0.016711
2470    0.024713
2501    0.049811
2555    0.017981
2857    0.018988
3089    0.005945
3460    0.015039
3536    0.038356
3610    0.017506
3611    0.013906
3797    0.014427
3825    0.014620
3826    0.015039
4135    0.010518
4173    0.011439
4286    0.017086
4380    0.004778
4639    0.012253
4661    0.017086
4823    0.019178
5079    0.008146
5352    0.009096
5418    0.022439
5484    0.014620
5495    0.004778
5521    0.010777
5706    0.013177
5719    0.007074
5733    0.017506
5769    0.007027
5940    0.019972
6123    0.024906
6187    0.019178
6365    0.008211
6368    0.022439
6372    0.011856
6523    0.019178
6628    0.015390
6714    0.013596
6758    0.021726
6759    0.024906
6761    0.006822
6827    0.020912
6828    0.082623
6856    0.035962
7117    0.011129
7178    0.020912
7277    0.019178
7324    0.024906
7779    0.009942
7833    0.006386
7856    0.015269
7900    0.049811
7989    0.008700
8284    0.019178
8378    0.015039
8395    0.011204
8408    0.013451
8417    0.008344
8581    0.016567
8825    0.018529
8884    0.024906
9002    0.011521
9193    0.012922
9388    0.033927
9392    0.012253
9502    0.010105
9503    0.017086
10175    0.009686
10350    0.030078
10411    0.009942
10413    0.012572
10415    0.035011
10420    0.009996
10629    0.033423
10773    0.008482
10837    0.003919
10897    0.007269
11087    0.008700
11095    0.012356
11117    0.006177
11181    0.006889
11213    0.007928
11313    0.018529
11468    0.008737
11540    0.014071
11591    0.012153
11792    0.039945
11841    0.004110
11863    0.015778
11866    0.024906
12230    0.015446
12560    0.014427
12684    0.005242
12770    0.017086
13008    0.010844
13050    0.018869
13231    0.012685
13319    0.008114
13434    0.002262
13533    0.012572
13654    0.019972
13899    0.019992
13910    0.034223
13911    0.020996
13939    0.014640
14038    0.022439
14137    0.010335
14237    0.012802
14314    0.010518
14320    0.016894
14323    0.008700
14425    0.005860
14523    0.009996
14707    0.024906
14745    0.005711
14772    0.019972
14848    0.022439
14906    0.014427
14971    0.016372
15019    0.021035
15063    0.007122
15239    0.012572
15503    0.009942
15556    0.010710
15704    0.016711
15712    0.007958
15928    0.008700
15978    0.015039
15983    0.009736
16252    0.013451
16268    0.014245
16585    0.015926
16592    0.005357
16729    0.004059
16732    0.006196
16800    0.022439
16941    0.013966
17056    0.014620
17669    0.005911
18005    0.012694
18006    0.019972
18007    0.013047
18009    0.018529
18018    0.012922
18167    0.003832
18182    0.003842
18314    0.016711
18462    0.011604
18835    0.022439
18984    0.022439
18993    0.011778
19106    0.011056
19177    0.007146
19226    0.011822
19266    0.007220
19271    0.009223
19278    0.004468
19314    0.013596
19785    0.020601
20090    0.012677
20100    0.010335
20260    0.031758
20282    0.005446
20289    0.027495
20534    0.008310
20590    0.020996
20742    0.011439
20838    0.017981
20848    0.006465
20910    0.011056
20933    0.020996
21024    0.044878
21150    0.019879
21243    0.005647
21253    0.005477
21324    0.024906
