225
539    0.009961
737    0.018461
823    0.016620
976    0.020741
1113    0.015447
1157    0.008183
1271    0.014584
1433    0.012567
1689    0.014657
1698    0.006246
1699    0.010934
1712    0.016223
1972    0.012304
2156    0.019560
2157    0.015447
2432    0.003975
2508    0.009780
2644    0.010024
2649    0.018461
2723    0.012862
2745    0.006837
2857    0.008776
2918    0.015447
3050    0.006389
3464    0.013901
3563    0.007246
3593    0.006628
3654    0.012060
3671    0.012433
3713    0.009240
4093    0.031587
4097    0.023021
4118    0.012060
4240    0.004717
4258    0.006389
4324    0.008007
4461    0.008566
4562    0.015447
4729    0.007500
4730    0.011056
4899    0.027253
5043    0.006775
5056    0.013007
5072    0.013702
5093    0.009499
5152    0.009445
5268    0.013007
5495    0.004416
5515    0.006246
5563    0.009240
5614    0.007906
5675    0.012433
5706    0.012180
5719    0.013078
5725    0.059767
5773    0.014847
5977    0.006226
5991    0.008446
6012    0.023021
6251    0.011143
6372    0.005480
6429    0.009290
6450    0.014584
6461    0.014847
6628    0.007113
6663    0.011056
6912    0.020741
7168    0.009163
7188    0.008147
7192    0.009839
7254    0.013167
7325    0.010219
7351    0.007939
7416    0.013167
7441    0.011056
7466    0.008112
7508    0.010287
7642    0.009290
7712    0.011520
7713    0.017727
7757    0.012854
7833    0.005903
7935    0.010806
8581    0.005105
8618    0.016181
8639    0.008863
8647    0.018461
8673    0.015134
9320    0.009608
9364    0.007712
9388    0.023520
9411    0.004370
9518    0.034289
9533    0.007165
9687    0.022652
9742    0.017127
9798    0.006452
9834    0.013336
9881    0.011143
9963    0.011833
9972    0.015447
10140    0.007301
10420    0.027719
10445    0.009780
10578    0.010088
10605    0.006910
10773    0.007840
10803    0.018380
11103    0.002612
11201    0.005448
11271    0.008112
11355    0.013423
11413    0.027403
11440    0.011621
11534    0.013702
11562    0.010970
11570    0.014384
11747    0.008566
11782    0.005710
11841    0.007598
12095    0.018380
12207    0.013514
12240    0.019408
12245    0.006070
12354    0.014847
12421    0.018682
12535    0.015794
12548    0.007442
12642    0.012854
12765    0.007192
12768    0.023021
12782    0.038815
12898    0.010356
12900    0.009839
12927    0.007776
12982    0.016620
12987    0.003304
12999    0.003790
13050    0.005814
13434    0.006271
13462    0.010153
13466    0.005386
13491    0.010887
13897    0.010806
13899    0.009240
13909    0.009093
14222    0.012854
14316    0.007530
14387    0.013514
14420    0.023021
14453    0.010219
14523    0.009240
14537    0.006474
14717    0.009608
14857    0.009499
14997    0.010499
15271    0.008486
15274    0.036181
15332    0.016181
15484    0.009900
15599    0.018461
15835    0.020741
15912    0.005939
15928    0.032166
15931    0.027571
16237    0.006327
16312    0.013702
16319    0.023021
16361    0.019408
16425    0.014340
16455    0.023021
16729    0.003752
16734    0.004618
16890    0.031720
16892    0.033979
17027    0.053552
17029    0.020306
17032    0.025415
17129    0.007010
17248    0.015794
17531    0.019683
17630    0.017127
17735    0.016181
18133    0.010088
18182    0.014205
18282    0.010707
18347    0.012707
18384    0.013702
18992    0.010024
19177    0.006606
19226    0.005464
19261    0.006886
19262    0.007808
19265    0.013007
19278    0.004130
19366    0.003199
19444    0.032911
19464    0.006431
19518    0.034863
19557    0.011945
19577    0.010499
19741    0.010806
19760    0.013901
19823    0.012180
19836    0.010726
20087    0.019408
20222    0.041483
20260    0.001957
20338    0.015134
20540    0.018998
20627    0.009240
20628    0.010726
20713    0.012451
20716    0.009093
20768    0.005417
20830    0.020713
20901    0.007139
20983    0.007192
20993    0.008256
21005    0.029425
21019    0.009240
21020    0.013007
21150    0.005250
21243    0.005220
21279    0.008256
