30
264    0.150040
2277    0.045909
3086    0.093474
3089    0.052207
4380    0.041954
5079    0.071531
5495    0.041954
5819    0.123562
7595    0.070973
8116    0.094867
9533    0.068070
12122    0.054899
13320    0.084201
13357    0.030622
14224    0.113475
14425    0.051458
14537    0.061502
15207    0.224832
16371    0.091280
17094    0.104217
18587    0.067077
18726    0.083368
19453    0.073566
19512    0.120719
20260    0.018592
20282    0.047827
20845    0.089230
21253    0.048091
21258    0.105862
21266    0.059143
