165
212    0.014797
219    0.026247
539    0.013641
670    0.019637
1097    0.010561
1184    0.009330
1436    0.022713
1481    0.028403
1699    0.003743
1707    0.011620
1925    0.031827
2042    0.025280
2048    0.012652
2319    0.015775
2569    0.015775
2950    0.020723
3011    0.020723
3050    0.061243
3053    0.013313
3400    0.033357
3575    0.015510
3664    0.016204
3720    0.031525
3789    0.013082
3928    0.050560
4137    0.007681
4195    0.008498
4413    0.018031
4492    0.011357
4544    0.066715
4739    0.019971
4908    0.022759
5043    0.004639
5352    0.011513
5358    0.016357
5544    0.014182
5977    0.008525
6262    0.050610
6297    0.020332
6705    0.010692
7364    0.015775
7366    0.022158
7377    0.017672
7531    0.016367
7583    0.016849
7636    0.026015
7753    0.008608
7896    0.012518
8019    0.007591
8033    0.026576
8040    0.007985
8107    0.021626
8511    0.021153
9179    0.013393
9282    0.009429
9364    0.010561
9398    0.009885
9411    0.005985
9460    0.017025
9747    0.025582
9946    0.017811
9991    0.029816
10095    0.013994
10130    0.017209
10195    0.021627
10227    0.023454
10248    0.022158
10429    0.025280
10690    0.028403
10908    0.019971
10941    0.031525
10962    0.031525
10975    0.026948
10976    0.038071
10995    0.026576
11201    0.007460
11283    0.012585
11358    0.010648
11445    0.012791
11489    0.024275
11613    0.013641
11674    0.025280
11730    0.031525
11765    0.020332
11841    0.005203
12005    0.019021
12122    0.007913
12519    0.030102
12605    0.012137
12659    0.010648
12820    0.015383
12889    0.007229
12999    0.015569
13050    0.007961
13157    0.013393
13177    0.017209
13219    0.014087
13352    0.009530
13357    0.017656
13470    0.014582
13580    0.007681
14176    0.023454
14607    0.010692
15500    0.015913
15503    0.012585
15601    0.034539
15604    0.014182
15712    0.010074
15782    0.018505
15792    0.011156
15822    0.009363
15849    0.015022
15907    0.018992
15912    0.008133
16378    0.022759
16529    0.026954
16532    0.014378
16585    0.010996
16592    0.006781
16676    0.030766
16729    0.005138
16862    0.011060
16871    0.022158
16873    0.021153
17084    0.066474
17105    0.009138
17117    0.007704
17145    0.018031
17221    0.016056
17292    0.009922
17484    0.005255
17507    0.033357
17531    0.008985
18005    0.008034
18167    0.004851
18260    0.019971
18402    0.026576
18499    0.038802
18501    0.021627
18502    0.035202
18619    0.008108
18674    0.017209
18713    0.013158
18730    0.026576
19000    0.017811
19149    0.028403
19195    0.017811
19485    0.012862
19498    0.031525
19777    0.021153
19834    0.028403
19844    0.002949
20108    0.015139
20314    0.022158
20432    0.028174
20471    0.031525
20644    0.025280
20800    0.020332
20830    0.042545
20841    0.008312
21012    0.019637
21098    0.021153
21115    0.007396
21122    0.010351
21173    0.023454
