355
166    0.007529
246    0.004650
352    0.009251
552    0.005090
568    0.005192
610    0.005090
930    0.008142
1066    0.007361
1223    0.008697
1255    0.006329
1274    0.006527
1436    0.009716
1455    0.007207
1466    0.005835
1699    0.003202
1846    0.004710
1847    0.006238
1856    0.011368
1944    0.008142
1992    0.008543
2048    0.005412
2113    0.005471
2116    0.007712
2170    0.006997
2283    0.016236
2380    0.006108
2432    0.002329
2510    0.007811
2571    0.010384
2595    0.017085
2635    0.012149
2644    0.005871
2673    0.010032
2711    0.005695
2737    0.023154
2739    0.008400
2747    0.006193
2819    0.004276
2984    0.008697
2987    0.008026
3238    0.004947
3341    0.004325
3401    0.009735
3471    0.015831
3501    0.006997
3583    0.005914
3593    0.003882
3617    0.008267
3675    0.005661
3726    0.009421
3743    0.004033
3788    0.006108
3891    0.009251
3912    0.006527
3972    0.010384
3989    0.007618
4137    0.003286
4141    0.005729
4173    0.006193
4317    0.006997
4319    0.006690
4405    0.010384
4492    0.004858
4516    0.005835
4536    0.005628
4574    0.008267
4581    0.012754
4599    0.007443
4620    0.014268
4810    0.005661
4811    0.005835
4836    0.009478
4899    0.007982
4937    0.009478
4965    0.008400
5044    0.005799
5096    0.017666
5103    0.012952
5207    0.009251
5260    0.010943
5292    0.008400
5331    0.006476
5399    0.006997
5439    0.007134
5578    0.010230
5614    0.013892
5716    0.010032
5879    0.005218
6129    0.006634
6174    0.008400
6438    0.020065
6489    0.007915
6596    0.010185
6671    0.009735
6675    0.008142
6756    0.005090
6758    0.017644
6761    0.003694
6762    0.010436
6844    0.005244
6885    0.010032
6908    0.003335
6964    0.012149
7166    0.005533
7168    0.005367
7178    0.011322
7354    0.010032
7583    0.007207
7619    0.004228
7693    0.006580
7716    0.006527
7736    0.003963
7755    0.008543
7770    0.006807
7802    0.005363
7834    0.009048
7866    0.010032
7989    0.004710
8001    0.006868
8019    0.006494
8021    0.005115
8025    0.003694
8045    0.012149
8078    0.002712
8175    0.010814
8378    0.008142
8417    0.009035
8431    0.009478
8608    0.010032
8630    0.006951
8688    0.006997
8805    0.005729
8809    0.010814
9152    0.006527
9186    0.010814
9209    0.003075
9304    0.013160
9361    0.004751
9454    0.003909
9455    0.006580
9517    0.003146
9792    0.010032
10095    0.005986
10140    0.004276
10150    0.008400
10175    0.005244
10322    0.010384
10354    0.004814
10421    0.010824
10589    0.005017
10610    0.006580
10655    0.010814
10665    0.009251
10689    0.005628
10697    0.006329
10715    0.010384
10911    0.032102
10942    0.022772
10948    0.010814
11093    0.005090
11103    0.001530
11130    0.006634
11180    0.006047
11181    0.014920
11203    0.004751
11283    0.005383
11386    0.004573
11519    0.005471
11683    0.005080
11729    0.004428
11737    0.009735
11744    0.008066
11747    0.005017
11782    0.003345
11817    0.008864
11889    0.005871
11947    0.006690
12005    0.002712
12045    0.005763
12048    0.005192
12053    0.006238
12064    0.005355
12166    0.005017
12273    0.004244
12307    0.048918
12308    0.009735
12309    0.029963
12326    0.071799
12335    0.011368
12336    0.012149
12342    0.008864
12345    0.003682
12511    0.010384
12551    0.003511
12601    0.012149
12765    0.004213
12820    0.006580
12853    0.004293
12865    0.015425
12928    0.004925
12999    0.002220
13125    0.006193
13157    0.005729
13232    0.007618
13259    0.010384
13295    0.006997
13307    0.009251
13351    0.003164
13355    0.006273
13434    0.003673
13466    0.006309
13501    0.058244
13533    0.006807
13547    0.007712
13601    0.006150
13836    0.007712
13877    0.005661
13886    0.003365
13892    0.006997
13909    0.015979
14255    0.009048
14296    0.010384
14320    0.004573
14323    0.004710
14329    0.009735
14391    0.005695
14406    0.004091
14411    0.012149
14425    0.022209
14430    0.005271
14523    0.005412
14594    0.007064
14604    0.005770
14683    0.007361
14742    0.002753
14745    0.009277
14796    0.004309
14800    0.010384
14917    0.013268
14961    0.007811
14996    0.007529
15019    0.005695
15038    0.006931
15063    0.003856
15135    0.006426
15137    0.007618
15139    0.008142
15212    0.006690
15344    0.009849
15474    0.008026
15570    0.007207
15695    0.005041
15707    0.009735
15710    0.011389
15764    0.006283
15818    0.004106
15820    0.004670
15850    0.008697
15888    0.015831
15907    0.004062
15911    0.007064
15912    0.003479
15945    0.012149
15950    0.012149
15988    0.006807
16063    0.005326
16079    0.009735
16234    0.008864
16252    0.007283
16266    0.019471
16269    0.006426
16299    0.006426
16432    0.005218
16490    0.023635
16510    0.020421
16521    0.006150
16585    0.005487
16952    0.005695
16977    0.008864
17066    0.006066
17074    0.010083
17115    0.006690
17117    0.003295
17451    0.005596
17480    0.006108
17643    0.004166
17774    0.009735
17836    0.007529
17854    0.005947
17870    0.004213
17922    0.004793
18128    0.012149
18167    0.004150
18173    0.007283
18203    0.004481
18377    0.009735
18412    0.010384
18415    0.018956
18416    0.020070
18417    0.008267
18422    0.008864
18477    0.008400
18619    0.003468
18628    0.010814
18649    0.006283
18655    0.017236
18741    0.011368
18781    0.011368
18785    0.008864
18795    0.008864
18882    0.002909
18927    0.008543
19035    0.012149
19097    0.005299
19225    0.004536
19266    0.007818
19274    0.007207
19327    0.006364
19366    0.005622
19426    0.002648
19464    0.003767
19473    0.009251
19785    0.003718
19817    0.005271
19823    0.014268
19895    0.011368
20131    0.007134
20229    0.010032
20274    0.004690
20281    0.004880
20383    0.007811
20464    0.004048
20578    0.012149
20601    0.004670
20604    0.010384
20620    0.008038
20625    0.007811
20626    0.005533
20692    0.020767
20803    0.002676
20841    0.024887
20844    0.002815
20894    0.003718
20956    0.005355
21016    0.005115
21052    0.008142
21058    0.003949
21087    0.003922
21115    0.003164
21119    0.013160
21120    0.025953
21150    0.009225
21155    0.005441
21306    0.005299
21310    0.010943
