449
73    0.007895
92    0.010935
147    0.003214
187    0.009852
191    0.004413
196    0.010935
348    0.005133
447    0.004854
539    0.004732
562    0.010935
568    0.004210
583    0.006036
592    0.007686
595    0.006178
625    0.010935
646    0.007502
738    0.007895
822    0.005425
927    0.006036
1157    0.003887
1257    0.009852
1259    0.009852
1265    0.009852
1351    0.006178
1446    0.006334
1480    0.005095
1529    0.004210
1677    0.004462
1746    0.003354
1762    0.002804
1904    0.007502
1972    0.005844
2074    0.005729
2156    0.004646
2192    0.006812
2313    0.006812
2332    0.006419
2396    0.002948
2432    0.001888
2442    0.006927
2508    0.009291
2541    0.007686
2546    0.007686
2644    0.004761
2656    0.007895
2688    0.003820
2711    0.004618
2744    0.005858
2768    0.005570
2853    0.005425
2867    0.008923
2878    0.009852
3044    0.005969
3244    0.008136
3386    0.018437
3463    0.006812
3473    0.023118
3479    0.016560
3500    0.009852
3559    0.011139
3574    0.008874
3593    0.009445
3594    0.014105
3597    0.012838
3618    0.007574
3619    0.012759
3686    0.005058
3713    0.008778
3715    0.005336
3726    0.003820
3732    0.004823
3828    0.008420
3842    0.003549
3886    0.004987
3905    0.005785
3964    0.010935
4001    0.005570
4023    0.002728
4055    0.005520
4137    0.002664
4240    0.008962
4258    0.006070
4262    0.005380
4406    0.005520
4454    0.010935
4541    0.006334
4547    0.009219
4636    0.005058
4689    0.005906
4690    0.005472
4729    0.003563
4730    0.005251
4770    0.010935
4860    0.006254
4864    0.008136
4899    0.006473
5022    0.006927
5024    0.010935
5033    0.009219
5034    0.016841
5055    0.005293
5063    0.007337
5355    0.006508
5367    0.008136
5414    0.003904
5495    0.006293
5501    0.002170
5507    0.006927
5571    0.007686
5694    0.006812
5719    0.012424
5725    0.014195
5786    0.009219
5898    0.005171
5962    0.005336
6010    0.010935
6040    0.010935
6372    0.002603
6376    0.011242
6408    0.021870
6429    0.004413
6598    0.005642
6651    0.008099
6663    0.005251
6705    0.003709
6719    0.003678
6758    0.007154
6762    0.012694
6822    0.009852
6908    0.005408
6937    0.005906
7008    0.007895
7296    0.009852
7393    0.004886
7401    0.007337
7459    0.006036
7524    0.003127
7571    0.004275
7709    0.004987
7736    0.016069
7746    0.006105
7793    0.006812
7802    0.002899
7833    0.005608
7902    0.005472
7913    0.010935
7935    0.015398
7959    0.021870
7960    0.010935
7963    0.010935
7964    0.005520
7969    0.006508
8105    0.004987
8107    0.002501
8116    0.004743
8165    0.006419
8212    0.006419
8342    0.005425
8343    0.005674
8417    0.003663
8432    0.010935
8476    0.003494
8500    0.002405
8502    0.019704
8568    0.002438
8581    0.009699
8596    0.005803
8613    0.036095
8616    0.024144
8624    0.004512
8630    0.001879
8639    0.004210
8640    0.005472
8719    0.013017
8780    0.009219
8918    0.003619
9009    0.005336
9023    0.004108
9126    0.004953
9127    0.005380
9143    0.004253
9153    0.004031
9256    0.003922
9265    0.008420
9311    0.005293
9320    0.004564
9361    0.007706
9388    0.003724
9411    0.006228
9459    0.005171
9517    0.002551
9518    0.013961
9664    0.003663
9692    0.004365
9786    0.008420
9798    0.003065
9833    0.009852
9945    0.004674
10290    0.003787
10316    0.010935
10341    0.005785
10354    0.003904
10360    0.028754
10422    0.004732
10435    0.008769
10499    0.010935
10525    0.004886
10558    0.006334
10578    0.004792
10581    0.007337
10599    0.008420
10605    0.003282
10620    0.007895
10625    0.006812
10637    0.005058
10647    0.006334
10751    0.009852
10773    0.011172
10803    0.004365
10892    0.004890
10992    0.006603
11018    0.005729
11026    0.006603
11107    0.007337
11112    0.006070
11117    0.005424
11173    0.006704
11180    0.002452
11271    0.007706
11306    0.010935
11327    0.011689
11355    0.002125
11358    0.003693
11373    0.007337
11386    0.003709
11503    0.005102
11569    0.003106
11581    0.004413
11683    0.002060
11725    0.007053
11729    0.003591
11735    0.006508
11747    0.004069
11750    0.005858
11777    0.009852
11876    0.009219
11958    0.004413
11972    0.006704
12005    0.002199
12026    0.010935
12040    0.017538
12042    0.004919
12045    0.004674
12095    0.008731
12115    0.009219
12162    0.005133
12201    0.007895
12207    0.012838
12300    0.011216
12352    0.009852
12421    0.008874
12510    0.007053
12519    0.002610
12522    0.003591
12591    0.006495
12797    0.014105
12817    0.003724
12844    0.007895
12864    0.006807
12900    0.004674
12910    0.009852
12927    0.003693
12982    0.007895
12987    0.004709
13015    0.009852
13050    0.002762
13137    0.008769
13320    0.004210
13434    0.001986
13482    0.004189
13484    0.004275
13488    0.006178
13491    0.010343
13538    0.007337
13545    0.005969
13714    0.009852
13754    0.007337
13755    0.010935
13892    0.005674
13897    0.005133
13899    0.004389
13906    0.005380
13910    0.003005
13931    0.009219
13939    0.003214
14058    0.005785
14065    0.005168
14073    0.007574
14177    0.009852
14200    0.009347
14237    0.005621
14285    0.008420
14303    0.003148
14304    0.004953
14396    0.010935
14428    0.005674
14439    0.002633
14448    0.006334
14453    0.009708
14485    0.004031
14523    0.004389
14579    0.005171
14682    0.007053
14741    0.003904
14742    0.005581
14743    0.006334
14745    0.005015
14746    0.004365
14754    0.004365
14857    0.004512
14929    0.008420
15003    0.006036
15063    0.003127
15188    0.010935
15271    0.016123
15274    0.011457
15346    0.007337
15382    0.006254
15591    0.004674
15672    0.005844
15822    0.003248
15874    0.015514
15928    0.007639
15931    0.008731
15958    0.006603
15978    0.006603
16063    0.004319
16116    0.003248
16119    0.005472
16215    0.006334
16237    0.003005
16353    0.004919
16361    0.018437
16377    0.006812
16442    0.009852
16501    0.003214
16509    0.007542
16585    0.006992
16729    0.003564
16732    0.002720
16771    0.006927
16780    0.009852
16887    0.006603
16890    0.015067
16892    0.005380
16952    0.004618
16955    0.004275
16998    0.010935
17025    0.013692
17027    0.021803
17033    0.009975
17210    0.006254
17211    0.009852
17555    0.007895
17669    0.002595
17691    0.010935
17811    0.004886
17854    0.004823
17875    0.004462
18082    0.004674
18158    0.004088
18167    0.008414
18182    0.008434
18329    0.012509
18340    0.004462
18369    0.008769
18439    0.008136
18440    0.006704
18537    0.007686
18545    0.010935
18549    0.006178
18580    0.004854
18652    0.005677
18655    0.006989
18692    0.007686
18706    0.006334
18709    0.008136
18789    0.016841
18887    0.005022
18949    0.006812
18972    0.005570
19082    0.007686
19083    0.021565
19135    0.008769
19150    0.010935
19151    0.003820
19226    0.005191
19279    0.006603
19370    0.006962
19410    0.002023
19426    0.008591
19444    0.005211
19516    0.008420
19767    0.007502
19772    0.003724
19773    0.002745
19785    0.006030
19836    0.005095
19844    0.001023
20090    0.001855
20251    0.004487
20260    0.000930
20338    0.007188
20452    0.023425
20463    0.007502
20464    0.006565
20617    0.012072
20620    0.016296
20625    0.006334
20626    0.004487
20627    0.008778
20631    0.008420
20648    0.004297
20713    0.002957
20768    0.007719
20774    0.010935
20778    0.005133
20868    0.002411
20894    0.003015
20901    0.003391
20910    0.004854
20916    0.005425
20927    0.002649
20946    0.005895
20964    0.003342
20965    0.008769
20978    0.005022
21005    0.013977
21014    0.007895
21032    0.008769
21033    0.021158
21122    0.003591
21135    0.005674
21150    0.007481
21176    0.010935
21243    0.002479
21247    0.001585
21266    0.002957
21279    0.007843
