77
82    0.049957
103    0.024544
460    0.030209
509    0.067078
532    0.067078
749    0.042583
773    0.029721
822    0.036938
920    0.032624
1276    0.034690
1456    0.033956
1668    0.041569
2156    0.031629
2508    0.031629
2644    0.032418
2679    0.067078
2857    0.028381
3044    0.040643
3713    0.029881
4093    0.051078
4150    0.032215
4245    0.025461
4729    0.024255
4899    0.022035
5022    0.047166
5332    0.044957
5718    0.061791
5725    0.128860
6758    0.016237
7330    0.022268
7342    0.043704
8165    0.043704
8342    0.036938
8476    0.023791
8639    0.028664
9292    0.055391
9320    0.031074
9388    0.050710
9518    0.015842
9944    0.033722
9971    0.080418
9982    0.051078
10558    0.043128
10605    0.022348
10625    0.046377
11112    0.020662
11173    0.045643
11757    0.024942
12095    0.029721
12300    0.019090
12421    0.030209
12522    0.024447
12765    0.046518
12987    0.021373
14604    0.015928
14741    0.026582
15271    0.054887
15274    0.039003
15916    0.042583
15928    0.052013
15931    0.059443
16215    0.043128
16312    0.044312
16353    0.033493
16892    0.146518
17027    0.074224
17101    0.027443
17966    0.028664
18116    0.043704
18282    0.011543
18340    0.030376
18882    0.032119
19351    0.041569
20540    0.030720
20978    0.034195
21243    0.016882
21279    0.026701
