412
44    0.010778
45    0.008637
115    0.005113
191    0.004828
246    0.004126
314    0.004993
333    0.002994
368    0.010085
447    0.005311
451    0.008358
489    0.009212
498    0.011963
504    0.006679
531    0.010778
661    0.007334
702    0.004451
731    0.007120
737    0.009594
773    0.009552
823    0.008637
1045    0.009212
1065    0.008207
1157    0.004252
1275    0.006039
1343    0.008409
1360    0.008207
1529    0.004606
1593    0.010085
1690    0.005701
1699    0.004262
1740    0.004369
1762    0.006135
1781    0.006759
1910    0.006394
1940    0.004091
1969    0.006267
2058    0.011973
2074    0.012534
2156    0.005082
2236    0.006842
2313    0.007452
2332    0.014045
2355    0.011963
2508    0.025412
2510    0.006930
2583    0.011963
2605    0.011963
2644    0.005209
2652    0.014904
2660    0.007120
2723    0.003342
2850    0.010085
2853    0.005935
2857    0.009121
2872    0.005382
3140    0.005935
3252    0.009594
3473    0.037937
3479    0.006039
3571    0.004410
3574    0.014562
3583    0.002623
3592    0.006531
3596    0.014045
3615    0.010912
3618    0.008286
3619    0.013958
3644    0.006930
3669    0.010778
3713    0.004801
3715    0.011675
3737    0.010778
3754    0.011315
3759    0.019187
3790    0.004725
3892    0.007224
3931    0.007864
3996    0.007120
4001    0.006093
4024    0.010085
4065    0.017274
4135    0.005052
4150    0.005176
4240    0.014708
4245    0.004091
4258    0.003320
4264    0.011963
4267    0.006039
4324    0.004161
4406    0.006039
4450    0.003246
4586    0.007452
4729    0.011692
4730    0.005745
4741    0.011963
4899    0.003541
4904    0.006759
4992    0.008900
5043    0.003521
5075    0.002082
5081    0.006930
5152    0.004908
5260    0.004854
5268    0.006759
5355    0.007120
5401    0.006930
5480    0.005534
5495    0.002295
5550    0.006149
5562    0.012186
5571    0.008409
5718    0.009929
5719    0.003398
5725    0.005176
5856    0.007675
5962    0.005838
6269    0.008027
6271    0.010778
6284    0.011963
6342    0.009594
6403    0.005838
6597    0.008637
6663    0.011490
6689    0.006207
6705    0.004057
6719    0.004024
6734    0.004964
6757    0.018424
6758    0.013045
6761    0.003277
6762    0.004629
6777    0.010778
6920    0.005935
6943    0.008409
6972    0.008637
7007    0.008409
7168    0.002381
7188    0.004234
7265    0.009594
7295    0.007334
7342    0.007022
7343    0.016846
7459    0.006603
7486    0.004329
7556    0.011963
7569    0.006207
7575    0.009594
7589    0.009594
7619    0.003751
7631    0.004750
7644    0.005745
7650    0.004473
7679    0.007120
7709    0.016368
7727    0.009594
7752    0.008637
7802    0.001586
7833    0.003068
7935    0.028076
7954    0.011963
8027    0.007120
8116    0.002595
8146    0.008637
8323    0.004310
8476    0.003823
8532    0.007716
8533    0.003960
8568    0.002667
8596    0.003174
8603    0.013359
8613    0.049361
8616    0.019810
8630    0.002055
8639    0.023029
8640    0.005986
8711    0.004143
8719    0.007120
8726    0.006842
8918    0.003960
8959    0.019187
8964    0.004725
9071    0.011963
9191    0.010778
9199    0.010778
9200    0.003256
9282    0.003578
9320    0.004993
9361    0.012646
9364    0.004008
9388    0.004074
9395    0.007022
9455    0.005838
9518    0.005091
9834    0.006930
9947    0.002791
9971    0.006461
9982    0.008207
10202    0.009594
10247    0.005346
10360    0.023593
10422    0.010353
10445    0.010165
10605    0.003591
10610    0.005838
10637    0.005534
10837    0.001883
11087    0.004179
11103    0.001357
11112    0.003320
11173    0.007334
11184    0.005534
11213    0.007616
11218    0.002559
11228    0.011963
11240    0.011963
11327    0.012788
11358    0.004041
11474    0.008409
11476    0.009594
11565    0.008637
11588    0.006461
11683    0.002254
11744    0.003578
11745    0.011963
11747    0.004451
11757    0.004008
11841    0.003949
11849    0.008900
11879    0.009212
12005    0.002406
12008    0.006149
12072    0.007579
12095    0.004776
12110    0.003235
12191    0.005935
12197    0.011963
12207    0.021067
12233    0.013860
12300    0.003068
12304    0.013061
12421    0.014562
12508    0.006039
12522    0.003928
12684    0.002518
12745    0.010085
12797    0.023147
12855    0.005534
12907    0.004801
12927    0.004041
12987    0.012020
13106    0.008207
13154    0.004516
13174    0.009594
13228    0.003837
13241    0.006679
13311    0.005242
13319    0.003897
13367    0.008409
13434    0.003259
13491    0.005657
13528    0.009212
13538    0.016054
13602    0.011963
13886    0.002985
13899    0.004801
13910    0.006576
14012    0.004701
14058    0.006329
14065    0.001413
14073    0.004143
14200    0.005113
14303    0.003444
14316    0.003913
14323    0.004179
14453    0.021242
14485    0.008819
14490    0.005701
14513    0.008637
14520    0.007864
14536    0.005176
14537    0.003364
14538    0.004881
14580    0.007452
14644    0.010085
14683    0.006531
14741    0.004271
14742    0.007327
14745    0.005487
14746    0.004776
14770    0.007579
14943    0.007022
14944    0.004854
14983    0.010085
15003    0.006603
15005    0.010778
15271    0.004410
15274    0.006267
15299    0.004677
15334    0.005745
15346    0.008027
15382    0.006842
15451    0.006930
15484    0.005144
15556    0.005144
15699    0.008027
15820    0.004143
15844    0.007224
15874    0.005657
15899    0.009212
15928    0.029252
15931    0.004776
15988    0.006039
16060    0.004677
16063    0.004725
16119    0.005986
16215    0.006930
16278    0.010085
16353    0.005382
16362    0.005534
16472    0.008027
16501    0.003516
16562    0.006842
16575    0.005242
16585    0.003477
16649    0.004908
16743    0.005176
16791    0.005534
16890    0.005495
16892    0.005886
16941    0.002236
17025    0.004993
17027    0.019878
17032    0.006603
17128    0.008900
17154    0.008409
17330    0.010778
17369    0.004750
17531    0.003410
17755    0.006394
17811    0.005346
17821    0.004215
17854    0.005276
17870    0.007475
17922    0.004252
17984    0.008409
18001    0.011963
18147    0.011963
18167    0.003682
18182    0.009227
18190    0.005495
18282    0.001855
18288    0.009212
18553    0.005838
18579    0.006531
18696    0.007022
18757    0.008207
18789    0.009212
18888    0.004008
18962    0.005615
18972    0.006093
19043    0.003309
19082    0.008409
19083    0.015729
19085    0.005745
19151    0.020894
19266    0.003468
19271    0.004430
19278    0.002146
19310    0.008207
19343    0.006759
19354    0.008900
19366    0.006651
19370    0.003808
19426    0.002350
19501    0.010085
19546    0.005791
19768    0.011963
19785    0.006597
19817    0.004677
19844    0.004476
19861    0.008027
20003    0.011963
20091    0.021557
20203    0.008900
20250    0.008207
20260    0.001017
20306    0.008637
20452    0.017085
20464    0.003591
20540    0.004936
20620    0.021393
20624    0.011871
20626    0.024542
20627    0.004801
20628    0.005574
20648    0.004701
20768    0.005630
20785    0.004057
20800    0.007716
20826    0.008409
20901    0.007419
20917    0.010085
20978    0.005495
20983    0.007475
21001    0.006207
21005    0.019114
21033    0.023147
21085    0.004701
21150    0.002728
21183    0.011963
21247    0.005203
21279    0.008581
