76
82    0.050494
103    0.024808
460    0.030534
509    0.067800
532    0.067800
749    0.043041
822    0.037335
1276    0.035063
1456    0.034321
1668    0.042016
2156    0.031969
2508    0.031969
2644    0.032766
2679    0.067800
3044    0.041080
3713    0.030203
4093    0.051627
4150    0.032561
4245    0.025735
4729    0.024516
4899    0.022272
5022    0.047673
5093    0.031050
5332    0.045440
5718    0.062455
5725    0.130246
6758    0.016411
7330    0.022508
7342    0.044174
7833    0.019296
8165    0.044174
8342    0.037335
8476    0.024047
8639    0.028973
9292    0.055987
9320    0.031408
9388    0.051256
9518    0.016012
9944    0.034085
9971    0.081282
9982    0.051627
10558    0.043592
10605    0.022588
10625    0.046876
11112    0.020885
11173    0.046134
11757    0.025210
12095    0.030041
12300    0.019296
12421    0.030534
12522    0.024710
12765    0.047018
12987    0.021603
14604    0.016099
14741    0.026868
15271    0.055477
15274    0.039423
15916    0.043041
15928    0.052573
15931    0.060082
16215    0.043592
16312    0.044788
16353    0.033853
16892    0.148093
17027    0.075022
17101    0.027738
17129    0.022914
17966    0.028973
18116    0.044174
18282    0.011667
18882    0.032464
19351    0.042016
20540    0.031050
20978    0.034563
21243    0.017063
21279    0.026988
