31
219    0.060696
2286    0.130166
3050    0.060696
4492    0.078787
4870    0.067570
5440    0.085058
5562    0.111391
6262    0.087777
6707    0.074173
7080    0.168408
8630    0.037577
8944    0.162711
10475    0.153721
10975    0.093474
11753    0.104217
12084    0.089230
12167    0.110399
12889    0.050153
13219    0.097728
13357    0.030622
14322    0.099745
15600    0.099058
15601    0.079871
16529    0.124660
16633    0.143769
16729    0.035643
17524    0.085938
18499    0.089730
18625    0.118114
19444    0.104217
20432    0.097728
