156
814    0.021581
823    0.025013
974    0.016638
1113    0.023247
1184    0.010254
1433    0.037826
1451    0.008246
1466    0.029982
1862    0.007061
1904    0.023769
2156    0.014719
2508    0.014719
2759    0.029207
2867    0.014136
3244    0.025776
3289    0.023247
3362    0.027783
3464    0.020920
3713    0.013905
3961    0.025776
4093    0.023769
4240    0.007099
4376    0.031215
4748    0.025013
4757    0.025776
4899    0.020507
5022    0.021948
5042    0.034646
5675    0.018711
5718    0.028754
5719    0.029523
5725    0.059965
6334    0.017189
6359    0.031215
6507    0.016638
6663    0.016638
6808    0.017189
7802    0.009186
7809    0.034646
7833    0.008884
7935    0.016262
8507    0.029207
8568    0.015450
8581    0.030728
8618    0.024352
8622    0.010399
8673    0.022775
9002    0.016026
9023    0.026030
9320    0.014460
9388    0.011799
9518    0.007372
9522    0.034646
9692    0.013831
9725    0.034646
9873    0.010783
9972    0.023247
9987    0.026679
10169    0.022775
10420    0.027810
10558    0.020070
10605    0.010399
10625    0.021581
10837    0.005452
11282    0.016262
11412    0.034646
11503    0.008082
11626    0.029207
11627    0.034646
11677    0.024352
11782    0.008593
11841    0.005718
12005    0.006968
12006    0.016510
12095    0.013831
12207    0.020337
12300    0.008884
12354    0.022345
12421    0.014058
12522    0.011376
12535    0.023769
12982    0.025013
12987    0.009946
13050    0.008750
13079    0.034646
13434    0.003146
13466    0.016210
13939    0.010183
14065    0.004093
14161    0.037034
14222    0.038688
14453    0.030759
14537    0.009743
14725    0.023247
14742    0.007073
14749    0.011848
14750    0.023769
14856    0.034646
14929    0.026679
15271    0.025541
15274    0.018150
15928    0.048409
15931    0.027662
16076    0.047537
16098    0.048704
16207    0.030759
16312    0.020620
16323    0.023247
16349    0.019574
16353    0.015586
16396    0.015482
16425    0.021581
16585    0.004028
16638    0.083350
16729    0.005646
16890    0.063650
16892    0.017045
16944    0.009339
16958    0.014719
17027    0.057566
17029    0.015280
17032    0.019124
17366    0.013207
17586    0.025013
17724    0.034646
17962    0.025776
17966    0.013339
18022    0.031215
18146    0.018517
18167    0.010663
18282    0.005371
19101    0.034646
19106    0.015380
19169    0.013905
19177    0.009941
19232    0.010864
19278    0.006215
19351    0.077376
19453    0.011654
19559    0.025776
19741    0.032524
19844    0.006481
19861    0.023247
20260    0.002945
20540    0.014295
20628    0.016143
20768    0.008152
20848    0.008994
20910    0.015380
20916    0.017189
20927    0.008392
21005    0.011071
21247    0.005023
21262    0.034646
21279    0.012425
21299    0.020620
