213
82    0.015865
84    0.019932
103    0.031178
502    0.016618
521    0.019932
790    0.017590
1095    0.012153
1097    0.007921
1309    0.007764
1351    0.013358
1413    0.012386
1529    0.009103
1646    0.008675
1699    0.002807
2121    0.018206
2211    0.013523
2213    0.021302
2396    0.006373
2432    0.004083
2609    0.009013
2688    0.008259
2857    0.009013
3046    0.018206
3198    0.014495
3268    0.014495
3297    0.009013
3309    0.020089
3332    0.023644
3618    0.008189
3619    0.009195
3632    0.009701
3654    0.012386
3713    0.018979
3743    0.007072
3828    0.036413
3854    0.013696
3862    0.010044
4075    0.011730
4202    0.010044
4240    0.014534
4286    0.032441
4448    0.015249
4450    0.006414
4555    0.021302
4771    0.014277
4805    0.023644
4810    0.009926
4872    0.010859
5010    0.013523
5043    0.010437
5110    0.027392
5112    0.013696
5426    0.013879
5495    0.004536
5532    0.005917
5856    0.007584
6323    0.010937
6344    0.033237
6345    0.014728
6359    0.021302
6365    0.007794
6756    0.026775
6757    0.018206
6758    0.005156
6808    0.011730
6908    0.005847
7181    0.015778
7192    0.010105
7342    0.013879
7466    0.016662
7472    0.013879
7679    0.028144
7753    0.006456
7802    0.003134
7930    0.012268
8068    0.009439
8436    0.023644
8500    0.015597
8568    0.005272
8573    0.011632
8581    0.031455
8596    0.006273
8613    0.009756
8693    0.021302
8737    0.013696
8872    0.014728
9256    0.008479
9319    0.025273
9320    0.059209
9518    0.015092
9692    0.009439
9798    0.006627
9947    0.005515
10086    0.018960
10174    0.014495
10246    0.015865
10349    0.016618
10508    0.013201
10646    0.012386
10784    0.039603
10898    0.012268
11289    0.008925
11327    0.012637
11355    0.004595
11424    0.023644
11440    0.011935
11531    0.015971
11570    0.007386
11683    0.004454
11726    0.023644
11841    0.003902
11989    0.019932
12005    0.004755
12045    0.010105
12095    0.018877
12245    0.006234
12300    0.012125
12522    0.015527
12659    0.007986
12820    0.011537
12927    0.007986
12983    0.006877
12987    0.003394
12999    0.003892
13014    0.015597
13231    0.012042
13298    0.010709
13388    0.008925
13434    0.010734
13472    0.010859
13489    0.021302
13897    0.011098
13910    0.006498
13926    0.012769
14065    0.002793
14604    0.010117
14742    0.002413
14749    0.008086
14857    0.009756
15204    0.015714
15236    0.023644
15239    0.011935
15274    0.012386
15333    0.012637
15410    0.009647
15488    0.009103
15910    0.008556
15947    0.013696
16353    0.010636
16501    0.013898
16638    0.018960
16729    0.003853
16732    0.005882
16907    0.006583
16944    0.019120
17027    0.039285
17029    0.031282
17032    0.013051
17101    0.017430
17181    0.015249
17239    0.019932
17248    0.032441
17433    0.014978
17484    0.003941
17808    0.013201
17811    0.021130
17846    0.010636
17963    0.012268
17986    0.018206
18008    0.019932
18158    0.008839
18167    0.007277
18182    0.007295
18282    0.003666
18359    0.016618
18435    0.008367
18807    0.012268
18841    0.018298
18948    0.013051
19015    0.019932
19046    0.009103
19050    0.014072
19106    0.010496
19173    0.011267
19177    0.020352
19204    0.018777
19223    0.025668
19226    0.033668
19320    0.021302
19366    0.009858
19453    0.007953
19464    0.006605
19680    0.014728
19822    0.012907
20226    0.012153
20260    0.008040
20452    0.008442
20620    0.014094
20686    0.013358
20694    0.019932
20768    0.011126
20881    0.015249
20910    0.010496
20927    0.005727
20935    0.023644
20946    0.019120
21083    0.019736
21085    0.009291
21115    0.005547
21150    0.002696
21243    0.005361
21247    0.006855
21288    0.018206
