148
147    0.009567
314    0.013586
744    0.017222
901    0.019655
951    0.032551
1157    0.011570
1466    0.014085
1477    0.011726
1529    0.012532
1681    0.013355
1762    0.008347
1942    0.031512
1945    0.037712
1969    0.017053
1972    0.017397
2058    0.016288
2156    0.013829
2174    0.015279
2482    0.025065
2508    0.013829
2730    0.027441
2867    0.013281
3094    0.019956
3123    0.025065
3473    0.022939
3593    0.009372
3618    0.011273
3713    0.039193
3715    0.015884
4087    0.019956
4112    0.024217
4186    0.052207
4258    0.009034
4271    0.017222
4730    0.015632
4939    0.019373
5096    0.017058
5152    0.013355
5678    0.019373
5718    0.027015
5719    0.018492
5725    0.056339
5745    0.013281
6596    0.008196
6758    0.007099
7167    0.029327
7405    0.145305
7424    0.029327
7531    0.008450
7571    0.012725
7720    0.053309
8105    0.014846
8170    0.012926
8342    0.016150
8476    0.010402
8568    0.007258
8613    0.040293
8624    0.026862
8639    0.012532
8690    0.021842
9179    0.013829
9282    0.009736
9517    0.007593
10081    0.027441
10525    0.014546
10605    0.009771
10611    0.013746
10668    0.030558
10837    0.005123
11005    0.032551
11112    0.009034
11161    0.033779
11218    0.013928
11390    0.014644
11503    0.007593
11519    0.013208
11581    0.039406
11841    0.005372
12048    0.012532
12095    0.012994
12365    0.012170
12421    0.039623
12684    0.006851
12817    0.011086
12987    0.004672
13109    0.041242
13319    0.010605
13466    0.015230
13530    0.026415
13727    0.021398
13730    0.021842
14065    0.003846
14073    0.011273
14093    0.013829
14115    0.032551
14305    0.014846
14316    0.010646
14391    0.027493
14452    0.019373
14453    0.043349
14683    0.017770
14742    0.003323
15271    0.011998
15408    0.023500
15451    0.018856
15822    0.009668
15928    0.034111
15931    0.025989
15939    0.032299
16034    0.012170
16096    0.026103
16241    0.013829
16362    0.015057
16486    0.016015
16490    0.014264
16509    0.011226
16585    0.005677
16890    0.014950
16923    0.009034
16952    0.027493
17025    0.040758
17027    0.043268
17101    0.011998
17336    0.023500
17484    0.010852
18082    0.041737
18138    0.013508
18167    0.035063
18182    0.015064
18203    0.010817
18317    0.013064
18549    0.018391
19151    0.011370
19278    0.005840
19823    0.017222
19907    0.017770
20044    0.026103
20246    0.023500
20452    0.011622
20620    0.009702
20626    0.026710
20628    0.106167
20964    0.009947
20978    0.014950
20993    0.011674
21001    0.016889
21020    0.018391
21150    0.011135
