337
82    0.009545
400    0.011407
449    0.020493
451    0.004969
455    0.004765
496    0.011407
499    0.011407
517    0.011407
520    0.011407
530    0.010583
544    0.011407
749    0.008136
819    0.009011
822    0.007057
974    0.006831
1021    0.008240
1095    0.007312
1124    0.010270
1342    0.009998
1433    0.007765
1451    0.003386
1668    0.023826
1689    0.004528
1698    0.003859
1699    0.001689
1707    0.005243
1811    0.010953
1843    0.010953
1862    0.002899
1904    0.009759
1942    0.006885
2047    0.004040
2048    0.005709
2156    0.006043
2236    0.008136
2434    0.010953
2508    0.006043
2509    0.009545
2541    0.009998
2644    0.006194
2650    0.011407
2684    0.004785
2915    0.009545
2918    0.009545
2920    0.006273
3044    0.007765
3206    0.010583
3297    0.005422
3559    0.007245
3563    0.004477
3586    0.009759
3593    0.004095
3618    0.004926
3671    0.007682
3713    0.005709
3721    0.009998
3735    0.010953
3754    0.006727
3790    0.005619
3903    0.005370
3911    0.005243
3950    0.007765
4229    0.009174
4240    0.002915
4258    0.011843
4262    0.006998
4267    0.007180
4324    0.004947
4335    0.022814
4377    0.008350
4501    0.005422
4556    0.011407
4562    0.009545
4571    0.007180
4639    0.006998
4748    0.010270
4809    0.010583
4859    0.007682
4860    0.008136
4899    0.021049
5022    0.018023
5055    0.006885
5444    0.008350
5495    0.008186
5532    0.007120
5614    0.004885
5615    0.030215
5616    0.008720
5623    0.007602
5675    0.015364
5694    0.008861
5718    0.017708
5719    0.024242
5725    0.073859
6229    0.010270
6334    0.007057
6429    0.005740
6597    0.020539
6622    0.009174
6624    0.007682
6632    0.007118
6758    0.015511
6761    0.003897
6937    0.007682
7066    0.011407
7117    0.006356
7209    0.011407
7330    0.008509
7402    0.008350
7416    0.024407
7531    0.003693
7619    0.004460
7642    0.011480
7644    0.006831
7736    0.004181
7746    0.007942
7802    0.003771
7843    0.014225
7901    0.011407
7935    0.006677
7990    0.010583
8078    0.005722
8105    0.012975
8116    0.006170
8162    0.008589
8165    0.008350
8342    0.007057
8346    0.010270
8417    0.009531
8476    0.004545
8533    0.004708
8581    0.003154
8624    0.011738
8639    0.005477
8783    0.004689
8918    0.004708
8983    0.010953
9126    0.012886
9137    0.007381
9143    0.005532
9179    0.012086
9200    0.015486
9210    0.005318
9319    0.007602
9320    0.005937
9388    0.004844
9506    0.009759
9510    0.005079
9517    0.006636
9518    0.018160
9523    0.005836
9631    0.005422
9873    0.004427
9881    0.006885
9972    0.019089
9980    0.005972
9982    0.009759
10244    0.006778
10341    0.007526
10558    0.008240
10589    0.005293
10605    0.004270
10625    0.008861
10668    0.006677
10789    0.010583
10794    0.005836
11018    0.007452
11062    0.013662
11103    0.001614
11112    0.007895
11140    0.010583
11160    0.006043
11173    0.008720
11213    0.004528
11218    0.006086
11271    0.005012
11297    0.011407
11301    0.010953
11390    0.006399
11503    0.003318
11566    0.006628
11569    0.008081
11581    0.011480
11584    0.011407
11613    0.006155
11677    0.009998
11746    0.010583
11841    0.002347
11869    0.007765
11930    0.009998
11973    0.007381
11988    0.010953
12095    0.005678
12300    0.003647
12304    0.007765
12421    0.005772
12522    0.004671
12671    0.010953
12924    0.021166
12928    0.005195
12974    0.005396
12987    0.008167
13154    0.005370
13160    0.011407
13351    0.003337
13357    0.001992
13386    0.009011
13399    0.011407
13434    0.007750
13462    0.006273
13466    0.006655
13470    0.006580
13530    0.005772
13647    0.003774
13731    0.009011
13899    0.011418
13910    0.007818
13964    0.006080
14073    0.004926
14224    0.007381
14228    0.009545
14358    0.007312
14383    0.011407
14439    0.003425
14453    0.012629
14594    0.014904
14683    0.007765
14795    0.008720
14944    0.005772
15063    0.004068
15260    0.011407
15261    0.010953
15271    0.015730
15274    0.022356
15450    0.008589
15488    0.005477
15544    0.011407
15594    0.008861
15656    0.007526
15700    0.012816
15874    0.020181
15916    0.008136
15926    0.011407
15928    0.034781
15931    0.051106
16080    0.010270
16093    0.009174
16097    0.022814
16098    0.019996
16120    0.007682
16215    0.008240
16283    0.009011
16312    0.025398
16353    0.006399
16374    0.009351
16425    0.026582
16501    0.004181
16509    0.009811
16517    0.009011
16585    0.000827
16814    0.009759
16890    0.026133
16892    0.062985
16955    0.005561
17025    0.023748
17027    0.028362
17038    0.011407
17103    0.010390
17129    0.004331
17144    0.003207
17219    0.008861
17331    0.010536
17369    0.005648
17484    0.002371
17788    0.008720
17854    0.006273
18041    0.008589
18082    0.012159
18167    0.004378
18227    0.009011
18543    0.008136
18553    0.006941
18670    0.004947
18784    0.006778
18797    0.014225
18882    0.003068
18888    0.004765
18910    0.009351
18962    0.006677
19043    0.003935
19106    0.012629
19133    0.008037
19230    0.011407
19248    0.008350
19261    0.008509
19278    0.010207
19366    0.001977
19381    0.007852
19437    0.006628
19460    0.003299
19785    0.003922
19786    0.008350
19817    0.005561
19823    0.007526
19824    0.010270
19836    0.006628
19844    0.005322
19988    0.010270
20043    0.009011
20116    0.007682
20202    0.007765
20274    0.004947
20289    0.007852
20306    0.010270
20310    0.030809
20385    0.009998
20464    0.008539
20540    0.011738
20620    0.004240
20627    0.017127
20628    0.013255
20629    0.007057
20642    0.007312
20768    0.003347
20778    0.006677
20815    0.009759
20841    0.003750
20868    0.003137
20901    0.004411
20993    0.005101
21005    0.009091
21019    0.005709
21087    0.012413
21150    0.006488
21243    0.003225
21247    0.002062
21279    0.005101
