490
82    0.005922
400    0.007077
449    0.008476
451    0.003083
455    0.002957
476    0.012406
496    0.007077
499    0.007077
517    0.007077
520    0.007077
530    0.006566
544    0.007077
749    0.005048
790    0.006566
819    0.005591
822    0.004378
974    0.004238
1021    0.005112
1095    0.004536
1113    0.005922
1124    0.006371
1272    0.003223
1314    0.004579
1342    0.006203
1433    0.004818
1451    0.002101
1529    0.003398
1668    0.019710
1689    0.002809
1698    0.002394
1699    0.002096
1811    0.006796
1843    0.006796
1862    0.001799
1904    0.006055
1941    0.002831
1942    0.004272
1970    0.004536
2047    0.002507
2048    0.003542
2156    0.007499
2236    0.005048
2317    0.006796
2434    0.006796
2508    0.003749
2509    0.005922
2541    0.006203
2644    0.003843
2650    0.007077
2660    0.005253
2676    0.004495
2684    0.005937
2806    0.003110
2853    0.004378
2867    0.007201
2915    0.005922
2918    0.005922
2920    0.003892
3044    0.004818
3206    0.006566
3297    0.003364
3440    0.006371
3464    0.005329
3559    0.004495
3563    0.002778
3567    0.002076
3588    0.005253
3593    0.002541
3618    0.003056
3671    0.009532
3713    0.003542
3721    0.018609
3735    0.006796
3754    0.008347
3790    0.003486
3911    0.003253
3950    0.004818
4001    0.004495
4055    0.004455
4195    0.002379
4240    0.005425
4258    0.007348
4262    0.004342
4267    0.004455
4324    0.003070
4335    0.014154
4377    0.005181
4450    0.002394
4494    0.005410
4501    0.003364
4556    0.007077
4562    0.005922
4571    0.004455
4639    0.008684
4740    0.011384
4748    0.006371
4757    0.006566
4809    0.006566
4859    0.009532
4860    0.005048
4899    0.013060
4939    0.005253
5022    0.011182
5043    0.003896
5055    0.004272
5075    0.001536
5401    0.005112
5439    0.004669
5444    0.005181
5469    0.005802
5495    0.005079
5502    0.006055
5503    0.007440
5532    0.004417
5550    0.004536
5615    0.033743
5616    0.005410
5623    0.004717
5675    0.009532
5694    0.005497
5718    0.021974
5719    0.030081
5725    0.057280
5769    0.002490
5962    0.004306
6251    0.004272
6252    0.007077
6334    0.004378
6429    0.003561
6537    0.014154
6583    0.006055
6597    0.006371
6622    0.005692
6624    0.004766
6632    0.004416
6660    0.005922
6705    0.005986
6756    0.003331
6758    0.011548
6761    0.002418
6791    0.006371
6830    0.006055
6908    0.004365
6937    0.004766
7066    0.007077
7117    0.003944
7168    0.001756
7209    0.007077
7330    0.005279
7402    0.005181
7416    0.010095
7508    0.003944
7512    0.006371
7519    0.007440
7531    0.002291
7569    0.004579
7583    0.004717
7619    0.002767
7641    0.006055
7642    0.007123
7644    0.004238
7650    0.003299
7736    0.005188
7746    0.004927
7802    0.002340
7842    0.007440
7901    0.007077
7935    0.008285
8016    0.007440
8078    0.005325
8095    0.006371
8105    0.008050
8116    0.005742
8162    0.005329
8165    0.005181
8214    0.013592
8323    0.003179
8327    0.005497
8342    0.004378
8346    0.012743
8417    0.002957
8440    0.007077
8476    0.005640
8533    0.002921
8581    0.001957
8616    0.004871
8618    0.006203
8624    0.010924
8639    0.003398
8640    0.004416
8672    0.007440
8673    0.005802
8783    0.002909
8792    0.007440
8918    0.002921
8983    0.006796
8984    0.003468
9070    0.007077
9126    0.007995
9137    0.004579
9143    0.006865
9177    0.004495
9179    0.007499
9195    0.006371
9200    0.009608
9210    0.003299
9320    0.003683
9388    0.003006
9455    0.004306
9506    0.006055
9510    0.003151
9517    0.004117
9518    0.013145
9523    0.003621
9631    0.003364
9834    0.005112
9873    0.002747
9881    0.004272
9954    0.006566
9971    0.004766
9972    0.023687
9980    0.003705
9982    0.006055
10199    0.006055
10244    0.004205
10290    0.003056
10341    0.004669
10401    0.010225
10411    0.003523
10545    0.004082
10558    0.005112
10588    0.007077
10589    0.003284
10598    0.007440
10605    0.007947
10609    0.005497
10625    0.005497
10637    0.004082
10668    0.004142
10789    0.006566
10794    0.003621
10875    0.007440
11018    0.004623
11062    0.004238
11103    0.001001
11112    0.004899
11140    0.006566
11160    0.007499
11173    0.010821
11180    0.001979
11181    0.002441
11203    0.003110
11213    0.005619
11218    0.001888
11271    0.003110
11297    0.007077
11301    0.006796
11327    0.004717
11390    0.003970
11503    0.008235
11530    0.004238
11566    0.004112
11569    0.007520
11581    0.007123
11584    0.007077
11613    0.003819
11677    0.006203
11678    0.007440
11683    0.001662
11746    0.006566
11788    0.004579
11841    0.002913
11869    0.004818
11889    0.003843
11930    0.006203
11972    0.005410
11988    0.006796
12021    0.006371
12095    0.003523
12202    0.004025
12207    0.005181
12282    0.007440
12300    0.002263
12304    0.004818
12354    0.011384
12358    0.005497
12421    0.007162
12522    0.002898
12535    0.006055
12671    0.006796
12924    0.013132
12928    0.003223
12949    0.003867
12954    0.006203
12974    0.003348
12987    0.005067
13006    0.007077
13050    0.004458
13131    0.006566
13143    0.007046
13154    0.003331
13160    0.007077
13324    0.006203
13351    0.002071
13357    0.001236
13386    0.011182
13399    0.007077
13434    0.005610
13466    0.006194
13470    0.016329
13530    0.003581
13647    0.002342
13731    0.005591
13739    0.006796
13750    0.006371
13899    0.014168
13910    0.002425
13964    0.003772
14058    0.009338
14065    0.001043
14073    0.003056
14224    0.004579
14225    0.006796
14228    0.005922
14358    0.004536
14383    0.007077
14439    0.004250
14453    0.007835
14594    0.009247
14683    0.004818
14723    0.007440
14738    0.006796
14742    0.002703
14795    0.010821
14944    0.003581
15063    0.002524
15210    0.003137
15260    0.007077
15261    0.006796
15271    0.013012
15274    0.023117
15368    0.004205
15450    0.005329
15488    0.003398
15594    0.005497
15656    0.004669
15660    0.004623
15699    0.005922
15874    0.025041
15906    0.003044
15916    0.005048
15926    0.007077
15928    0.040076
15931    0.042277
16039    0.006566
16063    0.006972
16080    0.006371
16081    0.007440
16093    0.005692
16094    0.006599
16097    0.014154
16098    0.012406
16116    0.002621
16120    0.004766
16215    0.010225
16269    0.004205
16283    0.005591
16312    0.010505
16321    0.003253
16349    0.004986
16353    0.003970
16374    0.005802
16385    0.005048
16425    0.016492
16426    0.006566
16445    0.006203
16501    0.002594
16509    0.012174
16517    0.005591
16585    0.003078
16647    0.006203
16684    0.006566
16729    0.001438
16795    0.007440
16814    0.006055
16890    0.044587
16892    0.047761
16955    0.010350
17025    0.025784
17027    0.038126
17032    0.004871
17038    0.007077
17040    0.008825
17042    0.006371
17093    0.004238
17103    0.006446
17129    0.002687
17144    0.003980
17219    0.005497
17331    0.003268
17354    0.006203
17415    0.007440
17477    0.007440
17484    0.001471
17526    0.006566
17586    0.006371
17854    0.003892
17870    0.002757
17961    0.007440
18041    0.005329
18082    0.007544
18167    0.009506
18182    0.002723
18266    0.005922
18282    0.002736
18331    0.003843
18543    0.010095
18553    0.004306
18580    0.003918
18670    0.006139
18751    0.007077
18784    0.004205
18882    0.003807
18888    0.002957
18910    0.005802
18962    0.004142
19037    0.003641
19043    0.004883
19106    0.007835
19133    0.004986
19230    0.007077
19248    0.005181
19261    0.005279
19278    0.007916
19344    0.006566
19366    0.002453
19381    0.004871
19437    0.008224
19460    0.004094
19518    0.004455
19560    0.007077
19785    0.004867
19786    0.005181
19817    0.003450
19820    0.005962
19823    0.004669
19824    0.006371
19836    0.004112
19844    0.002477
19988    0.006371
20043    0.005591
20116    0.004766
20162    0.006203
20176    0.007440
20182    0.005692
20202    0.004818
20260    0.000750
20274    0.003070
20289    0.004871
20306    0.006371
20310    0.025486
20385    0.006203
20439    0.009158
20452    0.006302
20462    0.005181
20464    0.005298
20540    0.018207
20620    0.005261
20627    0.010626
20628    0.008224
20629    0.004378
20642    0.004536
20661    0.007440
20768    0.006229
20778    0.004142
20815    0.006055
20841    0.002327
20868    0.001946
20901    0.002737
20927    0.002138
20993    0.003165
21005    0.008460
21019    0.003542
21087    0.017969
21150    0.006038
21243    0.002001
21247    0.001279
21266    0.002387
21279    0.006330
21296    0.004416
