148
1016    0.027923
1247    0.019380
1309    0.011907
1486    0.018815
1604    0.049614
1699    0.008611
2170    0.018815
2380    0.016424
2432    0.006262
2710    0.013429
2737    0.012453
2985    0.018815
3297    0.013823
3571    0.013366
3593    0.010440
3618    0.012559
4141    0.015405
4322    0.036262
4456    0.014878
4467    0.014554
4492    0.013063
4620    0.019185
4933    0.027923
5020    0.014795
5220    0.031187
5462    0.026179
5614    0.012453
5717    0.014103
5719    0.010300
6174    0.022588
6467    0.022588
6598    0.009355
6756    0.013688
6761    0.039733
6762    0.014031
6984    0.010808
7104    0.061139
7142    0.031779
7330    0.010846
7524    0.010369
7769    0.021582
7802    0.004807
7965    0.016655
8019    0.008732
8040    0.009185
8078    0.007293
8446    0.049188
8568    0.008085
8581    0.008040
8630    0.006230
9388    0.012349
10261    0.009075
10593    0.019185
10942    0.024495
11087    0.012666
11093    0.013688
11103    0.008227
11181    0.010031
11279    0.013243
11340    0.017552
11434    0.009965
11684    0.016896
11697    0.022972
11729    0.011907
11744    0.010846
11747    0.013493
11841    0.005984
12084    0.014795
12307    0.054811
12309    0.013429
12346    0.021582
12519    0.008656
12659    0.024495
12675    0.056016
12678    0.058158
12765    0.011328
12864    0.011286
12867    0.016655
12952    0.017414
12987    0.005205
13012    0.030569
13014    0.007974
13320    0.013961
13501    0.046066
13530    0.014713
13644    0.020487
13869    0.024877
13909    0.014323
14295    0.036262
14303    0.010440
14384    0.030569
14425    0.008532
14439    0.017464
14604    0.007758
14686    0.032670
14718    0.025487
14742    0.007403
14745    0.008315
15019    0.015313
15484    0.015593
15738    0.036262
15808    0.025487
15912    0.009355
16047    0.019795
16094    0.013557
16302    0.018145
16401    0.029079
16432    0.028063
16501    0.021315
16657    0.016204
16729    0.005910
16732    0.009021
16734    0.021821
16866    0.024331
16907    0.020193
16923    0.010064
17074    0.027114
17077    0.018145
17144    0.008176
17643    0.011203
18105    0.018996
18133    0.015890
18167    0.011160
18247    0.013429
18411    0.015135
18416    0.017990
18619    0.009326
18652    0.009413
18655    0.011587
18904    0.017694
19274    0.019380
19366    0.005040
19410    0.006708
19772    0.012349
20082    0.015593
20256    0.019380
20260    0.009248
20601    0.012559
20627    0.014554
20689    0.052359
20848    0.018826
20900    0.061139
20902    0.011954
21087    0.021095
21186    0.029079
21188    0.016774
21307    0.023627
21310    0.014713
