269
246    0.005485
352    0.010912
552    0.012008
567    0.011180
786    0.006218
811    0.015906
1157    0.011308
1184    0.009415
1436    0.017190
1677    0.012979
1699    0.003777
1850    0.010076
1855    0.040227
1857    0.035501
1862    0.006483
2172    0.007466
2173    0.004741
2286    0.009467
2479    0.013409
2688    0.005556
2737    0.010924
2819    0.005044
2985    0.008253
2987    0.009467
3286    0.008683
3297    0.006063
3341    0.005102
3501    0.024758
3567    0.011227
3583    0.003488
3593    0.004579
3619    0.006186
3743    0.004757
3886    0.007254
3888    0.008881
4056    0.010673
4130    0.014611
4173    0.007305
4195    0.004288
4227    0.013409
4319    0.023674
4480    0.007305
4485    0.012248
4492    0.017190
4512    0.008101
4666    0.007015
4811    0.027529
4870    0.004914
4899    0.009415
5043    0.002340
5072    0.009467
5075    0.002768
5096    0.050011
5331    0.015277
5367    0.011834
5439    0.008415
5475    0.018933
5537    0.006798
5563    0.006384
5567    0.049202
5614    0.005462
5620    0.009214
5820    0.007155
5840    0.009097
5879    0.006155
5901    0.012248
5975    0.004878
5992    0.011180
6291    0.009467
6437    0.012755
6596    0.004005
6756    0.006004
6758    0.003469
6761    0.017428
6762    0.018464
6809    0.006798
6895    0.014330
6908    0.003933
6994    0.008253
7010    0.007761
7181    0.005307
7194    0.012067
7294    0.014330
7351    0.005485
7352    0.015906
7493    0.007411
7619    0.029925
7736    0.004675
7744    0.006350
7802    0.012651
7806    0.009604
7833    0.004078
8170    0.018948
8252    0.009751
8378    0.009604
8446    0.004315
8500    0.013990
8608    0.011834
8943    0.009908
9003    0.005836
9023    0.005975
9192    0.011483
9200    0.004329
9304    0.007761
9812    0.005556
10075    0.010673
10220    0.008029
10261    0.003981
10322    0.012248
10689    0.006639
10803    0.012699
10942    0.048350
10943    0.022738
11160    0.006757
11180    0.003566
11213    0.005063
11225    0.006639
11283    0.006350
11358    0.010744
11468    0.005580
11729    0.005223
11744    0.004757
11750    0.004260
11802    0.011483
11817    0.010456
11841    0.005250
11858    0.008683
11958    0.006418
11960    0.012248
12005    0.003199
12042    0.007155
12045    0.006798
12070    0.013409
12307    0.057701
12570    0.015906
12684    0.003348
12904    0.004168
12916    0.009751
12987    0.006849
12995    0.007891
12999    0.005237
13050    0.016067
13349    0.008176
13355    0.007399
13466    0.007442
13492    0.007699
13501    0.020206
13504    0.014330
13529    0.006717
13554    0.009467
13580    0.003875
13644    0.008986
13716    0.011483
13726    0.012755
13877    0.013355
13886    0.003969
13892    0.008253
13909    0.006283
13910    0.004371
14073    0.011017
14579    0.007522
14604    0.003403
14727    0.007825
14742    0.006494
14745    0.003647
14754    0.006350
14874    0.011460
15016    0.006563
15028    0.009604
15030    0.010258
15062    0.015906
15063    0.004548
15135    0.007579
15324    0.013409
15344    0.005809
15570    0.008501
15597    0.020912
15763    0.009908
15776    0.012755
15792    0.005629
15818    0.004843
15887    0.045933
15906    0.005485
15915    0.010673
15943    0.020153
16063    0.012565
16269    0.007579
16302    0.007959
16377    0.009908
16432    0.036928
16487    0.008683
16490    0.006970
16510    0.024087
16585    0.010171
16729    0.002592
16772    0.006454
16907    0.004429
16912    0.011834
16944    0.004288
16954    0.008029
16958    0.013514
17052    0.007108
17066    0.014311
17074    0.011893
17075    0.006186
17077    0.007959
17117    0.007774
17369    0.006316
17395    0.008501
17643    0.004914
17814    0.005182
17935    0.011834
18143    0.011834
18167    0.004895
18203    0.005286
18307    0.008590
18333    0.010076
18382    0.012067
18386    0.012248
18411    0.013277
18462    0.007411
18561    0.009467
18607    0.008881
18619    0.008182
18620    0.007358
18660    0.009467
18741    0.026818
18761    0.012248
18927    0.030229
19043    0.004400
19097    0.006250
19266    0.004611
19309    0.006250
19327    0.011260
19366    0.006632
19546    0.007699
19572    0.008683
19639    0.013409
19772    0.010834
19827    0.015906
19908    0.011483
19913    0.012755
19947    0.015906
20043    0.010076
20260    0.002704
20281    0.005756
20464    0.004774
20601    0.005509
20620    0.018962
20627    0.012768
20628    0.022233
20629    0.007891
20713    0.004301
20714    0.005244
20716    0.006283
20815    0.010912
20841    0.025162
20894    0.008771
20927    0.003853
21058    0.004659
21087    0.009253
21150    0.010882
21160    0.015906
21187    0.010258
21247    0.002306
21266    0.008603
21307    0.005182
21310    0.006454
21348    0.009097
