487
82    0.005937
400    0.007095
449    0.008498
451    0.003091
455    0.002964
476    0.012438
496    0.007095
499    0.007095
517    0.007095
520    0.007095
530    0.006582
544    0.007095
749    0.005060
790    0.006582
819    0.005605
822    0.004390
974    0.004249
1021    0.005125
1095    0.004548
1124    0.006388
1157    0.003145
1272    0.003231
1314    0.004591
1342    0.006219
1433    0.004830
1451    0.002106
1529    0.003406
1668    0.019760
1689    0.002816
1699    0.002101
1811    0.006813
1843    0.006813
1904    0.006070
1941    0.002838
1942    0.004283
1970    0.004548
1972    0.004729
2047    0.002513
2048    0.003551
2156    0.007517
2236    0.005060
2317    0.006813
2434    0.006813
2508    0.003759
2509    0.005937
2541    0.006219
2644    0.003852
2650    0.007095
2660    0.005266
2676    0.004506
2684    0.005952
2806    0.003117
2853    0.004390
2867    0.007220
2915    0.005937
2918    0.005937
2920    0.003902
3044    0.004830
3206    0.006582
3297    0.003373
3440    0.006388
3559    0.004506
3563    0.002785
3567    0.002082
3588    0.005266
3593    0.002547
3618    0.003064
3671    0.009557
3713    0.007102
3715    0.004317
3721    0.018656
3735    0.006813
3754    0.008368
3790    0.003495
3911    0.003261
3950    0.004830
4001    0.004506
4055    0.004466
4195    0.002385
4240    0.005439
4258    0.007366
4262    0.004353
4267    0.004466
4324    0.003077
4335    0.014190
4377    0.005194
4450    0.002400
4494    0.005424
4501    0.003373
4556    0.007095
4562    0.005937
4571    0.004466
4621    0.004999
4639    0.008706
4740    0.011412
4748    0.006388
4809    0.006582
4859    0.009557
4860    0.005060
4899    0.013093
4939    0.005266
5022    0.011210
5043    0.003906
5055    0.004283
5075    0.001540
5096    0.002318
5401    0.005125
5439    0.004681
5444    0.005194
5469    0.005816
5495    0.005092
5502    0.006070
5503    0.007459
5515    0.002400
5532    0.004429
5550    0.004548
5614    0.003038
5615    0.037587
5616    0.005424
5623    0.004729
5675    0.009557
5694    0.005511
5718    0.022029
5719    0.032671
5725    0.057425
5769    0.002496
5962    0.004317
6251    0.004283
6252    0.007095
6334    0.004390
6429    0.003570
6537    0.014190
6583    0.006070
6597    0.006388
6622    0.005706
6624    0.004778
6632    0.004427
6660    0.005937
6705    0.006001
6756    0.003340
6758    0.011577
6761    0.002424
6791    0.006388
6830    0.006070
6908    0.004376
6937    0.004778
7066    0.007095
7117    0.003954
7168    0.001761
7209    0.007095
7330    0.005293
7402    0.005194
7416    0.010121
7508    0.003954
7512    0.006388
7519    0.007459
7531    0.002297
7583    0.004729
7613    0.005937
7619    0.002774
7641    0.006070
7642    0.007141
7644    0.004249
7650    0.003308
7709    0.004035
7725    0.004830
7736    0.005201
7746    0.004940
7802    0.002346
7842    0.007459
7901    0.007095
7935    0.008306
8016    0.007459
8078    0.005338
8095    0.006388
8105    0.008070
8116    0.005757
8162    0.005343
8165    0.005194
8214    0.013626
8323    0.003187
8327    0.005511
8342    0.004390
8346    0.012775
8417    0.002964
8440    0.007095
8476    0.005654
8533    0.002928
8581    0.001962
8616    0.004884
8624    0.010952
8639    0.006813
8640    0.004427
8672    0.007459
8673    0.005816
8783    0.002917
8792    0.007459
8918    0.002928
8983    0.006813
8984    0.003477
9070    0.007095
9126    0.008015
9137    0.004591
9143    0.006882
9177    0.004506
9179    0.007517
9195    0.006388
9200    0.009632
9210    0.003308
9320    0.003693
9388    0.003013
9455    0.004317
9506    0.006070
9510    0.003159
9517    0.004128
9518    0.013178
9523    0.003630
9631    0.003373
9694    0.005424
9834    0.005125
9873    0.002754
9881    0.004283
9954    0.006582
9971    0.004778
9972    0.023747
9980    0.003714
9982    0.006070
10199    0.006070
10244    0.004216
10290    0.003064
10341    0.004681
10401    0.010250
10411    0.003532
10525    0.003954
10545    0.004093
10558    0.005125
10588    0.007095
10589    0.003292
10598    0.007459
10605    0.005311
10609    0.005511
10625    0.005511
10637    0.004093
10668    0.004153
10789    0.006582
10794    0.003630
10875    0.007459
11018    0.004635
11062    0.004249
11103    0.001004
11112    0.004911
11140    0.006582
11160    0.007517
11173    0.010848
11180    0.001984
11181    0.002447
11203    0.003117
11213    0.005633
11218    0.001893
11271    0.003117
11297    0.007095
11301    0.006813
11327    0.004729
11390    0.003980
11503    0.008256
11530    0.004249
11566    0.004122
11569    0.007539
11581    0.007141
11584    0.007095
11613    0.003828
11677    0.006219
11678    0.007459
11683    0.001667
11746    0.006582
11788    0.004591
11841    0.002920
11869    0.004830
11889    0.003852
11930    0.006219
11972    0.005424
11988    0.006813
12021    0.006388
12095    0.003532
12101    0.006582
12202    0.004035
12207    0.005194
12282    0.007459
12300    0.002269
12304    0.004830
12354    0.011412
12358    0.005511
12421    0.007180
12425    0.005424
12522    0.002905
12671    0.006813
12928    0.003231
12949    0.003877
12954    0.006219
12974    0.003356
12987    0.005080
13006    0.007095
13050    0.004469
13131    0.006582
13143    0.007064
13154    0.003340
13160    0.007095
13324    0.006219
13351    0.002076
13357    0.001239
13386    0.011210
13399    0.007095
13434    0.005624
13466    0.006209
13470    0.016371
13530    0.003590
13601    0.004035
13647    0.002347
13731    0.005605
13739    0.006813
13750    0.006388
13899    0.014204
13910    0.002432
13964    0.003782
14058    0.009362
14065    0.001045
14073    0.003064
14224    0.004591
14225    0.006813
14228    0.005937
14358    0.004548
14383    0.007095
14439    0.004261
14453    0.007855
14594    0.009270
14683    0.004830
14723    0.007459
14738    0.006813
14742    0.002709
14795    0.010848
14944    0.003590
15063    0.002530
15210    0.003145
15260    0.007095
15261    0.006813
15271    0.013045
15274    0.023175
15368    0.004216
15450    0.005343
15488    0.003406
15594    0.005511
15656    0.004681
15699    0.005937
15874    0.025105
15906    0.003051
15916    0.005060
15926    0.007095
15928    0.037087
15931    0.045916
16039    0.006582
16063    0.006990
16080    0.006388
16081    0.007459
16093    0.005706
16094    0.006616
16097    0.014190
16098    0.012438
16116    0.002628
16120    0.004778
16215    0.010250
16269    0.004216
16283    0.005605
16312    0.010532
16321    0.003261
16349    0.004999
16353    0.003980
16374    0.005816
16385    0.005060
16425    0.016534
16426    0.006582
16445    0.006219
16501    0.002600
16509    0.009154
16517    0.005605
16585    0.003086
16647    0.006219
16684    0.006582
16729    0.001442
16795    0.007459
16814    0.006070
16890    0.048763
16892    0.047882
16955    0.010376
17025    0.025849
17027    0.035282
17038    0.007095
17042    0.006388
17093    0.004249
17103    0.006462
17129    0.002694
17144    0.001995
17219    0.005511
17331    0.003277
17415    0.007459
17477    0.007459
17484    0.001475
17854    0.003902
17870    0.002764
18041    0.005343
18082    0.007563
18167    0.009530
18182    0.001365
18266    0.005937
18282    0.002743
18331    0.003852
18543    0.010121
18553    0.004317
18580    0.003928
18670    0.006155
18751    0.007095
18784    0.004216
18882    0.003817
18888    0.002964
18910    0.005816
18962    0.004153
19037    0.003651
19043    0.004895
19106    0.007855
19133    0.004999
19230    0.007095
19248    0.005194
19261    0.005293
19278    0.006349
19344    0.006582
19366    0.002459
19381    0.004884
19437    0.008245
19460    0.002052
19518    0.004466
19560    0.007095
19785    0.004879
19786    0.005194
19820    0.005977
19823    0.004681
19824    0.006388
19836    0.004122
19844    0.003310
19988    0.006388
20043    0.005605
20116    0.004778
20162    0.006219
20176    0.007459
20182    0.005706
20260    0.000752
20274    0.003077
20289    0.004884
20306    0.006388
20310    0.025550
20385    0.006219
20439    0.009181
20452    0.006318
20462    0.005194
20464    0.005311
20540    0.018253
20620    0.005274
20627    0.014204
20628    0.008245
20629    0.008779
20642    0.004548
20661    0.007459
20768    0.006245
20778    0.004153
20815    0.006070
20841    0.002333
20868    0.001951
20901    0.002744
20927    0.002143
20978    0.004064
20993    0.003173
21005    0.008482
21019    0.003551
21087    0.018015
21150    0.007062
21243    0.002006
21247    0.001283
21266    0.002393
21279    0.006346
