481
82    0.005974
400    0.007140
449    0.008552
451    0.003110
455    0.002983
476    0.012517
496    0.007140
499    0.007140
517    0.007140
520    0.007140
530    0.006624
544    0.007140
749    0.005093
790    0.006624
819    0.005641
822    0.004417
974    0.004276
1021    0.005158
1095    0.004577
1124    0.006428
1157    0.003165
1272    0.003252
1314    0.004620
1342    0.006258
1433    0.004861
1451    0.002119
1668    0.019885
1689    0.002834
1699    0.002114
1811    0.006856
1843    0.006856
1904    0.006109
1941    0.002856
1942    0.004310
1969    0.004665
1972    0.004759
2047    0.002529
2048    0.003574
2156    0.007565
2236    0.005093
2317    0.006856
2434    0.006856
2508    0.003783
2509    0.005974
2541    0.006258
2644    0.003877
2650    0.007140
2660    0.005299
2676    0.004535
2684    0.005990
2806    0.003137
2853    0.004417
2867    0.007266
2915    0.005974
2918    0.005974
2920    0.003927
3044    0.004861
3206    0.006624
3297    0.003394
3440    0.006428
3559    0.004535
3563    0.002802
3567    0.002095
3588    0.005299
3593    0.002563
3618    0.003084
3671    0.009617
3713    0.007147
3715    0.004345
3721    0.018775
3735    0.006856
3754    0.008421
3790    0.003517
3911    0.003282
3950    0.004861
4001    0.004535
4055    0.004495
4195    0.002400
4240    0.005473
4258    0.007413
4262    0.004381
4267    0.004495
4324    0.003097
4335    0.014280
4377    0.005227
4450    0.002416
4494    0.005459
4501    0.003394
4556    0.007140
4562    0.005974
4571    0.004495
4621    0.005031
4639    0.008761
4740    0.011485
4748    0.006428
4809    0.006624
4859    0.009617
4860    0.005093
4899    0.013176
4939    0.005299
5022    0.011281
5043    0.002620
5055    0.004310
5075    0.001549
5096    0.002333
5401    0.005158
5439    0.004711
5444    0.005227
5469    0.005853
5495    0.005124
5502    0.006109
5503    0.007506
5515    0.002416
5532    0.004457
5550    0.004577
5614    0.003058
5615    0.037826
5616    0.005459
5623    0.004759
5675    0.009617
5694    0.005546
5718    0.022169
5719    0.032878
5725    0.057790
5769    0.002512
5962    0.004345
6251    0.004310
6252    0.007140
6334    0.004417
6429    0.003593
6537    0.014280
6583    0.006109
6597    0.006428
6622    0.005742
6624    0.004809
6632    0.004455
6660    0.005974
6705    0.006040
6756    0.006722
6758    0.011651
6761    0.002439
6830    0.006109
6908    0.004404
6937    0.004809
7066    0.007140
7117    0.003979
7168    0.001772
7209    0.007140
7330    0.005326
7402    0.005227
7416    0.010185
7508    0.003979
7512    0.006428
7519    0.007506
7531    0.002311
7583    0.004759
7613    0.005974
7619    0.002792
7641    0.006109
7642    0.007186
7644    0.004276
7650    0.003329
7709    0.004061
7725    0.004861
7736    0.005234
7746    0.004971
7802    0.002361
7842    0.007506
7901    0.007140
7935    0.008359
8016    0.007506
8078    0.005372
8095    0.006428
8105    0.008122
8116    0.005793
8162    0.005376
8165    0.005227
8214    0.013713
8323    0.003208
8327    0.005546
8342    0.004417
8346    0.012856
8417    0.002983
8440    0.007140
8476    0.005690
8533    0.002947
8581    0.001974
8624    0.011022
8639    0.006856
8640    0.004455
8672    0.007506
8673    0.005853
8783    0.002935
8792    0.007506
8918    0.002947
8983    0.006856
8984    0.003499
9070    0.007140
9126    0.008066
9137    0.004620
9143    0.006926
9177    0.004535
9179    0.007565
9195    0.006428
9200    0.009693
9210    0.003329
9320    0.003716
9388    0.003032
9455    0.004345
9506    0.006109
9510    0.003179
9517    0.004154
9518    0.013262
9523    0.003653
9631    0.003394
9694    0.005459
9834    0.005158
9873    0.002771
9881    0.004310
9954    0.006624
9971    0.004809
9972    0.023898
9980    0.003738
9982    0.006109
10199    0.006109
10244    0.004243
10290    0.003084
10341    0.004711
10401    0.010316
10411    0.003554
10525    0.003979
10545    0.004119
10558    0.005158
10588    0.007140
10589    0.003313
10598    0.007506
10605    0.005345
10609    0.005546
10625    0.005546
10637    0.004119
10668    0.004179
10789    0.006624
10794    0.003653
10875    0.007506
11018    0.004665
11062    0.004276
11103    0.001010
11112    0.004942
11140    0.006624
11160    0.007565
11173    0.010917
11180    0.001996
11181    0.002463
11203    0.003137
11213    0.005669
11218    0.001905
11271    0.003137
11297    0.007140
11301    0.006856
11327    0.004759
11390    0.004006
11503    0.008308
11530    0.004276
11566    0.004149
11569    0.005058
11581    0.007186
11584    0.007140
11613    0.003853
11677    0.006258
11678    0.007506
11683    0.001677
11746    0.006624
11788    0.004620
11841    0.002939
11869    0.004861
11889    0.003877
11930    0.006258
11988    0.006856
12021    0.006428
12095    0.003554
12101    0.006624
12202    0.004061
12207    0.005227
12282    0.007506
12300    0.002283
12304    0.004861
12354    0.011485
12358    0.005546
12421    0.007226
12425    0.005459
12522    0.002924
12671    0.006856
12928    0.003252
12949    0.003902
12954    0.006258
12974    0.003377
12987    0.005112
13006    0.007140
13050    0.004497
13131    0.006624
13143    0.007109
13154    0.003361
13160    0.007140
13324    0.006258
13351    0.002089
13357    0.001247
13386    0.011281
13399    0.007140
13434    0.006468
13466    0.006249
13470    0.016475
13530    0.003613
13601    0.004061
13647    0.002362
13731    0.005641
13739    0.006856
13750    0.006428
13899    0.014294
13910    0.002447
13964    0.003806
14058    0.009422
14065    0.001052
14073    0.003084
14224    0.004620
14225    0.006856
14228    0.005974
14358    0.004577
14383    0.007140
14439    0.004288
14453    0.007905
14594    0.009329
14683    0.004861
14723    0.007506
14738    0.006856
14742    0.002727
14795    0.010917
14944    0.003613
15063    0.002546
15210    0.003165
15260    0.007140
15261    0.006856
15271    0.013128
15274    0.023323
15368    0.004243
15450    0.005376
15488    0.003428
15594    0.005546
15656    0.004711
15699    0.005974
15874    0.025264
15906    0.003071
15916    0.005093
15926    0.007140
15928    0.037323
15931    0.046208
16039    0.006624
16063    0.007034
16080    0.006428
16081    0.007506
16093    0.005742
16094    0.006658
16097    0.014280
16098    0.012517
16120    0.004809
16215    0.010316
16283    0.005641
16312    0.010599
16321    0.003282
16349    0.005031
16353    0.004006
16374    0.005853
16385    0.005093
16425    0.016639
16426    0.006624
16445    0.006258
16501    0.002617
16509    0.006141
16517    0.005641
16585    0.003106
16647    0.006258
16684    0.006624
16729    0.001451
16795    0.007506
16814    0.006109
16890    0.049074
16892    0.052567
16955    0.010442
17025    0.026014
17027    0.032548
17038    0.007140
17042    0.006428
17093    0.004276
17103    0.006503
17129    0.002711
17144    0.002008
17219    0.005546
17331    0.003297
17415    0.007506
17477    0.007506
17484    0.001484
17854    0.003927
17870    0.002782
18041    0.005376
18082    0.007611
18167    0.009591
18182    0.001374
18266    0.005974
18282    0.002761
18331    0.003877
18543    0.010185
18553    0.004345
18580    0.003953
18670    0.006194
18751    0.007140
18784    0.004243
18882    0.003841
18888    0.002983
18910    0.005853
18962    0.004179
19037    0.003674
19043    0.004926
19106    0.007905
19133    0.005031
19230    0.007140
19248    0.005227
19261    0.005326
19278    0.006389
19344    0.006624
19366    0.002475
19381    0.004915
19437    0.008297
19460    0.002065
19518    0.004495
19560    0.007140
19785    0.004910
19786    0.005227
19820    0.006015
19823    0.004711
19824    0.006428
19836    0.004149
19844    0.003331
19988    0.006428
20043    0.005641
20116    0.004809
20162    0.006258
20176    0.007506
20182    0.005742
20260    0.000757
20274    0.003097
20289    0.004915
20306    0.006428
20310    0.025713
20385    0.006258
20439    0.009240
20452    0.006358
20462    0.005227
20464    0.005345
20540    0.018369
20620    0.002654
20627    0.017868
20628    0.008297
20629    0.008835
20642    0.004577
20661    0.007506
20768    0.006285
20778    0.004179
20815    0.006109
20841    0.002348
20868    0.001963
20901    0.002761
20927    0.002157
20978    0.004089
20993    0.003193
21005    0.008536
21019    0.003574
21087    0.020719
21150    0.008122
21243    0.002019
21247    0.001291
21266    0.002408
21279    0.006386
