551
40    0.007401
45    0.005930
50    0.007401
51    0.006587
65    0.006925
82    0.005512
93    0.006925
147    0.002414
149    0.007401
188    0.007401
267    0.003599
314    0.003428
348    0.007711
389    0.007401
406    0.006925
427    0.006111
449    0.003945
455    0.002752
457    0.003333
595    0.004641
661    0.005036
702    0.003056
806    0.004822
814    0.005117
823    0.005930
974    0.003945
1095    0.004222
1157    0.002920
1184    0.002431
1240    0.002605
1276    0.003827
1433    0.008968
1462    0.005204
1524    0.007401
1529    0.003162
1668    0.009172
1699    0.004877
1924    0.004698
1949    0.002752
1969    0.004303
1970    0.008444
2070    0.005930
2156    0.003490
2157    0.011023
2236    0.004698
2237    0.007401
2376    0.006111
2396    0.002214
2432    0.001418
2475    0.006111
2487    0.005635
2539    0.003389
2609    0.003131
2644    0.003577
2666    0.006111
2684    0.002763
2688    0.005739
2710    0.003042
2794    0.007401
2800    0.007401
2801    0.004586
2853    0.008151
2867    0.013406
2887    0.007401
2914    0.005117
2929    0.005512
3044    0.004484
3116    0.005635
3157    0.006325
3238    0.003014
3260    0.006111
3362    0.006587
3377    0.005635
3473    0.002894
3499    0.006925
3509    0.006111
3559    0.008367
3593    0.004730
3617    0.005036
3618    0.008535
3619    0.012779
3674    0.012650
3713    0.003297
3721    0.011547
3723    0.007401
3754    0.003885
3875    0.006925
3881    0.014043
3882    0.006925
3892    0.004960
3950    0.004484
3989    0.009282
3996    0.004889
4001    0.004184
4023    0.004099
4240    0.008415
4242    0.007401
4245    0.011236
4301    0.003671
4448    0.005298
4494    0.005036
4501    0.021918
4505    0.004008
4643    0.005204
4729    0.005352
4732    0.003827
4740    0.005298
4748    0.005930
4757    0.006111
4771    0.009920
4794    0.006111
4850    0.006587
4859    0.008872
4862    0.006325
4899    0.004862
4994    0.006325
5022    0.015611
5023    0.006925
5033    0.006925
5066    0.006925
5075    0.001429
5113    0.006925
5114    0.007401
5142    0.005204
5152    0.003370
5377    0.006925
5379    0.007401
5388    0.006925
5401    0.009517
5444    0.004822
5469    0.005400
5480    0.003800
5502    0.005635
5532    0.002056
5614    0.002821
5615    0.006979
5675    0.008872
5718    0.017043
5719    0.020999
5725    0.017771
5769    0.002318
5856    0.005270
5939    0.007401
5957    0.007401
5958    0.006925
5962    0.004008
5975    0.002519
5977    0.002221
5986    0.004534
6078    0.006587
6279    0.007401
6334    0.004075
6353    0.007401
6371    0.005774
6376    0.004222
6394    0.005204
6450    0.005204
6472    0.004534
6596    0.002068
6624    0.013309
6632    0.004110
6655    0.003178
6660    0.005512
6663    0.003945
6689    0.004262
6692    0.006111
6700    0.005204
6705    0.005572
6707    0.002786
6725    0.006925
6727    0.005036
6734    0.003409
6756    0.009302
6761    0.002250
6864    0.004146
6918    0.003279
6989    0.013174
7168    0.003269
7173    0.003370
7174    0.008214
7181    0.002741
7188    0.002907
7270    0.004889
7286    0.008016
7311    0.004586
7330    0.004914
7339    0.007401
7342    0.004822
7403    0.005930
7472    0.009644
7571    0.003211
7632    0.003856
7640    0.020774
7642    0.003315
7693    0.004008
7714    0.003577
7746    0.004586
7802    0.004356
7833    0.002106
7935    0.003856
8078    0.008260
8095    0.005930
8101    0.007065
8116    0.001782
8126    0.014801
8162    0.004960
8165    0.009644
8231    0.007401
8275    0.003116
8343    0.004262
8476    0.005250
8533    0.002719
8536    0.003646
8587    0.013850
8596    0.002179
8603    0.041276
8606    0.007401
8613    0.003389
8616    0.004534
8622    0.004931
8624    0.010168
8639    0.006325
8640    0.004110
8644    0.005774
8673    0.010800
8783    0.002708
8918    0.008156
9086    0.005036
9109    0.005512
9143    0.003195
9160    0.003976
9195    0.005930
9200    0.004471
9236    0.007401
9320    0.003428
9328    0.007401
9354    0.005930
9361    0.005789
9362    0.006925
9388    0.002797
9392    0.008083
9454    0.002381
9502    0.003333
9628    0.013850
9692    0.006558
9705    0.006325
9734    0.006587
9799    0.004586
9824    0.004146
9834    0.004758
9945    0.003511
9972    0.011023
9987    0.006325
10181    0.004758
10199    0.005635
10244    0.003914
10291    0.004960
10295    0.009778
10341    0.004346
10354    0.002933
10401    0.009517
10420    0.006594
10422    0.003554
10466    0.006587
10491    0.003490
10508    0.004586
10525    0.003671
10537    0.006587
10540    0.007401
10558    0.004758
10605    0.009862
10609    0.005117
10625    0.010233
10637    0.003800
10677    0.005298
10764    0.006587
10774    0.004110
10784    0.004586
10788    0.006587
10903    0.007401
10984    0.006925
11018    0.004303
11062    0.003945
11103    0.001864
11112    0.004559
11140    0.006111
11173    0.015107
11174    0.012650
11180    0.005525
11218    0.003515
11327    0.008780
11380    0.005930
11386    0.002786
11503    0.001916
11518    0.006587
11528    0.002719
11566    0.003827
11569    0.004666
11570    0.002566
11572    0.006111
11597    0.007401
11626    0.006925
11657    0.005774
11677    0.005774
11731    0.005635
11733    0.004889
11744    0.002457
11746    0.006111
11747    0.012226
11750    0.006601
11757    0.002752
11788    0.004262
11809    0.005512
11841    0.001356
11889    0.003577
11948    0.006587
11967    0.006325
11972    0.005036
12021    0.005930
12042    0.003695
12095    0.003279
12191    0.004075
12202    0.003746
12258    0.004586
12297    0.006111
12300    0.014744
12304    0.008968
12324    0.005774
12354    0.010595
12411    0.004889
12421    0.003333
12477    0.004436
12522    0.010789
12668    0.003532
12677    0.021729
12684    0.001729
12792    0.007401
12817    0.002797
12840    0.005635
12855    0.003800
12911    0.005290
12928    0.003000
12952    0.003945
12954    0.011547
12979    0.005512
12982    0.005930
12987    0.004716
12999    0.001352
13014    0.001806
13070    0.003976
13154    0.003101
13195    0.003945
13319    0.008028
13347    0.003800
13351    0.003854
13352    0.004966
13367    0.005774
13388    0.003101
13407    0.006925
13434    0.000746
13462    0.003623
13472    0.007545
13491    0.003885
13561    0.007401
13591    0.003945
13594    0.007401
13633    0.005298
13653    0.006925
13905    0.005512
13910    0.006772
13983    0.004436
14012    0.003228
14058    0.004346
14073    0.005690
14093    0.003490
14099    0.003976
14131    0.003914
14316    0.002687
14405    0.006111
14422    0.007401
14439    0.001978
14485    0.003028
14527    0.004262
14536    0.003554
14683    0.004484
14741    0.002933
14742    0.003354
14745    0.009418
14780    0.008367
14865    0.003178
15051    0.007401
15070    0.004346
15257    0.006587
15271    0.018167
15274    0.008606
15334    0.003945
15336    0.004698
15450    0.009920
15451    0.014275
15487    0.007401
15591    0.007022
15593    0.007401
15658    0.005635
15672    0.004390
15743    0.005930
15821    0.003554
15824    0.007401
15874    0.019423
15895    0.008968
15907    0.002474
15911    0.004303
15928    0.034431
15931    0.016396
16063    0.003245
16078    0.007401
16096    0.006587
16098    0.005774
16140    0.006925
16193    0.006587
16207    0.007293
16215    0.009517
16312    0.019555
16321    0.003028
16349    0.004641
16353    0.003695
16386    0.005204
16425    0.010233
16426    0.012222
16430    0.004960
16445    0.005774
16509    0.002833
16510    0.004146
16555    0.013850
16585    0.004298
16684    0.006111
16766    0.003195
16890    0.030181
16892    0.008083
16907    0.002287
16911    0.006925
16949    0.004346
17025    0.034284
17027    0.060053
17029    0.003623
17031    0.012222
17042    0.005930
17101    0.003028
17103    0.003000
17105    0.002381
17111    0.003469
17129    0.002501
17141    0.004222
17210    0.004698
17331    0.003042
17407    0.002645
17484    0.001369
17496    0.004041
17544    0.013850
17547    0.004146
17737    0.006925
17769    0.005512
17822    0.006925
17870    0.002566
17949    0.003554
17964    0.012910
17966    0.006325
18027    0.006587
18182    0.002534
18184    0.006325
18282    0.001273
18331    0.003577
18396    0.005036
18417    0.005036
18435    0.002907
18451    0.004110
18472    0.005400
18653    0.004184
18655    0.007874
18667    0.007401
18670    0.002857
18686    0.007401
18749    0.008214
18773    0.005930
18775    0.007401
18784    0.003914
19043    0.002272
19083    0.005400
19097    0.019366
19106    0.003646
19151    0.002869
19169    0.003297
19204    0.003262
19248    0.009644
19261    0.002457
19278    0.001474
19343    0.004641
19366    0.001142
19416    0.002797
19426    0.003227
19437    0.003827
19453    0.005526
19474    0.005204
19503    0.003554
19682    0.005930
19685    0.003056
19773    0.002062
19785    0.002265
19836    0.003827
19844    0.001537
19848    0.007401
19929    0.007401
19965    0.005774
19980    0.007401
19981    0.006925
20086    0.006111
20144    0.006925
20189    0.007401
20239    0.007401
20274    0.002857
20275    0.004027
20291    0.006325
20310    0.011861
20419    0.006925
20439    0.004262
20452    0.005865
20462    0.004822
20463    0.005635
20464    0.012328
20540    0.006778
20620    0.002448
20624    0.004075
20625    0.004758
20626    0.010110
20627    0.003297
20628    0.007655
20648    0.003228
20803    0.003261
20867    0.006925
20910    0.010939
20978    0.003773
20993    0.002946
21019    0.006594
21033    0.005298
21085    0.003228
21087    0.011946
21150    0.007493
21211    0.007401
21243    0.003725
21247    0.003572
21279    0.002946
21331    0.006925
