580
40    0.007125
45    0.005709
50    0.007125
51    0.006341
65    0.006667
82    0.005306
93    0.006667
147    0.002324
149    0.007125
161    0.003340
188    0.007125
267    0.003465
348    0.007424
389    0.007125
406    0.006667
427    0.005883
449    0.003798
455    0.002649
457    0.003209
595    0.004468
604    0.003957
661    0.004848
702    0.002942
753    0.005425
786    0.003091
814    0.004926
820    0.007908
823    0.005709
901    0.004775
974    0.003798
1095    0.004065
1157    0.002811
1184    0.002340
1240    0.002508
1433    0.008634
1438    0.004926
1451    0.001882
1462    0.005010
1524    0.007125
1529    0.003045
1668    0.008830
1699    0.004695
1921    0.005010
1924    0.004523
1970    0.008130
1972    0.004226
2070    0.005709
2156    0.006719
2199    0.006667
2236    0.004523
2237    0.007125
2376    0.005883
2475    0.005883
2539    0.003263
2609    0.003014
2644    0.003443
2666    0.005883
2684    0.002660
2688    0.002762
2710    0.002929
2794    0.007125
2800    0.007125
2801    0.004415
2802    0.005883
2819    0.002508
2853    0.007847
2867    0.012906
2887    0.007125
2914    0.004926
2929    0.005306
3037    0.007908
3044    0.004317
3116    0.005425
3157    0.006089
3238    0.002901
3260    0.005883
3362    0.006341
3464    0.004775
3473    0.005573
3499    0.006667
3509    0.005883
3559    0.008055
3563    0.002489
3593    0.004553
3617    0.004848
3618    0.005478
3619    0.015378
3674    0.006089
3713    0.015869
3721    0.011117
3723    0.007125
3754    0.003740
3875    0.006667
3881    0.013519
3882    0.006667
3886    0.003607
3892    0.004775
3950    0.004317
3989    0.008936
3996    0.004707
4001    0.004028
4023    0.003946
4109    0.005100
4240    0.008102
4242    0.007125
4245    0.010817
4258    0.002195
4448    0.005100
4494    0.004848
4501    0.021101
4505    0.003859
4541    0.004581
4621    0.004468
4643    0.005010
4732    0.003685
4740    0.010200
4748    0.005709
4757    0.011767
4771    0.009550
4794    0.005883
4859    0.008542
4862    0.006089
4899    0.007021
4994    0.006089
5022    0.015029
5023    0.006667
5033    0.006667
5066    0.006667
5075    0.001376
5113    0.006667
5114    0.007125
5142    0.005010
5152    0.003244
5379    0.007125
5385    0.007125
5388    0.006667
5401    0.004581
5444    0.004642
5469    0.005198
5480    0.003658
5501    0.001570
5502    0.005425
5515    0.002145
5532    0.001979
5554    0.005709
5614    0.002716
5615    0.006719
5675    0.008542
5680    0.005558
5718    0.016408
5719    0.020216
5725    0.013687
5769    0.002231
5856    0.002537
5939    0.007125
5958    0.013333
5962    0.003859
5975    0.002425
5986    0.004365
6078    0.006341
6279    0.007125
6334    0.003923
6353    0.007125
6371    0.005558
6376    0.004065
6394    0.005010
6450    0.005010
6465    0.005010
6472    0.004365
6596    0.001991
6598    0.002040
6624    0.012812
6632    0.003957
6660    0.005306
6689    0.004103
6692    0.005883
6700    0.005010
6705    0.005364
6707    0.002682
6725    0.006667
6727    0.004848
6756    0.008955
6758    0.003449
6761    0.002166
6780    0.007908
6864    0.003992
6918    0.003157
6968    0.007125
6984    0.004714
6989    0.012683
6995    0.007125
7181    0.005277
7188    0.002799
7270    0.004707
7286    0.007717
7311    0.004415
7330    0.004730
7339    0.007125
7342    0.004642
7472    0.009284
7571    0.003091
7640    0.020000
7642    0.003191
7693    0.003859
7714    0.003443
7746    0.004415
7779    0.003157
7802    0.003145
7935    0.003712
7988    0.003859
8027    0.004707
8078    0.007952
8095    0.005709
8101    0.003401
8116    0.001715
8126    0.014249
8162    0.004775
8165    0.009284
8231    0.007125
8275    0.003000
8343    0.004103
8476    0.005054
8535    0.004581
8568    0.001763
8587    0.013333
8603    0.044152
8606    0.007125
8607    0.007908
8613    0.006526
8622    0.002374
8624    0.009789
8639    0.012178
8640    0.003957
8644    0.005558
8673    0.010397
8783    0.002607
8918    0.007852
9086    0.004848
9108    0.006667
9109    0.005306
9143    0.003076
9160    0.003828
9195    0.005709
9197    0.013333
9200    0.002152
9236    0.007125
9320    0.003301
9328    0.007125
9354    0.005709
9361    0.005573
9362    0.006667
9388    0.002693
9392    0.007781
9502    0.003209
9518    0.001683
9628    0.013333
9692    0.003157
9705    0.006089
9734    0.006341
9799    0.004415
9824    0.003992
9834    0.004581
9945    0.003380
9971    0.004271
9972    0.010612
9987    0.006089
10181    0.004581
10199    0.005425
10244    0.003768
10290    0.002739
10291    0.004775
10295    0.009413
10341    0.004184
10401    0.009162
10420    0.006348
10422    0.003422
10491    0.003360
10508    0.004415
10525    0.003534
10537    0.006341
10540    0.007125
10558    0.004581
10589    0.002942
10605    0.009495
10609    0.004926
10612    0.004103
10625    0.009852
10637    0.003658
10677    0.005100
10764    0.006341
10774    0.003957
10784    0.004415
10788    0.006341
10837    0.001244
10903    0.007125
10984    0.006667
11018    0.004143
11062    0.003798
11103    0.001794
11112    0.004389
11140    0.005883
11173    0.009696
11174    0.012179
11180    0.003546
11201    0.005614
11224    0.005100
11236    0.004642
11279    0.002888
11282    0.003712
11327    0.004226
11380    0.005709
11386    0.002682
11503    0.001845
11519    0.003209
11566    0.003685
11569    0.004492
11572    0.005883
11597    0.007125
11626    0.006667
11657    0.005558
11677    0.005558
11731    0.005425
11733    0.004707
11744    0.002365
11746    0.005883
11747    0.008827
11750    0.004236
11757    0.002649
11788    0.004103
11809    0.005306
11841    0.001305
11869    0.008634
11889    0.003443
11948    0.006341
11967    0.006089
11972    0.004848
11984    0.003226
12021    0.005709
12042    0.003557
12095    0.003157
12191    0.003923
12202    0.003607
12207    0.004642
12245    0.002085
12258    0.004415
12297    0.005883
12300    0.014194
12304    0.008634
12324    0.005558
12354    0.010200
12358    0.004926
12359    0.007908
12421    0.006417
12477    0.004271
12522    0.010387
12535    0.005425
12668    0.003401
12677    0.025103
12684    0.001664
12792    0.007125
12817    0.002693
12838    0.005709
12840    0.005425
12855    0.003658
12911    0.005093
12917    0.006667
12952    0.003798
12954    0.011117
12979    0.005306
12982    0.005709
12983    0.004600
12987    0.004540
12999    0.001302
13050    0.001997
13070    0.003828
13154    0.002985
13195    0.003798
13303    0.005425
13319    0.005153
13351    0.003711
13352    0.004781
13367    0.005558
13388    0.002985
13407    0.006667
13434    0.000718
13462    0.003488
13472    0.007264
13561    0.007125
13580    0.001927
13591    0.003798
13594    0.007125
13633    0.005100
13653    0.006667
13905    0.005306
13910    0.004347
13983    0.004271
14058    0.004184
14073    0.005478
14093    0.003360
14099    0.003828
14131    0.003768
14316    0.002586
14358    0.008130
14405    0.005883
14422    0.007125
14439    0.001904
14485    0.002915
14536    0.003422
14563    0.005709
14604    0.003384
14741    0.005647
14742    0.004036
14745    0.003627
14780    0.008055
14865    0.003060
14866    0.007908
15051    0.007125
15070    0.004184
15204    0.002628
15257    0.006341
15271    0.014574
15274    0.008285
15334    0.003798
15336    0.004523
15410    0.003226
15450    0.004775
15451    0.018323
15487    0.007125
15591    0.006760
15593    0.007125
15658    0.005425
15818    0.002408
15821    0.006843
15824    0.007125
15826    0.006341
15874    0.014959
15895    0.008634
15907    0.002382
15911    0.004143
15928    0.024861
15931    0.018941
15981    0.005100
16063    0.003124
16077    0.007908
16096    0.006341
16098    0.005558
16140    0.006667
16193    0.006341
16207    0.007021
16215    0.004581
16312    0.018826
16321    0.002915
16349    0.004468
16353    0.003557
16386    0.005010
16425    0.009852
16426    0.011767
16430    0.004775
16445    0.005558
16509    0.002727
16510    0.003992
16555    0.013333
16585    0.003678
16684    0.005883
16766    0.003076
16890    0.014528
16892    0.011672
16907    0.002202
16911    0.006667
16949    0.004184
16952    0.003340
17025    0.033005
17027    0.055186
17028    0.006341
17029    0.003488
17031    0.011767
17042    0.011418
17051    0.002316
17101    0.002915
17103    0.002888
17105    0.002292
17111    0.003340
17129    0.002408
17141    0.004065
17210    0.004523
17331    0.002929
17407    0.002546
17484    0.001318
17496    0.003891
17544    0.006667
17547    0.003992
17737    0.006667
17769    0.005306
17822    0.006667
17949    0.003422
17964    0.012428
17966    0.006089
18167    0.002434
18182    0.002440
18184    0.006089
18331    0.003443
18396    0.004848
18435    0.002799
18451    0.003957
18472    0.005198
18653    0.004028
18655    0.007581
18667    0.007125
18670    0.002750
18686    0.007125
18775    0.007125
19043    0.002187
19083    0.005198
19097    0.018644
19106    0.003510
19151    0.002762
19169    0.003174
19248    0.009284
19261    0.009461
19278    0.007093
19343    0.004468
19366    0.001099
19416    0.002693
19426    0.004659
19437    0.003685
19453    0.005320
19474    0.005010
19503    0.003422
19682    0.005709
19685    0.002942
19730    0.007125
19773    0.001985
19785    0.002180
19836    0.003685
19844    0.002219
19848    0.007125
19861    0.005306
19929    0.007125
19980    0.007125
19981    0.006667
20086    0.005883
20144    0.006667
20189    0.007125
20239    0.007125
20274    0.005501
20275    0.003876
20291    0.006089
20310    0.011418
20419    0.006667
20439    0.004103
20452    0.008470
20463    0.005425
20464    0.009495
20540    0.006526
20620    0.002357
20624    0.003923
20625    0.004581
20626    0.012978
20627    0.003174
20628    0.003685
20648    0.003107
20768    0.001861
20841    0.002085
20848    0.002053
20978    0.003632
20993    0.002836
21005    0.002527
21018    0.004523
21019    0.006348
21033    0.005100
21058    0.002316
21085    0.003107
21087    0.013801
21150    0.005410
21169    0.007908
21211    0.007125
21243    0.003586
21247    0.005732
21279    0.002836
21331    0.006667
