299
191    0.006855
370    0.006818
408    0.015304
415    0.010581
604    0.008500
610    0.006412
621    0.005959
731    0.010110
739    0.011167
749    0.009715
753    0.011654
768    0.015304
806    0.009971
814    0.010581
838    0.015304
839    0.016987
845    0.010414
971    0.012638
1003    0.016987
1157    0.006038
1240    0.005387
1433    0.009273
1451    0.012130
1699    0.002017
1747    0.007396
1824    0.008987
1838    0.012638
1862    0.003462
1972    0.009079
2229    0.009273
2297    0.014609
2317    0.013080
2541    0.011939
2589    0.008428
2646    0.011939
2675    0.014179
2684    0.005714
2744    0.004550
2861    0.008095
3044    0.018546
3252    0.027244
3466    0.016987
3596    0.009971
3615    0.007747
3618    0.005883
3688    0.015603
3707    0.016987
3713    0.013635
3718    0.026161
3814    0.016987
3886    0.007747
3888    0.009484
3942    0.007305
3954    0.015304
4000    0.016987
4041    0.015304
4058    0.014320
4141    0.007216
4623    0.014320
4648    0.014320
4859    0.009174
5028    0.008289
5044    0.007305
5075    0.002956
5152    0.006969
5219    0.010581
5401    0.019680
5487    0.007260
5528    0.039241
5532    0.004251
5550    0.008731
5578    0.012887
5614    0.011667
5615    0.014433
5616    0.010414
5675    0.018348
5676    0.016987
5718    0.014098
5719    0.014475
5725    0.022050
5946    0.013080
5986    0.009376
6278    0.016987
6570    0.016987
6624    0.009174
6627    0.016987
6664    0.013622
6734    0.007049
6756    0.019236
7008    0.012264
7044    0.010110
7075    0.009597
7311    0.009484
7486    0.006147
7704    0.008428
7748    0.007915
7802    0.006756
7833    0.004356
8078    0.013665
8116    0.003684
8123    0.016987
8130    0.012264
8162    0.010257
8389    0.014320
8394    0.011939
8421    0.011398
8446    0.009217
8504    0.009597
8603    0.018968
8611    0.012264
8624    0.042053
8639    0.026160
8640    0.025500
8757    0.014320
8814    0.014320
8959    0.027244
9143    0.006606
9191    0.015304
9199    0.045913
9200    0.013870
9256    0.006092
9304    0.008289
9361    0.005985
9383    0.033973
9388    0.005785
9389    0.014320
9488    0.010110
9532    0.010581
9661    0.015304
9669    0.010414
9692    0.006781
9793    0.016987
9928    0.016987
9950    0.011939
9971    0.018348
9972    0.011398
9982    0.011654
9987    0.026161
10420    0.006818
10491    0.007216
10525    0.007591
10530    0.016987
10578    0.007443
10589    0.006321
10605    0.015296
10680    0.014320
10837    0.002673
10892    0.003798
11093    0.006412
11146    0.011335
11153    0.011398
11208    0.016987
11236    0.009971
11255    0.011654
11334    0.005135
11369    0.012264
11373    0.011398
11477    0.016987
11567    0.007396
11569    0.004825
11613    0.007350
11869    0.009273
11889    0.007396
11933    0.033973
12008    0.008731
12035    0.016987
12046    0.009484
12049    0.010581
12095    0.006781
12258    0.018968
12274    0.015304
12322    0.013622
12353    0.033973
12421    0.020677
12535    0.023307
12536    0.016987
12551    0.004423
12864    0.005287
12911    0.005470
12983    0.004941
12987    0.007315
12999    0.002796
13014    0.003735
13154    0.025649
13228    0.010898
13249    0.016987
13354    0.010110
13384    0.016987
13394    0.011654
13410    0.011939
13445    0.009971
13462    0.007491
13497    0.018348
13501    0.004316
14073    0.052947
14224    0.008814
14303    0.004891
14316    0.005556
14358    0.008731
14448    0.009840
14450    0.015304
14452    0.010110
14453    0.007541
14485    0.012523
14604    0.003634
14770    0.010761
14944    0.006892
15140    0.004653
15271    0.018784
15299    0.006640
15451    0.019680
15558    0.033973
15849    0.008095
15874    0.024099
15886    0.016987
15928    0.035601
16027    0.015304
16117    0.006065
16144    0.011654
16207    0.007541
16237    0.004668
16241    0.007216
16501    0.004992
16536    0.033973
16585    0.002962
16640    0.033973
16642    0.014320
16644    0.015304
16656    0.016987
16794    0.009715
16890    0.007802
16907    0.004730
16952    0.007173
17025    0.007090
17027    0.005645
17067    0.007009
17105    0.004924
17129    0.005172
17175    0.016987
17366    0.006475
17445    0.007802
17531    0.004841
17956    0.016987
18116    0.009971
18167    0.007842
18176    0.027244
18182    0.005241
18311    0.016987
18319    0.005691
18326    0.006745
18657    0.013080
18888    0.005691
18892    0.013622
18898    0.006443
18972    0.017304
19097    0.026699
19106    0.007541
19278    0.003047
19535    0.006175
19659    0.013080
19680    0.010581
19785    0.004684
19844    0.001589
19976    0.013622
20012    0.016987
20086    0.025275
20230    0.013080
20260    0.001444
20291    0.013080
20419    0.057281
20441    0.016987
20462    0.009971
20464    0.005099
20481    0.008033
20525    0.016987
20540    0.021026
20620    0.010126
20625    0.009840
20768    0.007993
20771    0.007260
20841    0.004479
20844    0.003547
20848    0.004410
20868    0.003746
20901    0.015802
20983    0.005307
21005    0.010856
21036    0.014320
21057    0.005761
21058    0.004975
21083    0.007090
21085    0.006675
21087    0.034587
21115    0.003985
21118    0.006573
21150    0.001937
21247    0.002463
21266    0.004594
21290    0.006175
