350
112    0.015552
114    0.015552
219    0.004316
384    0.011976
403    0.010670
412    0.010670
427    0.011571
469    0.004841
481    0.006568
485    0.010931
564    0.011976
577    0.012472
592    0.010931
610    0.005871
756    0.015552
758    0.015552
789    0.015552
1045    0.011976
1047    0.015552
1351    0.008787
1364    0.006607
1441    0.010931
1451    0.007404
1479    0.007589
1480    0.007246
1529    0.005988
1689    0.009901
1690    0.007411
1698    0.004219
1740    0.005680
1862    0.006339
1919    0.005456
1969    0.008147
1970    0.007994
2081    0.010435
2170    0.008069
2224    0.006454
2287    0.007469
2345    0.007355
2508    0.006607
2510    0.018018
2567    0.018018
2675    0.006491
2688    0.005433
2691    0.008312
2811    0.013111
2826    0.007528
3187    0.010931
3368    0.011228
3396    0.005210
3473    0.032879
3483    0.006276
3563    0.009790
3567    0.003659
3593    0.008955
3618    0.005386
3686    0.007194
3713    0.006242
3715    0.015178
3745    0.006859
3754    0.007355
3882    0.013111
3886    0.007093
3892    0.018782
3911    0.005733
3944    0.004932
4144    0.013111
4195    0.004192
4202    0.006607
4240    0.003187
4258    0.008632
4260    0.005628
4265    0.008069
4406    0.015701
4543    0.010670
4586    0.009688
4643    0.009852
4698    0.010435
4711    0.021339
4729    0.015200
4740    0.010030
4810    0.006529
4872    0.007143
4877    0.009129
4899    0.004603
4901    0.008399
4918    0.009688
5043    0.002288
5075    0.002706
5096    0.004075
5115    0.007651
5177    0.009391
5355    0.009256
5407    0.011228
5487    0.006647
5495    0.002983
5501    0.003087
5515    0.004219
5537    0.006647
5567    0.004373
5615    0.006607
5628    0.004447
5719    0.008835
5725    0.013459
5752    0.011228
5772    0.013111
5776    0.011976
5778    0.011228
5925    0.008584
5962    0.015178
6129    0.007651
6270    0.009129
6301    0.015552
6403    0.007589
6596    0.003916
6598    0.004012
6755    0.009688
6756    0.011741
6758    0.006783
6760    0.015552
6761    0.004260
6762    0.012036
6841    0.008787
6908    0.003846
7053    0.007194
7101    0.015552
7168    0.003095
7173    0.006381
7181    0.005189
7228    0.007528
7241    0.007411
7446    0.009534
7531    0.004037
7679    0.009256
7716    0.007528
7802    0.006185
7935    0.014600
7985    0.007651
8275    0.005899
8476    0.004970
8481    0.014012
8482    0.015552
8534    0.005008
8568    0.003468
8569    0.009852
8603    0.034733
8613    0.038502
8616    0.008584
8624    0.012834
8629    0.011228
8630    0.002672
8639    0.005988
8719    0.009256
8881    0.008490
8918    0.005148
8971    0.009391
9081    0.011976
9140    0.014012
9143    0.006049
9183    0.009852
9200    0.008466
9320    0.006491
9339    0.012472
9361    0.005480
9456    0.009852
9517    0.003628
9518    0.023164
9621    0.011976
9636    0.015552
9661    0.014012
9692    0.006208
9834    0.009009
10086    0.012472
10246    0.010435
10290    0.005386
10495    0.007246
10605    0.009336
10637    0.007194
10715    0.011976
10746    0.015552
10784    0.008683
10803    0.006208
10895    0.009534
11018    0.008147
11103    0.001764
11112    0.004316
11158    0.014012
11178    0.005654
11180    0.003487
11181    0.004302
11182    0.007716
11201    0.003680
11327    0.008312
11355    0.003023
11358    0.005253
11434    0.004274
11468    0.005456
11503    0.003628
11524    0.015552
11568    0.009688
11570    0.004859
11661    0.007469
11747    0.023147
11753    0.007411
11782    0.003857
11788    0.008069
12039    0.014012
12072    0.009852
12095    0.006208
12191    0.007716
12230    0.004823
12413    0.007851
12421    0.006310
12591    0.004619
12677    0.008228
12727    0.014012
12765    0.004859
12797    0.010030
12844    0.011228
12855    0.003597
12911    0.005008
12987    0.008929
13050    0.003928
13087    0.018782
13188    0.010931
13246    0.009852
13247    0.015552
13347    0.007194
13348    0.006345
13351    0.007297
13434    0.002824
13474    0.018782
13495    0.008787
13501    0.003951
13538    0.010435
13547    0.008895
13601    0.007093
13886    0.003881
13899    0.006242
13910    0.004274
13939    0.004571
13946    0.010224
14073    0.021545
14323    0.005433
14439    0.003745
14445    0.013294
14453    0.006904
14536    0.006729
14537    0.004373
14663    0.012472
14741    0.005553
14742    0.004763
14745    0.003566
14749    0.005319
15070    0.008228
15140    0.004260
15250    0.012472
15271    0.022930
15274    0.008147
15332    0.010931
15346    0.010435
15597    0.010224
15716    0.008228
15822    0.009238
15825    0.009852
15895    0.008490
15897    0.011228
15928    0.016298
15931    0.018625
15947    0.009009
15993    0.010931
16063    0.006143
16093    0.010030
16100    0.015552
16207    0.006904
16353    0.006996
16446    0.015552
16501    0.004571
16575    0.006815
16585    0.001808
16890    0.021429
16954    0.007851
16959    0.004685
17025    0.006491
17027    0.020673
17029    0.006859
17271    0.012472
17369    0.012351
17484    0.002593
17531    0.004432
17621    0.015552
17914    0.009129
17994    0.008787
18027    0.012472
18167    0.007180
18282    0.004822
18434    0.015552
18566    0.010224
18629    0.015552
18668    0.006996
18882    0.003355
18887    0.007143
18901    0.014388
18908    0.014012
18972    0.007921
19028    0.015552
19097    0.006111
19099    0.015552
19151    0.005433
19261    0.004652
19262    0.005275
19270    0.013111
19326    0.046657
19366    0.004323
19426    0.003054
19680    0.009688
19707    0.005087
19844    0.004364
19925    0.011571
20116    0.008399
20170    0.012472
20179    0.015552
20452    0.011105
20464    0.009336
20546    0.014012
20620    0.009270
20626    0.006381
20627    0.024968
20648    0.006111
20671    0.007589
20673    0.006859
20694    0.013111
20768    0.007318
20841    0.004100
20894    0.004288
20927    0.003767
20946    0.012577
20954    0.014012
20961    0.015552
20978    0.007143
20993    0.005577
21005    0.009939
21016    0.005899
21020    0.008787
21087    0.004524
21111    0.006491
21150    0.003547
21247    0.009018
21266    0.008411
21283    0.014012
