200
147    0.015582
314    0.011064
539    0.011471
619    0.026510
726    0.026510
840    0.017097
901    0.016007
1157    0.009423
1184    0.007846
1188    0.013382
1364    0.011262
1646    0.009726
1662    0.013382
1691    0.008439
1699    0.003148
1945    0.015356
1951    0.012090
1969    0.013888
2060    0.019723
2156    0.045048
2224    0.011001
2442    0.016794
2672    0.023884
2745    0.015746
2819    0.008407
3593    0.015264
3596    0.015561
3619    0.010310
3713    0.095756
3726    0.009260
3754    0.012536
3789    0.011001
3886    0.012090
4072    0.016513
4075    0.013152
4150    0.011471
4260    0.009593
4488    0.012936
4500    0.011768
4673    0.014168
4678    0.010697
4690    0.013265
4784    0.021258
4810    0.011129
5087    0.020413
5096    0.006946
5152    0.010876
5532    0.006634
5554    0.038277
5615    0.011262
5718    0.011001
5719    0.007530
5725    0.011471
5977    0.007169
5986    0.014633
6365    0.008739
6465    0.016794
6598    0.013678
6663    0.012731
6699    0.014633
6707    0.008991
6720    0.023884
6754    0.022348
6756    0.010007
6758    0.005781
6764    0.017788
7181    0.008845
7311    0.014801
7524    0.007581
7587    0.023884
7802    0.003514
7920    0.026510
8107    0.006062
8170    0.010527
8223    0.011691
8407    0.011471
8417    0.008881
8603    0.014801
8624    0.010938
8639    0.030619
8918    0.008774
9106    0.013382
9179    0.011262
9197    0.022348
9269    0.023884
9411    0.005033
9510    0.009465
9518    0.005641
9687    0.013042
9692    0.031748
9694    0.032503
9739    0.013042
9743    0.018633
9965    0.017788
10086    0.021258
10290    0.018362
10354    0.009465
10525    0.011846
10605    0.007957
10646    0.013888
10668    0.012443
10773    0.018056
11101    0.023884
11112    0.029428
11201    0.006273
11213    0.008439
11224    0.051291
11225    0.011064
11581    0.021395
11595    0.022348
11683    0.004994
11733    0.015778
11757    0.008881
11841    0.004375
11869    0.014471
12064    0.010527
12095    0.021165
12162    0.024886
12300    0.006797
12421    0.010756
12477    0.014317
12677    0.056101
12765    0.008282
12911    0.017073
12999    0.008728
13070    0.012832
13303    0.018187
13319    0.008636
13347    0.012263
13348    0.010816
13434    0.007221
13466    0.006202
13529    0.011195
13637    0.022348
13886    0.006615
14065    0.009396
14316    0.008670
14391    0.011195
14445    0.011330
14448    0.015356
14452    0.015778
14453    0.047071
14563    0.019139
14749    0.009066
14950    0.015778
14952    0.012536
15026    0.032503
15497    0.017762
15814    0.017788
15818    0.008072
15928    0.009260
15931    0.010583
15939    0.013152
15947    0.015356
16362    0.024525
16585    0.009246
16732    0.006595
16906    0.023884
17025    0.011064
17027    0.017619
17029    0.011691
17051    0.007764
17105    0.007684
17427    0.016007
17496    0.013042
17821    0.009341
17922    0.009423
18082    0.022660
18167    0.004079
18655    0.016942
18665    0.022348
18786    0.020413
18882    0.005718
19037    0.010938
19170    0.017427
19226    0.006292
19261    0.007929
19278    0.009511
19296    0.016007
19426    0.005206
19460    0.006149
19785    0.007309
19823    0.014025
19830    0.011129
19861    0.017788
20260    0.004507
20338    0.017427
20464    0.007957
20625    0.030713
20626    0.043506
20627    0.010640
20713    0.007169
20714    0.008739
20830    0.011926
20841    0.013979
20848    0.006882
20978    0.012175
21001    0.013755
21087    0.007711
21150    0.012091
