488
47    0.007234
147    0.002761
214    0.007919
336    0.008464
348    0.004409
403    0.006445
447    0.004170
451    0.003281
469    0.002924
489    0.014467
523    0.004170
564    0.007234
577    0.007533
592    0.006603
604    0.004701
610    0.003546
621    0.003296
653    0.004661
661    0.005759
760    0.017017
773    0.003750
786    0.003672
788    0.007919
814    0.005852
819    0.005951
1042    0.007234
1048    0.008464
1184    0.002780
1240    0.005958
1278    0.004198
1309    0.003085
1343    0.006603
1382    0.004409
1451    0.002236
1480    0.004377
1529    0.003617
1699    0.001115
1740    0.003431
1741    0.001760
1762    0.007226
1862    0.001915
1949    0.003147
1969    0.004921
1970    0.004829
2074    0.004921
2156    0.003991
2173    0.002800
2224    0.007796
2241    0.008464
2254    0.007533
2332    0.005514
2432    0.003244
2510    0.010883
2511    0.008464
2558    0.005128
2567    0.005442
2684    0.003160
2688    0.006563
2691    0.005021
2855    0.005759
2867    0.003833
2879    0.015066
2929    0.006303
3297    0.003581
3315    0.004442
3326    0.006678
3368    0.006782
3473    0.059579
3559    0.004785
3563    0.005913
3567    0.002210
3583    0.002060
3593    0.005409
3597    0.005514
3618    0.003253
3619    0.007307
3635    0.003921
3637    0.007533
3639    0.008464
3687    0.007533
3713    0.007541
3733    0.003750
3754    0.013327
3881    0.008030
3891    0.006445
3921    0.005591
4001    0.004785
4087    0.005759
4093    0.006445
4154    0.007919
4240    0.011549
4245    0.009638
4258    0.007821
4262    0.009243
4267    0.004742
4286    0.006445
4378    0.004345
4433    0.005852
4480    0.004315
4501    0.007162
4505    0.004584
4637    0.004622
4643    0.005951
4673    0.005021
4727    0.006603
4729    0.003060
4730    0.004511
4740    0.006059
4777    0.003730
4794    0.006989
4859    0.005073
4971    0.006303
5043    0.001382
5044    0.004040
5055    0.009094
5056    0.005307
5075    0.001635
5152    0.003854
5260    0.007623
5340    0.007919
5346    0.007919
5407    0.013564
5487    0.004015
5493    0.005373
5495    0.001802
5501    0.003729
5515    0.002549
5578    0.003563
5602    0.004377
5615    0.007982
5675    0.005073
5695    0.005591
5718    0.007796
5719    0.002668
5725    0.008129
5752    0.006782
5962    0.004584
5975    0.002881
6030    0.006445
6050    0.003199
6076    0.005672
6251    0.004547
6270    0.011029
6372    0.002236
6450    0.005951
6510    0.007919
6605    0.006989
6624    0.005073
6628    0.002902
6655    0.007270
6689    0.004874
6719    0.006320
6757    0.007234
6758    0.006146
6761    0.002573
6762    0.007270
6764    0.006303
6809    0.004015
6840    0.006175
6841    0.005307
6984    0.011199
7117    0.004198
7168    0.001869
7311    0.020980
7330    0.002810
7349    0.004921
7355    0.005672
7438    0.005128
7446    0.005759
7486    0.003399
7493    0.004377
7531    0.002439
7571    0.007345
7586    0.006782
7588    0.005852
7619    0.005891
7631    0.003730
7642    0.003791
7679    0.005591
7715    0.006445
7746    0.005245
7779    0.003750
7802    0.003736
7849    0.006059
7853    0.005852
7935    0.026456
7989    0.003281
8069    0.005128
8078    0.003779
8116    0.004075
8298    0.005951
8300    0.005307
8372    0.007919
8393    0.007919
8417    0.003147
8476    0.006004
8500    0.002066
8568    0.002095
8581    0.002083
8596    0.002492
8603    0.005245
8612    0.007919
8613    0.062016
8615    0.007533
8616    0.005185
8618    0.006603
8639    0.010850
8719    0.005591
8801    0.006445
8918    0.006218
9081    0.007234
9136    0.004065
9200    0.002557
9301    0.004409
9320    0.003921
9354    0.006782
9361    0.003310
9388    0.003199
9411    0.003567
9502    0.003812
9518    0.005996
9665    0.006059
9687    0.004622
9706    0.007919
9736    0.005073
9873    0.005848
9947    0.002191
9954    0.006989
9971    0.005073
10175    0.003653
10202    0.007533
10295    0.005591
10362    0.007919
10495    0.004377
10505    0.007919
10525    0.004198
10569    0.006059
10589    0.003495
10605    0.005639
10637    0.004345
10766    0.007919
10773    0.003199
10784    0.005245
10837    0.001478
10846    0.006294
10899    0.007234
11007    0.004742
11097    0.007919
11098    0.004921
11161    0.004874
11178    0.003415
11182    0.004661
11183    0.003617
11201    0.002223
11218    0.002010
11271    0.006620
11279    0.003431
11282    0.004409
11327    0.010041
11355    0.005477
11503    0.002191
11569    0.002668
11661    0.004511
11683    0.001770
11747    0.003495
11869    0.005128
11872    0.005951
11972    0.011518
12005    0.001889
12072    0.005951
12095    0.003750
12101    0.006989
12122    0.002358
12201    0.006782
12300    0.002409
12424    0.006989
12572    0.005021
12797    0.042410
12818    0.004284
12836    0.005128
12844    0.013564
12853    0.008971
12855    0.006518
12913    0.007533
12928    0.003431
12979    0.012607
12983    0.005465
12987    0.001348
12999    0.001546
13014    0.002066
13050    0.007117
13087    0.005672
13174    0.007533
13222    0.007919
13434    0.002559
13558    0.007533
13591    0.004511
13601    0.017137
13703    0.006059
13866    0.003898
13910    0.005163
13912    0.005591
13946    0.006175
14073    0.026027
14133    0.007919
14224    0.004874
14316    0.003072
14358    0.009657
14359    0.004511
14387    0.005514
14408    0.005514
14453    0.020850
14485    0.003463
14490    0.004476
14579    0.004442
14580    0.005852
14725    0.006303
14741    0.003354
14742    0.005753
14745    0.004308
14746    0.003750
14749    0.009638
14760    0.005951
14792    0.006603
14929    0.007234
14998    0.005759
15173    0.015066
15204    0.003122
15250    0.007533
15271    0.027701
15274    0.004921
15299    0.003672
15325    0.010371
15334    0.004511
15346    0.006303
15410    0.007665
15451    0.005442
15466    0.003310
15597    0.018526
15643    0.005951
15658    0.006445
15672    0.005021
15707    0.006782
15716    0.004970
15764    0.004377
15831    0.005951
15857    0.006603
15874    0.004442
15896    0.005759
15928    0.019688
15931    0.011250
16207    0.004170
16312    0.005591
16353    0.004226
16425    0.011703
16501    0.002761
16509    0.006479
16585    0.007099
16698    0.007234
16724    0.003267
16743    0.004065
16744    0.010256
16763    0.006175
16890    0.004315
16892    0.009243
16923    0.002607
16941    0.001756
17025    0.011762
17027    0.015609
17034    0.004829
17044    0.004116
17060    0.007234
17105    0.002723
17144    0.002118
17329    0.007234
17331    0.003479
17369    0.007460
17375    0.007533
17480    0.008510
17484    0.001566
17531    0.002677
17586    0.006782
17633    0.006303
17755    0.005021
17788    0.005759
17814    0.003060
17914    0.005514
17998    0.007919
17999    0.006445
18000    0.007919
18082    0.004015
18095    0.007234
18116    0.005514
18138    0.003898
18139    0.008464
18167    0.005782
18182    0.008695
18186    0.003529
18271    0.007533
18460    0.005672
18467    0.006059
18543    0.005373
18553    0.004584
18593    0.007234
18653    0.004785
18655    0.006004
18729    0.013978
18841    0.003635
18882    0.002026
18903    0.004442
18974    0.007919
18976    0.005951
18992    0.004090
19037    0.003876
19038    0.006445
19043    0.002599
19073    0.007919
19082    0.013206
19083    0.006175
19151    0.006563
19177    0.002695
19204    0.003730
19242    0.008464
19262    0.003186
19265    0.005307
19278    0.001685
19329    0.011029
19337    0.006303
19366    0.001306
19383    0.004345
19426    0.003690
19460    0.004358
19772    0.003199
19773    0.002358
19785    0.002590
19786    0.005514
19823    0.009940
19844    0.002636
19864    0.007533
19915    0.007533
19933    0.005852
20100    0.003898
20108    0.004511
20301    0.006603
20378    0.007533
20413    0.005307
20452    0.010062
20464    0.005639
20540    0.003876
20620    0.022398
20624    0.027964
20625    0.010883
20626    0.023125
20627    0.026392
20628    0.008754
20648    0.003691
20672    0.004785
20713    0.002540
20755    0.006445
20768    0.002210
20821    0.005759
20841    0.004954
20848    0.002439
20868    0.004143
20894    0.002590
20905    0.006782
20910    0.004170
20946    0.005064
20964    0.005741
20978    0.004315
20983    0.005869
20984    0.006989
20993    0.006738
21005    0.009005
21016    0.003563
21018    0.005373
21034    0.007919
21058    0.002751
21085    0.003691
21087    0.013662
21091    0.006303
21111    0.003921
21129    0.002118
21135    0.004874
21150    0.007498
21243    0.004260
21247    0.002724
21279    0.003369
