489
47    0.007138
147    0.002724
214    0.007814
336    0.016703
348    0.004351
403    0.006359
447    0.004115
451    0.003238
469    0.002885
489    0.014276
523    0.004115
564    0.007138
577    0.007433
592    0.006515
604    0.004638
610    0.003499
621    0.003252
653    0.004599
661    0.005683
760    0.016792
773    0.003700
786    0.003624
788    0.007814
814    0.005774
819    0.005872
1045    0.007138
1048    0.008351
1184    0.002743
1240    0.005879
1278    0.004142
1309    0.003044
1343    0.006515
1382    0.004351
1451    0.002206
1480    0.004319
1529    0.003569
1699    0.001101
1740    0.003385
1741    0.001737
1762    0.007130
1862    0.001889
1949    0.003105
1969    0.004856
1970    0.004765
2074    0.004856
2156    0.003938
2173    0.002763
2224    0.007693
2241    0.008351
2254    0.007433
2332    0.005441
2432    0.003201
2510    0.010739
2511    0.008351
2558    0.005060
2567    0.005370
2684    0.003118
2688    0.006476
2691    0.004954
2855    0.005683
2867    0.003782
2879    0.014867
2929    0.006220
3297    0.003533
3315    0.004384
3326    0.006590
3368    0.006692
3473    0.058790
3559    0.004721
3563    0.008753
3567    0.002181
3583    0.002033
3593    0.005337
3597    0.005441
3618    0.003210
3619    0.007210
3635    0.003869
3637    0.007433
3639    0.008351
3687    0.007433
3713    0.007441
3733    0.003700
3754    0.013151
3881    0.007924
3891    0.006359
3921    0.005517
4001    0.004721
4087    0.005683
4093    0.006359
4154    0.007814
4240    0.011396
4245    0.009510
4258    0.010290
4262    0.009121
4267    0.004679
4286    0.006359
4378    0.004288
4433    0.005774
4480    0.004257
4501    0.007067
4505    0.004523
4637    0.004560
4643    0.005872
4673    0.004954
4727    0.006515
4729    0.003020
4730    0.004452
4740    0.005978
4777    0.003681
4794    0.006896
4859    0.005006
4971    0.006220
5043    0.001364
5044    0.003986
5055    0.008974
5056    0.005237
5075    0.001613
5152    0.003803
5260    0.007522
5340    0.007814
5346    0.007814
5407    0.013384
5487    0.003962
5493    0.005302
5495    0.001778
5501    0.003680
5515    0.002515
5578    0.003516
5602    0.004319
5615    0.007876
5675    0.005006
5695    0.005517
5718    0.007693
5719    0.002633
5725    0.008022
5752    0.006692
5962    0.004523
5975    0.002843
6030    0.006359
6050    0.003157
6076    0.005597
6251    0.004487
6270    0.010882
6372    0.002206
6450    0.005872
6510    0.007814
6605    0.006896
6624    0.005006
6628    0.002864
6655    0.007174
6689    0.004810
6719    0.006236
6757    0.007138
6758    0.006065
6761    0.002539
6762    0.007174
6764    0.006220
6809    0.003962
6840    0.006094
6841    0.005237
6984    0.011051
7117    0.004142
7168    0.001845
7311    0.020702
7330    0.002772
7349    0.004856
7355    0.005597
7438    0.005060
7446    0.005683
7486    0.003354
7493    0.004319
7531    0.002406
7571    0.007247
7586    0.006692
7588    0.005774
7619    0.005813
7631    0.003681
7642    0.003741
7679    0.016551
7715    0.006359
7746    0.005175
7779    0.003700
7802    0.003687
7849    0.005978
7853    0.005774
7935    0.030456
7989    0.003238
8069    0.005060
8078    0.003729
8116    0.004021
8298    0.005872
8300    0.005237
8372    0.007814
8393    0.007814
8417    0.003105
8476    0.005924
8500    0.002038
8568    0.002067
8581    0.002055
8596    0.002459
8603    0.005175
8612    0.007814
8613    0.061195
8615    0.007433
8616    0.005117
8618    0.006515
8639    0.010706
8719    0.005517
8801    0.006359
8918    0.006136
9081    0.007138
9136    0.004011
9200    0.002523
9301    0.004351
9320    0.003869
9354    0.006692
9361    0.003266
9388    0.003157
9411    0.003520
9502    0.003761
9518    0.005917
9665    0.005978
9687    0.004560
9706    0.007814
9736    0.005006
9873    0.005770
9947    0.002162
9954    0.006896
9971    0.005006
10175    0.003605
10202    0.007433
10295    0.005517
10362    0.007814
10495    0.004319
10505    0.007814
10525    0.004142
10569    0.005978
10589    0.003449
10605    0.005565
10637    0.004288
10766    0.007814
10773    0.003157
10784    0.005175
10837    0.001459
10846    0.006211
10899    0.007138
11007    0.004679
11097    0.007814
11098    0.004856
11161    0.004810
11178    0.003370
11182    0.004599
11183    0.003569
11201    0.002194
11218    0.001983
11271    0.003266
11279    0.003385
11282    0.004351
11327    0.009908
11355    0.007206
11503    0.002162
11569    0.002633
11661    0.004452
11683    0.001746
11747    0.003449
11869    0.005060
11872    0.005872
11972    0.011365
12005    0.001864
12072    0.005872
12095    0.003700
12101    0.006896
12122    0.002327
12191    0.004599
12201    0.006692
12300    0.002377
12424    0.006896
12572    0.004954
12797    0.041848
12818    0.004228
12836    0.005060
12844    0.013384
12853    0.008852
12855    0.006432
12913    0.007433
12928    0.003385
12979    0.012440
12983    0.005392
12987    0.002661
12999    0.001526
13014    0.002038
13050    0.007023
13087    0.005597
13174    0.007433
13222    0.007814
13434    0.002525
13538    0.006220
13558    0.007433
13591    0.004452
13601    0.016910
13703    0.005978
13866    0.003847
13910    0.005095
13912    0.005517
13946    0.006094
14073    0.025683
14133    0.007814
14224    0.004810
14316    0.003032
14358    0.009529
14359    0.004452
14387    0.005441
14408    0.005441
14453    0.020574
14485    0.003417
14490    0.004417
14579    0.004384
14580    0.005774
14725    0.006220
14741    0.003310
14742    0.005677
14745    0.006377
14746    0.003700
14749    0.009510
14760    0.005872
14792    0.006515
14929    0.007138
14998    0.005683
15173    0.014867
15204    0.003080
15250    0.007433
15271    0.027334
15274    0.009712
15299    0.003624
15325    0.010233
15334    0.004452
15346    0.006220
15410    0.007564
15451    0.005370
15466    0.003266
15597    0.018281
15643    0.005872
15658    0.006359
15672    0.004954
15707    0.006692
15716    0.004904
15764    0.004319
15831    0.005872
15857    0.006515
15874    0.004384
15896    0.005683
15928    0.019428
15931    0.011101
16207    0.004115
16312    0.005517
16353    0.004170
16425    0.011548
16501    0.002724
16509    0.006393
16585    0.007005
16698    0.007138
16724    0.003224
16743    0.004011
16744    0.010120
16763    0.006094
16890    0.004257
16892    0.009121
16923    0.002573
16941    0.001733
17025    0.011607
17027    0.015402
17034    0.004765
17044    0.004062
17060    0.007138
17105    0.002687
17144    0.002090
17329    0.007138
17331    0.003433
17369    0.007362
17375    0.007433
17480    0.008397
17484    0.001545
17531    0.002642
17586    0.006692
17633    0.006220
17755    0.004954
17788    0.005683
17814    0.003020
17914    0.005441
17998    0.007814
17999    0.006359
18000    0.007814
18082    0.003962
18095    0.007138
18116    0.005441
18138    0.003847
18139    0.008351
18167    0.005706
18182    0.008580
18186    0.003482
18271    0.007433
18460    0.005597
18467    0.005978
18543    0.005302
18553    0.004523
18593    0.007138
18653    0.004721
18655    0.005924
18729    0.013793
18841    0.003587
18882    0.001999
18903    0.004384
18974    0.007814
18976    0.005872
18992    0.004036
19037    0.003825
19038    0.006359
19043    0.002564
19073    0.007814
19082    0.013031
19083    0.006094
19151    0.006476
19177    0.002660
19204    0.003681
19242    0.008351
19262    0.003144
19278    0.001663
19329    0.010882
19337    0.006220
19366    0.001288
19383    0.004288
19426    0.003641
19460    0.004300
19772    0.003157
19773    0.002327
19785    0.002556
19786    0.005441
19823    0.009808
19844    0.002601
19864    0.007433
19915    0.007433
19933    0.005774
20100    0.003847
20108    0.004452
20301    0.006515
20378    0.007433
20413    0.005237
20452    0.009929
20464    0.005565
20540    0.003825
20620    0.022102
20624    0.027593
20625    0.010739
20626    0.022819
20627    0.026042
20628    0.008638
20648    0.003642
20672    0.004721
20713    0.002507
20755    0.006359
20768    0.002181
20821    0.005683
20841    0.004888
20848    0.002406
20868    0.004088
20894    0.002556
20905    0.006692
20910    0.004115
20946    0.004997
20964    0.005665
20978    0.004257
20983    0.005792
20984    0.006896
20993    0.006649
21005    0.008886
21016    0.003516
21018    0.005302
21034    0.007814
21058    0.002715
21085    0.003642
21087    0.013481
21091    0.006220
21111    0.003869
21129    0.002090
21135    0.004810
21150    0.007399
21243    0.004204
21247    0.002688
21279    0.003324
