40
1157    0.052929
1451    0.035442
1972    0.079583
2156    0.063259
2678    0.073876
3619    0.057912
3713    0.179289
5152    0.061093
5554    0.107502
5719    0.042295
5977    0.040267
6756    0.168626
7181    0.049682
8639    0.057329
8640    0.074511
9518    0.031683
9971    0.080418
10525    0.066538
10589    0.055406
10605    0.044695
11112    0.041325
11201    0.035238
12095    0.059443
12421    0.060418
12987    0.021373
13303    0.102155
13434    0.013521
13601    0.067912
14316    0.048702
14563    0.107502
15144    0.099913
15400    0.064430
15928    0.052013
16585    0.008656
17027    0.148448
19261    0.044537
19278    0.053426
20260    0.012658
20848    0.038654
20978    0.068390
