225
314    0.009362
437    0.015051
444    0.011868
552    0.008467
1255    0.010529
1436    0.008081
1451    0.005339
1490    0.006027
1698    0.018256
1699    0.002663
1762    0.011503
1889    0.025659
2093    0.006709
2222    0.013545
2286    0.013350
2345    0.010608
2352    0.024763
2394    0.013545
2442    0.014210
2509    0.015051
2688    0.007835
2706    0.006246
2737    0.038516
2767    0.020209
2812    0.016194
2846    0.031532
2984    0.014467
3084    0.012114
3216    0.022431
3298    0.009893
3318    0.012994
3319    0.017988
3396    0.007515
3397    0.009101
3567    0.005278
3592    0.012245
3726    0.007835
3810    0.020209
3850    0.008230
3912    0.010858
4150    0.009706
4153    0.010608
4389    0.011751
4398    0.012994
4899    0.019916
5075    0.003903
5398    0.022431
5399    0.023277
5495    0.004303
5549    0.009767
5706    0.011868
5709    0.014467
5716    0.016688
5737    0.011425
5739    0.021216
5745    0.009152
5770    0.013545
6106    0.020209
6228    0.018910
6300    0.022431
6372    0.005339
6425    0.023277
6674    0.022431
6675    0.027089
6677    0.017273
6710    0.018910
6734    0.009308
6761    0.006145
6762    0.008680
6809    0.009587
6881    0.021891
7168    0.004464
7181    0.007484
7465    0.012381
7744    0.008955
7798    0.011425
7800    0.014746
8021    0.008509
8105    0.010230
8116    0.004865
8170    0.008907
8181    0.007336
8306    0.014467
8406    0.013751
8786    0.010023
8807    0.015766
9023    0.008426
9091    0.020209
9136    0.019412
9149    0.020209
9232    0.018910
9454    0.006502
9872    0.014210
9944    0.020320
9945    0.009587
10181    0.012994
10198    0.020209
10610    0.010945
10646    0.035253
10803    0.008955
10837    0.003530
10840    0.007639
10942    0.007576
11093    0.008467
11103    0.002545
11283    0.008955
11358    0.015152
11567    0.009767
11729    0.014731
11734    0.022431
11744    0.006709
11787    0.014467
11857    0.011224
11958    0.009052
12064    0.044535
12307    0.040687
12309    0.024921
12661    0.011425
12867    0.010302
12999    0.003693
13004    0.035976
13008    0.009767
13009    0.014746
13157    0.009529
13250    0.022431
13258    0.017988
13355    0.015653
13434    0.004074
13501    0.034195
13512    0.018910
13546    0.016194
13621    0.017988
13644    0.012673
13852    0.022431
13886    0.005597
14038    0.020209
14065    0.002650
14255    0.015051
14426    0.013973
14428    0.034916
14446    0.051818
14485    0.008268
14604    0.004799
14742    0.002290
14745    0.005144
14842    0.014467
14846    0.044862
14850    0.030102
14857    0.009255
14891    0.018910
14917    0.011036
15018    0.017988
15023    0.021544
15299    0.008769
15302    0.020209
15344    0.008192
15518    0.017273
15520    0.022431
15694    0.015051
15820    0.007769
15896    0.013751
15907    0.006757
15911    0.023502
15912    0.017361
15927    0.009362
16279    0.011639
16485    0.014558
16488    0.013751
16585    0.001304
16954    0.011323
17066    0.010091
17074    0.041931
17075    0.008724
17110    0.022431
17144    0.015173
17413    0.010451
17451    0.009308
17471    0.010160
17476    0.020209
17643    0.006930
17654    0.011989
17814    0.007308
17830    0.007869
18038    0.014467
18039    0.018910
18098    0.035818
18160    0.012381
18167    0.027614
18173    0.048457
18202    0.020209
18282    0.003478
18314    0.015051
18326    0.008907
18411    0.009362
18416    0.022257
18611    0.017273
18655    0.007168
18798    0.022431
18814    0.014467
18885    0.013751
18888    0.007515
18933    0.015051
19004    0.028933
19043    0.043434
19044    0.017988
19274    0.011989
19309    0.008814
19314    0.012245
19327    0.005293
19329    0.013167
19461    0.016688
19830    0.028251
19937    0.017988
20132    0.022431
20228    0.010689
20289    0.024763
20464    0.006733
20601    0.007769
20693    0.020209
20717    0.005717
20796    0.012114
20956    0.008907
21247    0.006504
21306    0.017628
21307    0.014615
