97
1230    0.044029
1283    0.013945
1699    0.006201
1862    0.010644
1941    0.016753
2277    0.065780
2344    0.012614
2723    0.014590
2745    0.031023
3039    0.017286
3089    0.012467
3249    0.068666
4153    0.024699
4380    0.030056
4618    0.044029
4690    0.026134
5169    0.052228
5521    0.022599
5856    0.016753
5879    0.020209
5924    0.024699
6049    0.024699
6319    0.024888
7199    0.016136
7274    0.036709
7281    0.028206
7349    0.027360
7361    0.041882
7380    0.019811
8060    0.052228
8417    0.017497
8622    0.015677
8630    0.008974
9077    0.029160
9118    0.016500
9209    0.011909
9392    0.025695
9518    0.011113
10334    0.015192
10354    0.037294
10371    0.040217
10578    0.068657
10803    0.020849
10892    0.011678
10956    0.052228
11201    0.012360
11218    0.011174
11596    0.038856
11744    0.015621
12143    0.041882
12263    0.065066
12551    0.013600
12684    0.010993
12818    0.023820
12898    0.046990
12900    0.044644
12999    0.025793
13296    0.031537
13357    0.029251
13434    0.009485
13482    0.080030
13533    0.026364
14063    0.016255
14093    0.022188
14320    0.017713
14670    0.047055
15037    0.029871
15906    0.018012
16575    0.022886
16707    0.018815
16729    0.008512
17037    0.016500
17830    0.018322
17868    0.020849
17932    0.033684
18205    0.028206
18282    0.008097
18340    0.021309
18587    0.016019
18641    0.040217
18724    0.069100
18726    0.059726
18903    0.024699
19046    0.020108
19127    0.027284
19169    0.020962
19204    0.020739
19211    0.033086
19437    0.024335
19453    0.017568
19844    0.009771
20260    0.022199
20275    0.012801
20282    0.022843
20383    0.030254
21243    0.011842
21253    0.034454
