131
1    0.020875
219    0.012064
333    0.010879
455    0.014562
708    0.027538
1097    0.014562
1099    0.015316
1190    0.020108
1283    0.011606
1415    0.018143
2173    0.012956
2344    0.010498
2723    0.012143
2872    0.019555
2882    0.063209
3010    0.033472
3013    0.020875
3039    0.014387
3077    0.016330
3089    0.010377
3090    0.018467
3250    0.043469
3567    0.010228
3635    0.018143
4362    0.073867
4380    0.033354
4400    0.028575
4649    0.033472
4652    0.024862
4743    0.021211
4870    0.013430
4871    0.018143
4949    0.018579
5567    0.012224
5628    0.012430
5648    0.036645
5866    0.011643
5904    0.022772
6486    0.020557
6598    0.011215
6628    0.013430
6827    0.018249
6891    0.021943
7199    0.013430
7304    0.027538
7380    0.016489
7531    0.011284
7595    0.028213
7736    0.012776
8505    0.017446
8596    0.011533
8829    0.034858
9016    0.015520
9180    0.029822
9388    0.014804
9398    0.013630
9408    0.024270
9411    0.008252
9457    0.027538
9641    0.016652
10221    0.028575
10338    0.024861
10647    0.025181
10840    0.014804
10881    0.018693
11014    0.063794
11453    0.020403
11528    0.014387
11683    0.008188
11731    0.029822
11803    0.026649
11902    0.026649
11961    0.027077
12045    0.018579
12048    0.016736
12230    0.013479
12283    0.008560
12302    0.027077
12420    0.027538
12889    0.019936
13143    0.017353
13319    0.014162
13351    0.010198
13357    0.006086
13434    0.003947
13568    0.031897
14063    0.013529
14406    0.026377
14412    0.017353
14498    0.011570
15466    0.015316
15686    0.015451
15878    0.025871
15910    0.015730
16024    0.023232
16030    0.031897
16116    0.025820
16437    0.018143
16585    0.007581
16592    0.009351
16707    0.015659
16729    0.007084
16923    0.012064
17105    0.012601
17281    0.024448
17292    0.013681
17293    0.031383
17407    0.013997
17669    0.010317
17830    0.015250
17916    0.015875
18182    0.013411
18282    0.006739
18725    0.017541
19106    0.019296
19127    0.011354
19177    0.012473
19785    0.011985
20090    0.014750
20260    0.014781
20282    0.009506
20305    0.021752
20629    0.021566
20714    0.014330
20717    0.011078
20841    0.011461
20927    0.021058
20993    0.015589
21150    0.004957
21253    0.019117
21254    0.027059
