257
160    0.016545
702    0.006156
920    0.007250
1097    0.011085
1157    0.011762
1184    0.004897
1262    0.027152
1305    0.049635
1427    0.014906
1451    0.003938
1483    0.012740
1680    0.006987
1689    0.005267
1698    0.004489
1699    0.001965
1741    0.012402
1768    0.014906
1926    0.008073
1946    0.008352
1947    0.009132
2114    0.006570
2173    0.009862
2229    0.009032
2277    0.006946
2292    0.006713
2297    0.028459
2427    0.073855
2428    0.016545
2432    0.005714
2578    0.016545
2609    0.006307
2744    0.004432
2857    0.006307
3184    0.016545
3297    0.006307
3341    0.005307
3441    0.008504
3484    0.009847
3485    0.007115
3486    0.012740
3503    0.009847
3583    0.003628
3743    0.019794
3862    0.014057
3911    0.006099
3944    0.005247
4151    0.014318
4152    0.009347
4195    0.004460
4456    0.013576
4662    0.005855
4672    0.009712
4673    0.008843
4674    0.011101
4777    0.013139
4926    0.012029
4927    0.008427
5012    0.016545
5043    0.004869
5096    0.030345
5102    0.011945
5512    0.016545
5524    0.017507
5563    0.006640
5628    0.014194
5745    0.013501
6248    0.012740
6319    0.007884
6450    0.010481
6452    0.008504
6681    0.008935
6694    0.059625
6734    0.006866
6793    0.012309
6808    0.008208
6908    0.004091
7011    0.011351
7099    0.008208
7185    0.016545
7188    0.005855
7199    0.030670
7325    0.007344
7351    0.005706
7456    0.011176
7466    0.005830
7531    0.012885
7619    0.005188
7714    0.007204
7802    0.004387
7989    0.005779
8078    0.006655
8257    0.026535
8408    0.008935
8417    0.005543
8500    0.007276
8534    0.010655
8568    0.003689
8622    0.004966
8702    0.010306
9003    0.012140
9126    0.007494
9143    0.006435
9153    0.012197
9160    0.024025
9297    0.017685
9411    0.003141
9533    0.010299
9777    0.007653
9873    0.010299
9994    0.010143
10027    0.010143
10074    0.009494
10121    0.009347
10179    0.009463
10215    0.005634
10261    0.004141
10646    0.008667
10668    0.015532
10671    0.009990
10711    0.010670
10803    0.013210
10809    0.012740
10846    0.005543
10892    0.003699
11160    0.021086
11283    0.019814
11334    0.005002
11355    0.006431
11358    0.005588
11413    0.009847
11729    0.016298
11973    0.008584
12042    0.014886
12071    0.006015
12125    0.066180
12166    0.006156
12283    0.003258
12505    0.011974
12551    0.004308
12591    0.009828
12605    0.025479
12606    0.019981
12684    0.003482
12983    0.004812
12987    0.002375
12999    0.002724
13069    0.012740
13257    0.012309
13352    0.005002
13382    0.011629
13388    0.006245
13434    0.004507
13451    0.007344
13494    0.011101
13524    0.016545
13821    0.010306
13863    0.008279
13877    0.006946
13989    0.016545
14065    0.003909
14131    0.007884
14296    0.012740
14303    0.004763
14365    0.009990
14480    0.053705
14481    0.024625
14742    0.001689
14754    0.013210
14782    0.011945
14871    0.011629
14872    0.010670
14903    0.066814
14963    0.066180
14968    0.010670
14972    0.016545
14988    0.011945
14993    0.013948
14994    0.028752
15033    0.007653
15037    0.009463
15063    0.009462
15299    0.006468
15474    0.009847
15488    0.006370
15492    0.009847
15507    0.008584
15617    0.016545
15764    0.007709
16094    0.006186
16103    0.016545
16527    0.005543
16529    0.033007
16585    0.006733
16729    0.002696
16732    0.004116
16734    0.013275
16779    0.016545
16921    0.026419
16941    0.003093
16944    0.004460
17049    0.011629
17051    0.004846
17101    0.006099
17105    0.004796
17115    0.008208
17232    0.016545
17484    0.002758
17496    0.008140
17846    0.014886
17917    0.013268
18004    0.009347
18005    0.004216
18055    0.007546
18133    0.014500
18136    0.011101
18282    0.005130
18482    0.009463
18509    0.009712
18583    0.011629
18660    0.009847
18724    0.007297
18841    0.006402
18882    0.010706
18903    0.015648
19000    0.009347
19046    0.012740
19143    0.038848
19169    0.006640
19177    0.004747
19200    0.009990
19366    0.002299
19410    0.012243
19423    0.016545
19426    0.003249
19435    0.016545
19485    0.006750
19486    0.027895
19581    0.022203
19685    0.043093
19840    0.013268
19898    0.014906
20009    0.009347
20062    0.026535
20099    0.013948
20260    0.005626
20467    0.011629
20671    0.008073
20803    0.003284
20859    0.008504
20868    0.018241
20927    0.008015
20956    0.006570
21063    0.056085
21065    0.007159
21132    0.007344
21150    0.007546
21188    0.015306
