223
460    0.009341
689    0.023242
731    0.013702
786    0.008999
851    0.020306
978    0.009341
1055    0.023021
1097    0.007712
1309    0.007559
1451    0.005480
1529    0.017727
1582    0.017727
1699    0.010934
1707    0.008486
1740    0.008407
1741    0.008629
1862    0.004692
1999    0.015134
2070    0.016620
2120    0.007301
2432    0.003975
2445    0.019408
2522    0.014847
2658    0.024866
2715    0.016181
2758    0.017727
2866    0.023021
3473    0.016223
3502    0.020741
3559    0.011725
3593    0.006628
3596    0.013514
3672    0.011326
3796    0.020741
3797    0.013336
3903    0.008690
3978    0.014584
3983    0.015447
4195    0.006206
4240    0.004717
4245    0.007873
4429    0.012567
4652    0.013167
4690    0.011520
4729    0.015000
4870    0.007113
4977    0.023021
4978    0.023021
5055    0.011143
5141    0.046043
5152    0.009445
5268    0.013007
5515    0.006246
5520    0.020741
5563    0.009240
5717    0.008953
5718    0.009553
5719    0.006539
5725    0.039845
5898    0.010887
5983    0.019408
5986    0.012707
6002    0.016181
6323    0.010649
6395    0.023021
6689    0.011945
6756    0.008690
6758    0.010041
6918    0.009190
6984    0.006861
7181    0.015362
7228    0.011143
7330    0.006886
7393    0.010287
7425    0.014847
7564    0.020741
7569    0.011945
7650    0.008607
7802    0.009156
7935    0.021611
7964    0.011621
8107    0.005264
8170    0.009141
8193    0.014340
8275    0.008733
8343    0.023890
8476    0.014713
8534    0.007413
8581    0.010209
8613    0.028496
8639    0.008863
8699    0.020741
8730    0.036922
8848    0.026672
9023    0.008648
9320    0.009608
9388    0.015680
9395    0.013514
9518    0.019594
9523    0.009445
9627    0.046043
9798    0.025810
10270    0.023021
10422    0.009961
10699    0.015794
10803    0.009190
10850    0.013901
11018    0.012060
11103    0.002612
11201    0.005448
11279    0.008407
11341    0.011326
11396    0.020741
11434    0.006327
11499    0.012433
11569    0.019617
11747    0.017132
11750    0.012333
11757    0.007712
11782    0.005710
11841    0.003799
11869    0.025135
11905    0.046043
11911    0.017727
11984    0.009393
12045    0.009839
12102    0.023021
12421    0.009341
12548    0.007442
12836    0.012567
12838    0.016620
12865    0.013167
12987    0.009913
12999    0.007579
13014    0.005062
13070    0.011143
13304    0.023021
13351    0.005401
13357    0.003223
13434    0.002090
13454    0.014340
13538    0.015447
13601    0.020999
14065    0.008159
14303    0.006628
14316    0.007530
14430    0.008999
14527    0.011945
14742    0.004700
14789    0.015134
14814    0.023021
14819    0.023021
14831    0.019408
14871    0.016181
14874    0.008293
14889    0.014847
14981    0.019408
15063    0.006583
15271    0.016972
15378    0.013336
15597    0.045401
15822    0.006837
15912    0.005939
15916    0.013167
15928    0.008042
15931    0.055141
15983    0.008999
16003    0.011945
16012    0.011422
16400    0.023021
16485    0.007471
16498    0.012304
16501    0.006766
16585    0.001338
16729    0.003752
16734    0.004618
16892    0.079283
17027    0.038251
17029    0.010153
17033    0.010499
17095    0.011833
17101    0.008486
17209    0.014113
17331    0.008526
17374    0.011520
17465    0.016620
17529    0.008819
17633    0.015447
17661    0.012304
18004    0.013007
18020    0.013514
18072    0.020741
18167    0.003543
18182    0.003551
18282    0.010707
18543    0.013167
18719    0.022652
18882    0.014897
18910    0.015134
19351    0.012854
19411    0.011520
19503    0.009961
19580    0.013167
19617    0.012304
19844    0.002153
20010    0.015794
20034    0.023021
20260    0.001957
20620    0.013723
20624    0.011422
20626    0.018891
20627    0.009240
20648    0.018092
20768    0.010833
20894    0.006347
20946    0.012411
20978    0.010573
21005    0.007356
21087    0.006696
21122    0.007559
21129    0.020763
21247    0.010012
21279    0.016512
