253
314    0.007395
744    0.009374
760    0.010699
770    0.017718
786    0.006926
901    0.021397
978    0.007189
1272    0.006471
1274    0.008576
1276    0.008255
1351    0.010010
1364    0.007527
1423    0.007395
1662    0.008944
1691    0.005640
1698    0.004807
1699    0.008415
1765    0.015963
1846    0.012378
1862    0.003611
1940    0.006059
1949    0.005936
1952    0.017718
1969    0.009282
1970    0.009107
2156    0.067743
2157    0.011888
2172    0.008316
2173    0.005281
2234    0.012155
2238    0.015963
2402    0.014208
2482    0.040930
2508    0.007527
2510    0.010263
2684    0.011920
2744    0.004746
2765    0.014208
2918    0.011888
3094    0.032586
3123    0.013643
3567    0.004169
3593    0.020404
3618    0.006136
3713    0.071110
3715    0.017291
3754    0.008379
3797    0.010263
3886    0.040403
3891    0.024310
4087    0.010862
4112    0.013182
4151    0.007666
4167    0.017718
4202    0.007527
4260    0.006412
4433    0.011037
4457    0.012155
4541    0.010263
4546    0.013643
4636    0.008196
4777    0.007035
4811    0.007666
4852    0.017718
4860    0.010134
4899    0.005244
4932    0.011224
5020    0.007229
5072    0.010545
5075    0.003083
5096    0.009285
5152    0.007269
5495    0.003399
5501    0.003517
5515    0.019227
5532    0.013302
5719    0.010065
5725    0.022999
5733    0.012453
5802    0.017718
5856    0.005683
6111    0.027286
6758    0.015456
6863    0.013182
7048    0.006624
7107    0.025583
7167    0.015963
7168    0.010578
7181    0.005912
7310    0.012791
7393    0.015834
7405    0.026363
7619    0.005556
7725    0.019344
8107    0.004052
8170    0.014071
8534    0.005705
8624    0.007310
8639    0.020464
8647    0.014208
8978    0.011224
9048    0.031926
9153    0.006531
9177    0.009024
9454    0.005136
9455    0.025937
9506    0.012155
9517    0.004133
9692    0.007073
9971    0.009569
10331    0.009569
10421    0.007111
10525    0.023752
10605    0.005318
10668    0.008316
10794    0.007269
10837    0.002788
10892    0.003961
11007    0.008944
11103    0.002010
11112    0.014751
11117    0.004394
11225    0.014790
11358    0.005984
11563    0.014208
11581    0.014299
11782    0.013183
11869    0.009672
11984    0.007229
12046    0.009892
12095    0.007073
12245    0.004671
12365    0.006624
12421    0.021567
12677    0.009374
12684    0.003729
12817    0.012068
12924    0.026363
12987    0.002543
13050    0.004474
13319    0.005772
13351    0.008314
13394    0.012155
13434    0.001609
13466    0.008290
13491    0.008379
13508    0.014208
13530    0.014378
13533    0.008944
13580    0.004317
13601    0.024242
13727    0.011647
13730    0.011888
13892    0.009193
14065    0.008373
14073    0.012272
14130    0.007527
14315    0.017718
14391    0.007482
14439    0.008533
14453    0.039325
14485    0.013062
14523    0.007111
14826    0.010545
14903    0.008944
14997    0.008081
15063    0.005067
15070    0.009374
15210    0.006298
15258    0.015963
15271    0.026123
15334    0.008509
15344    0.006471
15699    0.011888
15722    0.014208
15763    0.011037
15818    0.005395
15848    0.008944
15895    0.009672
15903    0.010400
15928    0.006189
15931    0.035365
15983    0.006926
16014    0.011224
16034    0.006624
16063    0.006998
16159    0.014208
16215    0.010263
16237    0.004869
16362    0.008196
16490    0.007764
16495    0.035435
16509    0.030551
16585    0.009270
16732    0.008815
16803    0.011427
16890    0.024413
16950    0.008509
16984    0.014936
17025    0.014790
17027    0.023551
17029    0.007814
17094    0.008443
17369    0.014071
17471    0.008025
17814    0.005772
17821    0.006243
17830    0.006216
17913    0.017017
18005    0.004515
18082    0.015145
18167    0.005453
18179    0.006326
18182    0.002733
18282    0.013734
18359    0.012453
18692    0.012453
18817    0.017718
18882    0.003822
19223    0.006412
19225    0.005960
19226    0.004205
19261    0.005299
19274    0.009469
19278    0.003178
19457    0.008790
19785    0.009770
19786    0.010400
19840    0.014208
20043    0.011224
20090    0.003006
20100    0.007352
20116    0.009569
20202    0.019344
20464    0.005318
20620    0.005281
20625    0.010263
20626    0.007269
20627    0.007111
20628    0.016511
20713    0.004791
20803    0.007033
20841    0.018686
20927    0.004292
20978    0.024413
20983    0.005535
21001    0.009193
21005    0.011323
21041    0.013643
21057    0.006009
21087    0.010307
21150    0.016162
21209    0.029873
