263
276    0.018613
486    0.024009
548    0.018613
610    0.007026
666    0.007955
764    0.018613
840    0.012004
902    0.014926
1245    0.007130
1451    0.004430
1699    0.004420
1712    0.006558
1918    0.007814
1956    0.013083
1969    0.009751
2058    0.009314
2156    0.102795
2157    0.024978
2226    0.009396
2229    0.010161
2297    0.008004
2317    0.014333
2432    0.006428
2508    0.007907
2672    0.016770
2965    0.014926
3168    0.014333
3245    0.010274
3567    0.004379
3593    0.010718
3596    0.010926
3618    0.006446
3619    0.007239
3713    0.082174
3754    0.008802
3886    0.008489
4071    0.011791
4137    0.004535
4271    0.009848
4457    0.012769
4488    0.009082
4546    0.014333
4547    0.031382
4621    0.010516
4673    0.009948
4678    0.007511
4772    0.015691
4784    0.014926
4810    0.007814
5152    0.015273
5515    0.010099
5532    0.004658
5554    0.013438
5719    0.005287
5733    0.013083
5920    0.011078
5975    0.005709
6111    0.014333
6222    0.018613
6365    0.006136
6372    0.004430
6376    0.009567
6429    0.007511
6465    0.011791
6598    0.004802
6699    0.010274
6705    0.006313
6720    0.016770
6758    0.032473
6764    0.012489
6864    0.009396
6926    0.021564
7075    0.010516
7181    0.006210
7194    0.007060
7311    0.010392
7524    0.010645
7542    0.013438
7586    0.013438
7709    0.008489
7779    0.007430
7802    0.002467
8078    0.003743
8101    0.008004
8107    0.004256
8170    0.014782
8446    0.010099
8500    0.004093
8568    0.008300
8573    0.009157
8603    0.010392
8622    0.005587
8624    0.007680
8639    0.014332
8651    0.015691
8918    0.006161
9118    0.005880
9136    0.008054
9197    0.015691
9256    0.006675
9269    0.016770
9301    0.008737
9334    0.018613
9361    0.006558
9411    0.007067
9454    0.005395
9518    0.003960
9664    0.006236
9687    0.009157
9881    0.009010
10086    0.014926
10290    0.006446
10334    0.005414
10495    0.008672
10501    0.011239
10525    0.008317
10589    0.006926
10605    0.005587
10780    0.013438
10837    0.002929
10897    0.005433
11026    0.011239
11112    0.010331
11201    0.004405
11224    0.012004
11225    0.007769
11279    0.013595
11528    0.006161
11562    0.008870
11569    0.005287
11581    0.022533
11582    0.018613
11595    0.015691
11683    0.003506
11733    0.011078
11782    0.004617
11841    0.003072
12095    0.014861
12300    0.004773
12361    0.014926
12421    0.037761
12478    0.037226
12677    0.029543
12818    0.008489
12904    0.004877
12911    0.005994
12936    0.012489
12983    0.010828
12987    0.002672
12999    0.006128
13014    0.004093
13050    0.004701
13283    0.010052
13303    0.012769
13351    0.004367
13434    0.003380
13491    0.017604
13580    0.004535
13601    0.008489
13633    0.012004
13886    0.004644
13996    0.016770
14074    0.012004
14087    0.016770
14130    0.007907
14316    0.012175
14323    0.006502
14358    0.019135
14387    0.010926
14412    0.007430
14439    0.008964
14441    0.011078
14448    0.010782
14453    0.008262
14523    0.007470
14536    0.008054
14537    0.005234
14563    0.013438
14629    0.010782
14631    0.014926
14903    0.009396
15271    0.006861
15344    0.006797
15410    0.007594
15523    0.016770
15764    0.008672
15818    0.005667
15820    0.006446
15928    0.006502
15931    0.007430
15947    0.010782
16063    0.007352
16362    0.008610
16373    0.012769
16585    0.014066
16595    0.014926
16644    0.016770
16732    0.004630
16803    0.012004
16890    0.017097
16950    0.008939
17002    0.016770
17027    0.024741
17049    0.013083
17101    0.006861
17105    0.005395
17352    0.013438
17411    0.013848
17496    0.018315
17529    0.007130
17673    0.033539
17922    0.006616
17949    0.016108
17964    0.009751
18003    0.007095
18042    0.015691
18082    0.023866
18133    0.008156
18167    0.011457
18435    0.006587
18492    0.018613
18493    0.009848
18536    0.012236
18652    0.004832
18655    0.011895
18702    0.009657
18882    0.008030
18998    0.010052
19097    0.014628
19106    0.008262
19226    0.013252
19232    0.005836
19261    0.005567
19278    0.006678
19280    0.018613
19366    0.007760
19460    0.004317
19578    0.012004
19785    0.010264
19830    0.007814
19844    0.001741
19861    0.012489
20100    0.007724
20251    0.007637
20260    0.004747
20624    0.009234
20625    0.032346
20626    0.030547
20627    0.014941
20713    0.005033
20755    0.025539
20803    0.011083
20841    0.009815
20848    0.004832
20927    0.004509
20956    0.007391
20964    0.005688
20978    0.017097
20983    0.011629
21001    0.009657
21087    0.010828
21094    0.008610
21150    0.006367
