36
1207    0.100198
1664    0.078398
2156    0.072516
2505    0.170695
3094    0.209291
3190    0.123234
3713    0.068509
3974    0.136883
4087    0.104645
4258    0.047372
5590    0.153789
5718    0.070833
5721    0.170695
6758    0.037225
8170    0.067781
10334    0.049650
10605    0.051236
11112    0.094745
11562    0.081340
11581    0.068881
12095    0.068142
12421    0.069259
13466    0.039932
14453    0.075773
15928    0.119250
16724    0.059370
16734    0.034239
16890    0.078398
17029    0.225840
18082    0.072956
18438    0.096439
20203    0.126994
20625    0.098880
20716    0.067424
20778    0.080120
20899    0.093182
