71
1069    0.104838
1072    0.036038
1283    0.019879
1741    0.013952
2277    0.046886
2278    0.030209
2660    0.044312
3039    0.024642
3825    0.043704
4380    0.042846
5347    0.042064
5866    0.019942
5988    0.030209
6596    0.037491
6705    0.025250
7180    0.035209
7274    0.052331
7380    0.056483
7486    0.053885
8781    0.022918
9242    0.036330
9282    0.022268
9364    0.024942
9744    0.059704
9945    0.031821
10215    0.025355
10338    0.021290
10508    0.041569
10605    0.044695
10629    0.049957
11196    0.036038
11452    0.055391
11661    0.071509
12296    0.059704
12551    0.058160
12999    0.036768
13554    0.044312
13686    0.062765
13886    0.018577
14063    0.023173
14320    0.050501
14498    0.039632
15636    0.074452
15685    0.040643
15875    0.074452
15906    0.025676
16585    0.004328
16676    0.036330
16729    0.012134
16893    0.049957
17144    0.033574
17669    0.017670
17868    0.059443
18598    0.062765
18724    0.065670
18948    0.041096
18951    0.036038
19046    0.028664
19065    0.034690
19128    0.027190
19426    0.014622
19453    0.025044
19460    0.017268
20275    0.018248
20282    0.048844
20760    0.032418
20848    0.019327
20909    0.099913
21133    0.041569
21254    0.023173
21259    0.033050
