180
479    0.013299
1091    0.043775
1415    0.012171
1416    0.013393
1699    0.006925
1816    0.014720
1940    0.009972
1997    0.019169
2659    0.021052
2684    0.009809
2745    0.008661
3563    0.009178
3567    0.013722
3619    0.011341
3647    0.008228
3825    0.017117
3858    0.051778
3912    0.014115
3921    0.017355
3922    0.018164
4142    0.013687
4324    0.040569
4328    0.014347
4488    0.014229
4859    0.015748
5075    0.005074
5079    0.009537
5088    0.026272
5260    0.023664
5495    0.005594
5501    0.011575
5515    0.015822
5614    0.010014
5717    0.011341
5856    0.009354
5977    0.007886
6046    0.016678
6066    0.024583
6427    0.058321
6761    0.031952
6776    0.023384
6866    0.020496
7270    0.017355
7644    0.014004
7720    0.015919
7773    0.029160
7989    0.010186
8003    0.020005
8040    0.007387
8212    0.017117
8301    0.069422
8428    0.084023
8429    0.017355
8446    0.007911
8622    0.008753
8627    0.029160
8816    0.014115
9003    0.010699
9137    0.015130
9142    0.023384
9200    0.007936
9282    0.008722
9388    0.009931
9947    0.006802
10453    0.017117
10454    0.063889
10837    0.004589
11103    0.003308
11112    0.008093
11137    0.145802
11180    0.013076
11181    0.008066
11203    0.010275
11213    0.009283
11519    0.011832
11683    0.005493
11889    0.025394
11958    0.011767
12005    0.005865
12283    0.034453
12456    0.024583
12548    0.009426
12560    0.016892
12621    0.019169
12652    0.018807
12654    0.018164
12817    0.019862
12853    0.009283
12855    0.013488
12987    0.012557
13048    0.021052
13098    0.026272
13254    0.029160
13320    0.022454
13388    0.011008
13434    0.002648
13491    0.013790
13499    0.018473
13590    0.019566
13715    0.022454
13716    0.021052
13905    0.019566
13910    0.016028
14012    0.011458
14014    0.014347
14065    0.006890
14359    0.014004
14439    0.007022
14453    0.025889
14579    0.013790
14604    0.006239
14607    0.009890
14742    0.005953
14745    0.006687
14746    0.011641
14839    0.029160
14865    0.011284
15204    0.009690
15344    0.010649
15571    0.016678
15583    0.033784
15710    0.012314
15906    0.010056
15918    0.020496
16030    0.010699
16237    0.008014
16308    0.022454
16321    0.010749
16485    0.009463
16509    0.010056
16573    0.024583
16585    0.005085
16954    0.014720
17303    0.015919
17484    0.004861
17496    0.028693
17507    0.015428
17782    0.010230
17824    0.026272
17830    0.010230
17846    0.013118
17870    0.009110
18018    0.015130
18097    0.055420
18142    0.016475
18167    0.004487
18212    0.018807
18282    0.004521
18428    0.022454
18462    0.013587
18693    0.023384
18969    0.029160
19046    0.011227
19226    0.006921
19266    0.008453
19410    0.010789
19426    0.011454
19707    0.019075
19816    0.017608
19835    0.021052
19967    0.024583
20095    0.016096
20150    0.017355
20439    0.015130
20460    0.010365
20463    0.020005
20464    0.017506
20534    0.009729
20717    0.007432
20901    0.009042
20972    0.015919
21083    0.012171
21087    0.008482
21115    0.006841
21129    0.006575
21135    0.015130
21150    0.006650
21157    0.016678
21247    0.004227
21266    0.007886
