262
413    0.012573
449    0.009362
451    0.006810
455    0.006531
469    0.018202
481    0.008232
502    0.013702
568    0.007505
1173    0.010115
1364    0.008282
1452    0.014503
1458    0.008891
1529    0.007505
1677    0.007954
1682    0.010213
1699    0.006944
1740    0.014239
1741    0.007307
1752    0.008542
1899    0.013702
2166    0.011771
2235    0.014503
2380    0.008830
2432    0.003366
2468    0.012815
2601    0.011951
2711    0.008232
2792    0.042113
3143    0.015633
3351    0.021769
3473    0.006869
3483    0.031467
3583    0.004275
3610    0.013702
3797    0.011293
3858    0.008654
3890    0.012573
3932    0.028148
3942    0.008383
3996    0.011602
4017    0.010642
4037    0.019858
4040    0.013081
4087    0.023902
4135    0.008232
4137    0.004750
4240    0.027961
4271    0.010314
4324    0.006780
4406    0.009841
4456    0.007998
4487    0.013081
4516    0.016870
4729    0.006351
4810    0.008184
4949    0.008332
5043    0.002869
5075    0.003392
5255    0.014074
5393    0.015011
5477    0.014074
5480    0.009018
5495    0.003740
5501    0.003869
5718    0.008090
5764    0.012350
5856    0.006253
6036    0.009513
6403    0.009513
6434    0.012573
6644    0.011150
6761    0.005340
6819    0.010020
6828    0.007186
6847    0.015011
7173    0.015997
7181    0.006504
7246    0.013374
7393    0.008711
7537    0.011771
7770    0.009841
7802    0.010337
7935    0.009150
7962    0.011602
8025    0.005340
8078    0.007841
8116    0.004228
8275    0.007395
8448    0.010884
8476    0.006229
8568    0.008693
8577    0.039020
8581    0.004322
8613    0.016087
8630    0.003349
8781    0.006001
8783    0.006427
8996    0.027869
9109    0.026161
9200    0.005306
9320    0.008136
9324    0.011951
9375    0.010528
9518    0.016592
9746    0.010760
9980    0.008184
10244    0.009290
10261    0.004879
10350    0.011771
10401    0.011293
10421    0.007824
10422    0.008435
10495    0.027249
10510    0.009513
10572    0.014074
10589    0.007254
10610    0.009513
10689    0.008136
10773    0.006639
10844    0.011150
10897    0.005690
10923    0.013702
11041    0.017564
11146    0.006504
11181    0.016178
11203    0.006869
11206    0.009513
11225    0.008136
11279    0.007119
11341    0.009591
11661    0.009362
11841    0.003217
11896    0.014074
12084    0.007954
12086    0.009841
12110    0.005272
12193    0.028148
12245    0.005140
12337    0.010642
12551    0.005076
12588    0.015011
12765    0.006090
12785    0.012573
12855    0.004509
12864    0.006067
12944    0.010419
12987    0.005596
13014    0.012860
13087    0.011771
13125    0.008954
13154    0.007359
13162    0.011602
13351    0.004574
13357    0.002730
13472    0.008954
13601    0.008891
13647    0.005172
13702    0.010528
13703    0.012573
13757    0.013081
13765    0.012815
13886    0.004864
14320    0.006612
14323    0.006810
14545    0.016434
14600    0.015633
14741    0.013920
14742    0.021889
14745    0.004470
14796    0.006229
15018    0.015633
15142    0.007621
15204    0.006478
15271    0.007186
15398    0.015633
15466    0.006869
15468    0.007700
15597    0.012815
15599    0.015633
15778    0.014577
15779    0.009513
15818    0.005936
15822    0.005790
15871    0.014503
15884    0.015633
15928    0.006810
16003    0.010115
16048    0.010314
16204    0.011293
16207    0.008654
16237    0.005357
16430    0.011771
16527    0.006531
16529    0.005556
16585    0.009066
16586    0.010884
16668    0.010642
16705    0.005108
16732    0.004850
16862    0.006839
16923    0.005410
16941    0.003644
16944    0.005255
16959    0.005872
17027    0.006478
17051    0.011419
17115    0.009672
17144    0.004395
17411    0.014503
17484    0.006499
17524    0.007660
17782    0.006839
17870    0.018270
18167    0.003000
18182    0.003007
18203    0.006478
18319    0.006531
18452    0.010314
18600    0.015633
18609    0.019681
18619    0.005014
18696    0.011443
18729    0.014503
18774    0.012143
18882    0.004205
19279    0.011771
19327    0.009200
19366    0.002709
19562    0.025961
19718    0.014862
19773    0.004893
19909    0.012573
19935    0.013081
19953    0.017564
20005    0.014503
20048    0.013374
20070    0.013081
20090    0.003307
20260    0.004972
20261    0.012350
20475    0.100597
20481    0.009219
20492    0.013702
20557    0.025809
20560    0.011014
20582    0.007323
20648    0.007660
20676    0.015011
20717    0.009936
20755    0.013374
20803    0.003869
20841    0.005140
20844    0.008140
20848    0.005061
20946    0.015765
20963    0.012143
20983    0.006090
21087    0.005670
21243    0.004420
21247    0.008478
21286    0.015011
21332    0.014074
