61
333    0.025021
1283    0.026694
1614    0.041728
1699    0.011871
1940    0.034191
2008    0.046247
2014    0.039700
2047    0.028398
2470    0.049602
3089    0.023866
4362    0.084947
4380    0.038358
4824    0.080175
5074    0.033224
5628    0.057180
5766    0.072180
6630    0.047280
6714    0.054578
6856    0.072180
7377    0.028022
8025    0.027387
8845    0.070455
9282    0.029903
10411    0.039912
10629    0.067085
10837    0.015734
10981    0.061292
11103    0.011342
11181    0.027656
12086    0.050468
12230    0.031003
12551    0.026034
12675    0.030889
13014    0.043969
13070    0.048394
13357    0.013999
13414    0.080175
14063    0.031118
14323    0.034923
14498    0.026610
15158    0.061292
15685    0.054578
15713    0.046247
16592    0.021506
16707    0.036017
16734    0.020054
16923    0.055493
17484    0.016666
18182    0.015423
18446    0.045598
19127    0.026115
19648    0.052895
19736    0.040345
19785    0.027566
20090    0.016962
20260    0.025497
20282    0.021864
20557    0.066182
20844    0.020874
20993    0.035855
21254    0.031118
