245
15    0.011244
219    0.004549
246    0.005652
333    0.004102
455    0.005491
610    0.006187
1069    0.015386
1099    0.005775
1104    0.059067
1163    0.007751
1188    0.041367
1204    0.005676
1283    0.004376
1309    0.016145
1440    0.013761
1471    0.010048
1486    0.008504
1614    0.013681
1631    0.012621
1680    0.006921
1699    0.001946
1741    0.021501
1764    0.008947
1846    0.011450
1862    0.010021
1941    0.005257
1949    0.005491
1951    0.007475
2114    0.019525
2116    0.009374
2188    0.008947
2233    0.011833
2277    0.058488
2279    0.008852
2280    0.009151
2281    0.006374
2283    0.006578
2284    0.008671
2344    0.019792
2376    0.012194
2613    0.009897
2660    0.009755
2706    0.009127
2710    0.006070
2723    0.004579
2745    0.009735
2882    0.011916
3077    0.006157
3086    0.014010
3089    0.015650
3430    0.014767
3441    0.008425
3567    0.003856
3583    0.003594
3606    0.010209
3675    0.006881
3726    0.005725
4195    0.013254
4380    0.031441
4662    0.005800
4697    0.006013
4953    0.048775
5028    0.007998
5075    0.002852
5179    0.016696
5268    0.009260
5351    0.012621
5701    0.011244
5866    0.008780
5885    0.011833
6036    0.007998
6042    0.008131
6372    0.003901
6403    0.007998
6501    0.009494
6596    0.008253
6827    0.006881
6908    0.004053
7173    0.006725
7199    0.005064
7303    0.008586
7330    0.004902
7380    0.024868
7382    0.016390
7486    0.011862
7531    0.004255
7605    0.011520
7619    0.005139
7752    0.011833
7802    0.002173
7892    0.006374
7977    0.025242
8112    0.013817
8505    0.006578
8630    0.005632
8781    0.005045
9193    0.008504
9304    0.007998
9311    0.007933
9392    0.008064
9402    0.008852
9411    0.003112
9533    0.015304
9747    0.006650
9881    0.015867
9945    0.007005
9981    0.010774
10074    0.023514
10130    0.008947
10228    0.012194
10252    0.009151
10334    0.009535
10338    0.023434
10354    0.011704
10397    0.013449
10495    0.007637
10508    0.036604
10630    0.013817
10790    0.007810
10837    0.002579
10981    0.030144
11014    0.012027
11087    0.011450
11103    0.003719
11218    0.003506
11289    0.006187
11355    0.003185
11399    0.023079
11841    0.002705
12005    0.003296
12279    0.039019
12296    0.013143
12300    0.004203
12348    0.008504
12411    0.009755
12548    0.005298
12684    0.003450
12817    0.005582
12818    0.007475
12840    0.011244
12889    0.003759
12904    0.004294
12944    0.008760
12987    0.002353
12999    0.002698
13050    0.004139
13143    0.006543
13167    0.007582
13319    0.005340
13355    0.030499
13357    0.020654
13434    0.002976
13481    0.009755
13514    0.021549
13529    0.006921
13554    0.009755
13568    0.006013
13647    0.004349
13686    0.013817
13886    0.004090
13892    0.008504
13915    0.012194
14063    0.010202
14065    0.001936
14099    0.007933
14320    0.011117
14322    0.014950
14365    0.019794
14367    0.013143
14498    0.008725
14952    0.007751
15032    0.007276
15037    0.018748
15207    0.008425
15209    0.008671
15410    0.006687
15503    0.006543
15664    0.014767
15686    0.005826
15712    0.005237
15775    0.009374
15881    0.009047
15907    0.009874
16033    0.016390
16065    0.010048
16113    0.010383
16116    0.009735
16585    0.020961
16592    0.003526
16707    0.005904
16976    0.009755
17037    0.010356
17059    0.015620
17144    0.003695
17210    0.009374
17281    0.004609
17447    0.007998
17506    0.011833
17563    0.032992
17931    0.007528
18167    0.002522
18182    0.002528
18326    0.006508
18493    0.008671
18581    0.010997
18587    0.010054
18598    0.027634
18619    0.004215
18652    0.004255
18724    0.043370
18726    0.031239
18940    0.007933
18948    0.009047
19127    0.012843
19226    0.003890
19271    0.012140
19278    0.002940
19309    0.006440
19327    0.011602
19366    0.004556
19410    0.003032
19426    0.003219
19634    0.008131
19707    0.005361
19715    0.021549
19736    0.013228
19757    0.008131
19844    0.001533
20090    0.002781
20208    0.010997
20260    0.004180
20276    0.012194
20305    0.008201
20418    0.027634
20557    0.005425
20760    0.021409
20768    0.003856
20796    0.008852
20868    0.003614
20927    0.007940
21115    0.003845
21150    0.003738
21243    0.003716
21253    0.014416
21254    0.020405
