268
413    0.012265
449    0.009133
451    0.006643
455    0.006371
469    0.017757
481    0.008031
502    0.013367
568    0.007322
1173    0.009867
1364    0.008079
1452    0.014149
1458    0.008673
1529    0.007322
1677    0.007759
1682    0.009963
1699    0.006774
1740    0.013891
1741    0.007128
1752    0.008333
1899    0.013367
1912    0.019018
2166    0.011483
2235    0.014149
2380    0.008614
2432    0.003284
2468    0.012502
2601    0.011659
2711    0.008031
2792    0.041083
3143    0.015251
3351    0.021236
3473    0.006701
3483    0.030697
3575    0.009356
3583    0.004170
3610    0.013367
3797    0.011016
3858    0.008442
3890    0.012265
3932    0.027460
3942    0.008178
3996    0.011319
4017    0.010382
4037    0.019372
4040    0.012761
4087    0.023318
4135    0.008031
4137    0.004634
4240    0.023380
4271    0.010062
4324    0.006615
4406    0.009600
4456    0.007803
4487    0.012761
4516    0.016458
4729    0.006196
4810    0.007984
4811    0.008229
4949    0.008128
5043    0.002798
5075    0.003309
5220    0.008178
5255    0.013730
5393    0.014644
5477    0.013730
5480    0.008797
5495    0.003648
5501    0.003775
5718    0.007892
5764    0.012048
5856    0.006100
5967    0.017134
6036    0.009280
6403    0.009280
6434    0.012265
6644    0.010877
6761    0.005210
6819    0.009775
6828    0.007010
6847    0.014644
7173    0.015605
7181    0.006345
7246    0.013047
7393    0.008498
7537    0.011483
7770    0.009600
7802    0.010084
7935    0.008926
7962    0.011319
8025    0.005210
8078    0.007650
8116    0.004125
8275    0.007214
8448    0.010618
8476    0.006077
8568    0.008481
8577    0.038065
8581    0.004217
8613    0.015694
8630    0.003268
8781    0.005854
8783    0.006269
8996    0.027187
9109    0.025521
9200    0.005176
9320    0.007937
9324    0.011659
9375    0.010271
9518    0.016186
9746    0.010497
9980    0.007984
10244    0.009062
10261    0.004759
10350    0.011483
10401    0.011016
10421    0.007633
10422    0.008229
10486    0.010271
10495    0.026583
10510    0.009280
10572    0.013730
10589    0.007076
10610    0.009280
10689    0.007937
10773    0.006477
10844    0.010877
10897    0.005551
10923    0.013367
11041    0.017134
11146    0.006345
11181    0.015782
11206    0.009280
11225    0.007937
11279    0.006945
11341    0.009356
11661    0.009133
11841    0.003138
11896    0.013730
12084    0.007759
12086    0.009600
12110    0.005143
12193    0.027460
12245    0.005014
12337    0.010382
12551    0.004952
12588    0.014644
12785    0.012265
12855    0.004398
12864    0.005919
12944    0.010164
12987    0.005460
13014    0.012546
13087    0.011483
13125    0.008735
13154    0.007179
13162    0.011319
13357    0.002663
13472    0.008735
13601    0.008673
13647    0.005046
13702    0.010271
13703    0.012265
13757    0.012761
13765    0.012502
13886    0.004745
14320    0.006450
14323    0.006643
14560    0.019018
14600    0.015251
14741    0.013580
14742    0.023295
14745    0.008722
14796    0.006077
15018    0.015251
15142    0.007434
15204    0.006320
15271    0.007010
15398    0.015251
15466    0.006701
15468    0.007512
15597    0.012502
15599    0.015251
15778    0.014220
15779    0.009280
15818    0.005791
15822    0.005648
15871    0.014149
15884    0.015251
15928    0.006643
16003    0.009867
16048    0.010062
16204    0.011016
16207    0.008442
16237    0.005226
16430    0.011483
16527    0.006371
16529    0.005420
16585    0.009950
16586    0.010618
16668    0.010382
16705    0.004983
16732    0.004731
16862    0.006672
16923    0.005278
16941    0.003555
16944    0.005126
16959    0.005729
17027    0.006320
17051    0.011140
17101    0.007010
17115    0.009435
17144    0.004288
17411    0.014149
17426    0.010382
17484    0.006340
17524    0.007473
17782    0.006672
17870    0.017823
18005    0.004847
18167    0.002926
18182    0.002934
18203    0.006320
18319    0.006371
18452    0.010062
18600    0.015251
18609    0.019200
18619    0.004891
18696    0.011163
18729    0.014149
18774    0.011846
18882    0.004102
19279    0.011483
19327    0.008975
19366    0.002643
19562    0.025326
19718    0.014499
19773    0.009548
19785    0.005243
19909    0.012265
19935    0.012761
19953    0.017134
20005    0.014149
20048    0.013047
20070    0.012761
20090    0.003227
20260    0.004850
20261    0.012048
20475    0.098137
20481    0.008994
20492    0.013367
20557    0.025178
20560    0.010745
20582    0.007144
20648    0.007473
20676    0.014644
20717    0.009693
20755    0.013047
20803    0.003775
20844    0.007941
20848    0.004937
20946    0.015379
20963    0.011846
20983    0.005941
21087    0.005532
21243    0.004312
21247    0.008271
21286    0.014644
21332    0.013730
