153
115    0.013596
147    0.009349
219    0.017657
457    0.012907
610    0.012008
621    0.011160
686    0.012979
1069    0.014932
1104    0.028661
1283    0.016987
1326    0.017761
1451    0.007572
1741    0.011923
1746    0.039027
1747    0.013851
1859    0.013277
1925    0.016058
2277    0.033388
2279    0.017180
2283    0.012768
2344    0.007683
2366    0.014932
2396    0.008575
2753    0.023667
2882    0.011564
3009    0.018194
3039    0.010529
3084    0.017180
3089    0.015188
3155    0.025510
3593    0.009159
3726    0.033336
3842    0.030970
4132    0.018673
4195    0.008575
4258    0.008828
4380    0.036614
4697    0.011671
4743    0.015523
4936    0.021345
5347    0.017973
5662    0.031811
5866    0.008521
5877    0.019209
5879    0.012309
6115    0.016506
7117    0.014215
7377    0.008916
7380    0.036201
7486    0.023024
7642    0.012837
7802    0.004217
7977    0.024496
8025    0.008714
8417    0.010657
8533    0.010529
8568    0.007093
8783    0.010487
9016    0.011358
9127    0.015651
9502    0.025815
9517    0.007421
9812    0.011112
10074    0.009128
10105    0.009066
10149    0.018933
10215    0.021667
10334    0.009253
10354    0.011358
10355    0.017002
10397    0.039155
10495    0.014822
10508    0.017761
10575    0.036389
10837    0.005006
11014    0.011671
11051    0.031301
11103    0.003609
11201    0.007528
11399    0.014932
11683    0.005992
12272    0.019502
12283    0.018792
12332    0.039631
12551    0.016567
12855    0.007357
12904    0.008335
12999    0.005237
13198    0.015782
13228    0.010204
13319    0.020727
13355    0.007399
13434    0.008666
13482    0.024373
13568    0.011671
13580    0.007751
13686    0.026818
13939    0.009349
14065    0.003758
14137    0.026402
14323    0.022224
14326    0.028661
14367    0.025510
14498    0.008467
15032    0.014121
15207    0.032703
15494    0.020912
15684    0.015277
15685    0.017366
15706    0.019816
15847    0.023667
15850    0.020516
15907    0.009583
16437    0.013277
16449    0.022966
16585    0.012945
16592    0.006843
16705    0.008335
16729    0.005184
16897    0.025510
16941    0.005946
17106    0.017559
17117    0.007774
17140    0.019209
17471    0.028817
17868    0.101593
17931    0.014611
18205    0.034360
18326    0.012632
18587    0.009757
18598    0.026818
18724    0.028059
18726    0.036379
18948    0.017559
18950    0.028661
18951    0.015398
19000    0.017973
19124    0.017002
19262    0.010789
19278    0.005707
19460    0.007378
19589    0.015651
20260    0.010817
20282    0.013913
20760    0.013851
20768    0.007485
20771    0.013596
20844    0.006642
21243    0.007213
21253    0.020985
21254    0.039604
21258    0.015398
21259    0.014121
