278
404    0.011536
415    0.009953
420    0.008921
491    0.015978
504    0.008921
863    0.007995
878    0.013470
936    0.015978
1245    0.006121
1275    0.008066
1276    0.007445
1382    0.007500
1439    0.015991
1451    0.003803
1458    0.021862
1460    0.011231
1477    0.011512
1486    0.008290
1746    0.004901
1780    0.009027
1781    0.018055
1845    0.007734
1853    0.009510
1997    0.010504
2165    0.036109
2167    0.009953
2287    0.007673
2388    0.009379
2432    0.002759
2598    0.010721
2723    0.008927
2745    0.004745
2865    0.011231
3053    0.006748
3351    0.008921
3567    0.003759
3842    0.010370
3858    0.007093
4017    0.008723
4137    0.003893
4240    0.016370
4258    0.004434
4266    0.014396
4310    0.012813
4441    0.009027
4516    0.013827
4520    0.010721
4678    0.006448
4730    0.007673
4767    0.010305
4870    0.004937
4872    0.007339
4887    0.011536
4992    0.011888
5074    0.015929
5075    0.002780
5079    0.005226
5523    0.006379
5524    0.008454
5614    0.005487
5654    0.015978
5919    0.030915
5991    0.011725
6036    0.007797
6050    0.010883
6076    0.009648
6372    0.011410
6376    0.008213
6411    0.031957
6571    0.014396
6622    0.020610
6628    0.004937
6651    0.005917
6701    0.020610
6705    0.005419
6707    0.005419
6903    0.011888
6908    0.003951
6934    0.012813
7003    0.014396
7053    0.007391
7110    0.008454
7241    0.007614
7286    0.007797
7325    0.007093
7330    0.009558
7802    0.002118
7833    0.004097
7863    0.028792
8040    0.004047
8079    0.010962
8101    0.006871
8108    0.011231
8152    0.028792
8218    0.003882
8298    0.010122
8581    0.003543
8611    0.023071
8981    0.010122
8996    0.015228
9004    0.009379
9023    0.006002
9037    0.010721
9141    0.010504
9200    0.004349
9209    0.025504
9243    0.014396
9369    0.015978
9375    0.008629
9647    0.008138
9742    0.011888
9750    0.011536
9811    0.007734
9854    0.011888
9855    0.012813
9872    0.010122
9900    0.011536
10046    0.012813
10179    0.009139
10247    0.014280
10261    0.003999
10355    0.008540
10422    0.013827
10617    0.015978
10689    0.006669
10717    0.012304
10892    0.003573
11095    0.007927
11103    0.003625
11157    0.009379
11181    0.008840
11206    0.007797
11225    0.020007
11304    0.014396
11358    0.005397
11386    0.005419
11392    0.015978
11394    0.009953
11416    0.017842
11503    0.003727
11514    0.012813
11570    0.004992
11744    0.004779
11750    0.004280
11757    0.005353
11822    0.025627
11828    0.015978
11841    0.002637
11895    0.009648
12005    0.003214
12084    0.006519
12085    0.011115
12300    0.004097
12316    0.015978
12345    0.004363
12415    0.009837
12675    0.024683
12684    0.006726
12853    0.005086
12920    0.008213
12927    0.005397
12999    0.005261
13025    0.012813
13046    0.014396
13145    0.029999
13150    0.013470
13357    0.004475
13472    0.007339
13519    0.021924
13674    0.015978
13702    0.008629
13756    0.039182
13910    0.004391
13983    0.025888
14065    0.005663
14099    0.015468
14139    0.010721
14303    0.004600
14412    0.006379
14430    0.012492
14445    0.006829
14536    0.006914
14604    0.003418
14727    0.007861
14738    0.012304
14741    0.005705
14742    0.011417
14746    0.025514
14817    0.008723
14853    0.011536
14865    0.006183
15032    0.007093
15063    0.004569
15135    0.007614
15140    0.008754
15210    0.005680
15373    0.013470
15497    0.005353
15644    0.013470
15673    0.014396
15675    0.015978
15677    0.009027
15732    0.011536
15778    0.017921
15779    0.007797
15791    0.006152
15813    0.013470
15818    0.004865
15822    0.004745
15884    0.012813
15889    0.008371
15912    0.008245
15946    0.014396
15961    0.014396
16004    0.012304
16167    0.008371
16176    0.016276
16237    0.004391
16244    0.011536
16501    0.004696
16729    0.007812
16734    0.032050
16772    0.006483
16944    0.004307
16959    0.009626
17106    0.017639
17144    0.003603
17445    0.014677
17484    0.002664
18037    0.007445
18182    0.009860
18242    0.010721
18249    0.031957
18256    0.007927
18282    0.009909
18364    0.015978
18464    0.010504
18569    0.017445
18609    0.008066
18815    0.010721
18819    0.014396
18841    0.006183
19204    0.006345
19225    0.005375
19226    0.007584
19366    0.004441
19410    0.002956
19562    0.035464
19648    0.008454
19718    0.030454
19772    0.005442
19844    0.002989
20057    0.010962
20090    0.008133
20252    0.012813
20260    0.013583
20275    0.003916
20475    0.123679
20477    0.014575
20480    0.009027
20557    0.031731
20587    0.006748
20588    0.008723
20713    0.004321
20717    0.032577
20723    0.014396
20768    0.011278
20769    0.013470
20875    0.015978
20927    0.003870
20956    0.006345
21087    0.004648
21094    0.007391
21120    0.005125
21148    0.047935
21157    0.009139
21243    0.003623
21247    0.004633
