244
297    0.013354
311    0.018992
479    0.009614
523    0.009357
552    0.007957
621    0.007395
630    0.011384
1091    0.021096
1274    0.010204
1364    0.008955
1416    0.009682
1451    0.005017
1595    0.011153
1762    0.005405
1940    0.007209
2092    0.010204
2093    0.006305
2107    0.014144
2281    0.008198
2351    0.017771
2589    0.010458
2604    0.007332
2609    0.008035
2706    0.005869
2778    0.014816
3340    0.012211
3647    0.005948
3763    0.017771
4023    0.010519
4081    0.013857
4130    0.009682
4137    0.005136
4173    0.019363
4324    0.021995
4328    0.041484
4456    0.008649
4484    0.016904
4492    0.007594
4501    0.008035
4774    0.009894
4861    0.018992
4863    0.014144
4871    0.008798
5079    0.013789
5264    0.010045
5501    0.008368
5567    0.005928
5578    0.007996
5739    0.009969
5856    0.006762
5977    0.005700
5991    0.007734
6049    0.009969
6072    0.018992
6073    0.012923
6142    0.016232
6200    0.021080
6224    0.014816
6451    0.012923
6598    0.005438
6737    0.021080
6758    0.004597
6761    0.011549
7110    0.011153
7114    0.012729
7129    0.010737
7524    0.006028
7641    0.014462
7753    0.005756
7779    0.008415
7797    0.012729
7887    0.014144
7894    0.026262
7988    0.020572
7989    0.007363
8019    0.005076
8021    0.023988
8025    0.005774
8078    0.008479
8114    0.016904
8153    0.010835
8186    0.010458
8306    0.013595
8428    0.080986
8429    0.025092
8442    0.007996
8496    0.012729
8630    0.007244
8783    0.006949
8816    0.081629
8817    0.013354
9002    0.009751
9118    0.006660
9200    0.011474
9395    0.012374
9411    0.008004
9454    0.006111
9508    0.047049
9509    0.042160
9753    0.016232
9762    0.021080
9873    0.006561
9993    0.015219
10105    0.006008
10145    0.012211
10454    0.064659
10611    0.017804
10668    0.009894
10701    0.011769
10837    0.003317
10840    0.007179
10892    0.004713
11089    0.010641
11103    0.002391
11112    0.005850
11138    0.010937
11178    0.007663
11180    0.014179
11201    0.014965
11213    0.006710
11311    0.017771
11434    0.005793
11473    0.011910
11503    0.009835
11527    0.022533
11729    0.006922
11733    0.012546
11782    0.005228
11958    0.008506
11980    0.021080
12005    0.004240
12067    0.017771
12085    0.029327
12110    0.005700
12120    0.015219
12122    0.005291
12166    0.007844
12273    0.006635
12519    0.010064
12520    0.016232
12548    0.006814
12613    0.009614
12763    0.018966
12853    0.006710
12855    0.004875
12952    0.020247
12964    0.037984
13014    0.004635
13154    0.007957
13157    0.008955
13228    0.006762
13319    0.013735
13352    0.006373
13355    0.004903
13434    0.001914
13445    0.012374
13480    0.015683
13491    0.009969
13501    0.010712
13530    0.008553
13584    0.010835
13585    0.024422
13704    0.013354
13910    0.005793
14012    0.008283
14065    0.002490
14093    0.008955
14320    0.007149
14425    0.004960
14442    0.022769
14604    0.009020
14717    0.008798
14726    0.010286
14742    0.004303
14745    0.004834
14746    0.008415
15004    0.015683
15023    0.050616
15140    0.011549
15499    0.018992
15555    0.007270
15583    0.036633
15656    0.011153
15695    0.007881
15701    0.021080
15778    0.007881
15782    0.012374
15912    0.005438
16063    0.008327
16094    0.007881
16120    0.011384
16321    0.007770
16485    0.006841
16517    0.013354
16585    0.011029
16724    0.007332
16729    0.003435
16734    0.004228
16880    0.007239
16931    0.018992
16941    0.007880
17129    0.006419
17167    0.012923
17521    0.011153
17782    0.014790
17870    0.006585
17875    0.008601
17919    0.021080
18091    0.011910
18179    0.007526
18282    0.003268
18382    0.007996
18383    0.006561
18524    0.015683
18652    0.005472
18655    0.020208
18689    0.011507
18784    0.010045
18815    0.014144
18882    0.004547
18904    0.030858
19261    0.012610
19278    0.003782
19464    0.005889
19512    0.011636
19836    0.009822
19844    0.001972
19917    0.016232
19945    0.011153
20044    0.016904
20251    0.017297
20359    0.011507
20505    0.012729
20803    0.004184
20848    0.005472
20901    0.006537
20924    0.011636
20927    0.005106
20977    0.012374
21016    0.007996
21065    0.009121
21150    0.002404
21227    0.042160
21247    0.006112
