346
72    0.008885
81    0.012412
164    0.007081
349    0.012412
411    0.008319
418    0.040998
447    0.024462
448    0.006668
579    0.012412
600    0.012412
604    0.006894
666    0.005888
828    0.008446
894    0.010608
978    0.005590
1192    0.018488
1193    0.027169
1218    0.009946
1309    0.004524
1311    0.009244
1364    0.005853
1382    0.006466
1436    0.004963
1451    0.006558
1490    0.007404
1496    0.007363
1646    0.005055
1680    0.005818
1699    0.004907
1707    0.010156
1741    0.010327
1746    0.025352
1747    0.005999
1838    0.010250
1874    0.012412
1875    0.012412
2031    0.012412
2093    0.004121
2165    0.007783
2287    0.006616
2321    0.013909
2344    0.006654
2432    0.002379
2660    0.008199
2689    0.009056
2706    0.003836
2711    0.005818
2723    0.007697
2744    0.003690
2745    0.004092
2792    0.007440
3096    0.006373
3099    0.009056
3370    0.011048
3425    0.022095
3427    0.012412
3567    0.003241
3581    0.034842
3664    0.007081
3668    0.012412
3745    0.012152
3787    0.012412
3854    0.007980
3858    0.006116
3943    0.006116
4023    0.003437
4037    0.007017
4240    0.011291
4245    0.009423
4273    0.009946
4277    0.007783
4288    0.012412
4289    0.007289
4349    0.010608
4497    0.007783
4501    0.005252
4516    0.005961
4577    0.006419
4581    0.006515
4650    0.006515
4777    0.005470
4870    0.004256
4949    0.005888
5034    0.010608
5043    0.004054
5152    0.005652
5153    0.007363
5154    0.011614
5156    0.011048
5310    0.012412
5358    0.007148
5515    0.003737
5544    0.006198
5551    0.012412
5628    0.003940
5991    0.005055
6003    0.011614
6056    0.006894
6124    0.012412
6319    0.006565
6497    0.007289
6538    0.007783
6610    0.007148
6663    0.006616
6705    0.004672
6707    0.009345
6719    0.004634
6908    0.003407
6909    0.012412
7186    0.018113
7199    0.004256
7246    0.028354
7351    0.004751
7447    0.021217
7618    0.008446
7710    0.019366
7729    0.011614
7744    0.005500
7753    0.003762
7802    0.001826
8019    0.006635
8044    0.010250
8078    0.002771
8107    0.003150
8148    0.009683
8280    0.011048
8327    0.008582
8577    0.006894
8581    0.003055
8630    0.007101
8918    0.004560
8996    0.026259
9023    0.005175
9109    0.009244
9118    0.004352
9153    0.005078
9209    0.003141
9307    0.010608
9311    0.006668
9382    0.012412
9388    0.004692
9392    0.006778
9406    0.010608
9411    0.007846
9561    0.012412
9562    0.012412
9608    0.012412
9746    0.007604
9978    0.008582
10015    0.012412
10074    0.003953
10215    0.004692
10290    0.004771
10338    0.003940
10420    0.005529
10564    0.008087
10627    0.061092
10897    0.016084
10994    0.009451
10997    0.012412
11076    0.033143
11103    0.007814
11156    0.009244
11181    0.003811
11184    0.006373
11218    0.005895
11416    0.007692
11439    0.005621
11503    0.003214
11504    0.012412
11526    0.011048
11531    0.004653
11569    0.003913
11841    0.002274
12046    0.007692
12077    0.010608
12167    0.013909
12199    0.010608
12230    0.004272
12273    0.004336
12300    0.007065
12415    0.008482
12613    0.006283
12640    0.009683
12667    0.011614
12687    0.007604
12785    0.008885
12855    0.003186
12911    0.008872
12927    0.004653
12949    0.006037
12974    0.005226
13154    0.005200
13195    0.006616
13228    0.004419
13241    0.007692
13302    0.009244
13351    0.006464
13357    0.005787
13434    0.003753
13440    0.011614
13444    0.011614
13466    0.003223
13484    0.010771
13647    0.003655
13705    0.011048
13765    0.018113
13782    0.011614
14007    0.012412
14063    0.017151
14064    0.009946
14137    0.005717
14237    0.007081
14385    0.009056
14505    0.009244
14523    0.005529
14536    0.005961
14537    0.007748
14600    0.022095
14601    0.012412
14602    0.012412
14612    0.040998
14727    0.006778
14741    0.004919
14742    0.004219
14746    0.005500
14817    0.015041
14874    0.014889
14959    0.009056
15032    0.006116
15130    0.015961
15133    0.009056
15140    0.003774
15148    0.010608
15185    0.008582
15469    0.009946
15485    0.011048
15555    0.009502
15556    0.005924
15600    0.006240
15601    0.010062
15604    0.012395
15761    0.009946
15814    0.009244
15820    0.004771
15821    0.005961
15822    0.036824
15846    0.012412
15882    0.012412
15907    0.004150
15912    0.003554
16003    0.007148
16034    0.010301
16117    0.004919
16131    0.010608
16204    0.015961
16321    0.005078
16459    0.007521
16486    0.006778
16496    0.010608
16498    0.007363
16501    0.004049
16585    0.004805
16668    0.007521
16705    0.003610
16729    0.002245
16880    0.023655
16941    0.002575
16944    0.003714
16952    0.005818
16959    0.004150
16960    0.009451
16981    0.011614
17027    0.004578
17037    0.004352
17051    0.008070
17106    0.022813
17117    0.003367
17124    0.008727
17365    0.009946
17425    0.012412
17429    0.010608
17433    0.008727
17436    0.008727
17471    0.006240
17484    0.004593
17524    0.010827
17525    0.008319
17582    0.008582
17639    0.012412
17654    0.007363
17817    0.006419
17870    0.004304
17873    0.006778
17947    0.007692
17964    0.007217
18182    0.004250
18282    0.002136
18316    0.011614
18319    0.004615
18326    0.005470
18713    0.011500
18731    0.007440
18883    0.004225
18904    0.020167
18987    0.010301
18992    0.005999
19169    0.005529
19177    0.003953
19381    0.007604
19410    0.005097
19416    0.004692
19426    0.002706
19503    0.017883
19736    0.005559
19820    0.004653
19909    0.017770
19910    0.012412
20088    0.006466
20090    0.004675
20149    0.011048
20251    0.005652
20260    0.004685
20275    0.003377
20475    0.082940
20477    0.050265
20480    0.007783
20557    0.018239
20563    0.007440
20717    0.024577
20758    0.007217
20763    0.012412
20767    0.011048
20844    0.005753
20868    0.003038
20894    0.003798
20956    0.005470
20981    0.012412
21048    0.008885
21054    0.011048
21065    0.005961
21096    0.012412
21122    0.009047
21210    0.010608
21243    0.003124
21247    0.005992
