70
251    0.057579
552    0.034309
1157    0.064614
1184    0.026899
1889    0.051984
1941    0.029155
2192    0.056616
2646    0.063884
2706    0.025307
2710    0.033660
2876    0.063884
2920    0.040084
3238    0.033347
3396    0.030449
3567    0.021385
3647    0.025645
4137    0.022146
4173    0.041744
5264    0.043311
5614    0.062426
5706    0.048087
5739    0.042982
6430    0.039575
6501    0.052650
6644    0.051984
6758    0.019821
6762    0.070339
7078    0.054882
7787    0.040084
8019    0.021887
8025    0.024897
8395    0.040888
8735    0.060986
9510    0.032451
9631    0.034646
9664    0.030449
10105    0.025903
10942    0.030698
11093    0.034309
11271    0.032025
12099    0.072886
12307    0.054953
12470    0.057579
13501    0.023093
13877    0.038157
14065    0.021476
14425    0.021385
15016    0.037502
15344    0.066386
16485    0.029495
16941    0.016989
16959    0.027379
17066    0.040888
17484    0.015151
17643    0.028081
17695    0.049086
17857    0.048577
18037    0.042349
18158    0.033980
18335    0.054882
18378    0.072886
18383    0.028289
18474    0.065618
18993    0.042982
19085    0.043648
19266    0.052693
19327    0.021447
19773    0.022815
20601    0.031478
21065    0.039328
