275
413    0.011369
469    0.005487
568    0.006787
1173    0.009147
1245    0.013506
1272    0.006438
1278    0.007877
1279    0.010645
1451    0.004196
1529    0.006787
1604    0.008040
1699    0.002093
1741    0.009911
1746    0.005407
1853    0.010492
1928    0.028273
2102    0.008824
2120    0.005590
2165    0.019919
2166    0.010645
2173    0.005254
2236    0.010083
2711    0.007444
2713    0.010083
2775    0.012094
2819    0.005590
3143    0.014137
3351    0.009842
3473    0.006211
3483    0.028455
3567    0.004148
3619    0.006856
3647    0.004974
3693    0.009960
3743    0.005273
3996    0.010492
4017    0.009623
4037    0.017957
4040    0.011829
4133    0.010348
4137    0.004295
4179    0.008602
4240    0.036121
4245    0.012057
4456    0.007233
4487    0.011829
4498    0.013574
4500    0.007825
4689    0.009520
4706    0.015883
4735    0.015883
4949    0.007534
5047    0.016427
5055    0.008533
5074    0.005858
5075    0.003067
5079    0.005766
5220    0.007581
5265    0.023657
5351    0.013574
5393    0.013574
5480    0.008154
5717    0.006856
6050    0.006003
6202    0.010645
6276    0.012094
6372    0.004196
6403    0.008602
6452    0.009061
6560    0.012727
6632    0.008821
6651    0.013057
6655    0.013643
6707    0.005979
6758    0.019222
6876    0.013574
6908    0.004359
7181    0.005882
7305    0.013115
7318    0.014137
7342    0.010348
7391    0.010981
7537    0.010645
7569    0.009147
7748    0.008214
7802    0.004674
7935    0.008274
7969    0.010492
8007    0.011369
8079    0.012094
8099    0.010981
8323    0.006351
8407    0.007628
8445    0.015883
8476    0.005633
8500    0.003876
8552    0.032943
8613    0.007274
8624    0.007274
8630    0.003029
8789    0.024781
8996    0.008400
9282    0.005273
9320    0.007358
9335    0.014137
9375    0.009520
9411    0.003347
9455    0.008602
9457    0.011168
9502    0.007153
9518    0.003751
9533    0.005487
9777    0.008154
9829    0.014861
9872    0.011168
10016    0.012094
10210    0.015883
10246    0.011829
10263    0.010492
10509    0.007192
10510    0.008602
10572    0.012727
10620    0.012727
10844    0.010083
10892    0.007883
10922    0.023177
10923    0.012391
11103    0.002000
11146    0.005882
11181    0.034135
11182    0.008746
11196    0.008533
11207    0.012644
11289    0.006654
11350    0.015883
11528    0.005835
11531    0.005954
11683    0.003321
11684    0.008214
11750    0.004722
11757    0.005906
11758    0.014137
11841    0.005818
11895    0.010645
12048    0.006787
12084    0.007192
12085    0.012263
12337    0.009623
12345    0.004813
12362    0.015883
12363    0.015883
12415    0.005427
12579    0.013574
12588    0.013574
12684    0.007421
12855    0.008154
12987    0.005061
13014    0.007753
13154    0.006654
13157    0.007489
13177    0.009623
13374    0.014861
13434    0.004802
13466    0.016496
13516    0.014861
13601    0.008040
13756    0.010807
13770    0.010807
14065    0.006248
14073    0.012211
14298    0.011588
14303    0.005075
14406    0.005348
14527    0.009147
14681    0.011168
14685    0.014137
14702    0.015883
14717    0.007358
14742    0.023393
14749    0.006029
14796    0.005633
14826    0.010492
14868    0.009520
14871    0.012391
14985    0.012727
15130    0.010212
15140    0.004829
15142    0.006891
15204    0.005858
15410    0.007192
15699    0.011829
15754    0.014861
15779    0.008602
15822    0.005236
15827    0.009842
16034    0.006591
16244    0.012727
16353    0.007930
16432    0.006821
16485    0.005721
16527    0.005906
16529    0.005024
16576    0.013574
16585    0.013322
16586    0.009842
16862    0.006184
16907    0.004908
16923    0.004892
16941    0.003295
16944    0.004752
17027    0.005858
17029    0.007775
17095    0.009061
17117    0.004308
17411    0.026230
17484    0.002939
17685    0.010348
17760    0.013574
17870    0.027536
17967    0.031765
18005    0.004493
18091    0.009960
18158    0.006591
18167    0.005425
18182    0.016317
18392    0.010807
18435    0.006239
18553    0.008602
18600    0.014137
18609    0.017797
18652    0.004576
18696    0.010348
18898    0.006687
18901    0.008154
18903    0.008337
18904    0.008602
19177    0.005058
19225    0.005930
19226    0.004184
19327    0.008319
19366    0.002450
19562    0.023476
19718    0.020160
19818    0.015883
19844    0.001649
19997    0.008040
20070    0.023657
20090    0.017945
20171    0.015883
20260    0.001499
20261    0.011168
20276    0.013115
20452    0.006294
20475    0.053065
20477    0.008040
20557    0.011669
20563    0.009520
20582    0.006622
20620    0.005254
20648    0.006927
20716    0.006963
20803    0.006998
20841    0.009296
20844    0.003681
20946    0.004752
20964    0.005387
20983    0.005507
21057    0.005979
21129    0.019874
21139    0.010492
21150    0.008040
21243    0.011991
21247    0.005111
21286    0.013574
21332    0.012727
