294
413    0.010212
469    0.004928
553    0.015834
568    0.006096
1173    0.008215
1245    0.012131
1272    0.005782
1274    0.007664
1278    0.007075
1451    0.003769
1529    0.012192
1604    0.007221
1699    0.001880
1741    0.008902
1746    0.004856
1853    0.009424
1928    0.025395
2102    0.007925
2120    0.005021
2165    0.017891
2166    0.009561
2173    0.004719
2236    0.009056
2660    0.009424
2711    0.006687
2713    0.009056
2744    0.004241
2775    0.010863
2819    0.005021
3143    0.012697
3351    0.017681
3397    0.006424
3400    0.008377
3473    0.011158
3483    0.025558
3567    0.003725
3619    0.006158
3647    0.004467
3693    0.008946
3743    0.004736
3996    0.009424
4017    0.008644
4037    0.024194
4040    0.010624
4133    0.009294
4137    0.003858
4179    0.007726
4240    0.035688
4245    0.010830
4286    0.010863
4456    0.006496
4487    0.010624
4498    0.012192
4500    0.007029
4689    0.008551
4706    0.014266
4735    0.014266
4949    0.006767
5047    0.014755
5055    0.007664
5074    0.005262
5075    0.005510
5079    0.005179
5220    0.006809
5265    0.021249
5351    0.012192
5393    0.012192
5480    0.007324
5578    0.006006
5717    0.006158
6050    0.005392
6202    0.009561
6276    0.010863
6372    0.003769
6403    0.007726
6452    0.008139
6560    0.011431
6632    0.015846
6651    0.011728
6655    0.024507
6707    0.005370
6758    0.017265
6876    0.024385
6908    0.003916
7181    0.005283
7305    0.011780
7318    0.025395
7342    0.009294
7391    0.009863
7427    0.015834
7464    0.008551
7537    0.009561
7569    0.008215
7748    0.007377
7802    0.004198
7935    0.007432
7969    0.009424
8007    0.010212
8079    0.010863
8099    0.009863
8323    0.005704
8407    0.006851
8445    0.014266
8476    0.010119
8500    0.003482
8552    0.039452
8585    0.009863
8613    0.013066
8624    0.006533
8630    0.002720
8789    0.022258
8996    0.007545
9282    0.004736
9320    0.006609
9335    0.012697
9375    0.008551
9411    0.003006
9455    0.007726
9457    0.010031
9502    0.012849
9518    0.003369
9533    0.004928
9777    0.007324
9829    0.013348
9872    0.010031
10016    0.010863
10114    0.015834
10210    0.014266
10246    0.010624
10263    0.009424
10425    0.012697
10509    0.006460
10510    0.007726
10559    0.015834
10572    0.011431
10620    0.022862
10844    0.009056
10892    0.007080
10922    0.020817
10923    0.011129
11103    0.001796
11146    0.005283
11181    0.030659
11182    0.007856
11196    0.007664
11207    0.011357
11289    0.005977
11350    0.014266
11528    0.005241
11531    0.005348
11683    0.002983
11684    0.007377
11750    0.004241
11757    0.005304
11758    0.012697
11841    0.005226
11851    0.014266
11895    0.009561
12048    0.006096
12084    0.006460
12085    0.011014
12337    0.008644
12345    0.004323
12362    0.014266
12363    0.014266
12415    0.004874
12579    0.012192
12588    0.012192
12684    0.006665
12855    0.007324
12987    0.004545
13014    0.006963
13154    0.005977
13157    0.006727
13177    0.008644
13374    0.013348
13434    0.005751
13466    0.014816
13516    0.026696
13601    0.007221
13756    0.009707
13770    0.009707
13822    0.014266
14065    0.005612
14073    0.010967
14298    0.010409
14303    0.004559
14406    0.004804
14527    0.008215
14681    0.010031
14685    0.012697
14702    0.014266
14717    0.006609
14742    0.022627
14749    0.005415
14796    0.005060
14826    0.009424
14868    0.008551
14871    0.011129
14985    0.011431
15130    0.009172
15140    0.004337
15142    0.006190
15204    0.005262
15410    0.006460
15699    0.010624
15754    0.013348
15779    0.007726
15822    0.004703
15827    0.008840
16007    0.008644
16034    0.011839
16244    0.011431
16353    0.007123
16432    0.006127
16485    0.005138
16527    0.005304
16529    0.004513
16576    0.012192
16585    0.011966
16586    0.008840
16724    0.005507
16862    0.011110
16907    0.004409
16923    0.004394
16941    0.002960
16944    0.004268
17027    0.005262
17029    0.006983
17095    0.008139
17117    0.003869
17411    0.023560
17484    0.002639
17669    0.003758
17685    0.009294
17760    0.012192
17870    0.029679
17967    0.028531
18003    0.006036
18005    0.004035
18158    0.005920
18167    0.004873
18182    0.014655
18392    0.009707
18435    0.005603
18553    0.007726
18600    0.012697
18609    0.015985
18652    0.008220
18696    0.009294
18898    0.006006
18901    0.007324
18903    0.007488
18904    0.007726
19177    0.004543
19225    0.005326
19226    0.003758
19327    0.007472
19366    0.002201
19562    0.028115
19718    0.018107
19818    0.014266
19844    0.001481
19997    0.007221
20070    0.021249
20090    0.016118
20171    0.014266
20260    0.001346
20261    0.010031
20276    0.011780
20452    0.005653
20475    0.047662
20477    0.007221
20557    0.010481
20563    0.008551
20582    0.005948
20620    0.004719
20648    0.012444
20695    0.006894
20716    0.006254
20803    0.006285
20841    0.008349
20844    0.003306
20946    0.004268
20964    0.004839
20983    0.004946
21057    0.005370
21129    0.021420
21139    0.009424
21150    0.007222
21243    0.010771
21247    0.004591
21286    0.012192
21332    0.011431
