107
469    0.015022
610    0.018219
822    0.023946
953    0.034846
1204    0.016716
1260    0.025536
1309    0.031697
1741    0.009045
2003    0.019268
2114    0.019166
2165    0.027269
2173    0.014385
2174    0.022655
3016    0.032386
3096    0.022326
3284    0.029589
3351    0.026948
3501    0.025043
3583    0.010584
3615    0.022013
3743    0.014436
4128    0.029589
4240    0.019779
4406    0.024364
4636    0.022326
4637    0.047492
4639    0.023746
4662    0.051243
4926    0.017546
4949    0.020629
5043    0.007102
5093    0.019915
5610    0.026641
6133    0.033925
6596    0.012152
6651    0.017874
6679    0.048728
7393    0.021568
7524    0.013802
7619    0.015134
8068    0.019268
8099    0.030065
8777    0.041511
9143    0.018771
9297    0.025796
9411    0.009163
9454    0.013991
9647    0.049166
11103    0.005476
11160    0.020505
11216    0.030065
11636    0.031128
12166    0.017959
12365    0.018045
12548    0.015602
12551    0.012568
12605    0.018582
12606    0.029144
12675    0.029824
12817    0.016437
13355    0.056134
13466    0.011291
13751    0.028332
13756    0.029589
13896    0.024583
14480    0.097918
14481    0.047892
14537    0.027146
14742    0.024634
14815    0.029078
14816    0.029589
15142    0.075471
15400    0.020884
15791    0.037165
15841    0.030576
15903    0.028332
15910    0.017466
16034    0.018045
16527    0.032339
16529    0.013756
16531    0.025796
16585    0.014029
16734    0.009681
16921    0.038535
16941    0.009022
17053    0.019477
17105    0.013991
17531    0.013756
17830    0.033865
18057    0.026348
18167    0.007427
18731    0.026066
19226    0.011455
19485    0.019692
19649    0.027605
19685    0.053877
19773    0.012116
19997    0.022013
20000    0.037166
20251    0.019803
20275    0.011830
20582    0.018131
20672    0.024583
20841    0.025451
21094    0.022326
21243    0.010944
21247    0.006997
