152
822    0.016855
1116    0.014793
1184    0.020109
1206    0.028640
1272    0.012407
1436    0.012239
1663    0.033973
1681    0.013939
1698    0.009217
1741    0.006367
1862    0.006924
1919    0.011919
2113    0.013785
2173    0.010126
2239    0.021911
2344    0.008205
2846    0.023879
3096    0.015715
3351    0.018968
3485    0.014609
3583    0.007450
3615    0.015494
3743    0.010161
3859    0.023307
3944    0.021547
4179    0.049733
4240    0.006961
4260    0.012294
4262    0.016714
4406    0.017149
4492    0.073432
4536    0.014179
4650    0.032132
4666    0.014983
4697    0.012465
4821    0.028640
5096    0.017803
5581    0.033973
5582    0.033973
5628    0.009715
5746    0.022333
5836    0.023879
5879    0.013146
5899    0.014887
5923    0.021911
6042    0.016855
6130    0.018968
6310    0.022796
6372    0.008086
6679    0.017149
6962    0.027244
7048    0.012701
7099    0.033710
7349    0.017798
7351    0.023432
7466    0.011970
7481    0.033973
7486    0.012294
7524    0.009715
7754    0.014520
7871    0.030609
8040    0.008606
8077    0.020220
8110    0.022796
8417    0.011381
8480    0.033973
8630    0.023349
8777    0.014609
8781    0.010458
9143    0.013213
9299    0.023879
9647    0.017304
9782    0.019942
9859    0.023879
10074    0.009748
10096    0.016315
10248    0.047758
10261    0.008502
10803    0.013562
11160    0.014433
11216    0.021162
11398    0.020827
11495    0.033973
11887    0.020220
11973    0.017627
11975    0.064566
12085    0.035449
12109    0.030362
12606    0.020514
12889    0.007791
12983    0.009882
12999    0.011185
13294    0.018968
13295    0.017627
13352    0.010270
13355    0.007902
13357    0.004757
13434    0.003085
13751    0.019942
13909    0.013419
13992    0.021522
14314    0.014347
14323    0.035601
14480    0.124061
14481    0.050565
14742    0.006936
14815    0.020468
14919    0.019942
14997    0.015494
15142    0.013281
15204    0.011290
15400    0.014700
15542    0.023879
15551    0.012294
15695    0.012701
15791    0.026160
15841    0.021522
15889    0.017798
15912    0.008765
15940    0.020514
15942    0.021162
16094    0.012701
16148    0.016445
16529    0.029047
16585    0.005925
16732    0.016903
16734    0.006815
16921    0.040687
16944    0.009158
17300    0.024527
17366    0.012950
17780    0.019680
17854    0.014983
17928    0.025275
18167    0.005228
18179    0.012130
18468    0.020827
18499    0.013939
19009    0.021911
19136    0.021162
19143    0.039885
19485    0.041583
19685    0.025282
19707    0.011112
19785    0.009367
20251    0.013939
20260    0.011552
20582    0.012762
20771    0.014520
20841    0.026872
21118    0.013146
21312    0.028640
