43
1451    0.033996
1462    0.090481
1603    0.057324
1928    0.114535
2248    0.074106
3271    0.095835
3343    0.087560
3583    0.031320
3942    0.061419
4023    0.035637
5220    0.122838
5745    0.058273
6598    0.036848
7223    0.092114
7962    0.085006
8269    0.064691
8271    0.117863
8272    0.063823
8630    0.024540
9411    0.054230
10358    0.072745
11758    0.114535
12345    0.038998
12551    0.037191
12999    0.047023
13213    0.097985
13983    0.077135
14145    0.061419
14148    0.063402
14150    0.065598
14439    0.103182
14742    0.014579
16498    0.076335
16585    0.008303
16743    0.061800
17051    0.041832
17854    0.062990
18609    0.072097
18882    0.030808
19410    0.026423
19562    0.063402
19844    0.013360
20768    0.033605
