440
147    0.002998
298    0.006072
321    0.008600
456    0.010202
490    0.008600
526    0.006706
572    0.008181
575    0.006845
583    0.011262
610    0.007702
639    0.010202
689    0.005150
703    0.009191
773    0.008145
929    0.006999
1097    0.006835
1116    0.017768
1184    0.003019
1240    0.003235
1262    0.004186
1279    0.006160
1413    0.005344
1433    0.005569
1458    0.009306
1680    0.004308
1681    0.004186
1689    0.006495
1846    0.003564
1847    0.004719
1853    0.006072
1862    0.002079
1918    0.004283
1946    0.005150
2000    0.010202
2102    0.002553
2165    0.005764
2166    0.006160
2170    0.005293
2236    0.005835
2333    0.005910
2375    0.006355
2432    0.007047
2486    0.014731
2617    0.005452
2622    0.006254
2675    0.004258
2775    0.013998
2819    0.003235
2865    0.014341
2867    0.004162
3182    0.010202
3212    0.009191
3315    0.004825
3351    0.005696
3358    0.006845
3483    0.016467
3583    0.002237
3632    0.004186
3872    0.010202
3911    0.007521
3932    0.007365
3993    0.009191
4023    0.005091
4037    0.005196
4042    0.010202
4063    0.007171
4071    0.006463
4091    0.010202
4127    0.008181
4137    0.002486
4181    0.010202
4195    0.002750
4202    0.004334
4240    0.008361
4245    0.010466
4299    0.010202
4310    0.008181
4450    0.011071
4461    0.003796
4536    0.012774
4562    0.006845
4613    0.006845
4622    0.007590
4666    0.004499
4678    0.004117
4729    0.003324
4774    0.004789
4859    0.005510
4872    0.004686
4873    0.005631
5043    0.003002
5074    0.006780
5075    0.014201
5079    0.003337
5170    0.005510
5332    0.006160
5345    0.018383
5451    0.020404
5487    0.008721
5495    0.001957
5563    0.004095
5806    0.004719
5919    0.006580
5921    0.009191
5924    0.004825
5991    0.003743
6050    0.006949
6365    0.003363
6372    0.009713
6447    0.010202
6584    0.010202
6622    0.006580
6651    0.007556
6652    0.007856
6653    0.013998
6655    0.019738
6690    0.009191
6881    0.009956
6955    0.006254
6959    0.006463
6984    0.003041
7020    0.007365
7028    0.007171
7044    0.006072
7049    0.010202
7097    0.011783
7188    0.007221
7192    0.004360
7241    0.009723
7243    0.008600
7253    0.018383
7330    0.003051
7343    0.004789
7355    0.006160
7383    0.008600
7387    0.006355
7463    0.005835
7466    0.003595
7559    0.005696
7600    0.004589
7607    0.005344
7631    0.008102
7650    0.003814
7753    0.008357
7802    0.001352
7962    0.006072
8019    0.004913
8040    0.007753
8099    0.006355
8107    0.002333
8138    0.020404
8139    0.010202
8153    0.005244
8200    0.012418
8220    0.004861
8223    0.008999
8500    0.006730
8533    0.006753
8552    0.006355
8553    0.014341
8568    0.013648
8581    0.013572
8596    0.002707
8601    0.014366
8630    0.012270
8711    0.003533
8785    0.006463
8786    0.004559
8789    0.007171
8805    0.008668
8872    0.006355
8883    0.036766
8996    0.014584
8997    0.008181
9009    0.004978
9072    0.018383
9179    0.004334
9209    0.002326
9268    0.010202
9282    0.003051
9299    0.007171
9347    0.007171
9375    0.005510
9454    0.002957
9459    0.004825
9739    0.005019
9764    0.007590
9813    0.008600
9824    0.005150
9870    0.009191
9879    0.010202
9887    0.007856
9897    0.006355
9947    0.002380
9960    0.013413
9961    0.005764
9976    0.010905
10026    0.015712
10032    0.010202
10074    0.002927
10079    0.009191
10221    0.006706
10261    0.002553
10263    0.012144
10341    0.010795
10589    0.003796
10725    0.008181
10773    0.003474
10784    0.011392
10803    0.004073
10846    0.010253
10892    0.002281
10895    0.006254
11165    0.006072
11181    0.008466
11195    0.006463
11196    0.009876
11201    0.002414
11203    0.007189
11207    0.003659
11225    0.004258
11279    0.003726
11282    0.004789
11313    0.007590
11355    0.007931
11434    0.002804
11439    0.004162
11519    0.004139
11567    0.004442
11591    0.004978
11683    0.003844
11750    0.005465
11838    0.016362
11841    0.011785
11895    0.012320
11915    0.008600
11977    0.010202
12005    0.004104
12006    0.004861
12085    0.003548
12143    0.008181
12334    0.010202
12337    0.005569
12348    0.005293
12415    0.003140
12522    0.010050
12551    0.005313
12591    0.003030
12613    0.004653
12659    0.003446
12675    0.003152
12684    0.008589
12855    0.002359
12873    0.005910
12927    0.003446
12928    0.003726
12932    0.004387
12942    0.006355
12967    0.006580
12987    0.002929
12999    0.001679
13031    0.006845
13050    0.002576
13145    0.004789
13154    0.007702
13179    0.003796
13228    0.003272
13310    0.006254
13327    0.010202
13328    0.010202
13354    0.006072
13361    0.004186
13370    0.004719
13388    0.003851
13410    0.007171
13434    0.003705
13466    0.004773
13580    0.002486
13719    0.009191
13743    0.006160
13762    0.014731
13866    0.004233
13869    0.006999
13886    0.002546
13897    0.004789
13942    0.036766
13943    0.020404
14065    0.006026
14231    0.006580
14307    0.010202
14314    0.004308
14322    0.004653
14355    0.007171
14371    0.008600
14439    0.004913
14440    0.006580
14527    0.010587
14604    0.002183
14609    0.010202
14669    0.006580
14719    0.005397
14742    0.006248
14773    0.005196
14837    0.010202
14857    0.004209
14863    0.004861
14865    0.007895
14876    0.008600
14917    0.005019
14928    0.007171
14943    0.011977
15034    0.010202
15212    0.005061
15410    0.008325
15414    0.010202
15493    0.006072
15497    0.003418
15503    0.004073
15614    0.010202
15672    0.010905
15713    0.004719
15778    0.007628
15779    0.004978
15912    0.002632
16034    0.003814
16037    0.007590
16058    0.006580
16060    0.003988
16143    0.007171
16204    0.005910
16237    0.002804
16489    0.005105
16585    0.000593
16597    0.009191
16729    0.001663
16732    0.002538
16734    0.014324
16791    0.014157
16958    0.004334
17044    0.013411
17105    0.002957
17117    0.004986
17144    0.002300
17320    0.011392
17366    0.003889
17446    0.007856
17480    0.009242
17530    0.006706
17654    0.005452
17741    0.006845
17761    0.005293
17774    0.007365
17830    0.003579
17870    0.009561
17949    0.008829
17966    0.003928
18158    0.007628
18182    0.004721
18203    0.006780
18205    0.005510
18282    0.001582
18284    0.010202
18340    0.004162
18385    0.006072
18460    0.006160
18462    0.004753
18463    0.008181
18468    0.006254
18493    0.005397
18520    0.010202
18531    0.009191
18549    0.005764
18553    0.004978
18561    0.006072
18652    0.002648
18815    0.013691
18887    0.004686
18952    0.010202
18953    0.009191
19010    0.005105
19064    0.006463
19106    0.004529
19169    0.004095
19173    0.004861
19225    0.006863
19226    0.019370
19261    0.003051
19410    0.003775
19444    0.004861
19457    0.005061
19562    0.027172
19568    0.006072
19586    0.006580
19589    0.005019
19661    0.006845
19757    0.005061
19773    0.002561
19776    0.010202
19817    0.003988
19844    0.000954
19982    0.007365
20043    0.006463
20070    0.006845
20090    0.005193
20099    0.008600
20100    0.008467
20101    0.017201
20212    0.010202
20232    0.008600
20234    0.008181
20252    0.008181
20260    0.005204
20475    0.074580
20477    0.032570
20480    0.011528
20557    0.013507
20713    0.002759
20778    0.004789
20782    0.005569
20807    0.004387
20868    0.004499
20891    0.020404
20893    0.010202
20894    0.002813
20901    0.009491
21005    0.003260
21058    0.002988
21083    0.004258
21094    0.004719
21115    0.004787
21122    0.006700
21126    0.005510
21129    0.006901
21132    0.004529
21139    0.006072
21150    0.004653
21243    0.006940
21247    0.008874
21287    0.006999
21290    0.011126
