243
314    0.009737
413    0.015045
428    0.011203
430    0.018707
455    0.007815
610    0.008806
843    0.015335
974    0.011203
1151    0.023328
1190    0.010791
1245    0.008937
1322    0.023328
1361    0.017356
1413    0.012221
1438    0.014532
1699    0.008310
1741    0.008744
1746    0.007155
1918    0.009794
2028    0.021018
2167    0.014532
2226    0.011776
2330    0.023328
2432    0.004028
2688    0.008149
2706    0.006496
2713    0.013343
2742    0.014532
2746    0.023328
2826    0.011292
2867    0.009518
3140    0.011574
3400    0.012342
3444    0.035927
3451    0.008849
3483    0.009414
3567    0.005489
3647    0.006582
3840    0.021018
3912    0.011292
4017    0.012735
4037    0.023763
4137    0.005684
4141    0.019821
4240    0.009560
4245    0.015956
4488    0.011383
4515    0.015335
4516    0.020188
4637    0.011477
4701    0.011477
4872    0.010714
5074    0.007752
5079    0.015260
5093    0.009625
5109    0.023328
5110    0.013514
5232    0.012735
5537    0.009971
5549    0.010158
5550    0.011991
5559    0.023328
5717    0.009073
5890    0.023328
6087    0.016842
6133    0.016397
6219    0.017964
6620    0.014086
6651    0.017279
6675    0.014086
6907    0.014532
6918    0.009313
7024    0.017964
7112    0.017356
7180    0.011032
7199    0.007207
7261    0.014532
7317    0.017964
7397    0.017964
7460    0.010158
7531    0.006056
7562    0.015335
7798    0.011882
7985    0.011477
8040    0.011818
8181    0.007630
8186    0.023148
8188    0.016004
8195    0.023328
8218    0.005667
8252    0.014302
8630    0.012025
8712    0.012104
8787    0.014086
8802    0.017964
8996    0.044466
9146    0.016004
9192    0.016842
9214    0.010714
9375    0.012599
9411    0.004429
9644    0.019587
9678    0.019666
9873    0.007261
9877    0.015335
10038    0.017356
10261    0.005838
10263    0.013884
10341    0.012342
10342    0.018707
10343    0.014086
10422    0.030282
10435    0.018707
10478    0.010950
10524    0.023328
10605    0.007002
11051    0.011477
11103    0.002647
11112    0.006474
11146    0.015567
11181    0.019359
11225    0.019473
11304    0.021018
11312    0.021018
11355    0.004534
11444    0.008256
11519    0.009465
11528    0.007721
11534    0.013884
11569    0.006626
11891    0.014086
11895    0.014086
12017    0.017964
12151    0.016004
12300    0.011963
12332    0.014532
12337    0.012735
12532    0.023328
12660    0.008404
12684    0.004910
12765    0.007288
12864    0.007261
12932    0.010032
12987    0.006697
13009    0.015335
13087    0.014086
13154    0.008806
13195    0.011203
13466    0.005457
13535    0.014086
13580    0.005684
13581    0.013025
13754    0.015653
13886    0.005821
13896    0.011882
13910    0.012822
13939    0.013712
14065    0.005512
14119    0.023328
14131    0.011116
14311    0.023328
14439    0.022471
14445    0.009971
14604    0.009982
14742    0.002381
14749    0.015956
14824    0.011032
14917    0.011477
14919    0.013694
14926    0.021018
15003    0.012877
15011    0.016842
15042    0.017964
15063    0.006671
15333    0.012468
15373    0.019666
15672    0.012468
15779    0.011383
15807    0.037027
15822    0.006928
15848    0.011776
15883    0.023328
15922    0.017356
15923    0.021018
16012    0.011574
16055    0.023328
16058    0.015045
16116    0.006928
16144    0.016004
16207    0.010356
16241    0.029732
16441    0.018707
16485    0.007570
16585    0.001356
16586    0.026050
16950    0.011203
17025    0.009737
17366    0.008893
17484    0.003889
17776    0.016842
17870    0.014576
17873    0.011477
17875    0.009518
17913    0.011203
17917    0.018707
18123    0.021018
18260    0.014779
18282    0.007233
18417    0.014302
18462    0.010869
18482    0.013343
18663    0.019666
18883    0.007155
18898    0.008849
18904    0.011383
19278    0.008370
19279    0.014086
19327    0.011009
19370    0.007426
19460    0.005411
19649    0.013343
19718    0.017785
19773    0.005856
19844    0.002182
20100    0.009681
20226    0.011991
20260    0.001983
20274    0.008114
20475    0.020064
20477    0.053197
20479    0.023328
20480    0.039540
20529    0.023328
20557    0.023164
20713    0.006309
20717    0.011890
20723    0.021018
20868    0.015432
20976    0.016004
21150    0.002660
21247    0.003382
21279    0.008366
21292    0.013343
