385
186    0.012343
411    0.007453
420    0.006891
449    0.005928
451    0.004312
460    0.005008
507    0.012343
702    0.004593
719    0.011121
773    0.004927
978    0.005008
1175    0.009898
1187    0.010405
1199    0.007689
1215    0.008676
1242    0.004427
1245    0.004728
1309    0.004053
1456    0.005629
1458    0.011259
1479    0.006023
1490    0.003317
1506    0.011121
1682    0.006466
1689    0.003929
1698    0.003349
1699    0.002931
1725    0.011674
1740    0.004508
1741    0.006939
1814    0.007819
1830    0.008114
1846    0.004312
1899    0.008676
1914    0.008114
1918    0.005182
1935    0.011121
1936    0.028514
2092    0.011949
2165    0.013947
2166    0.007453
2173    0.003679
2348    0.012343
2375    0.007689
2383    0.008911
2388    0.007245
2400    0.017351
2418    0.008114
2439    0.009898
2745    0.003666
2865    0.008676
2915    0.008282
3249    0.008114
3284    0.015134
3315    0.005837
3341    0.003959
3351    0.013783
3571    0.004550
3664    0.006344
3672    0.006073
3797    0.007150
4040    0.008282
4057    0.012343
4202    0.005244
4240    0.037936
4245    0.021105
4260    0.004467
4349    0.009505
4487    0.008282
4488    0.006023
4516    0.010682
4546    0.009505
4659    0.010405
4666    0.005444
4729    0.004021
4819    0.012343
4836    0.008676
4870    0.003813
4949    0.005275
5043    0.003632
5093    0.005093
5153    0.006597
5331    0.005928
5355    0.007346
5393    0.009505
5495    0.002368
5501    0.002450
5548    0.005516
5562    0.012573
5608    0.010405
5769    0.003483
6317    0.024686
6323    0.005710
6372    0.011752
6403    0.006023
6434    0.007960
6596    0.003108
6651    0.009142
6730    0.011121
6758    0.002692
6778    0.007346
6819    0.006344
6828    0.004550
6891    0.006231
6908    0.003052
6931    0.006597
6944    0.008282
7010    0.006023
7166    0.005064
7181    0.004118
7186    0.008114
7325    0.005479
7332    0.009505
7447    0.009505
7508    0.005516
7537    0.007453
7619    0.003870
7802    0.006545
7909    0.006073
7989    0.004312
8019    0.008917
8078    0.002482
8099    0.007689
8116    0.002677
8181    0.004037
8327    0.007689
8362    0.005244
8448    0.013783
8504    0.006974
8534    0.003975
8568    0.002752
8579    0.012343
8591    0.019796
8596    0.006550
8630    0.002121
8824    0.008676
8996    0.035290
9200    0.003359
9209    0.005629
9282    0.003692
9357    0.013783
9361    0.004349
9432    0.007819
9518    0.013132
9533    0.003842
9644    0.010364
9873    0.003842
10230    0.007346
10244    0.011763
10245    0.007689
10486    0.006666
10510    0.006023
10564    0.007245
10572    0.008911
10609    0.007689
10689    0.005152
10844    0.014119
10897    0.003603
10898    0.006404
10922    0.008114
10923    0.017351
11103    0.001400
11143    0.012343
11156    0.008282
11180    0.002767
11181    0.010243
11206    0.006023
11213    0.003929
11235    0.008676
11279    0.004508
11341    0.006073
11348    0.012343
11434    0.003392
11439    0.005036
11464    0.012343
11472    0.008676
11531    0.008338
11561    0.007567
11581    0.004981
11657    0.008676
11661    0.005928
11683    0.002325
11750    0.003306
11841    0.002037
12133    0.006738
12345    0.006740
12415    0.007599
12551    0.003214
12588    0.009505
12605    0.004752
12660    0.004447
12684    0.005196
12765    0.003856
12836    0.006738
12855    0.005709
12904    0.006468
12911    0.003975
12919    0.008676
12944    0.013194
12983    0.003590
12987    0.005315
13014    0.002714
13087    0.007453
13154    0.004659
13179    0.009185
13195    0.005928
13347    0.005710
13351    0.002896
13355    0.005742
13356    0.006738
13388    0.004659
13434    0.001121
13452    0.011121
13470    0.005710
13497    0.006666
13541    0.005409
13580    0.003007
13601    0.005629
13741    0.009898
13756    0.007567
13765    0.008114
13774    0.008911
14065    0.001458
14073    0.004275
14131    0.005882
14160    0.005928
14166    0.049692
14190    0.010405
14226    0.008911
14339    0.004752
14340    0.004954
14425    0.005808
14439    0.002972
14575    0.012343
14599    0.012343
14717    0.005152
14742    0.011339
14749    0.004221
14769    0.028755
14796    0.007888
14805    0.011121
14857    0.010186
14874    0.004447
14920    0.006404
14980    0.008676
15021    0.012343
15032    0.010958
15033    0.005710
15142    0.024125
15143    0.008114
15152    0.012343
15344    0.004508
15453    0.012343
15468    0.004875
15474    0.007346
15656    0.006530
15677    0.006974
15778    0.009229
15779    0.006023
15785    0.008911
15822    0.003666
15903    0.007245
15910    0.004467
16001    0.007819
16016    0.012343
16116    0.003666
16204    0.007150
16207    0.005479
16241    0.010487
16244    0.008911
16432    0.004776
16437    0.005152
16529    0.003518
16585    0.012198
16586    0.006891
16729    0.002012
16732    0.003071
16791    0.005710
16836    0.009505
16880    0.004239
16883    0.008911
16923    0.003426
16944    0.003327
16960    0.008468
17037    0.003900
17056    0.007245
17061    0.007960
17095    0.006344
17123    0.007060
17265    0.012343
17369    0.004901
17407    0.003975
17426    0.013476
17438    0.005629
17444    0.008911
17447    0.006023
17484    0.004115
17489    0.010405
17524    0.004850
17782    0.004330
17819    0.007689
17830    0.004330
17870    0.007712
17913    0.005928
17949    0.005341
17963    0.006404
17964    0.006466
18082    0.005275
18158    0.004615
18167    0.001899
18182    0.011425
18366    0.007453
18462    0.011502
18467    0.007960
18553    0.006023
18609    0.012461
18785    0.008114
18885    0.007567
18898    0.004682
18903    0.005837
18904    0.018069
19037    0.005093
19043    0.003414
19177    0.003542
19204    0.009802
19212    0.005036
19226    0.014647
19232    0.003870
19278    0.002214
19327    0.008738
19366    0.003431
19426    0.004848
19449    0.012343
19460    0.002863
19464    0.003448
19477    0.010405
19562    0.016438
19614    0.010405
19623    0.009183
19718    0.014115
19736    0.004981
19757    0.006124
19830    0.005182
19843    0.012343
19844    0.001155
19920    0.011121
20005    0.009183
20018    0.011121
20048    0.008468
20070    0.008282
20090    0.012565
20100    0.005122
20170    0.009898
20260    0.003148
20265    0.012343
20266    0.009183
20336    0.008282
20475    0.074309
20477    0.011259
20557    0.024512
20563    0.006666
20582    0.004637
20713    0.003338
20717    0.018874
20841    0.006509
20868    0.005443
20892    0.012343
20915    0.006530
20927    0.002990
20946    0.013309
20955    0.009183
20956    0.004901
21058    0.003615
21115    0.002896
21129    0.002783
21139    0.007346
21150    0.005630
21210    0.009505
21243    0.002799
21247    0.003579
21286    0.009505
21294    0.012343
21297    0.008468
21332    0.008911
21346    0.006666
