465
102    0.015817
285    0.011252
413    0.007257
443    0.006211
449    0.005403
450    0.005028
568    0.004332
666    0.004809
717    0.008371
843    0.007396
971    0.008371
1178    0.009023
1214    0.007396
1222    0.005838
1240    0.003568
1272    0.004109
1309    0.003695
1360    0.007719
1433    0.006142
1451    0.005356
1458    0.005132
1490    0.006047
1526    0.009485
1641    0.011252
1689    0.003582
1699    0.001336
1712    0.003964
1725    0.005321
1732    0.010137
1740    0.008218
1741    0.002109
1746    0.003451
1846    0.003930
1936    0.008664
2057    0.008371
2059    0.010137
2120    0.003568
2121    0.008664
2152    0.011252
2167    0.007009
2169    0.011252
2173    0.003353
2226    0.005680
2277    0.002362
2303    0.011252
2420    0.011252
2432    0.001943
2567    0.006518
2644    0.004899
2648    0.011252
2669    0.015438
2673    0.008371
2684    0.003785
2706    0.003133
2710    0.004167
2744    0.006027
2802    0.008371
2811    0.009485
2868    0.010137
3053    0.004752
3077    0.004227
3089    0.005372
3315    0.005321
3351    0.012564
3442    0.009023
3632    0.004616
3653    0.009023
3694    0.006697
3695    0.011252
3734    0.005096
3743    0.003365
3824    0.006794
3854    0.006518
3879    0.007396
3886    0.005132
4017    0.012284
4037    0.011461
4056    0.007550
4087    0.013796
4118    0.005894
4137    0.005483
4138    0.007908
4195    0.003033
4240    0.039193
4245    0.011543
4461    0.004187
4463    0.004809
4488    0.005490
4516    0.014606
4532    0.006697
4578    0.005783
4603    0.008664
4729    0.003666
4767    0.007257
4775    0.007550
4836    0.007908
4870    0.003476
4872    0.005168
4942    0.008664
5020    0.004591
5028    0.005490
5043    0.001656
5073    0.011252
5074    0.003739
5075    0.007831
5153    0.006014
5157    0.010137
5170    0.006077
5260    0.009131
5329    0.007719
5384    0.010137
5495    0.004317
5501    0.002233
5507    0.007128
5524    0.005953
5537    0.004809
5562    0.005731
5570    0.006435
5583    0.007009
5606    0.009023
5610    0.006211
5717    0.004376
5816    0.007009
5989    0.008371
5992    0.007908
6036    0.005490
6114    0.007908
6180    0.006697
6192    0.007009
6275    0.006898
6346    0.011252
6372    0.002678
6393    0.010137
6429    0.004540
6460    0.011461
6472    0.006211
6501    0.006518
6527    0.008123
6596    0.002833
6598    0.002903
6643    0.009485
6651    0.020834
6655    0.004354
6705    0.003816
6719    0.003785
6774    0.010137
6819    0.005783
6878    0.011252
6908    0.002782
6930    0.006077
6931    0.006014
6984    0.003353
7168    0.002239
7287    0.008123
7319    0.007719
7347    0.011252
7446    0.006898
7466    0.003964
7508    0.005028
7531    0.005842
7551    0.010137
7617    0.009485
7696    0.007009
7697    0.007396
7802    0.002983
7833    0.002885
7902    0.005630
7944    0.007908
7965    0.010335
8001    0.005731
8019    0.005419
8040    0.005700
8078    0.011314
8107    0.002573
8181    0.003680
8188    0.007719
8218    0.005467
8254    0.006518
8323    0.004053
8449    0.006794
8452    0.007396
8500    0.002474
8509    0.007550
8533    0.003724
8630    0.001933
8638    0.004669
8651    0.009485
8654    0.009485
8707    0.011252
8726    0.006435
8737    0.006518
8780    0.009485
8783    0.003709
8803    0.008664
8906    0.011252
8996    0.026808
8997    0.009023
9016    0.004017
9023    0.008454
9028    0.010137
9044    0.006898
9127    0.005536
9136    0.004869
9167    0.008664
9320    0.004696
9327    0.010137
9375    0.012153
9479    0.011252
9502    0.004565
9518    0.004788
9626    0.011252
9631    0.004289
9664    0.003769
9765    0.007257
9898    0.005731
9947    0.002625
9979    0.005953
10074    0.006457
10175    0.004376
10251    0.006077
10289    0.010137
10324    0.009485
10338    0.003218
10341    0.005953
10409    0.007009
10435    0.009023
10605    0.006755
10609    0.014018
10784    0.006282
10810    0.008123
10924    0.011252
11165    0.006697
11172    0.011252
11177    0.007908
11180    0.002523
11193    0.009023
11196    0.005446
11207    0.004035
11213    0.003582
11218    0.004814
11320    0.006794
11341    0.005536
11374    0.007719
11386    0.003816
11434    0.009277
11444    0.003982
11531    0.003800
11591    0.005490
11642    0.008371
11645    0.011252
11657    0.015817
11683    0.008478
11729    0.003695
11750    0.003014
11782    0.002791
11841    0.001857
11999    0.009485
12017    0.008664
12045    0.004809
12049    0.007009
12233    0.006518
12236    0.008123
12272    0.006898
12283    0.006647
12300    0.002885
12324    0.007908
12337    0.012284
12364    0.007009
12551    0.002930
12591    0.003342
12611    0.011252
12632    0.007396
12662    0.008371
12677    0.005953
12853    0.003582
12855    0.002602
12864    0.003502
12865    0.006435
12907    0.004516
12922    0.011252
12940    0.006697
12983    0.003273
12987    0.003230
13014    0.002474
13050    0.005683
13061    0.008664
13087    0.013588
13125    0.005168
13154    0.008495
13177    0.006142
13206    0.011252
13348    0.004591
13351    0.002640
13357    0.001575
13388    0.008495
13421    0.010137
13434    0.008173
13472    0.010335
13475    0.007719
13497    0.006077
13514    0.014793
13541    0.004930
13647    0.008956
13709    0.010137
13723    0.010137
13738    0.009023
13741    0.009023
13763    0.010137
13886    0.002807
13912    0.006697
13922    0.009023
13939    0.003307
14065    0.002659
14131    0.005362
14160    0.005403
14166    0.015099
14187    0.008123
14260    0.006898
14303    0.003239
14316    0.003680
14323    0.003930
14334    0.009023
14439    0.005419
14445    0.004809
14579    0.005321
14594    0.005894
14607    0.003816
14612    0.008371
14657    0.010137
14726    0.005490
14742    0.009188
14816    0.006898
14920    0.005838
14945    0.007550
14946    0.006518
14985    0.008123
14992    0.007908
14998    0.006898
15003    0.006211
15080    0.005321
15081    0.004017
15185    0.007009
15216    0.004289
15247    0.010137
15435    0.009023
15569    0.008664
15623    0.004310
15672    0.006014
15779    0.010981
15784    0.009485
15821    0.004869
15822    0.003342
15830    0.005630
15838    0.009023
15962    0.010137
15983    0.004398
16000    0.010137
16063    0.004444
16146    0.011252
16204    0.006518
16207    0.009989
16237    0.003092
16286    0.007257
16348    0.008123
16353    0.005062
16485    0.003651
16585    0.003270
16586    0.018846
16705    0.002948
16713    0.005362
16772    0.004565
16923    0.003123
16944    0.006066
16950    0.005403
16999    0.007908
17025    0.004696
17030    0.008371
17101    0.004147
17117    0.002750
17138    0.011252
17144    0.002537
17202    0.009023
17325    0.006605
17478    0.006518
17484    0.005627
17524    0.008842
17536    0.010137
17562    0.009023
17755    0.006014
17757    0.005536
17761    0.005838
17848    0.011252
17873    0.005536
17948    0.009023
17949    0.004869
17963    0.005838
18118    0.008664
18167    0.001731
18182    0.001736
18253    0.006211
18256    0.005582
18282    0.003489
18383    0.007004
18584    0.007396
18609    0.005680
18619    0.002894
18652    0.002921
18888    0.003769
18948    0.006211
19133    0.006357
19225    0.003785
19226    0.002670
19261    0.003365
19262    0.003816
19266    0.003262
19271    0.004167
19278    0.002018
19279    0.006794
19327    0.007965
19349    0.009560
19366    0.004691
19460    0.002610
19464    0.003143
19562    0.009989
19598    0.008123
19715    0.014793
19718    0.012867
19736    0.004540
19844    0.001052
19909    0.007257
20010    0.007719
20081    0.011252
20090    0.001909
20100    0.004669
20157    0.010137
20260    0.005739
20475    0.048385
20477    0.030790
20480    0.012714
20489    0.010137
20492    0.007908
20505    0.006794
20557    0.018620
20716    0.004444
20717    0.017205
20742    0.010335
20755    0.007719
20768    0.002647
20803    0.004466
20807    0.004838
20894    0.003102
20901    0.006978
20927    0.002725
20946    0.003033
20964    0.003438
20983    0.003515
21005    0.003595
21025    0.009485
21057    0.003816
21115    0.002640
21129    0.002537
21147    0.006014
21243    0.005102
21247    0.006525
21290    0.004090
