363
166    0.007722
222    0.012461
251    0.008762
301    0.009092
320    0.012461
481    0.005841
552    0.010442
621    0.004852
831    0.009721
1065    0.009489
1157    0.009833
1184    0.004093
1222    0.007176
1278    0.006180
1409    0.012461
1423    0.011545
1436    0.004983
1486    0.007176
1490    0.003716
1604    0.006308
1681    0.011349
1685    0.010650
1698    0.003752
1824    0.014635
1857    0.010290
1862    0.005638
1889    0.015821
1940    0.004730
1941    0.004437
2170    0.007176
2192    0.008616
2277    0.002903
2280    0.007722
2284    0.007318
2344    0.003340
2396    0.003728
2479    0.011660
2595    0.008762
2646    0.009721
2676    0.007045
2706    0.007702
2710    0.005122
2737    0.023749
2876    0.009721
2920    0.006100
2949    0.010650
2981    0.006642
2982    0.011091
2985    0.007176
2987    0.008232
3238    0.005074
3282    0.006695
3286    0.007550
3306    0.007176
3326    0.004916
3396    0.018534
3472    0.008119
3524    0.009721
3567    0.003254
3571    0.005098
3647    0.007805
3661    0.009985
3675    0.005806
3734    0.012529
3788    0.006265
3925    0.006805
3943    0.006140
4137    0.006740
4151    0.005985
4153    0.006541
4173    0.006352
4260    0.005005
4317    0.007176
4467    0.005551
4481    0.010650
4516    0.005985
4599    0.007634
4603    0.010650
4660    0.008762
4712    0.010650
4811    0.011969
4936    0.009280
4937    0.009721
4969    0.019443
5043    0.002035
5075    0.002407
5096    0.014496
5260    0.022448
5264    0.013182
5281    0.010650
5495    0.002653
5567    0.007779
5614    0.009500
5635    0.009985
5706    0.007318
5739    0.013082
5828    0.009092
5925    0.007634
6171    0.007470
6179    0.010650
6258    0.012461
6339    0.013831
6378    0.016238
6425    0.007176
6430    0.006022
6452    0.007109
6501    0.008012
6547    0.010290
6596    0.003482
6598    0.003568
6644    0.007911
6714    0.007550
6758    0.012065
6761    0.003789
6762    0.016056
6881    0.006749
6927    0.009721
7010    0.006749
7078    0.008352
7141    0.006180
7180    0.006541
7192    0.005911
7349    0.007246
7354    0.010290
7401    0.009280
7456    0.004672
7606    0.011091
7642    0.005581
7787    0.018299
7833    0.007093
7834    0.009280
7860    0.007814
7987    0.005492
8019    0.003331
8021    0.005246
8025    0.003789
8181    0.004524
8233    0.005298
8234    0.010650
8395    0.018666
8533    0.004578
8581    0.003067
8630    0.004753
8638    0.005739
8735    0.009280
8781    0.004258
9361    0.004873
9455    0.006749
9510    0.004938
9533    0.004305
9631    0.005272
9664    0.004633
10105    0.007884
10140    0.004386
10287    0.010650
10421    0.005551
10611    0.011682
10644    0.012461
10689    0.005773
10714    0.009580
10794    0.005675
10897    0.004037
10911    0.008232
10942    0.014015
11087    0.004831
11093    0.010442
11112    0.003838
11118    0.005739
11180    0.003101
11181    0.007652
11201    0.003273
11225    0.005773
11271    0.004873
11386    0.004691
11454    0.010650
11468    0.004852
11609    0.008616
11655    0.007911
11683    0.002605
11684    0.006444
11744    0.004137
11747    0.005146
11816    0.010650
11841    0.004565
11857    0.006921
11947    0.013724
12047    0.008616
12099    0.022183
12273    0.004353
12307    0.033450
12309    0.015366
12313    0.011091
12326    0.006695
12470    0.008762
12505    0.005005
12659    0.004672
12660    0.004983
12664    0.009092
12759    0.008762
12904    0.003624
12916    0.008479
12941    0.008012
12978    0.005948
12987    0.001985
12999    0.002277
13082    0.009280
13132    0.012461
13138    0.012461
13185    0.008119
13225    0.009721
13351    0.006490
13356    0.007550
13434    0.003768
13501    0.035141
13633    0.008920
13647    0.003670
13727    0.009092
13797    0.011660
13836    0.007911
13877    0.040645
13886    0.003451
13910    0.003801
13921    0.006805
13939    0.004065
14041    0.012461
14065    0.016340
14141    0.009985
14255    0.009280
14323    0.004831
14425    0.039051
14426    0.008616
14427    0.008616
14604    0.005918
14850    0.018561
14919    0.008119
14939    0.011660
15016    0.005707
15019    0.046727
15135    0.013182
15137    0.015628
15271    0.005098
15299    0.005407
15343    0.007392
15344    0.020204
15468    0.005463
15503    0.005521
15555    0.004770
15710    0.005841
15818    0.004211
15820    0.004790
15908    0.007246
15909    0.008479
15910    0.005005
15944    0.006444
16024    0.007392
16060    0.005407
16252    0.014939
16268    0.007911
16300    0.009985
16301    0.008616
16317    0.005911
16333    0.006862
16485    0.004488
16489    0.006921
16490    0.012121
16504    0.008920
16585    0.005628
16659    0.009280
16724    0.004811
16734    0.002774
16766    0.010758
16923    0.003838
16941    0.002585
16944    0.003728
16959    0.004166
17066    0.012444
17075    0.005379
17093    0.006642
17117    0.010140
17144    0.003119
17326    0.008352
17331    0.005122
17358    0.008012
17361    0.011091
17395    0.007392
17438    0.006308
17451    0.005739
17484    0.002306
17643    0.004273
17645    0.009092
17670    0.007470
17682    0.012461
17695    0.007470
17857    0.007392
17870    0.004321
18037    0.006444
18079    0.022183
18098    0.005521
18158    0.005171
18167    0.004257
18173    0.007470
18179    0.004938
18182    0.002134
18185    0.010290
18203    0.004596
18256    0.006862
18307    0.007470
18314    0.009280
18317    0.005551
18335    0.008352
18378    0.022183
18383    0.012914
18411    0.005773
18412    0.010650
18438    0.007814
18474    0.009985
18619    0.003557
18882    0.002983
18927    0.008762
18993    0.019622
19004    0.008920
19043    0.007652
19085    0.006642
19088    0.008616
19096    0.009489
19097    0.005435
19124    0.007392
19232    0.004337
19266    0.012028
19309    0.005435
19314    0.007550
19327    0.006527
19331    0.011660
19426    0.005433
19535    0.005028
19543    0.004895
19546    0.006695
19572    0.007550
19652    0.007470
19707    0.009047
19756    0.014939
19772    0.004710
19773    0.003472
19844    0.001294
19956    0.012461
20090    0.002347
20131    0.007318
20275    0.006780
20601    0.004790
20620    0.004122
20797    0.008232
20803    0.008235
20841    0.003647
20868    0.003050
20902    0.004560
21058    0.004051
21065    0.005985
21114    0.007722
21150    0.003154
21266    0.003740
21306    0.005435
21307    0.004506
21310    0.005612
