56
638    0.060509
1451    0.024863
1514    0.046676
1707    0.038503
2688    0.036487
2706    0.029084
2867    0.042618
3858    0.046368
3996    0.062169
4240    0.042806
4245    0.071443
5309    0.094110
5480    0.048318
5501    0.020732
6571    0.094110
6598    0.026949
6719    0.035136
7802    0.027695
8040    0.026459
8218    0.025376
8233    0.040015
8407    0.045197
8726    0.059743
8996    0.049775
9502    0.042382
9947    0.024366
10493    0.071661
12345    0.028521
12591    0.031023
12675    0.096816
13025    0.083764
13046    0.094110
13150    0.088058
13228    0.033506
13310    0.064037
13351    0.024506
13355    0.024297
13357    0.014626
14316    0.034164
14742    0.031987
14874    0.037629
15778    0.039052
16299    0.049775
17669    0.024791
18068    0.059743
18203    0.034712
18253    0.057657
19097    0.041045
19266    0.060558
19278    0.018739
20260    0.008880
20475    0.089837
20477    0.095279
20557    0.034573
20861    0.080434
21247    0.030286
