100
420    0.031260
448    0.027101
481    0.023644
1193    0.036805
1438    0.034876
1458    0.025535
1514    0.025018
1691    0.017823
1928    0.044898
2120    0.017755
2706    0.015589
3351    0.031260
3647    0.015797
3722    0.050443
3858    0.024854
4062    0.055988
4228    0.055988
4240    0.057360
4516    0.048451
5487    0.047859
5879    0.021664
6540    0.055988
6604    0.043113
6655    0.021664
6908    0.013845
6930    0.030237
7168    0.011142
7802    0.007422
8078    0.011260
8101    0.024076
8194    0.050443
8218    0.013602
8355    0.047199
8500    0.012311
8534    0.036057
8550    0.041654
8630    0.009620
8846    0.055988
8996    0.053359
9209    0.012767
9388    0.019067
9456    0.035468
9812    0.019557
10220    0.028262
10689    0.023368
11180    0.012553
11434    0.015387
11531    0.018910
12064    0.022232
12132    0.034876
12224    0.055988
12233    0.032433
12415    0.017235
12632    0.036805
12659    0.018910
12675    0.069191
12911    0.036057
12999    0.009217
13147    0.055988
13351    0.013135
13355    0.013023
13581    0.031260
14742    0.017145
14746    0.022351
14874    0.020169
15583    0.032433
15623    0.021448
15822    0.016628
16437    0.023368
16485    0.018169
16749    0.044898
17106    0.030904
17413    0.026087
17445    0.025715
17484    0.009333
17761    0.029050
18167    0.008615
18282    0.008680
18609    0.028262
18904    0.027320
19085    0.026887
19198    0.055988
19261    0.016746
19266    0.016230
19366    0.007781
19460    0.012986
19464    0.015641
19535    0.020353
19562    0.024854
19820    0.018910
19844    0.005237
20070    0.037567
20260    0.014278
20475    0.072229
20477    0.102139
20557    0.074124
20587    0.023644
20588    0.030564
20717    0.028537
20859    0.028778
