39
1116    0.069256
1603    0.063838
1741    0.029808
1752    0.069697
2166    0.096044
2248    0.082528
2287    0.076385
3351    0.088806
4729    0.051818
4899    0.094148
5280    0.100763
6719    0.053503
6830    0.109120
7802    0.021086
7989    0.055560
8271    0.131256
10509    0.064895
11121    0.093367
11181    0.043998
11218    0.034028
11569    0.045179
12005    0.031989
13357    0.022271
13815    0.086829
14145    0.136797
14150    0.073053
14439    0.038302
14742    0.032472
16116    0.047239
16498    0.085009
16729    0.025922
16950    0.076385
17947    0.088806
18609    0.160581
19327    0.037532
19366    0.022106
20845    0.064895
20977    0.093367
21247    0.023058
