450
151    0.010113
212    0.009494
219    0.002807
244    0.006200
440    0.006019
539    0.004376
552    0.003818
591    0.007524
621    0.003548
1056    0.017052
1097    0.006776
1099    0.003563
1163    0.004783
1243    0.006200
1262    0.004149
1384    0.005937
1621    0.006938
1646    0.003711
1691    0.003219
1699    0.004803
1707    0.003728
1780    0.017142
1919    0.003548
1926    0.004935
1940    0.003459
2047    0.002873
2172    0.004747
2321    0.005105
2342    0.014217
2432    0.001746
2458    0.004819
2569    0.010121
2688    0.003533
2722    0.006786
2747    0.009290
2768    0.010302
2788    0.010113
2826    0.004895
2972    0.007788
3029    0.004460
3031    0.007788
3050    0.002807
3110    0.005858
3112    0.014217
3162    0.005351
3298    0.004460
3341    0.006488
3451    0.003836
3464    0.006107
3469    0.006523
3567    0.002380
3572    0.010113
3583    0.002218
3632    0.008299
3643    0.023363
3644    0.005858
3662    0.010113
3681    0.009112
3732    0.004460
3733    0.004037
3743    0.003025
3788    0.004581
3789    0.004197
3864    0.009112
3903    0.003818
3942    0.004349
4118    0.005298
4150    0.004376
4324    0.003518
4378    0.004678
4461    0.003763
4463    0.004323
4492    0.003643
4544    0.010701
4604    0.010113
4636    0.004678
4747    0.020227
4883    0.009112
4960    0.010113
5010    0.005784
5043    0.001488
5079    0.003308
5093    0.004173
5202    0.013026
5203    0.008110
5205    0.020358
5206    0.004857
5226    0.008110
5227    0.010924
5414    0.003611
5415    0.007320
5458    0.005784
5477    0.014603
5484    0.005937
5495    0.001940
5501    0.004015
5515    0.002744
5523    0.008075
5524    0.005351
5532    0.002531
5652    0.008526
5678    0.006019
5779    0.006786
5806    0.004678
5819    0.005714
5850    0.007524
5865    0.004550
5879    0.003913
5929    0.007524
5977    0.008205
5988    0.004104
6018    0.040454
6049    0.004783
6085    0.011984
6117    0.006938
6201    0.009112
6365    0.003334
6372    0.007222
6404    0.010113
6598    0.002609
6701    0.006523
6705    0.003430
6785    0.010113
6908    0.002501
6984    0.003014
7010    0.004935
7048    0.003781
7050    0.006786
7053    0.004678
7059    0.020227
7087    0.020864
7133    0.010113
7166    0.008299
7168    0.004025
7192    0.004323
7194    0.007673
7234    0.006648
7342    0.005937
7349    0.005298
7375    0.010113
7377    0.005669
7466    0.003563
7486    0.007320
7523    0.007787
7524    0.002892
7531    0.002625
7614    0.008526
7779    0.004037
7798    0.005151
7802    0.005363
7889    0.010113
7896    0.008032
7989    0.003533
8040    0.005124
8248    0.010113
8274    0.009112
8275    0.003836
8296    0.008110
8446    0.002744
8457    0.007788
8500    0.004448
8505    0.004059
8588    0.010113
8630    0.001738
8638    0.020984
8711    0.003503
9003    0.011132
9086    0.006200
9167    0.007788
9205    0.007524
9209    0.004612
9210    0.003781
9232    0.008526
9276    0.006300
9311    0.004895
9411    0.001920
9432    0.012814
9434    0.007788
9510    0.003611
9517    0.004718
9644    0.004246
9739    0.004976
9798    0.005669
9812    0.010598
9947    0.002359
10011    0.005784
10029    0.010113
10074    0.005804
10140    0.006414
10215    0.003444
10333    0.004404
10334    0.008825
10420    0.004059
10442    0.005784
10679    0.016220
10727    0.027335
10728    0.020227
10840    0.003444
10881    0.004349
10892    0.002261
10955    0.025578
10968    0.010113
10971    0.020227
10975    0.043225
10976    0.006107
11103    0.001147
11117    0.002508
11119    0.017052
11201    0.007180
11225    0.004221
11285    0.019568
11355    0.005897
11415    0.004221
11440    0.005105
11489    0.007788
11534    0.012038
11683    0.003810
11697    0.006407
11750    0.005418
11782    0.005017
11841    0.003338
11958    0.004081
12005    0.002034
12071    0.003677
12110    0.002735
12122    0.007616
12186    0.007301
12245    0.002667
12283    0.003983
12286    0.006019
12345    0.002761
12416    0.013128
12480    0.005714
12529    0.007524
12533    0.009112
12618    0.004246
12675    0.006249
12855    0.002339
12880    0.006695
12889    0.002319
12894    0.004712
12952    0.004857
12983    0.008825
12987    0.002903
12999    0.003330
13152    0.011717
13157    0.004296
13167    0.004678
13175    0.038262
13178    0.030097
13219    0.009038
13351    0.002373
13355    0.002352
13357    0.001416
13388    0.003818
13434    0.002755
13466    0.002366
13475    0.013877
13482    0.003874
13580    0.002464
13647    0.008050
13808    0.029206
13836    0.005784
13866    0.004197
13939    0.002972
14065    0.003584
14066    0.005858
14093    0.004296
14137    0.004197
14162    0.010113
14163    0.014217
14212    0.006407
14234    0.006523
14358    0.005198
14405    0.007524
14406    0.003068
14539    0.004489
14593    0.008110
14742    0.002065
14749    0.003459
14754    0.004037
14796    0.003232
14863    0.004819
14915    0.010113
14945    0.006786
14996    0.005647
15031    0.017052
15032    0.004489
15063    0.008676
15065    0.007524
15069    0.018224
15083    0.008526
15142    0.003954
15210    0.003595
15334    0.004857
15394    0.006407
15466    0.003563
15474    0.006019
15483    0.009112
15488    0.003894
15494    0.006648
15500    0.005105
15550    0.005151
15600    0.004581
15601    0.007387
15604    0.004550
15703    0.030340
15710    0.004271
15778    0.007562
15783    0.004489
15791    0.003894
15792    0.007158
15822    0.003004
15830    0.005061
15906    0.003488
15911    0.005298
15947    0.005858
15952    0.016804
15957    0.008110
16026    0.017504
16130    0.005647
16134    0.008526
16236    0.008110
16237    0.008338
16268    0.005784
16269    0.004819
16321    0.003728
16378    0.021904
16527    0.003388
16529    0.023059
16531    0.016216
16532    0.004612
16585    0.000588
16591    0.005521
16592    0.010878
16633    0.013297
16676    0.004935
16713    0.014458
16714    0.005714
16729    0.003296
16734    0.014200
16862    0.017740
16907    0.005632
16921    0.004037
16932    0.006300
16941    0.001890
16949    0.005351
16959    0.003046
16960    0.006938
17044    0.004432
17059    0.004819
17094    0.004819
17103    0.003693
17144    0.002280
17147    0.006019
17281    0.008532
17507    0.010701
17529    0.007749
17654    0.005405
17661    0.010810
17669    0.002400
17821    0.007127
17829    0.015182
17885    0.016386
17920    0.010113
17944    0.006407
18003    0.003855
18082    0.012968
18133    0.004432
18167    0.001556
18180    0.005462
18282    0.001568
18319    0.003388
18493    0.005351
18499    0.049793
18501    0.013877
18575    0.010113
18625    0.005462
18652    0.002625
18654    0.006648
18658    0.006786
18670    0.003518
18674    0.022084
18703    0.005247
18712    0.006019
18713    0.008442
18715    0.005937
18716    0.006300
18717    0.003693
18845    0.006786
18882    0.002181
18987    0.003781
19065    0.004712
19169    0.004059
19171    0.007788
19177    0.002902
19191    0.008526
19192    0.006938
19226    0.004800
19278    0.001814
19366    0.007028
19411    0.010121
19426    0.001986
19457    0.005018
19577    0.023062
19640    0.016692
19707    0.003308
19772    0.003444
19773    0.002539
19820    0.003416
19844    0.002838
19894    0.010495
19962    0.006523
20058    0.006938
20131    0.005351
20260    0.000860
20274    0.003518
20276    0.007524
20460    0.007190
20481    0.004783
20487    0.006107
20582    0.003799
20587    0.008542
20588    0.005521
20713    0.005470
20717    0.002577
20731    0.013877
20803    0.006022
20815    0.006938
20830    0.004550
20847    0.006786
20868    0.002230
20894    0.002788
20901    0.003136
20915    0.005351
20964    0.003091
20979    0.009112
21057    0.003430
21065    0.004376
21066    0.008110
21094    0.004678
21113    0.004819
21129    0.006841
21133    0.005647
21150    0.006919
21182    0.006648
21188    0.014035
21191    0.004550
21195    0.009494
21247    0.001466
