212
426    0.018896
540    0.016166
568    0.009072
634    0.017012
682    0.018896
835    0.017012
889    0.017531
1203    0.017531
1374    0.016166
1458    0.010747
1518    0.023564
1698    0.006393
1741    0.004416
1823    0.018896
1918    0.009892
1925    0.011895
2167    0.014678
2396    0.006352
2432    0.004069
2684    0.007926
2688    0.008231
2773    0.017012
3218    0.023564
3484    0.014025
3563    0.007417
3571    0.008686
3583    0.005167
3592    0.012863
3701    0.019865
3784    0.023564
4017    0.012863
4240    0.009656
4245    0.016117
4516    0.050980
4522    0.010011
4523    0.021230
4798    0.013832
5048    0.023564
5074    0.015661
5083    0.023564
5093    0.009723
5349    0.021230
5458    0.013477
5525    0.015490
5537    0.010071
5539    0.015197
5567    0.006627
5602    0.010979
5756    0.015490
6028    0.017012
6036    0.011498
6269    0.031622
6366    0.023564
6384    0.023564
6651    0.017453
6655    0.009118
6756    0.008895
6819    0.012112
6918    0.009407
7053    0.010900
7441    0.011316
7524    0.006738
7571    0.009212
7584    0.016563
7631    0.009357
7636    0.009723
7802    0.006248
7892    0.009164
8059    0.018145
8233    0.009027
8323    0.008489
8383    0.015490
8568    0.010508
8596    0.012504
8630    0.008097
9093    0.017012
9106    0.011895
9209    0.021493
9214    0.010823
9282    0.007048
9361    0.008303
9375    0.012726
9411    0.004473
9459    0.022287
9644    0.009892
9665    0.015197
9798    0.006605
9897    0.014678
9898    0.012002
10605    0.007073
10689    0.009835
11036    0.037793
11093    0.008895
11103    0.002673
11180    0.005283
11181    0.006518
11183    0.009072
11214    0.059711
11341    0.011593
11394    0.014678
11434    0.038855
11528    0.007799
11683    0.004439
11750    0.006312
11772    0.056689
12086    0.011895
12337    0.012863
12522    0.007737
12659    0.007959
12759    0.014928
12864    0.007334
12999    0.003879
13014    0.005182
13019    0.063691
13022    0.021230
13148    0.021230
13150    0.019865
13154    0.008895
13348    0.009614
13351    0.005528
13494    0.015811
13519    0.016166
13580    0.005741
13647    0.006252
13743    0.028457
13746    0.018145
13770    0.014446
13934    0.018896
14065    0.019487
14304    0.010673
14439    0.005674
14475    0.012863
14561    0.019865
14742    0.007216
14785    0.013650
15019    0.009951
15063    0.006738
15140    0.006455
15204    0.015661
15212    0.011691
15299    0.009212
15312    0.017531
15383    0.019865
15449    0.021230
15488    0.009072
15778    0.044049
15912    0.006079
16023    0.013313
16037    0.035062
16038    0.019865
16048    0.012467
16060    0.009212
16241    0.010011
16272    0.014025
16501    0.006925
16511    0.014678
16560    0.016563
16585    0.009589
16586    0.052626
16587    0.021230
16732    0.005862
16734    0.004727
17355    0.014928
17445    0.010823
17484    0.003928
17782    0.008267
17814    0.007677
17870    0.007361
17972    0.021230
18138    0.009778
18152    0.018145
18182    0.010905
18190    0.010823
18331    0.020520
18382    0.008938
18731    0.025452
18774    0.014678
18885    0.014446
18898    0.026815
18901    0.010900
19226    0.016777
19264    0.018145
19327    0.005560
19366    0.003275
19457    0.011691
19464    0.006583
19562    0.020920
19598    0.034024
19718    0.026947
19817    0.009212
19844    0.008817
20090    0.011994
20260    0.002003
20473    0.019865
20475    0.111464
20477    0.032241
20478    0.021230
20487    0.014229
20557    0.023398
20713    0.006372
20717    0.006005
20803    0.004677
20906    0.023564
20927    0.005708
20964    0.007201
21009    0.014446
21094    0.010900
21132    0.010460
21243    0.005343
21247    0.003416
21266    0.006372
21292    0.013477
