171
298    0.018431
1173    0.016067
1175    0.024833
1193    0.020357
1278    0.013838
1438    0.019290
1458    0.014123
1698    0.016802
1699    0.003677
1740    0.011309
1899    0.021766
2120    0.009820
2245    0.027900
2432    0.010695
2521    0.030967
2688    0.010817
2744    0.008294
3268    0.018984
3289    0.020778
3298    0.013657
3315    0.014644
3351    0.017290
3393    0.014428
3483    0.037488
3493    0.020357
3647    0.008737
3788    0.014026
3790    0.012232
3989    0.017496
3996    0.018431
4017    0.016905
4137    0.007545
4240    0.031725
4245    0.010590
4600    0.026106
4695    0.017938
4778    0.016384
5075    0.005388
5093    0.012777
5116    0.018699
5184    0.030967
5264    0.014756
5329    0.021245
5480    0.014324
5495    0.005940
5501    0.006146
5856    0.009933
6425    0.032135
6596    0.007797
6620    0.018699
6758    0.006753
6864    0.015632
7022    0.027900
7173    0.012705
7181    0.020664
7466    0.010911
7690    0.030967
7753    0.008455
7802    0.020526
8079    0.021245
8085    0.030967
8100    0.030967
8181    0.010128
8218    0.007523
8275    0.011746
8550    0.023039
8581    0.006866
8596    0.008216
8727    0.023039
8996    0.073782
9126    0.014026
9142    0.024833
9204    0.018984
9256    0.022211
9282    0.009262
9320    0.025849
9357    0.051869
9361    0.021822
9375    0.016724
9411    0.005879
9502    0.012565
9504    0.030967
9886    0.022357
10578    0.027139
10613    0.023845
10689    0.012925
10803    0.012362
11018    0.016223
11051    0.015235
11103    0.007026
11112    0.008594
11178    0.011257
11181    0.008566
11439    0.012634
11591    0.015111
11667    0.020357
11753    0.014756
11757    0.010374
11782    0.007681
11841    0.005110
12166    0.011522
12337    0.016905
12415    0.009532
12590    0.030967
12591    0.009197
12684    0.013036
12876    0.016551
12928    0.011309
12987    0.004445
13050    0.007820
13060    0.017938
13087    0.018699
13125    0.014223
13388    0.023379
13434    0.002812
13702    0.016724
13707    0.022357
13777    0.017711
13906    0.015235
14742    0.025288
14745    0.007101
14968    0.019972
15018    0.024833
15779    0.015111
16034    0.011577
16437    0.012925
16586    0.017290
16734    0.006211
16766    0.012044
16815    0.017290
16944    0.008347
16959    0.009328
17030    0.023039
17106    0.017093
17325    0.018178
17413    0.014428
17445    0.014223
17484    0.010324
17870    0.009674
17949    0.013399
18282    0.014403
18347    0.017093
18462    0.014428
18547    0.016905
19169    0.012429
19279    0.018699
19306    0.024833
19416    0.010546
19453    0.010416
19507    0.018178
19562    0.013746
19652    0.016724
19718    0.023609
19773    0.007773
19830    0.013000
19844    0.002897
20100    0.012850
20238    0.030967
20260    0.015795
20269    0.026106
20369    0.030967
20475    0.039949
20477    0.056493
20557    0.040998
20717    0.039460
20803    0.006146
20894    0.008538
20983    0.009674
21150    0.003531
21157    0.017711
21290    0.011257
