399
104    0.011062
405    0.009846
411    0.007414
413    0.015837
418    0.009135
420    0.006855
447    0.005450
449    0.005896
451    0.004289
455    0.004113
568    0.004727
610    0.004635
786    0.009599
826    0.011062
843    0.008071
872    0.010351
894    0.009455
971    0.009135
978    0.004982
1095    0.006311
1138    0.008238
1214    0.008071
1222    0.006371
1278    0.005487
1451    0.002922
1458    0.011199
1486    0.006371
1490    0.003299
1699    0.002916
1740    0.004484
1741    0.009204
1746    0.007532
1747    0.010692
1862    0.002502
1872    0.010351
1899    0.008630
2040    0.009135
2093    0.003672
2120    0.003894
2224    0.005095
2382    0.008630
2418    0.008071
2424    0.011062
2432    0.002120
2524    0.016847
2550    0.009846
2601    0.007527
2669    0.008423
2684    0.004130
2706    0.003419
2723    0.003430
2744    0.003289
2745    0.007293
2768    0.006254
2806    0.008652
3084    0.013262
3140    0.006091
3315    0.005806
3393    0.011442
3396    0.008226
3399    0.011062
3489    0.019692
3634    0.011062
3647    0.006929
3664    0.006311
3672    0.006041
3745    0.005415
3797    0.007112
3858    0.010901
3932    0.017728
3996    0.007308
4017    0.006703
4023    0.003064
4026    0.005679
4102    0.006631
4135    0.005185
4137    0.002992
4240    0.047800
4245    0.012597
4349    0.009455
4441    0.006937
4450    0.003331
4467    0.004928
4516    0.021251
4724    0.007308
4899    0.007268
4913    0.009135
4994    0.009455
5028    0.005991
5074    0.008160
5075    0.002136
5105    0.009135
5116    0.007414
5153    0.006562
5264    0.005851
5329    0.008423
5480    0.005679
5515    0.006662
5527    0.009135
5550    0.006311
5602    0.005721
5764    0.007778
5819    0.006937
5855    0.010351
5988    0.009964
6027    0.011062
6036    0.005991
6062    0.010351
6135    0.008630
6434    0.015837
6527    0.008864
6758    0.002678
6819    0.006311
6828    0.004526
6847    0.009455
6926    0.007112
6931    0.013124
7168    0.002443
7181    0.004097
7186    0.008071
7287    0.008864
7351    0.004234
7447    0.009455
7468    0.009846
7531    0.003187
7753    0.003352
7802    0.004883
7925    0.011062
8006    0.009135
8019    0.002957
8025    0.006727
8078    0.002469
8082    0.008423
8101    0.010560
8116    0.005326
8201    0.011062
8218    0.002983
8221    0.011062
8233    0.004704
8323    0.022116
8324    0.011062
8327    0.007648
8345    0.008864
8452    0.008071
8538    0.008071
8550    0.009135
8568    0.002738
8596    0.003258
8786    0.005487
8805    0.005216
8824    0.008630
8996    0.035105
9005    0.006496
9009    0.005991
9101    0.010351
9320    0.005125
9375    0.019893
9411    0.004662
9421    0.011062
9442    0.011199
9447    0.009455
9454    0.010677
9459    0.005806
9502    0.004982
9518    0.002612
9592    0.009846
9631    0.004680
9656    0.009455
9798    0.006883
10246    0.008238
10261    0.003073
10290    0.004252
10421    0.004928
10422    0.010625
10445    0.005216
10486    0.006631
10493    0.008423
10564    0.007207
10609    0.007648
10611    0.005185
10689    0.005125
10892    0.002745
10897    0.007167
10992    0.022242
11048    0.011062
11091    0.011062
11103    0.001393
11112    0.006815
11117    0.003045
11146    0.004097
11156    0.008238
11180    0.002753
11183    0.004727
11184    0.005679
11213    0.003908
11218    0.002627
11232    0.011062
11341    0.006041
11374    0.008423
11423    0.008630
11439    0.005009
11444    0.004345
11503    0.008592
11528    0.004064
11531    0.008294
11568    0.007648
11570    0.003836
11642    0.045673
11657    0.008630
11661    0.005896
11683    0.002313
11753    0.005851
11782    0.006091
11787    0.007919
11862    0.009455
11882    0.006855
11891    0.007414
11999    0.010351
12085    0.004270
12119    0.009135
12233    0.007112
12283    0.009671
12300    0.006297
12337    0.006703
12415    0.007559
12591    0.007293
12632    0.008071
12659    0.004147
12660    0.004423
12668    0.005280
12677    0.006496
12853    0.003908
12855    0.005679
12864    0.003821
12904    0.003217
12974    0.004657
12987    0.005287
13014    0.002700
13087    0.007414
13154    0.004635
13195    0.005896
13357    0.001719
13417    0.010351
13445    0.007207
13458    0.009135
13466    0.002872
13470    0.005679
13497    0.006631
13545    0.006703
13647    0.003258
13762    0.008864
13765    0.008071
13778    0.008423
13794    0.020332
14063    0.007643
14065    0.005802
14233    0.006703
14320    0.004164
14335    0.007207
14340    0.004928
14520    0.008071
14612    0.009135
14717    0.005125
14742    0.008773
14745    0.002816
14746    0.004901
14749    0.004199
14776    0.011062
14944    0.004982
15016    0.005066
15023    0.005896
15132    0.009846
15133    0.008071
15398    0.009846
15470    0.006855
15600    0.005561
15625    0.011062
15778    0.013771
15818    0.003739
15822    0.003647
15958    0.007414
15998    0.008630
16034    0.004590
16048    0.006496
16141    0.011062
16204    0.007112
16207    0.005450
16237    0.006749
16350    0.009846
16396    0.005487
16498    0.013124
16560    0.008630
16578    0.005721
16585    0.006424
16586    0.006855
16705    0.003217
16805    0.009455
16884    0.009455
17027    0.004080
17051    0.003596
17105    0.003559
17106    0.006777
17413    0.005721
17426    0.006703
17438    0.005600
17445    0.005639
17450    0.009135
17524    0.004825
17527    0.006703
17569    0.009135
17913    0.005896
18005    0.003129
18068    0.014045
18108    0.008423
18173    0.006631
18182    0.007576
18282    0.005711
18290    0.010351
18313    0.008630
18317    0.014783
18326    0.004875
18383    0.011464
18462    0.005721
18569    0.006703
18590    0.009455
18614    0.006855
18774    0.007648
19010    0.006144
19043    0.003396
19170    0.008071
19177    0.003523
19214    0.009455
19223    0.008886
19226    0.002914
19232    0.003850
19265    0.006937
19266    0.010677
19278    0.004405
19327    0.002897
19366    0.001706
19389    0.006855
19426    0.004823
19480    0.005763
19535    0.008927
19562    0.016351
19589    0.006041
19598    0.017728
19718    0.014041
19736    0.004955
19773    0.006164
19816    0.007414
19820    0.004147
19836    0.005721
19909    0.007919
19944    0.008423
20069    0.011062
20090    0.008332
20100    0.005095
20130    0.008864
20131    0.006496
20192    0.011062
20260    0.007306
20261    0.007778
20269    0.010351
20366    0.006855
20464    0.003685
20475    0.047519
20477    0.022399
20480    0.006937
20556    0.008238
20557    0.016255
20567    0.010351
20676    0.009455
20717    0.018774
20734    0.008071
20750    0.019692
20768    0.002889
20801    0.007919
20803    0.004874
20830    0.005523
20860    0.007414
20861    0.009455
20894    0.006771
20946    0.003310
20983    0.003836
21039    0.006562
21048    0.007919
21057    0.004164
21066    0.009846
21115    0.002881
21119    0.005991
21122    0.004032
21129    0.002768
21146    0.005095
21157    0.007022
21210    0.009455
21243    0.002784
21247    0.005340
21290    0.008927
