441
104    0.009945
156    0.011039
165    0.011039
405    0.008852
411    0.006665
413    0.014238
418    0.008213
420    0.006163
447    0.004900
449    0.005301
451    0.003856
455    0.003698
568    0.004250
610    0.004167
786    0.008630
826    0.009945
843    0.007256
872    0.009306
894    0.008500
971    0.008213
978    0.004479
1095    0.005674
1138    0.007407
1161    0.007119
1214    0.007256
1222    0.005727
1278    0.004933
1439    0.005524
1451    0.002627
1458    0.010069
1486    0.005727
1490    0.002966
1691    0.003514
1699    0.002621
1740    0.004031
1741    0.008275
1746    0.006771
1747    0.009613
1862    0.002250
1872    0.009306
1899    0.007759
2040    0.008213
2093    0.006603
2120    0.003501
2224    0.004581
2382    0.007759
2418    0.007256
2424    0.009945
2432    0.001906
2524    0.015146
2550    0.008852
2601    0.006767
2669    0.007573
2684    0.003713
2706    0.006147
2723    0.003084
2744    0.002957
2745    0.006557
2768    0.005622
2806    0.007779
3084    0.011923
3140    0.005477
3315    0.005220
3393    0.010287
3396    0.007396
3399    0.009945
3400    0.005840
3489    0.017704
3593    0.003178
3634    0.009945
3647    0.006229
3664    0.005674
3672    0.005431
3745    0.004868
3797    0.006394
3858    0.009800
3932    0.015939
3996    0.006570
4017    0.006026
4023    0.002754
4026    0.005106
4028    0.004454
4102    0.005962
4135    0.004662
4137    0.002690
4240    0.045236
4245    0.015100
4349    0.008500
4441    0.006237
4450    0.002995
4467    0.004430
4516    0.019105
4599    0.006093
4724    0.006570
4899    0.006534
4913    0.008213
4994    0.008500
5028    0.005386
5074    0.007337
5075    0.001921
5105    0.008213
5116    0.006665
5138    0.009945
5153    0.005900
5260    0.004479
5264    0.005260
5329    0.007573
5480    0.005106
5515    0.005989
5527    0.008213
5550    0.005674
5602    0.010287
5764    0.006993
5819    0.006237
5855    0.009306
5920    0.006570
5988    0.008958
6027    0.009945
6036    0.005386
6062    0.009306
6135    0.007759
6434    0.014238
6527    0.007969
6675    0.006665
6758    0.002407
6819    0.005674
6828    0.004069
6835    0.007573
6847    0.008500
6926    0.006394
6931    0.011799
7168    0.002197
7181    0.003683
7186    0.007256
7287    0.007969
7351    0.003807
7447    0.008500
7468    0.008852
7531    0.002865
7753    0.003014
7802    0.004390
7925    0.009945
8006    0.008213
8019    0.002658
8025    0.006048
8078    0.002220
8082    0.007573
8101    0.014241
8116    0.004788
8201    0.009945
8218    0.002682
8219    0.005301
8221    0.009945
8233    0.004229
8323    0.023860
8324    0.009945
8327    0.006876
8345    0.007969
8452    0.007256
8505    0.004430
8538    0.007256
8550    0.008213
8568    0.002461
8596    0.002929
8630    0.001897
8786    0.004933
8805    0.004690
8824    0.007759
8984    0.004338
8996    0.031561
9005    0.005840
9009    0.005386
9101    0.009306
9301    0.005181
9320    0.004607
9375    0.017885
9411    0.004191
9421    0.009945
9442    0.010069
9447    0.008500
9454    0.009600
9459    0.005220
9502    0.004479
9518    0.002349
9592    0.008852
9631    0.004208
9656    0.008500
9798    0.006188
10181    0.006394
10246    0.007407
10261    0.002763
10290    0.003823
10421    0.004430
10422    0.009553
10445    0.004690
10486    0.005962
10493    0.007573
10564    0.006480
10609    0.006876
10611    0.004662
10689    0.004607
10892    0.002468
10897    0.006444
10992    0.019996
11048    0.009945
11091    0.009945
11103    0.001252
11112    0.006127
11117    0.002738
11146    0.003683
11156    0.007407
11180    0.002475
11183    0.004250
11184    0.005106
11197    0.007256
11203    0.003889
11213    0.003514
11218    0.002362
11232    0.009945
11341    0.005431
11374    0.015146
11387    0.006767
11423    0.007759
11429    0.009945
11439    0.004504
11444    0.003907
11503    0.007725
11528    0.010961
11531    0.007457
11568    0.006876
11570    0.003448
11642    0.049275
11657    0.007759
11661    0.005301
11683    0.002079
11753    0.005260
11782    0.005476
11787    0.007119
11862    0.008500
11882    0.006163
11891    0.006665
11935    0.011039
11999    0.009306
12085    0.007679
12118    0.005000
12119    0.008213
12233    0.006394
12283    0.008695
12300    0.005661
12337    0.006026
12415    0.006796
12591    0.006557
12632    0.007256
12659    0.003728
12660    0.003977
12668    0.004747
12677    0.005840
12853    0.003514
12855    0.005106
12864    0.003436
12904    0.002892
12974    0.004187
12987    0.004753
13008    0.004806
13014    0.002427
13087    0.006665
13154    0.004167
13195    0.005301
13357    0.001546
13417    0.009306
13445    0.006480
13458    0.008213
13466    0.002582
13470    0.005106
13497    0.005962
13545    0.006026
13647    0.002929
13762    0.007969
13765    0.007256
13774    0.007969
13778    0.015146
13794    0.018279
14063    0.006871
14065    0.006521
14066    0.006394
14233    0.006026
14320    0.003744
14335    0.006480
14340    0.004430
14520    0.007256
14612    0.008213
14717    0.004607
14742    0.007887
14745    0.002531
14746    0.004407
14749    0.003775
14776    0.009945
14944    0.004479
15016    0.004555
15023    0.005301
15132    0.008852
15133    0.007256
15398    0.008852
15470    0.006163
15600    0.005000
15625    0.009945
15778    0.016508
15818    0.003361
15822    0.003278
15887    0.007969
15958    0.006665
15998    0.007759
16034    0.004127
16048    0.005840
16141    0.009945
16204    0.006394
16207    0.004900
16237    0.006067
16350    0.008852
16396    0.004933
16498    0.011799
16560    0.007759
16578    0.005143
16585    0.006417
16586    0.006163
16705    0.002892
16805    0.008500
16884    0.008500
16921    0.004407
16955    0.004315
17027    0.003668
17051    0.003233
17105    0.006400
17106    0.006093
17185    0.006876
17323    0.009306
17407    0.003555
17413    0.005143
17426    0.006026
17438    0.005034
17445    0.005070
17450    0.008213
17524    0.004338
17527    0.006026
17569    0.008213
17913    0.005301
18005    0.002813
18068    0.012627
18108    0.007573
18173    0.011923
18182    0.006811
18282    0.005134
18290    0.009306
18313    0.007759
18317    0.013291
18326    0.004383
18331    0.004806
18382    0.004187
18383    0.010307
18462    0.005143
18482    0.006314
18569    0.006026
18590    0.008500
18614    0.006163
18774    0.006876
19010    0.005524
19043    0.003053
19060    0.007969
19170    0.007256
19177    0.003167
19214    0.008500
19223    0.007989
19226    0.002620
19232    0.003461
19265    0.006237
19266    0.009600
19278    0.003961
19327    0.002605
19366    0.001534
19389    0.006163
19426    0.004336
19480    0.005181
19524    0.007969
19535    0.008026
19562    0.014700
19589    0.005431
19598    0.015939
19718    0.012624
19736    0.004454
19773    0.005542
19816    0.006665
19820    0.003728
19836    0.005143
19909    0.007119
19944    0.007573
20069    0.009945
20090    0.007491
20100    0.004581
20130    0.007969
20131    0.005840
20192    0.009945
20260    0.007507
20261    0.006993
20269    0.009306
20366    0.006163
20464    0.003313
20475    0.042722
20477    0.030207
20480    0.006237
20556    0.007407
20557    0.014614
20567    0.009306
20676    0.008500
20688    0.005181
20698    0.009945
20717    0.019692
20734    0.007256
20750    0.017704
20768    0.002597
20801    0.007119
20803    0.004382
20830    0.004966
20860    0.006665
20861    0.008500
20894    0.006087
20946    0.002976
20983    0.003448
21039    0.005900
21048    0.007119
21057    0.003744
21066    0.008852
21115    0.002590
21119    0.005386
21122    0.003625
21129    0.002489
21146    0.004581
21157    0.006314
21210    0.008500
21243    0.002503
21247    0.004801
21290    0.008026
