100
69    0.054252
71    0.054252
486    0.034989
487    0.054252
969    0.054252
1272    0.019813
1436    0.019544
1458    0.049486
1496    0.115982
1508    0.137207
1513    0.054252
1699    0.012884
2102    0.013577
2377    0.045736
2885    0.043506
3057    0.048879
3058    0.054252
3205    0.162756
3501    0.028149
3727    0.062854
3780    0.048879
3857    0.045736
4141    0.023048
4195    0.014624
4245    0.037106
4303    0.039167
4488    0.026473
4497    0.030651
4743    0.026473
4877    0.031846
4985    0.054252
4991    0.078335
5074    0.018029
5526    0.040362
5698    0.048879
5919    0.034989
5924    0.025656
6046    0.031029
6049    0.025656
6908    0.013416
7052    0.054252
7332    0.041776
7962    0.064578
8218    0.013180
8219    0.026054
8690    0.036403
8781    0.016700
8996    0.025852
9209    0.012371
9393    0.054252
9921    0.048879
9994    0.033259
10074    0.015566
10229    0.080725
10261    0.013577
11283    0.043315
11358    0.018324
11683    0.010220
12005    0.010911
12117    0.054252
12300    0.013911
12659    0.018324
12855    0.025095
12944    0.028995
13137    0.043506
13434    0.004926
13517    0.054252
13869    0.037219
14742    0.011076
15025    0.041776
15110    0.034369
15439    0.035664
15488    0.020887
16585    0.012615
16611    0.038132
16894    0.054252
17061    0.034989
17108    0.020887
17144    0.012232
17373    0.031029
17438    0.024743
17445    0.074752
18182    0.008369
18493    0.028703
18882    0.011702
19011    0.054252
19278    0.019465
19347    0.029616
19562    0.024083
19844    0.005075
19999    0.037219
20088    0.025465
20090    0.009204
20260    0.009224
20275    0.026594
20304    0.054252
20452    0.019370
20475    0.093319
20557    0.035913
21147    0.028995
