141
219    0.010169
333    0.009170
455    0.012275
1080    0.024087
1283    0.019567
1403    0.033192
1545    0.072261
1699    0.008701
1817    0.022824
2014    0.014550
2015    0.016829
2102    0.009170
2277    0.030766
2344    0.008849
2674    0.025138
2744    0.009814
2882    0.026640
2902    0.025138
3039    0.012128
3041    0.033012
3089    0.026240
3140    0.018179
3726    0.012799
4136    0.024586
4195    0.009877
4380    0.014058
4798    0.021509
5075    0.019127
5452    0.028215
5879    0.014178
6115    0.019012
6129    0.018027
6193    0.022824
6486    0.017328
6601    0.026453
6630    0.017328
6827    0.015383
7080    0.028215
7097    0.014107
7110    0.019386
7304    0.023212
7380    0.013899
7431    0.021808
7514    0.038391
7574    0.025138
7802    0.004857
7967    0.018834
7988    0.017880
8025    0.010037
8082    0.025138
8218    0.008902
8466    0.029383
8820    0.025138
8894    0.066025
9523    0.015033
9736    0.019789
9746    0.020225
9747    0.014867
9752    0.047263
9945    0.015661
10140    0.011620
10290    0.012690
10334    0.010658
10338    0.041912
10354    0.013082
10837    0.005766
11014    0.026887
11103    0.004157
11184    0.016949
11196    0.035472
11320    0.022125
11399    0.017199
11570    0.011447
11782    0.027264
12122    0.018395
12283    0.007215
12302    0.022824
12345    0.030014
12548    0.011845
12763    0.016484
12808    0.027260
12817    0.012478
12866    0.021509
13008    0.031909
13297    0.023631
13319    0.011937
13357    0.010261
13434    0.006654
13530    0.014867
13568    0.013443
13647    0.019443
14054    0.016949
14207    0.023212
14231    0.023631
14320    0.012427
14331    0.019012
14498    0.009752
14539    0.032531
14726    0.017880
14796    0.035126
15038    0.018834
15204    0.012176
15239    0.018496
15685    0.020002
15712    0.011709
15783    0.016265
15867    0.025754
15907    0.011037
16585    0.010650
16592    0.007882
16598    0.029383
16707    0.026400
16723    0.029383
16729    0.005972
16732    0.009115
16907    0.010202
16958    0.015566
17281    0.020608
17669    0.008696
17788    0.022463
17830    0.012855
17885    0.019789
18230    0.030890
18587    0.011238
18940    0.017736
19008    0.027260
19262    0.012427
19426    0.014393
19844    0.003427
20108    0.017596
20260    0.012459
20261    0.023212
20282    0.008013
20439    0.019012
20440    0.022125
20717    0.009338
20768    0.008621
20976    0.025138
21150    0.004178
21253    0.024172
21254    0.057022
