365
166    0.007677
222    0.012388
251    0.008710
301    0.009039
320    0.012388
481    0.005806
552    0.010380
621    0.004824
831    0.009664
1065    0.009433
1157    0.009775
1184    0.004069
1222    0.007134
1278    0.006144
1409    0.012388
1423    0.005739
1436    0.004953
1486    0.007134
1490    0.003695
1604    0.006271
1681    0.011282
1685    0.010588
1824    0.014549
1857    0.010229
1862    0.005605
1889    0.015728
1940    0.004702
1941    0.004410
2170    0.007134
2192    0.008565
2277    0.002886
2280    0.007677
2284    0.007274
2344    0.003321
2396    0.003706
2479    0.011591
2595    0.008710
2676    0.007003
2706    0.007657
2737    0.028331
2876    0.009664
2920    0.006064
2949    0.010588
2981    0.006603
2982    0.011026
2985    0.007134
2987    0.008183
3238    0.005045
3282    0.006655
3286    0.007506
3306    0.007134
3326    0.009775
3396    0.018425
3459    0.009927
3463    0.008565
3472    0.008071
3524    0.009664
3567    0.003235
3571    0.005068
3647    0.007759
3661    0.009927
3675    0.005772
3734    0.012455
3788    0.006228
3925    0.006765
3943    0.006104
4137    0.006700
4151    0.005949
4153    0.006502
4173    0.006315
4260    0.004976
4317    0.007134
4461    0.005116
4467    0.005518
4481    0.010588
4516    0.005949
4599    0.007589
4603    0.010588
4660    0.008710
4712    0.010588
4811    0.011899
4871    0.005739
4936    0.009226
4937    0.009664
4969    0.028993
5043    0.002023
5075    0.002392
5096    0.014410
5260    0.022315
5264    0.013104
5281    0.010588
5495    0.002638
5567    0.007733
5614    0.009444
5635    0.009927
5706    0.007274
5739    0.019507
5828    0.009039
5925    0.007589
6171    0.007426
6179    0.010588
6258    0.012388
6378    0.016142
6425    0.007134
6430    0.005987
6452    0.007067
6547    0.010229
6598    0.003547
6644    0.007864
6714    0.007506
6758    0.011994
6761    0.003766
6762    0.015961
6881    0.006709
6927    0.009664
7010    0.006709
7078    0.008302
7141    0.006144
7180    0.006502
7192    0.005877
7349    0.007203
7354    0.010229
7401    0.009226
7456    0.004644
7606    0.011026
7642    0.005548
7787    0.012128
7793    0.008565
7802    0.001823
7833    0.007051
7834    0.009226
7860    0.007768
7987    0.005460
8019    0.003311
8021    0.005216
8105    0.006271
8181    0.004497
8233    0.005267
8234    0.010588
8395    0.012371
8500    0.003023
8533    0.004551
8581    0.003049
8630    0.004725
8638    0.005706
8735    0.009226
9361    0.004845
9455    0.006709
9510    0.004909
9533    0.004279
9631    0.005241
9664    0.004606
10105    0.007837
10140    0.008721
10287    0.010588
10421    0.005518
10611    0.011613
10644    0.012388
10689    0.005739
10714    0.009524
10794    0.005641
10897    0.004013
10911    0.008183
10942    0.013932
11087    0.004803
11093    0.010380
11112    0.003816
11118    0.005706
11180    0.003083
11181    0.007607
11201    0.003254
11225    0.005739
11386    0.004663
11454    0.010588
11468    0.004824
11609    0.008565
11655    0.007864
11683    0.002590
11684    0.006406
11744    0.004112
11747    0.005116
11786    0.006765
11816    0.010588
11841    0.004538
11857    0.006880
11947    0.013643
12047    0.008565
12099    0.022052
12273    0.004328
12307    0.033253
12309    0.015276
12313    0.011026
12326    0.006655
12470    0.008710
12505    0.004976
12659    0.004644
12660    0.004953
12664    0.009039
12759    0.008710
12904    0.003603
12916    0.008429
12941    0.007965
12978    0.005913
12987    0.001974
12999    0.002263
13082    0.009226
13132    0.012388
13138    0.012388
13185    0.008071
13225    0.009664
13351    0.006452
13356    0.007506
13434    0.003745
13501    0.034934
13633    0.008868
13647    0.003648
13727    0.009039
13797    0.011591
13836    0.007864
13877    0.051950
13886    0.003431
13910    0.003779
13921    0.006765
13939    0.004041
14041    0.012388
14065    0.016244
14141    0.009927
14255    0.009226
14323    0.004803
14425    0.038821
14426    0.008565
14427    0.008565
14604    0.005883
14742    0.001403
14850    0.018452
14919    0.008071
14939    0.011591
15016    0.005673
15019    0.040645
15135    0.006552
15137    0.015536
15271    0.005068
15299    0.005375
15343    0.007349
15344    0.015064
15468    0.005431
15503    0.005489
15555    0.004742
15710    0.005806
15818    0.004187
15820    0.004762
15908    0.007203
15909    0.008429
15910    0.004976
15944    0.006406
16024    0.007349
16060    0.005375
16252    0.014851
16268    0.007864
16300    0.009927
16301    0.008565
16317    0.005877
16333    0.006822
16485    0.004462
16489    0.006880
16490    0.012050
16504    0.008868
16585    0.005595
16659    0.009226
16724    0.004782
16734    0.002758
16766    0.010695
16923    0.003816
16944    0.003706
16959    0.004142
17066    0.012371
17075    0.005347
17093    0.006603
17117    0.010080
17144    0.003100
17326    0.008302
17331    0.005092
17358    0.007965
17361    0.011026
17395    0.007349
17434    0.013750
17438    0.006271
17451    0.005706
17484    0.002292
17643    0.004248
17645    0.009039
17669    0.003263
17670    0.007426
17682    0.012388
17695    0.014851
17857    0.007349
17870    0.004295
18037    0.006406
18079    0.022052
18098    0.005489
18158    0.005140
18167    0.004232
18173    0.007426
18179    0.004909
18182    0.002121
18185    0.010229
18203    0.004569
18256    0.006822
18307    0.007426
18314    0.009226
18317    0.005518
18335    0.008302
18378    0.022052
18383    0.012838
18411    0.005739
18412    0.010588
18438    0.007768
18474    0.009927
18619    0.003536
18882    0.002966
18927    0.008710
18993    0.013004
19004    0.008868
19043    0.007607
19085    0.006603
19088    0.008565
19096    0.009433
19097    0.005403
19124    0.007349
19232    0.004311
19266    0.011957
19309    0.005403
19314    0.007506
19327    0.006489
19331    0.011591
19426    0.005401
19535    0.004998
19543    0.004866
19546    0.006655
19572    0.007506
19652    0.007426
19707    0.008994
19756    0.014851
19772    0.004682
19844    0.001286
19956    0.012388
20090    0.002333
20131    0.007274
20275    0.006740
20601    0.004762
20620    0.004098
20797    0.008183
20803    0.005458
20841    0.003625
20868    0.003032
20902    0.004533
21057    0.004663
21058    0.004027
21065    0.005949
21114    0.007677
21150    0.003136
21266    0.003718
21306    0.010806
21307    0.004479
21310    0.005579
