278
219    0.005125
1066    0.010080
1149    0.015567
1271    0.011698
1458    0.008422
1624    0.018466
1625    0.055397
1636    0.018466
1689    0.005878
1699    0.002193
1752    0.008092
1968    0.012668
1986    0.016637
2224    0.007663
2283    0.007411
2349    0.033274
2440    0.009674
2450    0.010080
2688    0.006450
2763    0.018466
2819    0.005856
2867    0.045204
3133    0.013331
3282    0.008938
3567    0.004345
3570    0.016637
4177    0.016637
4456    0.007576
4486    0.009240
4505    0.018021
4511    0.012668
4520    0.024781
4571    0.009321
4581    0.008733
4636    0.008542
4899    0.005465
4918    0.023005
5007    0.014219
5043    0.002717
5174    0.016637
5212    0.006395
5253    0.014219
5283    0.016637
5331    0.008868
5399    0.009581
5546    0.015567
5612    0.016637
5613    0.018466
5655    0.055397
5811    0.018466
5973    0.018466
5991    0.006775
6159    0.018466
6315    0.013738
6391    0.018466
6434    0.011909
6467    0.011503
6545    0.018466
6594    0.016637
6705    0.006263
6854    0.018466
6959    0.011698
6960    0.018466
7168    0.003675
7191    0.012390
7192    0.007892
7194    0.007004
7220    0.013738
7251    0.018466
7258    0.015567
7523    0.007109
7583    0.009869
7716    0.017876
7772    0.012668
7802    0.002448
7849    0.011909
8019    0.004447
8040    0.014032
8061    0.015567
8078    0.003714
8082    0.012668
8181    0.006040
8211    0.011150
8370    0.018466
8630    0.003173
8638    0.007663
8671    0.018466
8781    0.005684
8786    0.008251
9023    0.006937
9310    0.033274
9518    0.003929
9660    0.016637
9833    0.016637
9839    0.018466
9853    0.018466
9876    0.033274
9962    0.011320
10175    0.021545
10179    0.010561
10770    0.036931
10837    0.002906
10838    0.023818
10850    0.011150
10892    0.004129
10897    0.016169
10919    0.018466
10975    0.007892
11071    0.090564
11072    0.016637
11089    0.009321
11121    0.010839
11146    0.006161
11153    0.012390
11154    0.036645
11201    0.004370
11225    0.007707
11235    0.025958
11238    0.012139
11355    0.003589
11395    0.018466
11419    0.015567
11426    0.018466
11432    0.018466
11458    0.011909
11468    0.006478
11516    0.018466
11750    0.004946
11797    0.013331
11807    0.018466
11841    0.006095
12005    0.007428
12064    0.014665
12296    0.014808
12348    0.009581
12408    0.018466
12434    0.010310
12486    0.018466
12737    0.016637
12855    0.008541
12857    0.011503
12866    0.010839
12986    0.018466
12987    0.002651
13004    0.014808
13153    0.018466
13191    0.014808
13273    0.018466
13299    0.018466
13302    0.012390
13343    0.012979
13361    0.007576
13434    0.001677
13580    0.004499
13581    0.010310
13617    0.013738
13647    0.004899
13708    0.018466
13877    0.007752
13880    0.015567
13910    0.005075
13939    0.005427
14067    0.018466
14075    0.031134
14442    0.039891
14485    0.006807
14735    0.018466
14742    0.001885
14749    0.012630
14824    0.008733
14849    0.018466
14917    0.009085
14942    0.010697
14952    0.008733
14957    0.012390
14961    0.010697
14980    0.025958
14982    0.033961
14983    0.015567
15033    0.008542
15063    0.026402
15070    0.009770
15072    0.009240
15105    0.010697
15124    0.018466
15137    0.010433
15142    0.007219
15147    0.010310
15150    0.018466
15299    0.007219
15410    0.007534
15470    0.010310
15551    0.006682
15556    0.007941
15657    0.018466
15731    0.018466
15896    0.011320
15932    0.011698
16007    0.020161
16429    0.012979
16511    0.011503
16527    0.012372
16529    0.068415
16531    0.039477
16532    0.008422
16585    0.003220
16592    0.003972
16729    0.006019
16734    0.003704
16804    0.015567
17105    0.005353
17117    0.009025
17144    0.004164
17340    0.018466
17366    0.007039
17480    0.008364
17507    0.009770
17524    0.014512
17775    0.018466
17814    0.006016
17885    0.009973
17886    0.014219
17915    0.018466
17916    0.006744
17934    0.013738
17949    0.023970
17958    0.014808
18167    0.008525
18186    0.006937
18282    0.002863
18499    0.007576
18706    0.010697
18761    0.028438
18888    0.012372
18898    0.014009
18903    0.017465
18948    0.010193
19037    0.007619
19050    0.010990
19106    0.008197
19153    0.013738
19212    0.007534
19223    0.006682
19277    0.008307
19327    0.004357
19366    0.002566
19370    0.005878
19411    0.009240
19436    0.018466
19451    0.018466
19461    0.013738
19515    0.016637
19883    0.018466
19945    0.009770
20058    0.012668
20095    0.020385
20135    0.055397
20274    0.019268
20275    0.004526
20533    0.015567
20582    0.006937
20713    0.004994
20716    0.007294
20803    0.003665
20833    0.010839
20927    0.004473
20969    0.008481
20971    0.015567
21019    0.007411
21085    0.007256
21111    0.030828
21113    0.061595
21122    0.006063
21129    0.008327
21150    0.010528
21247    0.002677
21251    0.015567
21266    0.009987
