154
115    0.015184
219    0.009859
246    0.012251
333    0.008891
370    0.014258
451    0.012409
455    0.011901
568    0.013677
796    0.019835
1283    0.009485
1403    0.016091
1423    0.014827
1490    0.009546
1741    0.006658
1746    0.043583
1859    0.014827
1862    0.007240
1949    0.011901
2014    0.014107
2277    0.014915
2396    0.019153
2674    0.024372
2745    0.010551
2882    0.025829
2947    0.038393
2968    0.033350
2995    0.018094
3050    0.009859
3077    0.040036
3086    0.015184
3090    0.015092
3583    0.007790
3647    0.010023
3675    0.029828
3842    0.011529
4137    0.008656
4198    0.019609
4260    0.012856
4380    0.013630
4456    0.014576
4488    0.017335
4581    0.016800
4662    0.012572
4697    0.013034
4817    0.019186
5075    0.006182
5352    0.012974
5521    0.015372
5584    0.018260
5942    0.035525
6251    0.017196
6601    0.025648
6827    0.014914
6828    0.013095
7304    0.022505
7364    0.017777
7377    0.029871
7833    0.009109
7988    0.017335
8019    0.008555
8129    0.025648
8218    0.017261
8824    0.024970
8845    0.012517
8918    0.011758
9003    0.013034
9136    0.015372
9280    0.016316
9398    0.011140
9517    0.008287
9526    0.018260
9747    0.014414
10074    0.010193
10096    0.017061
10107    0.021779
10338    0.010159
10354    0.012684
10397    0.014576
10697    0.016675
10774    0.017777
10790    0.016929
10816    0.024970
10837    0.011181
10840    0.036295
11014    0.026068
11468    0.012463
11729    0.011665
11782    0.008811
12283    0.006995
12302    0.022129
12548    0.011484
12904    0.009308
13195    0.017061
13319    0.011574
13357    0.009948
13434    0.003226
13530    0.014414
13568    0.013034
13647    0.009426
13792    0.024970
14065    0.016788
14124    0.014258
14137    0.014742
14303    0.010228
14391    0.015002
14425    0.008359
14642    0.022912
14780    0.018094
15325    0.019609
15685    0.019393
15871    0.026430
16215    0.020579
16237    0.009763
16250    0.035525
16293    0.025648
16323    0.023837
16488    0.021779
16585    0.014456
16592    0.007642
16707    0.051191
16708    0.024372
16724    0.024712
16729    0.005790
16766    0.013816
16941    0.006640
17281    0.009990
17407    0.011439
17868    0.042545
18003    0.013542
18005    0.009054
18383    0.011057
18587    0.010896
18725    0.014336
18896    0.021779
18940    0.017196
19258    0.032007
19366    0.004937
19460    0.008240
19499    0.022912
19541    0.022912
19751    0.016675
19844    0.013292
20185    0.026430
20260    0.015100
20282    0.007769
20382    0.018260
20868    0.007833
20905    0.025648
20927    0.008605
21009    0.021779
21057    0.012048
21119    0.017335
21243    0.008055
21253    0.007812
