143
99    0.028202
634    0.025390
1058    0.035168
1069    0.049522
1072    0.017023
1278    0.015715
1398    0.035168
1456    0.032079
1477    0.012669
1732    0.031685
1740    0.012844
1741    0.032953
1746    0.043145
1762    0.009018
1934    0.024719
1936    0.027081
2173    0.010482
2226    0.017753
2344    0.008494
2524    0.024127
2548    0.027081
2685    0.035168
2819    0.011153
3583    0.023136
3912    0.017023
4072    0.021907
4202    0.014940
4240    0.021618
4338    0.056404
4450    0.009541
4461    0.013086
4516    0.015217
4949    0.015031
5043    0.010350
5075    0.006119
5180    0.022279
5264    0.016759
5374    0.022681
5495    0.006746
5594    0.035168
5977    0.009510
6001    0.027081
6076    0.021236
7008    0.025390
7168    0.006999
7466    0.012392
7531    0.009129
7744    0.014039
7802    0.013987
8040    0.017817
8105    0.016039
8417    0.023563
8568    0.007841
8630    0.006042
8882    0.028202
8996    0.033517
9209    0.016039
9361    0.012392
9632    0.035168
9644    0.014764
9655    0.035168
9664    0.011782
9803    0.019636
9804    0.027081
10605    0.021112
10611    0.014852
11146    0.011734
11180    0.007885
11183    0.013540
11472    0.024719
11757    0.011782
11782    0.008723
11841    0.011608
12283    0.006925
12415    0.021651
12505    0.012727
12660    0.012669
12675    0.010865
12765    0.010987
12853    0.022390
12983    0.010229
12999    0.005789
13145    0.016507
13179    0.013086
13242    0.029648
13357    0.009848
13434    0.003193
13466    0.008227
13530    0.014269
13544    0.023598
13580    0.008569
14065    0.004155
14111    0.027081
14343    0.029021
14406    0.010670
14740    0.035168
14742    0.025129
14920    0.018247
15596    0.020931
15600    0.015929
15778    0.026296
15822    0.010445
15825    0.022279
16241    0.014940
16485    0.011413
16585    0.008178
16729    0.011463
16944    0.009480
17484    0.005862
17765    0.035168
17895    0.035168
18146    0.018796
18282    0.005452
18385    0.020931
18493    0.018606
18553    0.017161
18713    0.014678
18815    0.023598
19043    0.009728
19261    0.010519
19366    0.004888
19410    0.013012
19794    0.031685
19822    0.019198
19909    0.022681
20251    0.014429
20256    0.018796
20289    0.019412
20439    0.018247
20440    0.042472
20475    0.090739
20477    0.080197
20557    0.023280
20717    0.035851
20778    0.016507
20803    0.013960
20807    0.015123
20868    0.015509
20910    0.015612
21072    0.031685
21115    0.008251
21150    0.004010
21247    0.005098
