157
103    0.035134
115    0.015184
298    0.021144
610    0.013410
985    0.021779
1224    0.025648
1459    0.026430
1740    0.012974
1741    0.006658
1899    0.024970
1932    0.029949
2093    0.010626
2857    0.013542
2914    0.022129
3315    0.016800
3567    0.008359
3571    0.013095
3846    0.032007
3932    0.025648
3996    0.021144
4240    0.029117
4245    0.012149
4516    0.015372
4701    0.034956
4870    0.010976
4872    0.016316
5028    0.017335
5079    0.011619
5480    0.016433
5501    0.007051
5610    0.019609
5864    0.022505
5977    0.009607
5995    0.019393
6425    0.018433
6450    0.022505
6527    0.025648
6655    0.013746
6835    0.024372
6930    0.019186
6931    0.018987
6951    0.023837
6965    0.028488
6984    0.010588
7173    0.014576
7246    0.024372
7403    0.025648
7486    0.012856
7744    0.014182
7802    0.004710
7935    0.016675
8078    0.007145
8181    0.011619
8220    0.016929
8505    0.014258
8630    0.006104
8726    0.020319
8805    0.015092
8996    0.067715
8997    0.028488
9141    0.023353
9209    0.008101
9320    0.014827
9357    0.019835
9360    0.028488
9361    0.012517
9442    0.016202
9518    0.007559
9873    0.011057
9901    0.021779
10283    0.029949
10578    0.031134
10992    0.021451
11181    0.019654
11279    0.012974
11439    0.014494
11642    0.026430
11667    0.046707
11683    0.006692
11782    0.008811
11891    0.021451
12085    0.012356
12132    0.022129
12300    0.018218
12415    0.010936
12864    0.011057
12898    0.015982
12900    0.015184
12911    0.011439
12987    0.005099
12999    0.005848
13388    0.026820
13454    0.022129
13477    0.032007
13647    0.009426
13707    0.051295
14065    0.008394
14436    0.028488
14527    0.018433
14607    0.012048
14742    0.014505
15474    0.021144
15557    0.027356
15583    0.041158
15778    0.026563
15807    0.018795
15822    0.010551
15830    0.017777
15837    0.022912
15912    0.009165
16560    0.024970
16803    0.022912
16955    0.013887
17030    0.026430
17106    0.019609
17326    0.021451
17413    0.016552
17524    0.013959
17854    0.015667
17949    0.030743
18108    0.024372
18167    0.010933
18282    0.005508
18340    0.014494
18462    0.016552
18524    0.026430
18814    0.022912
19043    0.019654
19366    0.004937
19406    0.035525
19410    0.019717
19411    0.017777
19428    0.028488
19444    0.016929
19446    0.029949
19464    0.009924
19598    0.025648
19718    0.027084
19844    0.009969
20100    0.014742
20256    0.018987
20260    0.009060
20475    0.030554
20477    0.048607
20480    0.020071
20557    0.011758
20563    0.019186
20617    0.019609
20629    0.017625
20717    0.045268
20734    0.046707
20859    0.036521
20894    0.009795
20926    0.027356
20983    0.011098
21157    0.020319
21290    0.012915
