82
420    0.037572
719    0.060628
1097    0.022544
1163    0.031823
1245    0.025779
1490    0.036164
1689    0.021421
1746    0.041278
1941    0.021586
2215    0.083836
2224    0.027925
3504    0.051818
3647    0.018987
4017    0.036735
4137    0.049189
4240    0.041365
4516    0.029117
4701    0.033107
4872    0.030907
5043    0.009902
5440    0.026172
5695    0.040051
6319    0.032067
6365    0.022184
6497    0.035603
6596    0.016943
7166    0.027609
7181    0.022453
7721    0.046166
7753    0.036748
8019    0.016205
8533    0.022273
8630    0.023124
9214    0.030907
9375    0.036343
10074    0.019308
10897    0.019641
11056    0.053964
11786    0.033107
12337    0.036735
12415    0.041429
12864    0.020945
13348    0.027456
13445    0.039501
13774    0.048583
13812    0.056730
14260    0.041254
14305    0.030691
14316    0.022009
14742    0.013738
14749    0.023013
14842    0.043400
15822    0.019986
15852    0.053964
15983    0.026306
16586    0.037572
16734    0.013498
16880    0.046219
17371    0.060628
17669    0.015971
17817    0.031354
17870    0.042045
17949    0.029117
18462    0.031354
18885    0.041254
18992    0.029301
19170    0.044237
19225    0.022636
19351    0.037572
19410    0.012449
19416    0.045834
19718    0.025652
19817    0.026306
19844    0.006295
20017    0.050065
20260    0.005721
20261    0.042630
20475    0.115751
20477    0.153454
20557    0.044546
20717    0.017150
21115    0.015788
