61
420    0.055035
1490    0.026486
1502    0.098571
1699    0.011704
1746    0.030232
1941    0.031619
2224    0.040904
2440    0.051638
3504    0.075902
3647    0.027812
4017    0.053809
4137    0.072051
4240    0.060591
4520    0.066140
4872    0.045272
5695    0.058666
5988    0.039995
6497    0.052150
7166    0.040442
8218    0.023946
8534    0.031741
8996    0.046971
9375    0.053234
9644    0.041381
10266    0.088808
10892    0.022039
11056    0.079045
11181    0.027266
11355    0.019157
11786    0.048495
12166    0.036677
12337    0.053809
12675    0.030454
13445    0.057861
13812    0.083097
14260    0.060429
14316    0.032239
14742    0.010062
14749    0.033709
14842    0.063572
15779    0.048098
15852    0.079045
15983    0.038533
16241    0.041875
16585    0.011460
16586    0.055035
16705    0.025827
16734    0.019772
17210    0.056377
17371    0.088808
17669    0.023394
17870    0.061587
18569    0.053809
18885    0.060429
19718    0.037574
20017    0.073335
20260    0.008379
20475    0.084775
20477    0.134867
20557    0.065250
20717    0.025121
