56
610    0.040027
1279    0.064029
1698    0.028767
1699    0.025182
1746    0.032522
2819    0.033627
3228    0.095536
3393    0.049407
4028    0.042790
4143    0.065007
4240    0.043454
4701    0.052169
4870    0.032761
5089    0.071150
5570    0.060648
5977    0.028675
6838    0.085034
8059    0.081653
9141    0.139413
9209    0.024179
9357    0.059204
9644    0.044516
9742    0.078890
9877    0.069706
10420    0.042558
11279    0.038725
12300    0.027189
14065    0.012527
14742    0.032472
15334    0.050923
15583    0.061425
16241    0.045048
16560    0.074531
16585    0.006164
17373    0.121296
17413    0.049407
17782    0.037200
17949    0.045882
17982    0.071150
18003    0.040421
18108    0.072747
18391    0.067175
18567    0.045882
18887    0.048702
19446    0.089392
19577    0.048361
19773    0.026618
20256    0.056673
20260    0.018028
20475    0.091198
20477    0.048361
20717    0.054048
20894    0.029236
21115    0.024878
21129    0.023909
21157    0.121296
