56
455    0.033494
1021    0.057915
1173    0.051874
1174    0.090077
1381    0.068590
1680    0.042221
1681    0.041020
1725    0.047280
2165    0.056486
2344    0.024146
2706    0.027838
4037    0.050922
4240    0.040971
5075    0.034793
5110    0.057915
5265    0.067085
5487    0.042731
6999    0.057915
7466    0.035227
8153    0.051390
8181    0.032700
8297    0.084284
8355    0.084284
8500    0.021985
9533    0.031118
10646    0.052376
11052    0.063337
11355    0.019431
11485    0.099979
11530    0.048013
12365    0.037378
13434    0.009078
13850    0.084284
14111    0.076987
14298    0.065723
14316    0.032700
14742    0.030616
14749    0.034191
15016    0.041252
15299    0.039083
15910    0.108540
16187    0.299936
16585    0.005812
17105    0.028981
17529    0.038300
18340    0.040791
19279    0.060370
19327    0.023591
19844    0.018704
20260    0.016998
20475    0.128980
20477    0.091196
20557    0.066182
20587    0.042221
20588    0.054578
21150    0.011400
