542
526    0.004714
568    0.002761
589    0.007171
610    0.008120
703    0.006460
773    0.002863
843    0.004714
864    0.007171
882    0.004154
1017    0.003756
1097    0.004804
1173    0.003721
1203    0.005335
1262    0.005884
1278    0.003204
1309    0.002355
1368    0.005040
1451    0.001707
1490    0.001927
1493    0.007171
1646    0.002631
1699    0.001703
1707    0.002643
1725    0.006782
1740    0.002619
1741    0.009406
1746    0.004399
1759    0.004004
1762    0.001839
1862    0.001461
1863    0.004004
1935    0.006460
1943    0.003558
1997    0.004714
1998    0.006045
2002    0.004625
2172    0.003366
2388    0.004209
2400    0.005040
2432    0.002477
2458    0.003417
2658    0.007745
2684    0.002412
2792    0.003873
2796    0.007171
2806    0.002527
2819    0.004548
2857    0.005467
2865    0.005040
2867    0.005851
2909    0.010097
2916    0.005522
2945    0.007171
2981    0.003444
3140    0.003558
3217    0.005750
3298    0.003162
3299    0.013874
3315    0.006782
3341    0.002300
3396    0.002402
3398    0.005335
3451    0.002720
3483    0.002894
3521    0.003652
3563    0.006771
3583    0.001572
3686    0.009951
3688    0.006587
3697    0.007171
3790    0.002832
3834    0.005040
3842    0.002327
3846    0.006460
3861    0.006998
3862    0.003046
3903    0.002707
4071    0.004543
4072    0.004467
4240    0.017631
4245    0.017165
4450    0.003891
4490    0.007171
4536    0.002993
4578    0.003686
4586    0.008933
4608    0.005177
4656    0.006887
4689    0.003873
4701    0.007056
4729    0.004672
4760    0.005750
4833    0.003832
4870    0.002215
4872    0.003293
4946    0.008933
4949    0.006129
5011    0.006460
5043    0.004221
5044    0.003084
5074    0.002383
5075    0.006239
5078    0.005040
5093    0.002959
5116    0.004330
5171    0.004154
5225    0.003499
5230    0.003366
5232    0.003914
5268    0.004051
5331    0.003444
5345    0.012921
5389    0.004811
5480    0.009951
5495    0.001376
5501    0.004270
5523    0.002863
5532    0.001795
5562    0.007304
5589    0.006460
5610    0.003958
5765    0.004543
5769    0.002023
5919    0.004625
5923    0.004625
5954    0.005040
5960    0.014341
5975    0.002199
5976    0.003528
5977    0.011635
5986    0.011874
5988    0.008728
5991    0.002631
6030    0.004919
6042    0.003558
6133    0.005040
6219    0.016565
6372    0.008534
6429    0.002894
6596    0.001805
6655    0.005549
6705    0.002432
6719    0.002412
6864    0.007239
6866    0.010080
6868    0.007171
6875    0.006045
6918    0.002863
6930    0.003873
7019    0.006045
7023    0.012921
7028    0.005040
7053    0.006634
7097    0.002761
7168    0.007135
7241    0.003417
7264    0.005522
7343    0.016829
7408    0.003794
7454    0.005522
7466    0.002527
7472    0.004209
7498    0.006045
7522    0.004268
7523    0.002761
7531    0.001861
7574    0.004919
7650    0.002681
7651    0.004543
7688    0.007171
7797    0.004330
7802    0.002852
7931    0.005040
7985    0.003528
7987    0.002847
8010    0.014341
8019    0.001727
8021    0.002720
8188    0.004919
8194    0.012921
8200    0.002909
8233    0.002747
8275    0.005440
8323    0.007750
8452    0.014141
8453    0.010354
8496    0.004330
8505    0.002878
8538    0.009427
8553    0.005040
8568    0.003198
8630    0.004928
8638    0.002976
8682    0.014341
8683    0.005522
8711    0.002483
8802    0.005522
8825    0.005335
8918    0.002373
8964    0.005665
8984    0.005635
8996    0.030753
8997    0.011500
9003    0.005262
9009    0.003499
9037    0.004811
9045    0.005750
9077    0.004004
9176    0.006460
9248    0.005177
9276    0.004467
9327    0.032302
9357    0.008007
9360    0.005750
9361    0.005053
9392    0.003528
9445    0.004919
9454    0.002079
9498    0.006460
9502    0.005819
9518    0.001526
9533    0.002232
9615    0.014341
9644    0.006021
9667    0.006045
9707    0.021512
9752    0.004625
9877    0.004714
9901    0.004396
9944    0.003248
9945    0.003065
9946    0.004051
9961    0.004051
10007    0.005750
10011    0.004101
10042    0.006460
10175    0.002789
10186    0.003588
10247    0.003204
10261    0.001795
10263    0.004268
10268    0.006045
10283    0.006045
10330    0.007171
10341    0.003794
10379    0.007171
10380    0.007171
10420    0.002878
10589    0.016009
10593    0.007587
10605    0.004305
10612    0.003721
10645    0.036997
10836    0.003794
10880    0.006460
10892    0.030462
10895    0.004396
11051    0.003528
11146    0.002392
11183    0.002761
11218    0.001534
11223    0.004101
11299    0.018135
11312    0.006460
11334    0.008671
11355    0.009755
11387    0.004396
11434    0.005912
11439    0.002926
11451    0.021512
11499    0.003873
11503    0.003345
11566    0.003341
11569    0.002037
11570    0.002240
11747    0.002668
11750    0.001921
11841    0.004733
11895    0.004330
11949    0.007171
12005    0.001442
12006    0.010251
12017    0.005522
12042    0.009677
12048    0.002761
12054    0.005335
12064    0.002847
12086    0.003620
12110    0.003878
12119    0.021339
12132    0.004467
12133    0.003914
12245    0.001891
12269    0.005177
12300    0.005516
12301    0.007171
12411    0.004268
12415    0.004415
12434    0.004004
12455    0.004101
12513    0.007171
12591    0.002130
12613    0.003270
12618    0.009031
12621    0.009427
12675    0.008862
12684    0.006037
12756    0.005177
12765    0.002240
12855    0.004975
12864    0.002232
12936    0.004811
12983    0.002086
12987    0.007205
13008    0.003122
13037    0.006460
13050    0.005433
13148    0.006460
13154    0.005414
13157    0.003046
13175    0.003391
13298    0.003248
13329    0.014341
13366    0.013400
13388    0.008120
13434    0.003907
13454    0.004467
13466    0.005032
13494    0.004811
13495    0.004051
13580    0.003494
13647    0.003805
13746    0.005522
13750    0.005177
13756    0.004396
13777    0.004101
13866    0.002976
13886    0.001789
13897    0.003366
13905    0.004811
13939    0.002107
14065    0.010166
14066    0.004154
14104    0.004919
14130    0.003046
14166    0.009623
14406    0.002176
14439    0.005180
14445    0.003065
14490    0.003417
14527    0.003721
14539    0.003183
14612    0.005335
14630    0.007171
14742    0.011711
14749    0.002452
14756    0.005750
14805    0.006460
14815    0.004320
14816    0.004396
14817    0.007829
14890    0.005177
14920    0.003721
14943    0.008418
14944    0.002909
14961    0.004154
15032    0.003183
15204    0.002383
15400    0.003103
15410    0.002926
15488    0.002761
15497    0.004804
15530    0.004396
15539    0.005522
15582    0.007171
15583    0.004154
15603    0.004004
15778    0.005362
15779    0.013996
15805    0.005335
15807    0.007587
15821    0.003103
15822    0.004259
15830    0.014352
15888    0.004209
15906    0.009892
15909    0.004396
15912    0.001850
15915    0.004811
15923    0.006460
16058    0.004625
16060    0.005606
16205    0.003721
16237    0.003941
16241    0.006093
16299    0.003417
16396    0.003204
16485    0.002327
16585    0.001667
16668    0.003914
16670    0.006460
16724    0.002494
16729    0.001169
16734    0.001438
16758    0.006460
16941    0.001340
16944    0.009665
16958    0.003046
16959    0.002160
17029    0.006325
17032    0.003958
17103    0.002619
17105    0.006236
17144    0.001617
17253    0.008792
17269    0.004268
17295    0.007171
17331    0.002656
17347    0.002976
17374    0.003588
17407    0.002309
17445    0.003293
17484    0.003586
17525    0.004330
17527    0.011743
17529    0.002747
17741    0.004811
17761    0.011162
17782    0.005031
17810    0.004330
17814    0.002336
17846    0.003226
17857    0.003832
17867    0.007441
17889    0.004330
17913    0.003444
17949    0.009308
17950    0.004625
17996    0.007171
18003    0.002733
18063    0.004209
18086    0.003794
18116    0.004209
18138    0.002976
18142    0.004051
18167    0.001103
18182    0.005531
18193    0.005522
18282    0.006670
18326    0.002847
18340    0.005851
18385    0.004268
18435    0.002538
18436    0.004268
18460    0.004330
18462    0.003341
18569    0.003914
18607    0.004004
18717    0.002619
18898    0.008160
18901    0.003317
18945    0.005335
19010    0.003588
19042    0.004543
19043    0.001984
19046    0.005521
19169    0.002878
19177    0.006172
19225    0.004824
19226    0.013615
19228    0.003914
19261    0.004289
19262    0.004864
19266    0.002079
19273    0.005522
19366    0.001993
19381    0.003958
19410    0.009286
19411    0.003588
19426    0.002817
19503    0.003103
19535    0.002607
19562    0.006366
19621    0.005522
19653    0.006460
19757    0.003558
19773    0.001800
19820    0.002422
19844    0.001341
19909    0.004625
19997    0.003270
20010    0.004919
20090    0.006083
20100    0.011902
20260    0.005486
20275    0.001757
20281    0.002595
20338    0.004714
20405    0.004811
20439    0.003721
20475    0.070921
20477    0.042514
20480    0.008102
20556    0.004811
20557    0.016613
20563    0.007745
20573    0.005522
20574    0.006460
20672    0.003652
20700    0.003832
20713    0.005817
20717    0.040204
20768    0.001687
20771    0.003065
20803    0.005693
20807    0.003084
20832    0.007171
20844    0.001497
20868    0.001581
20899    0.007829
20901    0.002224
20915    0.003794
20946    0.001933
20956    0.002847
20963    0.004467
20964    0.002191
21039    0.003832
21088    0.012627
21115    0.001682
21122    0.007064
21126    0.003873
21129    0.004850
21132    0.003183
21135    0.003721
21143    0.005040
21150    0.005723
21195    0.003366
21247    0.003119
21261    0.003873
21266    0.003878
21290    0.005213
21292    0.004101
