400
168    0.007442
223    0.011423
251    0.008032
301    0.008334
453    0.006089
481    0.005354
552    0.009572
621    0.004448
831    0.008911
1157    0.004507
1184    0.003752
1223    0.008177
1240    0.008041
1423    0.010583
1426    0.008334
1436    0.004567
1451    0.003018
1490    0.006813
1516    0.010688
1680    0.005354
1681    0.005202
1685    0.009763
1698    0.003440
1733    0.009153
1734    0.009763
1862    0.002584
1864    0.007251
1889    0.007251
1940    0.008672
1941    0.004067
1949    0.004247
2102    0.003173
2113    0.005144
2114    0.010069
2170    0.006578
2280    0.007079
2283    0.005089
2344    0.003062
2432    0.006568
2491    0.009763
2595    0.008032
2644    0.005520
2711    0.005354
2723    0.003542
2737    0.030478
2853    0.006290
2876    0.008911
2920    0.005591
2922    0.010688
2931    0.007773
2981    0.006089
2985    0.006578
3177    0.009153
3221    0.010167
3238    0.004652
3286    0.006921
3309    0.005386
3318    0.007344
3326    0.009013
3327    0.005628
3396    0.033979
3409    0.008507
3458    0.010167
3472    0.007442
3563    0.003990
3647    0.007154
3661    0.009153
3732    0.005591
3734    0.005743
3842    0.004114
3847    0.008177
3850    0.004652
3919    0.009763
3921    0.007546
3925    0.012475
3943    0.005628
4055    0.006400
4137    0.003089
4153    0.005996
4173    0.011646
4231    0.009433
4235    0.010688
4240    0.002598
4260    0.004588
4450    0.003440
4466    0.011423
4481    0.009763
4516    0.005486
4581    0.005996
4583    0.010688
4613    0.008507
4811    0.005486
4899    0.003752
4936    0.008507
4937    0.008911
5043    0.005597
5063    0.008507
5075    0.006618
5096    0.003322
5103    0.006089
5125    0.010688
5206    0.006089
5260    0.010289
5264    0.024166
5495    0.002432
5567    0.003565
5577    0.008032
5614    0.004354
5635    0.009153
5706    0.006708
5707    0.006998
5738    0.009153
5739    0.035974
5869    0.006998
6087    0.009153
6095    0.011423
6157    0.010167
6319    0.006042
6323    0.005865
6430    0.005520
6487    0.007656
6516    0.010688
6517    0.012678
6596    0.003192
6638    0.010688
6644    0.007251
6655    0.004906
6758    0.008295
6761    0.003473
6762    0.004906
6836    0.009433
6844    0.004931
6927    0.008911
6965    0.010167
6994    0.006578
7078    0.007656
7141    0.005665
7173    0.010404
7180    0.005996
7192    0.005419
7194    0.004809
7354    0.009433
7470    0.008177
7544    0.009763
7607    0.006642
7619    0.003976
7642    0.010232
7709    0.017347
7787    0.005591
7834    0.008507
7858    0.010167
7860    0.014326
7867    0.021376
7892    0.009862
7973    0.008177
7989    0.004429
8019    0.003053
8025    0.006946
8181    0.004147
8233    0.009714
8234    0.009763
8254    0.007344
8310    0.009433
8317    0.009763
8369    0.009433
8395    0.011407
8407    0.005486
8500    0.002788
8536    0.005628
8568    0.002827
8630    0.004357
8735    0.008507
8935    0.007656
8964    0.005008
8973    0.008177
9023    0.004763
9136    0.005486
9208    0.008507
9361    0.008934
9364    0.004247
9484    0.004906
9518    0.002698
9664    0.008495
9747    0.005144
9811    0.006137
10037    0.008507
10105    0.010840
10140    0.012062
10186    0.006344
10287    0.009763
10303    0.010688
10421    0.005089
10611    0.010708
10689    0.005292
10714    0.008782
10803    0.005061
10897    0.003701
10942    0.021411
11087    0.004429
11093    0.004786
11103    0.001438
11112    0.003519
11117    0.003145
11181    0.003507
11207    0.009094
11289    0.004786
11386    0.004300
11434    0.010453
11454    0.009763
11503    0.002957
11549    0.009763
11747    0.004718
11757    0.004247
11841    0.006277
12005    0.002550
12007    0.010688
12100    0.010688
12273    0.003990
12283    0.002497
12307    0.038328
12308    0.009153
12309    0.004695
12313    0.010167
12345    0.003462
12470    0.008032
12505    0.004588
12660    0.004567
12867    0.005823
12907    0.005089
12927    0.004282
12999    0.002087
13225    0.008911
13348    0.005173
13351    0.002974
13353    0.004906
13434    0.002302
13462    0.005591
13501    0.016106
13565    0.007546
13580    0.003089
13597    0.009433
13633    0.008177
13640    0.008698
13647    0.006728
13836    0.007251
13877    0.037258
13886    0.003163
13910    0.003484
13921    0.006238
13939    0.003726
14012    0.004982
14014    0.006238
14065    0.011983
14425    0.026848
14427    0.015795
14510    0.010688
14594    0.006642
14604    0.008137
14663    0.010167
14742    0.003882
14793    0.009153
14796    0.004051
14850    0.008507
14883    0.008698
14920    0.006578
14944    0.005144
15003    0.006998
15016    0.010462
15019    0.032125
15137    0.007163
15139    0.007656
15212    0.012580
15271    0.004673
15299    0.004956
15343    0.006776
15344    0.009260
15474    0.007546
15744    0.010688
15818    0.003860
15907    0.003819
15935    0.010688
15997    0.007546
16252    0.013694
16301    0.007898
16306    0.020334
16309    0.008698
16317    0.005419
16485    0.004114
16489    0.006344
16490    0.005556
16510    0.006400
16585    0.004422
16659    0.008507
16691    0.010688
16734    0.002543
16847    0.010167
16941    0.004740
16944    0.003418
16952    0.005354
16977    0.008334
17066    0.011407
17074    0.004740
17075    0.004931
17117    0.006197
17193    0.010688
17272    0.010167
17326    0.007656
17331    0.004695
17361    0.010167
17369    0.005034
17395    0.006776
17451    0.005261
17525    0.007656
17643    0.003917
17645    0.008334
17670    0.006847
17679    0.008507
17695    0.006847
17757    0.006238
17857    0.006776
17870    0.003961
17949    0.005486
18003    0.004833
18037    0.005907
18079    0.010167
18167    0.013657
18173    0.006847
18179    0.004527
18185    0.009433
18190    0.005823
18307    0.006847
18317    0.005089
18326    0.005034
18335    0.007656
18377    0.009153
18383    0.007892
18474    0.009153
18551    0.008032
18580    0.005628
18619    0.003261
18655    0.008103
18678    0.008698
18696    0.007442
18754    0.008334
18780    0.008507
18807    0.006578
18882    0.002735
18927    0.008032
18993    0.011991
19043    0.014028
19097    0.009964
19124    0.006776
19212    0.005173
19266    0.011026
19309    0.004982
19327    0.002992
19328    0.012580
19366    0.003524
19410    0.002346
19426    0.002490
19457    0.006290
19473    0.008698
19499    0.008177
19546    0.006137
19617    0.006776
19707    0.004147
19756    0.006847
19772    0.004318
19773    0.003183
19820    0.004282
19830    0.010645
19844    0.001186
20073    0.009153
20131    0.006708
20228    0.006042
20275    0.006215
20335    0.009763
20534    0.008460
20601    0.004391
20797    0.007546
20800    0.008177
20801    0.008177
20803    0.002516
20841    0.003343
20868    0.002796
20894    0.006991
20924    0.006998
20946    0.003418
20999    0.008911
21011    0.013034
21058    0.007427
21065    0.005486
21114    0.007079
21150    0.001446
21243    0.002875
21290    0.004609
21298    0.009433
21306    0.014946
21310    0.005144
21311    0.008032
