306
235    0.013882
370    0.006609
444    0.008712
450    0.007358
702    0.006127
722    0.011888
1081    0.015575
1184    0.009747
1204    0.011406
1283    0.017587
1436    0.005932
1486    0.008544
1573    0.013882
1614    0.006873
1676    0.009943
1686    0.008102
1698    0.004467
1699    0.001955
1707    0.006070
1746    0.010101
1762    0.004222
1859    0.006873
1862    0.003356
1878    0.009943
1940    0.005631
1941    0.005282
2014    0.032694
2020    0.009539
2047    0.004677
2118    0.013205
2120    0.005222
2277    0.010370
2291    0.010825
2861    0.007847
2867    0.006719
2877    0.012680
2920    0.007262
2947    0.023729
2968    0.007729
3077    0.030930
3089    0.003931
3306    0.008544
3309    0.041974
3341    0.005282
3397    0.006681
3467    0.011049
3493    0.010825
3575    0.008102
3647    0.023231
3675    0.034565
3766    0.009666
3789    0.006833
3790    0.006504
3842    0.005344
3847    0.010620
3942    0.007081
4023    0.004109
4087    0.010095
4137    0.004012
4249    0.016467
4258    0.004570
4260    0.005959
4331    0.012680
4362    0.006996
4363    0.012251
4380    0.003159
4488    0.008035
4581    0.007787
4662    0.005828
4820    0.013882
4873    0.009089
5074    0.016417
5086    0.008035
5087    0.012680
5110    0.009539
5212    0.005703
5266    0.011574
5414    0.005879
5495    0.003159
5501    0.003268
5521    0.007125
5626    0.006996
5628    0.004709
5866    0.004411
5928    0.011297
5941    0.010620
5977    0.004453
5989    0.012251
6430    0.007170
6467    0.010258
6489    0.009666
6492    0.009539
6628    0.005088
6630    0.007787
6719    0.005539
6828    0.012140
6937    0.017787
6951    0.022098
7143    0.016467
7330    0.004925
7364    0.008240
7377    0.013846
7379    0.008627
7385    0.014836
7408    0.008712
7441    0.007908
7529    0.014836
7833    0.004222
7987    0.006539
8025    0.004511
8040    0.004171
8073    0.009943
8099    0.010258
8129    0.011888
8218    0.004000
8448    0.009194
8711    0.005703
8774    0.007081
8786    0.007358
8845    0.023209
9016    0.005879
9125    0.016467
9136    0.007125
9160    0.007971
9179    0.006996
9193    0.008544
9294    0.011888
9314    0.010258
9484    0.019116
9496    0.013882
9502    0.006681
9517    0.007683
9526    0.008464
9641    0.006308
9692    0.006574
9724    0.013205
9745    0.013882
9747    0.006681
9812    0.005752
9936    0.015942
9991    0.007787
10027    0.010095
10105    0.009386
10106    0.015234
10140    0.010444
10196    0.016467
10261    0.004121
10332    0.010432
10338    0.004709
10369    0.008989
10397    0.006756
10411    0.006574
10498    0.012680
10794    0.006756
10837    0.010366
10852    0.013882
11103    0.007472
11117    0.004084
11206    0.008035
11274    0.013205
11355    0.003200
11387    0.010095
11440    0.008312
11503    0.011524
11652    0.013205
11729    0.005407
11773    0.016467
11841    0.005435
11984    0.006719
12005    0.003312
12085    0.005727
12122    0.004134
12229    0.010825
12273    0.005183
12279    0.009801
12283    0.009728
12346    0.009801
12548    0.010646
12647    0.011049
12677    0.008712
12684    0.003466
12765    0.005144
12907    0.006609
12949    0.007216
12952    0.007908
13014    0.003621
13119    0.016467
13120    0.016467
13264    0.012680
13302    0.011049
13311    0.014431
13345    0.012680
13351    0.003863
13355    0.011491
13357    0.002306
13370    0.015234
13371    0.016467
13373    0.014836
13466    0.003852
13470    0.007617
13497    0.008893
13647    0.013107
13800    0.008170
13801    0.013205
13886    0.004109
14063    0.005125
14113    0.011049
14124    0.019827
14303    0.004741
14391    0.006954
14425    0.007749
14498    0.004383
14537    0.004631
14642    0.010620
14726    0.016071
14749    0.005631
14771    0.013205
14798    0.011574
14848    0.014836
15023    0.007908
15063    0.014127
15331    0.014836
15686    0.005853
15712    0.005262
15792    0.005828
15944    0.007673
16030    0.012083
16208    0.016467
16259    0.015694
16293    0.047554
16294    0.016467
16326    0.013205
16359    0.027764
16511    0.010258
16585    0.003829
16592    0.003542
16650    0.009418
16707    0.071186
16766    0.006404
16921    0.006574
16923    0.009140
16941    0.003078
17037    0.005202
17056    0.009666
17106    0.009089
17129    0.005014
17140    0.009943
17203    0.016467
17221    0.008387
17325    0.009666
17326    0.009943
17407    0.005303
17484    0.005490
17531    0.004693
17816    0.011574
17916    0.006014
17980    0.013205
18109    0.013205
18133    0.007216
18179    0.005879
18182    0.010161
18282    0.002553
18382    0.006246
18422    0.010825
18724    0.007262
18888    0.005517
18923    0.016467
19086    0.009666
19127    0.012904
19314    0.008989
19373    0.010432
19523    0.008712
19662    0.009194
19663    0.011297
19664    0.008170
19736    0.006645
19751    0.007729
19844    0.003081
20090    0.008381
20260    0.012599
20275    0.004036
20359    0.008989
20382    0.008464
20384    0.016467
20386    0.016467
20534    0.005494
20554    0.009303
20557    0.005450
20760    0.007170
20825    0.047554
20845    0.006719
20848    0.008549
20901    0.005106
20905    0.011888
20946    0.004439
20983    0.010289
20993    0.005906
21001    0.008544
21085    0.012941
21118    0.006372
21132    0.007310
21150    0.001878
21243    0.003734
21247    0.002387
21253    0.003621
21254    0.010250
