261
219    0.004772
297    0.010893
333    0.004303
455    0.005761
702    0.006398
1080    0.011304
1097    0.017282
1217    0.013241
1272    0.006280
1283    0.018365
1326    0.009601
1403    0.015577
1440    0.043313
1458    0.015685
1545    0.045215
1699    0.006125
1707    0.006338
1817    0.010711
1847    0.007954
1941    0.005516
1949    0.005761
2014    0.006828
2015    0.007898
2102    0.004303
2177    0.011538
2217    0.010711
2277    0.018048
2279    0.009287
2344    0.008306
2674    0.011797
2744    0.004606
2882    0.012502
2902    0.011797
3039    0.011383
3041    0.015492
3089    0.012314
3140    0.008531
3297    0.006555
3298    0.007584
3441    0.008839
3446    0.013789
3583    0.003771
3726    0.006006
3733    0.006864
3942    0.014789
4023    0.004291
4136    0.011538
4195    0.004635
4380    0.009896
4467    0.013803
4480    0.007898
4577    0.008012
4798    0.010094
4870    0.005313
4949    0.007349
5043    0.005060
5070    0.011538
5075    0.008976
5096    0.004505
5103    0.016516
5313    0.012086
5347    0.009715
5406    0.015492
5452    0.013241
5475    0.010234
5584    0.008839
5622    0.011538
5876    0.011090
5879    0.006654
6049    0.008132
6050    0.005856
6115    0.008922
6129    0.008460
6193    0.010711
6202    0.020766
6275    0.021083
6486    0.008132
6497    0.009097
6601    0.012414
6630    0.008132
6707    0.005832
6827    0.007219
6879    0.012414
6893    0.014496
7080    0.013241
7097    0.006620
7110    0.009097
7199    0.015938
7304    0.010893
7380    0.006523
7431    0.010234
7514    0.018016
7574    0.011797
7595    0.061382
7598    0.029883
7679    0.010234
7802    0.002280
7967    0.008839
7988    0.008391
8025    0.004710
8069    0.009387
8082    0.011797
8218    0.008355
8406    0.010542
8466    0.013789
8569    0.010893
8820    0.011797
8894    0.030985
9118    0.005432
9411    0.006529
9523    0.014110
9533    0.005352
9736    0.009287
9746    0.009491
9747    0.006977
9752    0.022180
9906    0.017195
9945    0.007349
10140    0.005453
10290    0.011911
10295    0.010234
10334    0.020007
10336    0.021422
10338    0.024586
10354    0.012279
10605    0.005161
10790    0.008194
10837    0.002706
11014    0.012618
11103    0.001951
11112    0.004772
11184    0.007954
11196    0.016647
11286    0.011538
11320    0.010383
11399    0.008071
11570    0.005372
11683    0.003239
11782    0.008530
11827    0.011304
11841    0.005676
12122    0.008633
12283    0.003386
12302    0.010711
12345    0.018780
12548    0.005559
12684    0.003619
12763    0.007736
12808    0.012793
12817    0.005856
12855    0.003977
12866    0.010094
12904    0.004505
12987    0.002468
13280    0.027578
13294    0.009601
13297    0.011090
13319    0.005602
13320    0.006620
13351    0.004034
13355    0.004000
13357    0.014446
13424    0.017195
13434    0.003123
13450    0.043488
13460    0.017195
13530    0.006977
13568    0.006309
13647    0.009125
13754    0.011538
13894    0.012414
14054    0.007954
14207    0.010893
14217    0.010383
14231    0.011090
14320    0.005832
14331    0.008922
14498    0.004577
14539    0.022899
14681    0.010893
14717    0.007177
14726    0.025172
14734    0.012414
14780    0.008758
14796    0.021979
14861    0.013241
14868    0.009287
14920    0.035688
15038    0.008839
15204    0.005714
15209    0.018195
15210    0.006112
15547    0.017195
15642    0.011304
15685    0.009387
15712    0.005495
15783    0.007633
15792    0.006085
15818    0.005236
15827    0.009601
15867    0.012086
16001    0.021787
16060    0.006722
16113    0.010893
16120    0.009287
16585    0.010996
16592    0.003699
16598    0.013789
16699    0.015492
16707    0.012389
16723    0.013789
16729    0.002802
16907    0.004788
16941    0.003214
16958    0.007305
17037    0.010865
17144    0.003877
17281    0.014507
17445    0.007898
17450    0.012793
17669    0.004081
17788    0.010542
17830    0.012065
17884    0.012086
17885    0.009287
18179    0.006139
18180    0.009287
18230    0.014496
18507    0.012086
18587    0.005274
18726    0.006555
18736    0.011538
18940    0.008323
19000    0.009715
19004    0.011090
19138    0.011797
19262    0.005832
19309    0.006757
19426    0.010131
19492    0.010893
19844    0.001608
20108    0.008258
20260    0.017541
20261    0.010893
20282    0.003760
20439    0.008922
20440    0.010383
20717    0.004382
20768    0.004046
20795    0.046477
20927    0.004165
20976    0.011797
21049    0.015492
21065    0.014881
21150    0.011764
21188    0.007954
21253    0.011343
21254    0.064223
21258    0.016647
21266    0.004650
21279    0.006167
