184
219    0.008195
235    0.024894
333    0.007390
455    0.009893
722    0.021319
1081    0.013965
1184    0.008739
1283    0.007884
1292    0.023680
1403    0.013375
1573    0.024894
1614    0.036974
1741    0.011068
2014    0.035177
2047    0.008388
2226    0.014906
2277    0.018596
2396    0.007960
2539    0.012184
2562    0.029530
2674    0.020259
2882    0.021470
2947    0.021276
2968    0.013860
2995    0.015040
3090    0.012545
3107    0.024894
3238    0.010834
3307    0.019814
3309    0.025090
3484    0.017575
3583    0.006475
3647    0.008332
3675    0.024794
3850    0.010834
4023    0.007368
4087    0.018103
4260    0.010686
4380    0.011329
4488    0.014409
4678    0.011916
4970    0.026605
5074    0.009813
5087    0.045477
5495    0.005665
5521    0.012777
5822    0.021319
5928    0.020259
5977    0.007986
6129    0.014528
6251    0.014294
6492    0.017106
6596    0.007435
6601    0.021319
6719    0.009933
6827    0.012397
6828    0.010885
6937    0.015948
6984    0.008801
6996    0.023680
7142    0.012940
7199    0.009123
7304    0.018707
7377    0.041383
7379    0.015470
7497    0.017831
7833    0.007572
7988    0.014409
8025    0.008089
8040    0.007480
8129    0.021319
8218    0.007174
8824    0.020756
8845    0.010405
9280    0.013563
9304    0.014409
9408    0.016487
9484    0.034279
9517    0.020665
9947    0.006888
9993    0.021319
10074    0.008473
10105    0.008416
10261    0.014780
10338    0.008444
10397    0.012116
10421    0.011852
10498    0.022739
10790    0.014072
10837    0.009294
11014    0.021668
11223    0.016889
11289    0.022294
11344    0.013965
11440    0.014906
11827    0.019412
11895    0.017831
12005    0.011878
12046    0.016487
12049    0.018394
12085    0.010271
12302    0.018394
12763    0.013284
12907    0.011852
12911    0.009509
13145    0.013860
13310    0.018103
13313    0.023680
13319    0.009620
13351    0.006928
13357    0.008269
13370    0.013660
13373    0.026605
13434    0.005363
13530    0.011982
13543    0.019045
13568    0.010834
13647    0.007835
13909    0.011664
14182    0.026605
14391    0.012470
14425    0.013896
14498    0.007860
14607    0.010015
14655    0.021969
14749    0.010098
15218    0.018394
15325    0.016300
15332    0.020756
15712    0.009436
15792    0.010450
15821    0.012777
15836    0.019814
15849    0.028143
15952    0.009813
15983    0.011544
16065    0.018103
16293    0.063957
16359    0.049788
16360    0.026605
16488    0.018103
16521    0.013468
16585    0.008583
16592    0.006352
16707    0.063827
16729    0.004813
17146    0.022739
17320    0.016487
17326    0.017831
17484    0.004922
17632    0.015623
17830    0.010360
17868    0.011788
17931    0.013563
18086    0.015623
18146    0.015782
18158    0.011040
18179    0.010543
18382    0.022403
18383    0.009191
18637    0.021969
18896    0.018103
18940    0.014294
19257    0.029530
19279    0.017831
19314    0.016120
19480    0.013860
19572    0.032240
20082    0.012698
20260    0.010041
20282    0.006458
20382    0.060714
20460    0.020993
20767    0.023680
20807    0.012698
20983    0.018450
21011    0.015179
21057    0.010015
21063    0.016683
21119    0.014409
21120    0.009472
21129    0.013316
21247    0.004281
21253    0.006493
