131
568    0.017384
610    0.017044
843    0.029681
985    0.027680
1224    0.032597
1245    0.017297
1459    0.033592
1740    0.016489
1741    0.008462
1746    0.013848
1932    0.038064
2093    0.013505
2857    0.017211
2867    0.018422
2909    0.021193
3315    0.021352
3995    0.045152
4240    0.055509
4449    0.045152
4870    0.013950
4872    0.020738
5028    0.022032
5079    0.014768
5480    0.020886
5501    0.008962
5610    0.024923
5864    0.028604
5977    0.012210
5998    0.023888
6270    0.026504
6593    0.045152
6908    0.011165
6930    0.024385
6931    0.024132
6951    0.030296
6984    0.013457
7168    0.008985
7246    0.030976
7403    0.032597
7709    0.020593
8078    0.009081
8101    0.019416
8220    0.021516
8594    0.017384
8726    0.025824
8805    0.019182
8996    0.064547
9141    0.029681
9209    0.010296
9319    0.024132
9360    0.036208
9361    0.015909
9362    0.038064
9442    0.020593
9518    0.009607
9798    0.012655
9873    0.014053
9901    0.027680
10283    0.038064
10578    0.019785
10837    0.007106
10992    0.027264
11157    0.026504
11181    0.012490
11279    0.016489
11439    0.018422
11667    0.029681
11683    0.008505
12122    0.011334
12155    0.045152
12166    0.016800
12300    0.023155
12415    0.013899
12853    0.014373
12864    0.014053
13388    0.034088
13477    0.040680
13647    0.011980
13707    0.065195
14065    0.010669
14527    0.023427
14607    0.015313
14742    0.023044
15439    0.029681
15474    0.026873
15557    0.034768
15581    0.045152
15778    0.016881
15830    0.022594
15880    0.040680
16560    0.031736
16729    0.007359
16803    0.029120
17030    0.033592
17105    0.013088
17326    0.027264
17413    0.021038
17459    0.045152
17524    0.017742
17949    0.019537
18108    0.030976
18167    0.006948
18247    0.033442
18282    0.007000
18553    0.022032
18814    0.029120
18883    0.013848
19407    0.045152
19453    0.015188
19464    0.012613
19718    0.017211
19844    0.008447
20256    0.024132
20260    0.007677
20475    0.038833
20477    0.041185
20480    0.025510
20557    0.029889
20563    0.024385
20619    0.045152
20629    0.022401
20716    0.017835
20717    0.046028
20734    0.029681
20758    0.023654
20825    0.032597
20860    0.027264
20983    0.014105
21093    0.045152
21247    0.006546
21290    0.016414
