135
106    0.027260
433    0.022125
773    0.014627
845    0.022463
1172    0.028215
1341    0.058767
1477    0.026400
2035    0.029383
2125    0.029383
2432    0.006327
2565    0.019583
2597    0.027260
2598    0.024586
2688    0.012799
2776    0.026453
2995    0.018662
3053    0.015474
3245    0.040450
3385    0.029383
3387    0.029383
3583    0.016070
3688    0.016829
4240    0.112617
4441    0.020702
4450    0.009941
4535    0.029383
4543    0.025138
4697    0.013443
4870    0.011321
5075    0.006376
5177    0.022125
5394    0.028215
5972    0.029383
6039    0.029383
6580    0.029383
6651    0.013570
6828    0.013506
6864    0.018496
7051    0.023631
7632    0.017199
7651    0.023212
7736    0.010769
7753    0.020010
7759    0.056430
7802    0.009715
8019    0.008824
8181    0.011984
8380    0.058767
8500    0.008057
8553    0.025754
8580    0.029383
8622    0.010998
8798    0.029383
8862    0.018179
8984    0.014398
8996    0.017460
9100    0.029383
9124    0.029383
9141    0.024087
9204    0.022463
9209    0.008355
9320    0.015293
9411    0.013912
9502    0.014867
9692    0.014627
9769    0.019386
9798    0.010270
9834    0.021226
10063    0.025754
10840    0.012478
10842    0.028215
10886    0.029383
11071    0.022463
11103    0.004157
11180    0.008216
11215    0.029383
11279    0.013381
11334    0.022154
11386    0.024854
11673    0.041403
11764    0.029383
11834    0.029383
12122    0.009198
12193    0.026453
12416    0.031709
12560    0.021226
12814    0.029383
12876    0.019583
13777    0.041914
13886    0.009143
14284    0.025138
14439    0.008824
14607    0.012427
14742    0.003740
14789    0.024087
14815    0.011037
15140    0.020074
15352    0.440750
15565    0.029383
15606    0.027260
16353    0.016484
16921    0.014627
17151    0.029383
17311    0.022463
17325    0.021509
17437    0.029383
17484    0.006108
17949    0.031709
18157    0.056430
18371    0.021226
18589    0.020957
18712    0.021808
18716    0.045649
18769    0.027260
18875    0.029383
19366    0.005092
19481    0.028215
19562    0.016265
19623    0.027260
19798    0.056430
19844    0.003427
20071    0.021808
20260    0.006230
20475    0.047270
20477    0.016711
20557    0.012128
20717    0.056028
20823    0.025138
20844    0.007650
20894    0.020205
21005    0.011709
21083    0.015293
21129    0.008262
21157    0.020957
21290    0.013320
