431
53    0.010009
147    0.003265
161    0.004691
164    0.005710
298    0.006612
413    0.007164
414    0.009365
416    0.011109
479    0.005066
568    0.004277
604    0.005559
621    0.003897
634    0.008020
636    0.009365
666    0.004748
681    0.006920
731    0.006612
806    0.006521
1272    0.004057
1275    0.005608
1426    0.007303
1691    0.003536
1698    0.006027
1741    0.012491
1746    0.006814
1862    0.002264
1864    0.006354
1865    0.009365
1919    0.003897
1940    0.003799
2061    0.007454
2093    0.003323
2172    0.005214
2173    0.009933
2211    0.006354
2215    0.006920
2216    0.005253
2227    0.009365
2283    0.004458
2285    0.007303
2315    0.008908
2396    0.002994
2432    0.001918
2604    0.003864
2684    0.003737
2711    0.004691
2801    0.006202
2819    0.010569
2920    0.004899
3013    0.005335
3297    0.004235
3319    0.008908
3327    0.004931
3338    0.019348
3341    0.003563
3440    0.008020
3451    0.012641
3469    0.007164
3497    0.011109
3563    0.003496
3569    0.018730
3574    0.004507
3583    0.002436
3635    0.004636
3675    0.004664
3839    0.015616
3879    0.007303
3966    0.011109
4017    0.012128
4240    0.004552
4250    0.007808
4354    0.005999
4378    0.005139
4395    0.011109
4432    0.009365
4450    0.003014
4505    0.005421
4516    0.004807
4826    0.008554
4888    0.008554
4953    0.008265
5007    0.008554
5043    0.001635
5044    0.004777
5075    0.001933
5080    0.006810
5250    0.010009
5262    0.006810
5352    0.004057
5515    0.003014
5550    0.005710
5573    0.005214
5669    0.007621
5707    0.006132
5786    0.009365
5848    0.016529
5851    0.005820
5977    0.012016
5991    0.004076
5995    0.006064
6043    0.006612
6047    0.034216
6056    0.005559
6117    0.007621
6229    0.008020
6319    0.010587
6365    0.003662
6429    0.004483
6461    0.007164
6472    0.006132
6527    0.008020
6538    0.006276
6596    0.002797
6719    0.003737
6765    0.007808
6918    0.004435
6959    0.007037
6961    0.009365
7051    0.007164
7116    0.006708
7168    0.002211
7246    0.007621
7325    0.004931
7335    0.011109
7336    0.011109
7441    0.005335
7486    0.004020
7523    0.012831
7524    0.006353
7525    0.007808
7531    0.002884
7544    0.008554
7571    0.004343
7574    0.007621
7631    0.004411
7650    0.004153
7712    0.005559
7726    0.005764
7753    0.012133
7802    0.001473
7985    0.005465
8040    0.002814
8068    0.004435
8101    0.004777
8140    0.008020
8183    0.011109
8211    0.006708
8220    0.005294
8233    0.004256
8242    0.011109
8323    0.004002
8417    0.003722
8453    0.008020
8462    0.011109
8500    0.002443
8529    0.009365
8533    0.003677
8545    0.007621
8568    0.009907
8581    0.004926
8622    0.003334
8630    0.009543
8702    0.020759
8719    0.013223
8784    0.011109
8822    0.013621
8901    0.050043
8911    0.011109
8964    0.004388
8996    0.015881
9023    0.004173
9109    0.007454
9167    0.008554
9209    0.007599
9247    0.008020
9256    0.003984
9317    0.011109
9319    0.011874
9375    0.011999
9392    0.005465
9411    0.002109
9442    0.005066
9454    0.003220
9476    0.008908
9664    0.003722
9665    0.021493
9798    0.003114
9885    0.008265
9946    0.006276
10074    0.003187
10175    0.004320
10179    0.006354
10277    0.007164
10406    0.006708
10611    0.004691
10647    0.006435
10698    0.011109
10815    0.011109
10843    0.009365
10892    0.002484
10898    0.005764
11057    0.010009
11072    0.010009
11076    0.026725
11103    0.002520
11117    0.002755
11207    0.003984
11271    0.003914
11329    0.122196
11341    0.005465
11355    0.008636
11386    0.003768
11434    0.006106
11439    0.004532
11468    0.003897
11472    0.007808
11492    0.008265
11503    0.002591
11519    0.004507
11528    0.003677
11531    0.003752
11569    0.009466
11570    0.003470
11744    0.003323
11785    0.008020
11841    0.001833
11843    0.056140
11912    0.008554
11960    0.025662
11964    0.016529
11973    0.005764
12060    0.008554
12122    0.002789
12167    0.005608
12180    0.011109
12186    0.008020
12283    0.008750
12300    0.002848
12337    0.012128
12415    0.023937
12416    0.004807
12505    0.008040
12522    0.003648
12591    0.006599
12621    0.007303
12640    0.007808
12644    0.020759
12665    0.008265
12684    0.002338
12835    0.011109
12904    0.002911
12927    0.003752
12983    0.006462
13022    0.010009
13025    0.026725
13096    0.005421
13157    0.004719
13228    0.003563
13349    0.005710
13351    0.007819
13352    0.006717
13366    0.006920
13388    0.004193
13434    0.001009
13482    0.004256
13484    0.004343
13545    0.006064
13647    0.002947
13775    0.005710
13777    0.012707
13866    0.004610
13886    0.002772
13939    0.003265
13958    0.008554
13986    0.008908
13987    0.008908
14065    0.003937
14100    0.010009
14108    0.007303
14137    0.004610
14200    0.014244
14212    0.007037
14303    0.003198
14353    0.006920
14406    0.003370
14473    0.007808
14475    0.006064
14509    0.010009
14526    0.007164
14638    0.008265
14742    0.001134
14917    0.005465
14919    0.006521
14944    0.004507
15033    0.005139
15038    0.005710
15057    0.066652
15216    0.008469
15410    0.004532
15535    0.011109
15601    0.004057
15623    0.004256
15729    0.008908
15783    0.004931
15822    0.003299
15830    0.005559
15903    0.006521
16007    0.006064
16011    0.007621
16034    0.004153
16117    0.007932
16237    0.009159
16289    0.011109
16299    0.005294
16302    0.005559
16347    0.007164
16396    0.004964
16511    0.006920
16585    0.010978
16705    0.005821
16826    0.011109
16845    0.016040
16877    0.011109
16880    0.019075
16884    0.025662
16885    0.005102
16907    0.006186
16944    0.011978
16950    0.005335
16954    0.005608
17033    0.005066
17106    0.012264
17117    0.002715
17209    0.006810
17431    0.008265
17445    0.005102
17455    0.006521
17522    0.007454
17524    0.008730
17525    0.006708
17527    0.006064
17558    0.011109
17596    0.011109
17669    0.005273
17686    0.007808
17782    0.015589
17811    0.004964
17817    0.010352
17821    0.003914
17877    0.006708
17905    0.008265
17913    0.005335
17914    0.013042
17916    0.004057
17982    0.007454
17984    0.007808
18003    0.004235
18138    0.004610
18150    0.010009
18182    0.003427
18186    0.004173
18282    0.005167
18340    0.004532
18376    0.008908
18611    0.008554
18801    0.011109
18882    0.004792
18888    0.003722
18901    0.005139
18941    0.013223
18980    0.007621
18987    0.004153
19037    0.013751
19043    0.003073
19046    0.004277
19085    0.005335
19177    0.009562
19212    0.004532
19225    0.003737
19266    0.006440
19339    0.010009
19366    0.004632
19381    0.012264
19389    0.006202
19426    0.002182
19518    0.005608
19525    0.008020
19580    0.006354
19671    0.010009
19679    0.011109
19772    0.003783
19820    0.003752
19844    0.001039
19909    0.007164
19944    0.045727
20080    0.011109
20090    0.003769
20094    0.007037
20260    0.000944
20274    0.003864
20339    0.006435
20439    0.005764
20440    0.013416
20475    0.019108
20477    0.035465
20480    0.006276
20505    0.013416
20557    0.003677
20593    0.006354
20695    0.004837
20717    0.014155
20797    0.006612
20803    0.002205
20868    0.002450
20885    0.010009
20894    0.009189
20912    0.011109
20956    0.004411
20963    0.006920
20964    0.003395
21058    0.006507
21115    0.002606
21143    0.007808
21150    0.005067
21216    0.011109
21247    0.003221
21250    0.008020
21261    0.005999
21288    0.025662
21290    0.004038
21292    0.006354
