493
147    0.005962
284    0.009138
288    0.004049
292    0.007546
314    0.004233
333    0.002538
411    0.006125
414    0.008551
653    0.010064
686    0.004138
702    0.003774
851    0.004473
863    0.005075
978    0.004115
1193    0.006668
1220    0.010143
1240    0.003217
1245    0.003886
1309    0.003330
1451    0.007243
1452    0.007546
1466    0.004389
1496    0.021684
1514    0.004532
1689    0.003229
1690    0.004833
1691    0.006457
1699    0.001204
1723    0.006958
1725    0.004797
1740    0.003704
1741    0.003802
1746    0.009333
1762    0.005201
1764    0.005537
1766    0.007546
1836    0.010143
1877    0.018276
1918    0.004258
1919    0.003558
1997    0.006668
2102    0.002538
2117    0.011326
2120    0.006433
2173    0.003023
2343    0.005366
2344    0.002450
2396    0.002734
2432    0.001752
2518    0.009138
2706    0.002824
2744    0.002717
2745    0.003012
2768    0.005166
2773    0.007323
2912    0.007810
3035    0.010143
3076    0.010143
3089    0.002421
3099    0.006668
3140    0.010064
3278    0.006037
3298    0.004473
3338    0.004416
3341    0.003254
3370    0.008134
3386    0.008551
3472    0.005954
3483    0.004093
3567    0.004773
3583    0.002224
3587    0.008551
3635    0.004233
3647    0.002862
3734    0.004594
3789    0.004209
3861    0.004949
3903    0.003829
3911    0.007477
3968    0.020286
3992    0.010143
3996    0.006037
4023    0.002531
4026    0.004692
4028    0.008186
4059    0.008134
4137    0.002471
4202    0.008618
4240    0.014548
4245    0.013874
4377    0.005954
4450    0.005503
4461    0.003774
4516    0.008777
4577    0.004726
4654    0.008551
4673    0.005421
4863    0.006806
4899    0.003002
5075    0.005295
5080    0.006218
5152    0.004161
5153    0.005421
5202    0.003266
5356    0.009138
5358    0.005263
5426    0.005954
5480    0.009384
5487    0.013005
5495    0.003891
5501    0.006039
5595    0.007129
5602    0.004726
5610    0.005599
5736    0.006958
5856    0.003254
5864    0.006425
5879    0.003925
5928    0.006958
5995    0.005537
5998    0.005366
6056    0.010151
6299    0.007810
6420    0.008551
6430    0.004416
6448    0.008134
6449    0.008134
6486    0.009593
6497    0.005366
6501    0.005875
6538    0.005730
6598    0.002617
6610    0.005263
6651    0.003756
6735    0.010143
6795    0.007323
6864    0.005120
6865    0.007546
6930    0.005478
6944    0.013611
7007    0.007129
7024    0.007810
7053    0.004692
7173    0.004161
7181    0.003384
7186    0.033338
7187    0.048802
7188    0.003589
7192    0.004335
7196    0.005954
7199    0.003134
7351    0.003498
7377    0.002843
7448    0.020286
7475    0.006318
7486    0.003670
7524    0.005801
7531    0.002633
7544    0.007810
7571    0.011895
7631    0.004028
7636    0.004185
7696    0.006318
7710    0.014258
7744    0.004049
7753    0.002769
7757    0.016989
7772    0.006958
7779    0.008098
7833    0.005201
7902    0.010151
7907    0.010143
7926    0.005954
8025    0.002778
8043    0.006218
8075    0.008134
8078    0.004080
8107    0.004639
8116    0.002200
8131    0.008777
8143    0.008551
8188    0.006958
8218    0.002464
8281    0.004910
8318    0.010143
8323    0.003654
8327    0.006318
8451    0.009138
8497    0.008551
8500    0.002230
8536    0.004502
8581    0.002249
8630    0.001743
8727    0.007546
8964    0.004006
8996    0.014500
9004    0.005954
9023    0.011431
9044    0.006218
9109    0.006806
9118    0.003204
9136    0.004389
9153    0.007477
9318    0.010143
9320    0.004233
9361    0.003574
9364    0.006796
9368    0.006806
9398    0.003180
9411    0.001926
9499    0.006425
9510    0.003621
9644    0.008516
9664    0.003398
9747    0.004115
9798    0.002843
9799    0.005663
9803    0.005663
9883    0.006037
9976    0.005421
10220    0.005120
10222    0.006037
10233    0.007546
10338    0.005801
10510    0.004949
10557    0.010143
10593    0.005366
10614    0.005213
10647    0.005875
10810    0.007323
10846    0.013592
10892    0.009071
10893    0.006425
10897    0.002960
10898    0.010525
11071    0.006218
11090    0.005166
11103    0.003452
11112    0.002815
11117    0.002516
11127    0.008551
11156    0.013611
11177    0.007129
11201    0.002400
11218    0.002170
11290    0.006958
11355    0.001971
11387    0.006218
11416    0.005663
11468    0.003558
11503    0.007098
11528    0.003357
11531    0.006852
11543    0.010143
11570    0.006337
11613    0.004389
11750    0.002717
11782    0.005031
11838    0.008134
11841    0.003348
12006    0.004833
12085    0.003528
12086    0.005120
12109    0.004532
12159    0.009138
12167    0.005120
12233    0.005875
12273    0.003192
12324    0.007129
12415    0.006244
12508    0.010240
12551    0.005282
12633    0.007546
12684    0.002135
12687    0.016796
12689    0.010143
12692    0.016267
12818    0.004626
12836    0.011074
12907    0.004071
12952    0.004871
12983    0.002950
12987    0.001456
13050    0.002561
13127    0.006958
13162    0.006037
13179    0.007548
13183    0.007810
13355    0.009437
13388    0.011486
13393    0.013917
13434    0.007368
13466    0.002373
13475    0.006958
13476    0.006806
13497    0.005478
13536    0.007323
13647    0.002691
13763    0.036553
13765    0.006668
13840    0.010143
13909    0.008013
13910    0.002787
13912    0.006037
13921    0.004990
13930    0.005801
13939    0.008943
14012    0.003986
14014    0.004990
14065    0.002397
14073    0.003513
14160    0.004871
14166    0.006806
14187    0.007323
14199    0.008551
14238    0.007810
14263    0.006668
14303    0.002920
14305    0.004626
14316    0.016587
14331    0.005263
14335    0.005954
14343    0.004185
14378    0.010143
14394    0.010143
14439    0.002442
14445    0.004335
14598    0.010143
14741    0.003621
14742    0.003106
14816    0.006218
14824    0.004797
14874    0.003654
14993    0.008551
15063    0.002900
15081    0.003621
15125    0.008134
15140    0.002778
15204    0.003371
15229    0.004626
15322    0.007810
15328    0.009138
15334    0.004871
15500    0.005120
15551    0.003670
15556    0.004362
15711    0.006958
15778    0.003792
15783    0.004502
15822    0.018074
15825    0.006425
15830    0.005075
15837    0.006541
15838    0.008134
15842    0.008551
15907    0.003055
15952    0.003371
15965    0.010143
16023    0.005730
16204    0.011751
16299    0.004833
16302    0.005075
16353    0.004563
16430    0.006125
16437    0.004233
16501    0.002981
16585    0.005896
16586    0.005663
16705    0.023918
16724    0.010583
16729    0.001653
16815    0.005663
16880    0.006966
16885    0.004658
16932    0.006318
16949    0.005366
16954    0.005120
16955    0.003965
16958    0.004309
17030    0.007546
17037    0.006409
17051    0.002971
17104    0.005875
17311    0.006218
17347    0.004209
17407    0.006532
17429    0.007810
17431    0.007546
17433    0.006425
17445    0.004658
17524    0.019928
17531    0.002891
17552    0.006037
17626    0.010143
17654    0.005421
17669    0.004814
17695    0.005478
17756    0.007546
17769    0.006806
17806    0.007546
17829    0.005075
17863    0.006218
17870    0.003169
17948    0.008134
17966    0.003905
18003    0.003866
18138    0.004209
18182    0.001565
18282    0.003145
18463    0.008134
18580    0.004502
18607    0.005663
18670    0.003528
18690    0.005478
18733    0.006425
18882    0.002188
18898    0.015390
18998    0.005478
19043    0.002806
19046    0.003905
19079    0.010143
19144    0.007546
19226    0.002407
19229    0.006425
19262    0.003440
19266    0.002940
19278    0.001820
19279    0.006125
19320    0.009138
19324    0.010143
19327    0.002393
19348    0.020286
19381    0.005599
19416    0.013817
19460    0.002353
19525    0.007323
19535    0.003687
19548    0.009138
19569    0.005478
19625    0.009138
19671    0.009138
19718    0.007733
19725    0.009138
19773    0.002546
19804    0.010143
19844    0.000949
20090    0.001721
20131    0.005366
20220    0.010143
20226    0.005213
20260    0.005173
20281    0.003670
20348    0.009138
20475    0.017447
20477    0.027755
20480    0.005730
20481    0.004797
20505    0.012249
20506    0.015092
20573    0.007810
20671    0.004949
20672    0.005166
20704    0.010143
20714    0.006687
20717    0.010340
20782    0.005537
20785    0.006880
20801    0.006541
20838    0.007323
20844    0.002118
20848    0.002633
20894    0.002797
20910    0.004502
20916    0.005032
20978    0.004658
20983    0.003169
21005    0.003241
21031    0.010143
21058    0.002971
21085    0.003986
21087    0.002950
21091    0.006806
21098    0.006806
21111    0.004233
21113    0.004833
21115    0.007139
21120    0.006507
21150    0.003470
21191    0.004563
21243    0.002300
21247    0.008822
21266    0.002743
21290    0.011062
