135
103    0.027797
411    0.025457
469    0.013122
843    0.027715
851    0.018593
1246    0.042160
1278    0.018839
1438    0.026262
1746    0.012931
1747    0.018357
2396    0.011365
2744    0.011292
3284    0.025846
3297    0.016071
3338    0.018357
3355    0.035542
3483    0.034026
3583    0.009245
3665    0.045065
3903    0.015914
3996    0.025092
4023    0.010519
4202    0.017911
4240    0.034554
4245    0.014418
4467    0.016921
4743    0.020572
5043    0.006204
5075    0.014672
5426    0.024748
5487    0.018019
5495    0.008087
5977    0.011401
5981    0.042160
6036    0.020572
6651    0.015613
6918    0.016830
7181    0.014067
7186    0.027715
7187    0.033809
7524    0.012056
7571    0.049443
7744    0.016830
7761    0.032464
8157    0.062732
8177    0.075968
8220    0.020090
8500    0.009271
8698    0.025092
8882    0.033809
8883    0.037984
8996    0.020090
9209    0.009613
9256    0.015120
9357    0.023539
9411    0.016008
9442    0.019228
9445    0.028923
9530    0.037984
9798    0.011817
9824    0.021282
9873    0.013122
9966    0.029633
10409    0.026262
10564    0.049496
10648    0.042160
11103    0.004783
11271    0.014855
11355    0.008194
11503    0.009835
11528    0.013954
11531    0.014240
11569    0.011975
11570    0.013171
11782    0.010457
12046    0.023539
12084    0.034402
12283    0.008302
12415    0.012978
12505    0.030513
12668    0.054389
12675    0.013025
12898    0.056898
12900    0.018019
12999    0.006940
13388    0.015914
13434    0.011485
13462    0.018593
13466    0.009863
13497    0.022769
13499    0.026708
13737    0.032464
13765    0.027715
13939    0.012391
14065    0.004981
14131    0.020090
14217    0.025457
14260    0.025846
14303    0.012138
14316    0.013789
14405    0.031366
14742    0.012910
14746    0.016830
15497    0.014124
15906    0.014539
16204    0.024422
16724    0.014664
16837    0.042160
16944    0.011365
17347    0.017495
17518    0.042160
17829    0.042193
18670    0.014664
18819    0.037984
18882    0.018188
18993    0.019938
19262    0.014298
19366    0.011719
19370    0.013421
19410    0.015599
19578    0.027190
19820    0.014240
20049    0.033809
20226    0.021671
20260    0.003584
20475    0.018130
20477    0.019228
20557    0.027908
20688    0.019789
20717    0.032233
20797    0.025092
20809    0.042160
20810    0.042160
21122    0.013844
21247    0.012224
