419
168    0.006999
223    0.010742
251    0.007553
301    0.007838
453    0.005726
481    0.005035
552    0.009001
621    0.004183
831    0.008380
1157    0.004238
1184    0.003529
1223    0.007689
1240    0.007562
1423    0.009952
1426    0.007838
1436    0.004295
1451    0.002838
1490    0.006407
1516    0.010051
1680    0.005035
1681    0.004892
1685    0.009181
1698    0.003234
1862    0.002430
1864    0.006819
1889    0.006819
1940    0.008154
1941    0.003824
1949    0.003994
2102    0.002984
2113    0.004838
2114    0.009468
2170    0.006186
2265    0.008000
2280    0.006657
2283    0.004785
2344    0.002879
2432    0.006177
2491    0.009181
2595    0.007553
2644    0.005191
2711    0.005035
2723    0.003331
2737    0.032755
2853    0.005915
2857    0.004545
2876    0.016760
2920    0.005258
2922    0.010051
2931    0.007309
2949    0.009181
2981    0.005726
2985    0.006186
3177    0.008607
3221    0.009561
3238    0.004374
3286    0.006508
3309    0.005065
3318    0.006906
3326    0.008476
3327    0.005292
3396    0.035947
3409    0.008000
3458    0.009561
3472    0.006999
3563    0.003753
3647    0.006728
3661    0.008607
3732    0.005258
3734    0.005400
3842    0.003869
3847    0.007689
3850    0.004374
3919    0.009181
3921    0.014192
3925    0.011731
3943    0.005292
4055    0.006018
4137    0.002905
4151    0.005159
4153    0.005638
4173    0.010952
4231    0.008870
4235    0.010051
4240    0.002443
4260    0.004314
4450    0.003234
4466    0.010742
4481    0.009181
4516    0.005159
4581    0.005638
4583    0.010051
4613    0.008000
4811    0.005159
4899    0.003529
4936    0.008000
4937    0.008380
5043    0.005263
5063    0.008000
5075    0.006224
5096    0.003124
5103    0.005726
5125    0.010051
5260    0.014513
5264    0.011363
5495    0.002287
5567    0.003353
5577    0.007553
5614    0.004094
5635    0.008607
5706    0.006308
5727    0.009561
5738    0.008607
5739    0.033829
5869    0.006581
6087    0.008607
6095    0.010742
6157    0.009561
6319    0.005681
6323    0.005515
6425    0.006186
6430    0.005191
6487    0.007199
6501    0.006906
6516    0.010051
6596    0.003002
6638    0.010051
6644    0.006819
6655    0.004613
6758    0.007800
6761    0.003266
6762    0.004613
6836    0.008870
6844    0.004637
6927    0.008380
6965    0.009561
6994    0.006186
7078    0.007199
7141    0.005328
7173    0.009783
7180    0.005638
7192    0.005096
7194    0.004522
7354    0.008870
7470    0.007689
7544    0.009181
7607    0.006246
7619    0.003738
7642    0.014433
7709    0.016313
7787    0.005258
7834    0.008000
7858    0.009561
7860    0.013472
7867    0.030153
7892    0.009274
7973    0.007689
7982    0.009561
7989    0.004165
8019    0.002871
8025    0.006532
8181    0.003899
8233    0.009135
8234    0.009181
8254    0.006906
8310    0.008870
8317    0.009181
8369    0.008870
8395    0.010727
8407    0.005159
8500    0.002622
8536    0.005292
8568    0.002658
8630    0.004097
8663    0.010742
8735    0.008000
8935    0.007199
8973    0.007689
9023    0.004479
9136    0.010318
9208    0.008000
9361    0.008402
9364    0.003994
9518    0.002537
9664    0.007988
9747    0.004838
9811    0.005771
10037    0.008000
10105    0.003398
10140    0.015124
10186    0.005966
10287    0.009181
10303    0.010051
10421    0.004785
10611    0.010070
10689    0.004976
10714    0.008258
10803    0.004759
10836    0.012616
10897    0.003480
10942    0.016108
10943    0.005681
11087    0.004165
11093    0.004501
11103    0.001353
11112    0.003309
11117    0.002957
11181    0.006596
11207    0.008552
11218    0.002551
11289    0.004501
11386    0.004044
11434    0.009830
11454    0.009181
11503    0.002781
11549    0.009181
11579    0.009561
11747    0.004436
11757    0.003994
11841    0.005903
12005    0.002398
12007    0.010051
12100    0.010051
12273    0.003753
12283    0.002348
12307    0.039647
12308    0.008607
12309    0.008831
12313    0.009561
12345    0.003255
12470    0.007553
12505    0.004314
12660    0.004295
12759    0.007553
12867    0.005476
12907    0.004785
12927    0.004027
12961    0.008607
12999    0.001963
13050    0.003011
13225    0.008380
13348    0.004864
13351    0.002797
13434    0.003248
13462    0.005258
13501    0.018175
13519    0.008179
13565    0.007096
13580    0.002905
13597    0.008870
13633    0.007689
13640    0.008179
13647    0.006327
13836    0.006819
13877    0.040042
13886    0.002975
13910    0.006553
13921    0.005866
13939    0.003504
14012    0.004685
14014    0.005866
14065    0.011268
14066    0.006906
14425    0.025247
14427    0.007427
14510    0.010051
14594    0.006246
14604    0.007652
14663    0.009561
14742    0.003651
14793    0.008607
14796    0.003810
14850    0.008000
14883    0.008179
14920    0.006186
14944    0.004838
15003    0.006581
15016    0.009839
15019    0.030209
15137    0.006736
15139    0.007199
15212    0.011830
15271    0.004395
15299    0.004661
15343    0.006372
15344    0.008708
15474    0.007096
15744    0.010051
15782    0.006999
15785    0.008607
15818    0.003630
15907    0.003591
15935    0.010051
15997    0.007096
16167    0.006246
16252    0.012878
16301    0.007427
16306    0.019122
16309    0.008179
16317    0.005096
16333    0.005915
16485    0.003869
16489    0.005966
16490    0.005224
16501    0.003504
16510    0.006018
16585    0.004158
16659    0.008000
16691    0.010051
16734    0.002391
16847    0.009561
16932    0.007427
16941    0.004457
16944    0.003214
16952    0.005035
16977    0.007838
17066    0.010727
17074    0.004457
17075    0.004637
17117    0.005827
17144    0.002688
17193    0.010051
17221    0.006072
17272    0.009561
17320    0.006657
17326    0.007199
17331    0.004415
17361    0.009561
17369    0.004734
17395    0.006372
17451    0.004947
17525    0.007199
17643    0.003684
17645    0.007838
17670    0.006439
17679    0.008000
17695    0.006439
17757    0.005866
17857    0.006372
17870    0.003725
17949    0.010318
18035    0.009181
18037    0.005555
18079    0.009561
18167    0.012842
18173    0.006439
18179    0.004257
18185    0.008870
18190    0.005476
18282    0.001848
18307    0.006439
18317    0.004785
18335    0.007199
18377    0.008607
18383    0.007422
18474    0.008607
18551    0.007553
18580    0.005292
18619    0.003066
18655    0.007620
18678    0.008179
18696    0.006999
18754    0.007838
18780    0.008000
18807    0.006186
18927    0.007553
18993    0.011276
19043    0.013192
19097    0.009370
19124    0.006372
19212    0.004864
19266    0.013824
19309    0.004685
19327    0.002813
19328    0.011830
19366    0.003314
19410    0.002206
19426    0.002342
19457    0.005915
19473    0.008179
19499    0.007689
19546    0.005771
19617    0.006372
19756    0.012878
19772    0.004060
19773    0.002993
19820    0.004027
19830    0.010010
19844    0.001115
20073    0.008607
20131    0.006308
20228    0.005681
20275    0.005844
20335    0.009181
20464    0.003579
20534    0.007956
20601    0.004129
20700    0.006372
20797    0.007096
20800    0.007689
20801    0.007689
20803    0.002366
20841    0.003143
20868    0.002629
20894    0.006574
20924    0.006581
20946    0.003214
20983    0.003725
20999    0.008380
21011    0.018385
21058    0.006984
21065    0.005159
21114    0.006657
21150    0.001359
21243    0.002703
21290    0.004334
21306    0.018739
21310    0.004838
21311    0.007553
