284
1    0.009208
46    0.017275
74    0.015376
441    0.009137
447    0.008511
485    0.013477
883    0.012604
1097    0.006423
1116    0.008349
1122    0.014265
1382    0.009000
1451    0.004564
1480    0.008934
1603    0.007695
1662    0.009679
1682    0.010045
1725    0.009067
1741    0.003593
1792    0.010355
1846    0.006698
1847    0.008869
1904    0.013154
1997    0.012604
2003    0.007654
2068    0.015376
2120    0.006081
2165    0.010833
2166    0.011578
2173    0.005715
2224    0.007957
2248    0.019897
2283    0.007695
2287    0.009208
2295    0.013477
2343    0.010144
2347    0.012604
2352    0.010584
2396    0.005169
2684    0.006450
2872    0.008626
2942    0.015376
2980    0.014265
3072    0.034550
3140    0.009513
3339    0.014265
3351    0.010705
3377    0.013154
3441    0.009856
3583    0.004205
3611    0.010705
3706    0.009949
3850    0.007035
3911    0.007068
3925    0.009433
3942    0.008245
4023    0.004784
4195    0.005169
4378    0.008869
4450    0.005202
4662    0.006786
4689    0.010355
4729    0.024986
4730    0.009208
4732    0.017868
4810    0.016099
4883    0.017275
4899    0.005675
4949    0.008195
5020    0.007823
5040    0.013843
5043    0.005643
5075    0.006673
5110    0.011107
5230    0.009000
5744    0.014765
6184    0.017275
6425    0.009949
6596    0.004828
6620    0.011578
6646    0.015376
6651    0.007101
6655    0.007419
6719    0.006450
6738    0.007737
6743    0.010967
6758    0.004181
6761    0.005252
6830    0.013154
6908    0.004742
7188    0.006786
7223    0.012366
7356    0.012866
7393    0.008568
7465    0.010584
7626    0.012604
7661    0.014765
7748    0.008934
7802    0.007626
7847    0.010467
7965    0.008806
8040    0.004857
8099    0.011944
8170    0.007614
8218    0.009316
8271    0.102847
8272    0.042840
8426    0.019174
8450    0.015376
8568    0.004275
8630    0.009883
8777    0.008245
9209    0.004372
9256    0.013753
9349    0.014765
9351    0.017275
9398    0.006012
9411    0.014560
9417    0.010355
9517    0.004473
9533    0.005968
9726    0.014765
9812    0.006698
9815    0.013477
9886    0.013843
9923    0.011755
9955    0.019174
10071    0.016164
10310    0.014265
10382    0.011412
10385    0.017275
10406    0.011578
10421    0.007695
10509    0.031292
10510    0.009356
10511    0.025731
10689    0.008003
10774    0.009595
11103    0.004350
11154    0.009513
11180    0.004299
11181    0.005304
11203    0.006756
11207    0.006876
11340    0.009281
11364    0.009679
11434    0.005269
11444    0.006786
11458    0.024732
11519    0.007780
11629    0.013477
11736    0.011107
11759    0.017275
11907    0.011755
11909    0.010967
12005    0.003856
12239    0.019174
12245    0.005055
12300    0.009833
12345    0.010471
12346    0.011412
12348    0.009949
12544    0.009000
12551    0.009986
12572    0.010248
12659    0.006476
12864    0.005968
12932    0.008245
12940    0.011412
13008    0.008349
13208    0.019174
13400    0.029529
13466    0.004486
13470    0.008869
13501    0.014615
13590    0.012866
13756    0.011755
13815    0.010467
13823    0.009433
13866    0.007957
13930    0.010967
14065    0.002265
14110    0.016164
14113    0.012866
14145    0.024736
14147    0.019174
14148    0.034046
14150    0.008806
14200    0.008195
14222    0.010705
14224    0.009949
14319    0.010467
14320    0.013006
14323    0.013395
14439    0.009235
14518    0.014765
14536    0.008296
14539    0.008511
14604    0.004102
14741    0.006846
14742    0.011743
14749    0.006557
14796    0.006127
14865    0.007419
14874    0.006907
14938    0.015376
15043    0.015376
15072    0.009595
15299    0.007495
15301    0.013843
15333    0.010248
15503    0.007654
15555    0.006612
15818    0.011677
15848    0.009679
15989    0.008245
16001    0.036440
16002    0.019174
16057    0.019174
16116    0.005695
16202    0.011412
16244    0.013843
16485    0.006222
16490    0.008402
16498    0.010248
16585    0.008917
16608    0.012604
16705    0.010048
16743    0.008296
16907    0.005339
16952    0.008097
16959    0.005776
17320    0.010705
17445    0.008806
17471    0.008685
17484    0.003196
17519    0.010355
17531    0.005465
17635    0.011755
17779    0.019174
17821    0.006756
17870    0.005990
17901    0.014265
17922    0.006815
18179    0.006846
18186    0.007203
18203    0.006372
18326    0.007614
18435    0.006786
18580    0.008511
18609    0.029036
18876    0.014765
19097    0.007534
19232    0.006012
19278    0.003440
19327    0.004524
19349    0.008146
19366    0.002665
19424    0.031401
19426    0.007531
19460    0.004447
19464    0.010713
19648    0.010144
19718    0.007309
19772    0.006530
19816    0.011578
19844    0.001794
19886    0.051825
19935    0.012866
20323    0.009856
20452    0.006846
20461    0.011944
20464    0.005755
20583    0.008934
20675    0.017275
20803    0.003806
20841    0.005055
20844    0.004003
20845    0.007823
20848    0.004977
20964    0.005859
20972    0.010467
21150    0.008745
21187    0.012366
21247    0.002780
