469
191    0.008174
284    0.009125
288    0.004043
292    0.007535
297    0.006416
350    0.010128
394    0.007799
411    0.012231
418    0.007535
420    0.005655
423    0.006948
481    0.004277
504    0.005655
621    0.003553
634    0.014624
638    0.005867
666    0.004329
686    0.004132
733    0.010128
843    0.006658
851    0.004467
896    0.006116
978    0.008219
1099    0.003569
1173    0.005255
1193    0.006658
1215    0.007119
1466    0.004382
1490    0.002721
1514    0.013577
1646    0.003716
1680    0.004277
1699    0.001203
1705    0.006658
1710    0.009125
1725    0.004790
1741    0.009490
1746    0.009319
1747    0.008820
1750    0.009125
1825    0.014624
1830    0.006658
1846    0.003538
1863    0.005655
1866    0.007799
1948    0.006948
2003    0.004043
2032    0.008122
2069    0.007535
2092    0.004902
2093    0.003029
2094    0.007799
2120    0.003212
2122    0.005255
2167    0.006309
2290    0.005590
2292    0.008219
2519    0.009125
2549    0.008122
2553    0.008122
2768    0.005158
2801    0.011310
2902    0.006948
2952    0.008122
3077    0.003805
3089    0.002418
3092    0.013064
3190    0.007312
3278    0.006028
3326    0.003600
3451    0.007684
3492    0.008122
3511    0.010128
3567    0.004766
3581    0.008538
3599    0.007799
3726    0.003538
3752    0.007799
3850    0.003716
3858    0.004496
3908    0.007535
3965    0.008538
3989    0.005722
4017    0.011058
4026    0.004685
4028    0.012261
4102    0.005470
4137    0.009871
4186    0.008122
4240    0.026978
4245    0.017318
4441    0.005722
4450    0.008243
4497    0.005722
4505    0.004942
4516    0.017529
4761    0.009125
4870    0.003129
4904    0.005722
5055    0.004902
5075    0.001762
5115    0.004983
5153    0.005413
5334    0.008122
5389    0.006796
5444    0.005945
5480    0.004685
5487    0.017315
5495    0.001943
5501    0.004020
5567    0.002848
5578    0.003842
5614    0.003478
5735    0.007799
5856    0.003249
5900    0.010128
5933    0.006658
5998    0.005358
6056    0.005068
6186    0.009125
6372    0.002411
6486    0.004790
6527    0.007312
6699    0.005590
6758    0.002209
6795    0.007312
6828    0.003733
6866    0.007119
6908    0.002505
6916    0.010128
6972    0.007312
6973    0.008122
7181    0.003379
7186    0.026632
7187    0.008122
7188    0.007169
7189    0.005867
7246    0.006948
7351    0.006986
7393    0.009052
7402    0.005945
7441    0.004864
7468    0.008122
7537    0.006116
7569    0.005255
7631    0.008043
7710    0.007119
7736    0.002977
7753    0.005531
7802    0.002685
7833    0.002597
7856    0.006209
7892    0.003939
7902    0.005068
7929    0.009125
8019    0.002439
8025    0.011098
8027    0.006028
8044    0.007535
8107    0.004632
8116    0.004393
8131    0.004382
8200    0.004109
8218    0.002460
8223    0.004467
8280    0.008122
8327    0.006309
8395    0.004556
8496    0.006116
8500    0.006681
8568    0.004516
8594    0.003899
8630    0.005220
8638    0.004203
8654    0.008538
8701    0.016244
8727    0.007535
8735    0.006796
8775    0.010128
8805    0.017211
8964    0.004001
8996    0.033784
9109    0.027183
9118    0.003200
9136    0.004382
9142    0.008122
9177    0.005158
9202    0.006658
9209    0.004619
9214    0.004652
9361    0.003569
9375    0.010940
9376    0.009125
9388    0.003449
9411    0.003846
9442    0.013858
9445    0.006948
9454    0.005872
9510    0.003616
9518    0.002155
9592    0.008122
9644    0.004252
9656    0.007799
9746    0.016771
9798    0.002839
9898    0.005158
9979    0.005358
10121    0.005722
10220    0.005113
10261    0.002535
10478    0.004754
10564    0.005945
10605    0.003040
10620    0.007312
10810    0.007312
10836    0.005358
10846    0.006786
10892    0.004529
10893    0.012832
10897    0.002956
10922    0.006658
10923    0.007119
10994    0.006948
11043    0.010128
11051    0.024914
11076    0.016244
11103    0.001149
11117    0.002512
11156    0.006796
11177    0.007119
11180    0.002271
11207    0.003632
11213    0.003224
11218    0.002167
11221    0.008538
11355    0.001968
11373    0.006796
11387    0.006209
11423    0.007119
11434    0.002783
11503    0.002363
11545    0.009125
11566    0.004719
11569    0.002877
11587    0.005590
11588    0.005470
11642    0.022605
11683    0.001908
11728    0.017076
11750    0.002713
11782    0.002512
11841    0.001671
11884    0.006028
12084    0.004132
12085    0.003523
12159    0.009125
12166    0.003769
12199    0.007799
12233    0.005867
12283    0.003989
12300    0.002597
12326    0.004902
12332    0.037853
12337    0.016587
12415    0.015588
12519    0.002418
12551    0.002637
12591    0.003008
12632    0.013316
12684    0.004264
12687    0.011181
12818    0.004619
12836    0.005529
12853    0.003224
12864    0.003152
12904    0.005307
12928    0.003699
12949    0.004438
12952    0.004864
12987    0.001454
13014    0.002227
13050    0.002558
13154    0.003823
13195    0.004864
13351    0.002376
13355    0.002356
13357    0.001418
13388    0.003823
13434    0.000920
13451    0.004496
13536    0.021936
13618    0.009125
13647    0.002687
13691    0.005470
13765    0.006658
13770    0.006209
13910    0.005567
14012    0.003980
14014    0.004983
14025    0.008122
14054    0.004685
14065    0.004786
14160    0.004864
14166    0.013592
14179    0.008538
14187    0.014624
14199    0.008538
14234    0.006532
14237    0.005206
14260    0.006209
14261    0.008122
14284    0.006948
14304    0.009175
14316    0.003313
14319    0.005529
14335    0.005945
14425    0.002383
14430    0.003959
14434    0.010128
14533    0.007119
14537    0.002848
14742    0.010338
14746    0.004043
14892    0.015598
15016    0.008358
15135    0.004826
15177    0.009125
15322    0.007799
15333    0.005413
15500    0.005113
15540    0.006658
15583    0.005867
15600    0.004587
15604    0.004556
15710    0.004277
15778    0.003787
15807    0.005358
15822    0.021056
15852    0.008122
15903    0.005945
15952    0.003366
16034    0.003787
16060    0.003959
16130    0.005655
16170    0.006796
16204    0.005867
16237    0.005567
16299    0.004826
16350    0.008122
16437    0.004227
16485    0.003287
16501    0.002977
16585    0.007065
16586    0.016964
16627    0.010128
16705    0.005307
16724    0.003523
16734    0.002032
16828    0.007312
16855    0.007312
16880    0.003478
16885    0.004652
16923    0.002811
16944    0.005460
17050    0.008538
17051    0.002966
17122    0.009805
17144    0.002284
17194    0.007799
17331    0.003751
17347    0.008406
17424    0.006948
17445    0.004652
17523    0.009125
17669    0.002404
17695    0.005470
17829    0.005068
18062    0.010128
18113    0.008538
18119    0.007535
18159    0.003880
18182    0.009374
18203    0.003366
18282    0.003140
18297    0.009125
18317    0.012195
18319    0.003393
18417    0.006209
18451    0.005068
18496    0.006532
18580    0.004496
18652    0.005258
18678    0.006948
18695    0.012056
18784    0.004826
18809    0.009125
18882    0.002185
18883    0.003106
18898    0.003842
18949    0.006309
18955    0.006532
18993    0.004790
18998    0.005470
19177    0.002906
19199    0.009125
19204    0.004022
19215    0.006309
19226    0.002404
19262    0.006870
19266    0.002936
19278    0.007268
19366    0.004223
19430    0.007535
19455    0.005113
19460    0.002349
19516    0.007799
19535    0.003682
19569    0.005470
19577    0.004619
19598    0.007312
19634    0.005025
19666    0.007312
19766    0.006028
19817    0.003959
19820    0.003421
19844    0.003789
19952    0.009125
19999    0.006948
20042    0.032487
20090    0.010310
20131    0.005358
20260    0.007749
20261    0.006416
20275    0.002482
20440    0.006116
20475    0.047909
20477    0.032334
20480    0.005722
20505    0.006116
20557    0.016761
20559    0.005158
20688    0.004754
20713    0.005478
20717    0.005162
20750    0.008122
20758    0.005306
20797    0.006028
20801    0.006532
20833    0.005945
20838    0.007312
20853    0.007799
20868    0.004467
20890    0.008122
20894    0.002792
20910    0.004496
20927    0.002453
20946    0.002730
20964    0.003095
21052    0.006116
21098    0.006796
21120    0.006498
21122    0.003326
21129    0.004567
21143    0.007119
21150    0.001155
21154    0.006796
21243    0.002296
21247    0.002937
21292    0.005793
