43
1128    0.066022
1603    0.102140
1846    0.044448
4729    0.041455
4833    0.068008
5020    0.051916
5722    0.087296
6441    0.085380
6761    0.069713
7359    0.083648
7626    0.083648
8271    0.157507
8533    0.042116
10509    0.051916
10892    0.028451
11118    0.052803
11744    0.038059
12345    0.034744
12519    0.060750
12999    0.020947
13014    0.027980
13287    0.087296
14065    0.015033
14148    0.056485
14150    0.058442
14727    0.062603
14742    0.038966
14796    0.040661
14874    0.045840
15299    0.049742
15301    0.091865
15988    0.064232
15989    0.054719
15993    0.089438
16585    0.022191
16608    0.250943
16744    0.069463
18186    0.047801
18619    0.032728
19630    0.085380
19785    0.070167
20713    0.034410
21150    0.014509
