124
447    0.017259
539    0.016823
978    0.015776
1128    0.020173
1603    0.031209
1677    0.015863
1752    0.017037
1846    0.013581
1847    0.017985
1941    0.012472
1947    0.021461
2003    0.015521
2102    0.009730
2229    0.042450
2248    0.020173
2853    0.019290
3273    0.020368
3583    0.008526
4023    0.009701
4571    0.019627
4729    0.050667
4732    0.018116
4810    0.032645
4833    0.020780
4899    0.023014
5020    0.031726
5549    0.016929
5567    0.010934
5722    0.026674
6441    0.026088
6758    0.008479
6761    0.042602
6920    0.019290
7215    0.028070
7359    0.025559
7486    0.014070
7626    0.025559
7802    0.010309
8021    0.014748
8159    0.018820
8269    0.017610
8271    0.096255
8272    0.034748
8533    0.012869
8777    0.016720
8786    0.017374
9200    0.010582
9517    0.009070
9923    0.023836
10377    0.024219
10509    0.015863
10689    0.016228
10892    0.008693
11103    0.004411
11118    0.016134
11154    0.038579
11188    0.026088
11386    0.013186
11744    0.011629
11907    0.023836
12053    0.017985
12345    0.010616
12477    0.020998
12519    0.018563
12544    0.072999
12572    0.020780
12987    0.011162
12999    0.006400
13014    0.025649
13151    0.020998
13287    0.026674
13319    0.012667
13466    0.009096
13472    0.017857
13501    0.019757
13815    0.021225
13823    0.057386
14065    0.004593
14113    0.026088
14145    0.016720
14148    0.017259
14150    0.017857
14439    0.009363
14539    0.017259
14727    0.019129
14729    0.022823
14741    0.041645
14742    0.027781
14796    0.012424
14874    0.014007
15299    0.015199
15301    0.028070
15848    0.039253
15988    0.039253
15989    0.033439
15993    0.027328
16117    0.013882
16173    0.032777
16202    0.023141
16485    0.012617
16585    0.009041
16608    0.076677
16743    0.016823
16744    0.021225
16907    0.021652
17067    0.016042
17484    0.006481
18186    0.014606
18247    0.014399
18619    0.010000
19327    0.009174
19366    0.005404
19460    0.018036
19630    0.026088
19781    0.078265
19785    0.021440
20323    0.019985
20452    0.041645
20465    0.019456
20583    0.018116
20713    0.010514
20803    0.015434
20844    0.008118
21150    0.017733
