167
289    0.026493
447    0.013053
539    0.012724
978    0.011931
1128    0.015257
1603    0.023604
1677    0.011997
1752    0.012885
1792    0.015881
1846    0.020543
1847    0.013602
1941    0.009432
1947    0.016231
2003    0.011739
2102    0.007359
2166    0.017756
2229    0.032105
2248    0.015257
2287    0.014122
2853    0.014589
3273    0.015405
3583    0.006448
3612    0.021229
4023    0.007337
4571    0.014844
4729    0.038320
4732    0.013701
4810    0.024690
4833    0.015716
4899    0.017406
4949    0.012568
5020    0.023995
5230    0.013802
5549    0.012804
5567    0.008269
5722    0.020173
5907    0.023581
6441    0.019731
6620    0.017756
6651    0.010890
6758    0.006413
6761    0.032220
6920    0.014589
7215    0.021229
7359    0.019330
7486    0.010641
7626    0.019330
7748    0.013701
7802    0.007796
8021    0.011154
8099    0.018317
8159    0.014234
8269    0.013319
8271    0.109196
8272    0.039420
8533    0.009733
8630    0.005052
8777    0.012645
8786    0.013140
9200    0.016006
9411    0.005582
9417    0.015881
9517    0.006859
9726    0.022643
9923    0.018027
10377    0.018317
10509    0.035992
10689    0.012273
10892    0.006575
11103    0.003336
11118    0.012202
11154    0.029178
11181    0.008134
11188    0.019731
11207    0.010546
11386    0.009973
11458    0.018965
11683    0.005539
11744    0.008795
11907    0.018027
12053    0.013602
12345    0.008029
12477    0.015881
12519    0.014039
12544    0.055209
12572    0.015716
12940    0.017501
12987    0.008442
12999    0.004841
13014    0.019398
13151    0.015881
13195    0.014122
13287    0.020173
13319    0.009580
13466    0.006879
13472    0.013506
13501    0.014942
13815    0.032105
13823    0.043401
14065    0.003474
14113    0.019731
14145    0.025290
14148    0.026107
14150    0.013506
14320    0.019946
14322    0.013411
14439    0.007081
14518    0.022643
14538    0.011997
14539    0.013053
14727    0.014467
14729    0.017261
14741    0.041995
14742    0.021011
14796    0.009396
14865    0.011378
14874    0.010593
14938    0.023581
14952    0.013906
15228    0.017756
15299    0.011495
15301    0.021229
15503    0.011739
15818    0.008954
15848    0.029687
15988    0.029687
15989    0.025290
15993    0.020668
16117    0.010499
16173    0.024789
16202    0.017501
16485    0.009543
16585    0.006838
16608    0.057991
16705    0.007705
16743    0.012724
16744    0.016052
16907    0.016375
17067    0.012133
17484    0.004902
17901    0.021877
17947    0.016418
18186    0.011046
18203    0.019544
18247    0.010890
18609    0.029687
18619    0.007563
19327    0.006939
19366    0.004087
19424    0.016052
19460    0.013641
19630    0.019731
19718    0.011209
19781    0.059192
19785    0.016215
19914    0.023581
20323    0.015115
20452    0.031496
20465    0.014714
20583    0.013701
20713    0.007952
20803    0.011673
20841    0.007753
20844    0.006139
20845    0.011997
20972    0.016052
21150    0.013412
