276
70    0.012374
80    0.012374
147    0.005301
289    0.016251
441    0.008595
447    0.008007
539    0.007805
883    0.011857
978    0.007319
1128    0.009359
1194    0.017748
1382    0.008466
1479    0.008802
1480    0.008404
1603    0.014479
1664    0.008284
1677    0.007359
1725    0.008530
1741    0.003380
1752    0.007904
1764    0.009847
1792    0.009741
1846    0.012601
1847    0.008344
1941    0.005786
1947    0.009956
2003    0.007201
2068    0.014464
2102    0.004514
2120    0.005720
2166    0.010892
2173    0.005376
2229    0.019693
2248    0.018718
2287    0.008662
2344    0.008713
2853    0.008949
3140    0.008949
3273    0.009449
3339    0.013419
3441    0.009271
3583    0.007911
3612    0.013022
3803    0.015206
3850    0.006618
3911    0.006649
4023    0.004501
4258    0.005006
4378    0.008344
4571    0.009105
4574    0.011058
4729    0.023505
4732    0.008404
4810    0.015145
4833    0.009640
4899    0.010677
4949    0.007709
5020    0.014718
5040    0.013022
5075    0.006277
5212    0.006247
5230    0.008466
5458    0.010316
5495    0.003460
5532    0.004514
5549    0.007854
5567    0.005072
5614    0.006194
5623    0.009640
5722    0.012374
5744    0.013889
5856    0.005786
5907    0.014464
6045    0.012374
6115    0.009359
6425    0.009359
6441    0.012103
6620    0.010892
6646    0.014464
6651    0.006680
6699    0.009956
6758    0.003934
6761    0.019764
6920    0.008949
7215    0.013022
7359    0.011857
7460    0.007854
7486    0.006527
7626    0.011857
7748    0.008404
7802    0.007173
8021    0.006842
8040    0.004569
8078    0.003628
8099    0.011236
8159    0.008731
8218    0.004382
8243    0.013022
8269    0.008170
8271    0.104193
8272    0.040300
8533    0.005970
8630    0.006198
8777    0.007757
8786    0.008060
9200    0.009818
9214    0.008284
9311    0.008731
9349    0.013889
9351    0.016251
9411    0.003424
9417    0.009741
9517    0.004208
9726    0.013889
9815    0.012678
9923    0.011058
10149    0.010735
10334    0.005247
10377    0.011236
10402    0.013022
10509    0.036796
10510    0.008802
10511    0.024206
10689    0.007528
10892    0.004033
11103    0.002046
11118    0.007485
11134    0.010191
11154    0.017898
11170    0.015206
11181    0.004989
11188    0.012103
11207    0.006469
11213    0.005742
11220    0.010316
11364    0.009105
11386    0.006117
11399    0.008466
11444    0.006383
11458    0.011633
11519    0.007319
11683    0.003398
11736    0.010449
11744    0.005395
11759    0.016251
11810    0.009741
11907    0.011058
12053    0.008344
12300    0.009250
12345    0.004925
12348    0.009359
12477    0.009741
12519    0.008612
12522    0.005923
12523    0.013419
12544    0.067731
12572    0.009640
12834    0.022853
12940    0.010735
12987    0.007767
12999    0.002969
13014    0.011899
13151    0.009741
13195    0.008662
13287    0.012374
13319    0.005876
13466    0.004220
13470    0.008344
13472    0.008284
13501    0.009166
13815    0.019693
13823    0.026622
13866    0.007485
14065    0.002131
14113    0.012103
14145    0.031026
14148    0.024021
14150    0.008284
14224    0.009359
14319    0.009847
14320    0.018352
14322    0.008226
14439    0.004344
14518    0.013889
14538    0.007359
14539    0.008007
14604    0.003859
14727    0.008874
14729    0.010588
14741    0.025760
14742    0.016571
14796    0.005764
14865    0.006980
14874    0.006498
14913    0.012103
14938    0.014464
14952    0.008530
15029    0.009847
15228    0.010892
15299    0.007051
15301    0.013022
15382    0.010316
15503    0.007201
15521    0.011633
15779    0.008802
15818    0.005492
15848    0.018210
15936    0.010071
15988    0.018210
15989    0.015513
15993    0.012678
16117    0.006440
16173    0.015206
16202    0.010735
16485    0.005853
16585    0.008388
16608    0.035572
16705    0.009452
16743    0.007805
16744    0.009847
16907    0.010045
17067    0.007442
17320    0.010071
17471    0.008170
17484    0.003007
17519    0.009741
17571    0.013022
17821    0.006355
17870    0.005635
17901    0.013419
17947    0.010071
18058    0.010449
18063    0.010588
18174    0.013419
18186    0.006776
18203    0.017982
18247    0.006680
18435    0.006383
18609    0.018210
18619    0.004639
18780    0.012103
18793    0.010892
18876    0.013889
19327    0.004256
19349    0.007663
19366    0.002507
19424    0.019693
19460    0.008367
19464    0.010078
19492    0.011427
19566    0.013419
19575    0.010735
19630    0.012103
19718    0.006876
19781    0.036309
19785    0.009946
19886    0.032502
19914    0.014464
19971    0.012374
20182    0.011633
20258    0.016251
20323    0.009271
20452    0.019320
20461    0.011236
20465    0.009026
20583    0.008404
20713    0.004878
20714    0.005946
20803    0.007160
20841    0.004756
20844    0.003766
20845    0.007359
20972    0.009847
21150    0.010284
21247    0.005230
21279    0.006469
