500
26    0.007984
56    0.009470
191    0.003822
292    0.007046
297    0.005999
394    0.007292
411    0.005718
418    0.007046
420    0.005288
481    0.007999
621    0.003322
634    0.006837
638    0.005486
666    0.004048
686    0.003864
773    0.003781
843    0.006225
851    0.004177
978    0.003843
1099    0.003337
1146    0.009470
1173    0.004914
1223    0.006108
1279    0.005718
1458    0.012957
1466    0.004098
1490    0.002545
1514    0.004232
1646    0.003475
1680    0.011998
1699    0.004498
1725    0.004479
1741    0.005324
1746    0.005809
1747    0.004123
1750    0.008532
1830    0.006225
1846    0.003308
1853    0.005636
1948    0.006497
2003    0.003781
2032    0.015189
2069    0.007046
2120    0.006006
2141    0.017065
2167    0.005899
2290    0.005227
2292    0.003843
2313    0.005899
2375    0.005899
2486    0.006837
2519    0.008532
2549    0.007594
2706    0.002637
2768    0.004823
2801    0.005288
2865    0.006656
2952    0.007594
3089    0.002261
3092    0.012215
3297    0.007220
3326    0.003366
3374    0.009470
3451    0.007185
3483    0.007643
3492    0.007594
3501    0.004914
3567    0.004456
3599    0.007292
3632    0.003885
3783    0.006837
3858    0.004204
3890    0.006108
3908    0.007046
3915    0.005227
3965    0.007984
3989    0.005350
3991    0.006497
4017    0.010340
4023    0.002363
4028    0.007643
4056    0.012709
4102    0.005115
4127    0.007594
4137    0.013845
4138    0.006656
4240    0.032988
4245    0.016193
4365    0.007984
4441    0.005350
4450    0.007708
4487    0.006354
4516    0.032782
4521    0.006225
4536    0.003953
4561    0.006108
4651    0.007594
4761    0.008532
4838    0.007292
4870    0.002926
4904    0.005350
4951    0.009470
5047    0.004413
5074    0.003147
5075    0.004944
5079    0.003097
5105    0.007046
5149    0.005806
5153    0.005061
5170    0.010229
5180    0.005999
5220    0.004072
5264    0.004513
5265    0.006354
5334    0.007594
5426    0.005559
5444    0.005559
5487    0.008095
5501    0.001880
5539    0.006108
5567    0.002663
5578    0.007185
5614    0.003252
5706    0.005010
5856    0.006076
5933    0.006225
5998    0.005010
6129    0.004659
6165    0.007292
6186    0.008532
6305    0.005227
6486    0.004479
6527    0.006837
6596    0.002384
6651    0.007014
6655    0.014658
6705    0.003212
6758    0.002065
6828    0.003491
6836    0.014091
6866    0.006656
6984    0.002823
7003    0.008532
7010    0.004621
7024    0.007292
7053    0.004381
7109    0.006354
7181    0.003160
7186    0.006225
7187    0.007594
7188    0.003351
7246    0.006497
7413    0.008532
7441    0.004548
7460    0.004123
7468    0.007594
7523    0.003646
7537    0.005718
7602    0.010123
7631    0.003760
7710    0.006656
7736    0.002783
7748    0.004413
7757    0.005288
7798    0.004823
7802    0.003766
7892    0.003683
7929    0.008532
8019    0.006842
8025    0.007783
8184    0.008532
8186    0.009397
8188    0.006497
8200    0.003843
8323    0.013646
8327    0.005899
8395    0.004260
8448    0.005288
8452    0.006225
8496    0.005718
8500    0.004165
8509    0.006354
8513    0.006497
8531    0.009470
8552    0.005899
8568    0.006335
8622    0.002843
8630    0.004881
8638    0.003930
8654    0.007984
8711    0.003280
8712    0.004914
8735    0.006354
8783    0.003122
8805    0.008046
8935    0.005718
8984    0.003721
8996    0.031589
9015    0.007984
9109    0.006354
9136    0.004098
9168    0.005061
9177    0.004823
9202    0.006225
9357    0.005288
9375    0.010229
9411    0.003596
9442    0.008638
9454    0.002745
9510    0.003381
9517    0.002209
9592    0.007594
9644    0.003976
9656    0.007292
9743    0.006656
9746    0.005227
9854    0.007046
9891    0.007984
9898    0.004823
9950    0.006656
9979    0.005010
10011    0.010833
10121    0.005350
10123    0.007984
10220    0.004780
10244    0.004513
10261    0.004740
10341    0.005010
10343    0.005718
10478    0.004445
10526    0.009470
10564    0.005559
10593    0.010021
10614    0.004868
10620    0.006837
10689    0.003953
10810    0.006837
10836    0.005010
10846    0.003173
10892    0.002117
10897    0.005528
11051    0.013978
11107    0.006354
11112    0.002628
11117    0.002349
11156    0.006354
11177    0.006656
11180    0.004247
11181    0.005239
11207    0.006793
11213    0.003015
11221    0.007984
11337    0.008532
11355    0.001841
11373    0.006354
11386    0.003212
11387    0.011612
11503    0.002209
11505    0.009470
11545    0.008532
11566    0.004413
11588    0.005115
11642    0.021137
11728    0.007984
11744    0.005665
11782    0.002349
11841    0.001563
11884    0.005636
11895    0.005718
12008    0.004868
12064    0.003760
12085    0.003294
12166    0.007048
12199    0.007292
12214    0.009470
12229    0.006225
12233    0.005486
12283    0.003730
12300    0.007285
12332    0.023596
12337    0.015509
12365    0.003541
12415    0.002915
12551    0.002466
12632    0.006225
12684    0.001993
12687    0.005227
12718    0.007594
12756    0.006837
12765    0.005917
12836    0.005170
12853    0.006029
12855    0.002190
12864    0.011790
12904    0.004963
12927    0.003199
12987    0.002719
13008    0.004123
13014    0.002082
13026    0.009470
13050    0.002392
13238    0.008532
13351    0.002222
13355    0.002203
13434    0.001720
13451    0.004204
13466    0.002215
13468    0.008532
13472    0.004350
13495    0.005350
13536    0.006837
13647    0.002513
13691    0.005115
13765    0.006225
13770    0.005806
13907    0.006837
13910    0.010410
13912    0.011273
13939    0.002783
13977    0.006656
14014    0.004659
14025    0.007594
14065    0.006713
14160    0.004548
14166    0.006354
14179    0.007984
14187    0.020511
14260    0.005806
14284    0.006497
14298    0.006225
14335    0.005559
14352    0.007046
14385    0.006225
14425    0.002228
14439    0.004561
14477    0.007594
14533    0.006656
14555    0.009470
14607    0.003212
14742    0.012567
14746    0.007561
14824    0.004479
14829    0.008532
14865    0.003664
14944    0.003843
15003    0.005227
15016    0.007815
15239    0.009561
15333    0.005061
15415    0.007984
15500    0.004780
15583    0.005486
15604    0.004260
15677    0.010701
15710    0.003999
15778    0.007081
15807    0.005010
15822    0.005625
15827    0.005288
15852    0.007594
15873    0.009470
15952    0.003147
16012    0.009397
16130    0.005288
16170    0.006354
16179    0.007984
16204    0.005486
16237    0.002603
16241    0.004023
16286    0.006108
16378    0.006837
16437    0.003953
16485    0.003073
16501    0.002783
16585    0.006606
16586    0.026438
16692    0.004914
16705    0.004963
16732    0.002356
16828    0.006837
16855    0.006837
16923    0.002628
16934    0.007984
16941    0.001770
16944    0.002553
17050    0.007984
17051    0.002774
17144    0.004271
17167    0.005806
17185    0.005899
17194    0.007292
17210    0.005416
17291    0.007984
17325    0.005559
17331    0.003507
17445    0.008699
17484    0.001579
17523    0.008532
17695    0.005115
17761    0.004914
17829    0.004739
18003    0.007220
18005    0.002413
18116    0.005559
18119    0.007046
18159    0.003628
18172    0.015189
18182    0.007305
18282    0.001468
18317    0.007602
18319    0.003173
18326    0.003760
18328    0.006108
18382    0.003592
18383    0.002948
18417    0.005806
18451    0.004739
18496    0.006108
18547    0.005170
18580    0.004204
18619    0.004871
18652    0.002458
18678    0.006497
18695    0.011273
18774    0.005899
18784    0.004513
18841    0.007329
18845    0.006354
18882    0.002043
18892    0.007594
18898    0.003592
18901    0.004381
18955    0.006108
18993    0.004479
18998    0.005115
19048    0.005288
19102    0.007046
19168    0.008532
19177    0.002717
19204    0.003760
19226    0.002248
19262    0.006424
19266    0.005490
19278    0.001699
19410    0.001752
19426    0.001860
19430    0.007046
19455    0.004780
19460    0.002197
19464    0.002646
19562    0.008408
19598    0.006837
19766    0.005636
19844    0.003543
19851    0.007292
19952    0.008532
19999    0.006497
20042    0.015189
20048    0.006497
20090    0.008034
20213    0.009470
20251    0.003885
20260    0.006440
20261    0.005999
20268    0.008532
20275    0.002321
20405    0.006354
20473    0.007984
20475    0.057014
20477    0.017277
20480    0.026752
20481    0.004479
20547    0.009470
20557    0.025076
20559    0.004823
20586    0.008532
20710    0.007292
20713    0.002561
20717    0.004827
20801    0.006108
20803    0.001880
20833    0.005559
20838    0.006837
20853    0.007292
20868    0.002088
20870    0.007984
20890    0.007594
20894    0.002611
20927    0.002294
20964    0.002894
21039    0.010123
21052    0.005718
21120    0.003038
21129    0.006406
21150    0.004319
21154    0.006354
21243    0.004295
21247    0.004119
21290    0.010328
21292    0.005416
