411
16    0.011043
80    0.008409
441    0.005841
447    0.005441
450    0.005477
595    0.006925
882    0.007100
978    0.004973
1097    0.004106
1122    0.009119
1128    0.006359
1157    0.004357
1179    0.010333
1194    0.006030
1242    0.004396
1272    0.004476
1309    0.004025
1477    0.004415
1603    0.009838
1610    0.007635
1681    0.005029
1698    0.003325
1699    0.001455
1725    0.005796
1741    0.002297
1747    0.010673
1846    0.004281
1848    0.008224
1862    0.002498
1920    0.009829
1939    0.008849
1940    0.004191
1941    0.003932
2003    0.009786
2102    0.003067
2113    0.004973
2120    0.003887
2167    0.007635
2173    0.003653
2248    0.012719
2287    0.005886
2343    0.006485
2432    0.004233
2539    0.005057
2644    0.005337
2706    0.003413
2723    0.003424
2808    0.012257
3269    0.009119
3323    0.010333
3351    0.006843
3522    0.009829
3657    0.009829
3761    0.008615
3851    0.018237
3912    0.005933
3917    0.007905
3944    0.003887
4023    0.006116
4195    0.003304
4240    0.002511
4258    0.003402
4262    0.006030
4336    0.011043
4337    0.008615
4406    0.006187
4419    0.011043
4450    0.003325
4452    0.007514
4468    0.006300
4486    0.006133
4678    0.004946
4729    0.031944
4732    0.011422
4777    0.009734
4810    0.005145
4850    0.009829
4899    0.003627
4903    0.008615
5043    0.005411
5075    0.002133
5096    0.003211
5103    0.011772
5232    0.006691
5298    0.008409
5314    0.011043
5332    0.007401
5525    0.008057
5532    0.003067
5549    0.005337
5562    0.006243
5614    0.008418
5616    0.007514
5639    0.008224
5641    0.010333
5716    0.009119
5722    0.008409
5969    0.010333
5991    0.004497
6000    0.012257
6045    0.008409
6135    0.008615
6450    0.007765
6498    0.009829
6507    0.005886
6548    0.011043
6657    0.008409
6697    0.006133
6756    0.009253
6758    0.008019
6761    0.006715
6762    0.004743
6840    0.008057
6841    0.006925
6896    0.011043
6920    0.006081
6923    0.008615
7067    0.008615
7168    0.007317
7357    0.008849
7456    0.004140
7465    0.006765
7508    0.010954
7626    0.008057
7686    0.009829
7718    0.012257
7748    0.011422
7802    0.003250
7847    0.006691
7902    0.006133
8040    0.003105
8078    0.002465
8107    0.002803
8159    0.005933
8181    0.004009
8211    0.007401
8237    0.012257
8271    0.101143
8272    0.010954
8323    0.004415
8500    0.002695
8533    0.004057
8630    0.004212
8638    0.005086
8655    0.009119
8756    0.007765
8758    0.011043
8783    0.008081
8786    0.016431
8821    0.008224
8862    0.006081
8948    0.009438
8970    0.006925
9209    0.002795
9280    0.005629
9286    0.012257
9340    0.010333
9664    0.004106
9717    0.008849
9811    0.005933
9812    0.004281
9816    0.007195
9822    0.011043
9918    0.009438
9979    0.006485
10060    0.007401
10121    0.006925
10130    0.006691
10215    0.008348
10333    0.005337
10346    0.011043
10354    0.004376
10509    0.030004
10510    0.011961
10605    0.003679
10689    0.010231
10892    0.005481
10897    0.003577
11052    0.007765
11062    0.005886
11087    0.004281
11103    0.006952
11112    0.003402
11118    0.005086
11121    0.021584
11134    0.006925
11180    0.005496
11182    0.006081
11188    0.008224
11201    0.002900
11203    0.004319
11213    0.003902
11239    0.007195
11283    0.004893
11355    0.002382
11364    0.012374
11434    0.003368
11449    0.010333
11531    0.004140
11569    0.003481
11750    0.009849
11757    0.004106
11782    0.003040
11804    0.008849
11810    0.006619
11819    0.008615
11841    0.002023
11885    0.008409
11907    0.022542
12005    0.002465
12064    0.009734
12085    0.004263
12227    0.009829
12283    0.002414
12300    0.003143
12345    0.003347
12364    0.007635
12519    0.002926
12522    0.004025
12544    0.046024
12548    0.007924
12591    0.003640
12659    0.004140
12684    0.005160
12855    0.002835
12904    0.003211
12911    0.003947
12978    0.005271
12987    0.005278
12999    0.002018
13014    0.008085
13070    0.005933
13275    0.012257
13287    0.008409
13349    0.006300
13351    0.002876
13355    0.002851
13357    0.001716
13361    0.005029
13434    0.001113
13472    0.005629
13501    0.012456
13530    0.004973
13541    0.005371
13756    0.007514
13815    0.013382
13823    0.012060
13899    0.009838
14012    0.004816
14065    0.002896
14071    0.008409
14140    0.007010
14145    0.010541
14148    0.005441
14150    0.011259
14152    0.006843
14322    0.005590
14323    0.004281
14439    0.005903
14486    0.007905
14604    0.013111
14611    0.006619
14727    0.006030
14741    0.008752
14742    0.010009
14746    0.004893
14796    0.003917
14815    0.003692
14874    0.004415
14903    0.006187
14917    0.006030
14946    0.007100
14994    0.007100
14997    0.011180
15245    0.007401
15299    0.004791
15368    0.005841
15484    0.005271
15556    0.005271
15560    0.012257
15644    0.020665
15695    0.004582
15800    0.012257
15818    0.007464
15822    0.003640
15848    0.006187
15889    0.006421
15896    0.007514
15907    0.003692
15910    0.004435
15912    0.003162
15988    0.012374
15989    0.015812
15991    0.011506
15992    0.009829
16116    0.003640
16117    0.004376
16119    0.012266
16202    0.007295
16238    0.012257
16244    0.008849
16300    0.008849
16432    0.009485
16486    0.006030
16488    0.007514
16509    0.008454
16585    0.004987
16608    0.040286
16705    0.003211
16713    0.005841
16724    0.004263
16729    0.003995
16732    0.003049
16744    0.006691
16772    0.009946
16907    0.010238
16911    0.010333
16929    0.006765
16941    0.002291
16950    0.005886
16952    0.010352
16955    0.004791
17034    0.006300
17037    0.003872
17093    0.005886
17144    0.005527
17331    0.004539
17369    0.004867
17441    0.009829
17448    0.008409
17484    0.004086
17496    0.006030
17821    0.004319
17830    0.004300
17854    0.005405
17945    0.008224
18063    0.007195
18182    0.003781
18197    0.009829
18326    0.004867
18435    0.004338
18482    0.007010
18555    0.011043
18561    0.007295
18609    0.006187
18618    0.012257
18619    0.009457
18668    0.005514
18715    0.007195
18728    0.006691
18795    0.008057
18878    0.008224
18882    0.010575
18888    0.004106
18941    0.007295
19038    0.008409
19043    0.006781
19097    0.014448
19127    0.006403
19128    0.004476
19232    0.007686
19266    0.003553
19271    0.004539
19370    0.003902
19424    0.006691
19427    0.007514
19460    0.005686
19464    0.003424
19574    0.009829
19575    0.007295
19630    0.008224
19664    0.006081
19707    0.004009
19741    0.005753
19781    0.008224
19785    0.006759
19795    0.009438
19844    0.003439
19907    0.006691
19971    0.008409
20043    0.007765
20090    0.002079
20108    0.005886
20175    0.009119
20260    0.001042
20275    0.003004
20323    0.006300
20354    0.010333
20359    0.006691
20452    0.008752
20464    0.003679
20468    0.006485
20545    0.007010
20560    0.006925
20583    0.005711
20620    0.003653
20713    0.003314
20758    0.006421
20803    0.002433
20844    0.005118
20848    0.003182
20894    0.003379
20927    0.002969
20972    0.006691
21005    0.007833
21019    0.004919
21111    0.005116
21150    0.008385
21184    0.008849
21243    0.002779
21247    0.001777
