118
103    0.015484
568    0.018084
1345    0.026225
1451    0.011180
1741    0.008802
1746    0.014406
1830    0.030877
2117    0.026225
2432    0.008111
3024    0.046970
3286    0.025641
3960    0.033014
4017    0.025641
4137    0.022889
4240    0.019248
4245    0.016063
4435    0.037666
4516    0.020324
4520    0.031516
4650    0.022212
5075    0.008173
5260    0.019058
5328    0.042318
5331    0.022557
5495    0.009010
5563    0.018851
6655    0.018175
6824    0.037666
6836    0.034945
6961    0.039597
7007    0.033014
7149    0.034945
7466    0.016550
7602    0.025103
7736    0.013804
7802    0.006227
8078    0.009446
8079    0.032223
8157    0.069889
8177    0.084636
8181    0.015362
8323    0.016921
8630    0.016140
9357    0.052449
9375    0.025367
9932    0.036168
10244    0.022382
10538    0.028795
10897    0.013709
11181    0.012993
11355    0.009129
11434    0.038725
11587    0.025926
11588    0.025367
11747    0.017477
11891    0.028362
11947    0.023303
11984    0.019164
12233    0.027209
12337    0.025641
12675    0.029023
12898    0.021130
12900    0.020075
12999    0.007732
13008    0.020451
13228    0.015067
13355    0.010925
13366    0.029258
13390    0.046970
13434    0.021325
13438    0.046970
13684    0.046970
13907    0.067820
13939    0.013804
14065    0.011098
14418    0.046970
14621    0.046970
14742    0.019178
15003    0.025926
15068    0.034945
16179    0.039597
16585    0.002730
16586    0.052449
16724    0.016337
16729    0.007655
16732    0.023369
16766    0.018267
16955    0.018361
17044    0.020582
17210    0.026864
17457    0.029755
17814    0.015302
17870    0.014673
17908    0.037666
17922    0.016696
17949    0.020324
18116    0.027571
18282    0.007282
18319    0.015735
18383    0.014619
19266    0.013615
19410    0.017379
19460    0.010894
19652    0.025367
20260    0.007986
20366    0.026225
20475    0.060594
20477    0.064265
20557    0.062185
20713    0.012702
20803    0.018645
20870    0.039597
20983    0.014673
20993    0.016845
21039    0.025103
21047    0.036168
21126    0.025367
21247    0.013618
