243
103    0.048645
191    0.008506
251    0.013354
1066    0.011507
1097    0.007062
1256    0.024422
1324    0.013595
1451    0.005017
1490    0.005664
1604    0.009614
1752    0.009237
1764    0.011507
1816    0.010641
1944    0.012729
1951    0.009614
2102    0.005276
2265    0.014144
2277    0.004425
2280    0.011769
2432    0.003640
2604    0.007332
2641    0.014816
2651    0.031366
2737    0.036196
2744    0.005646
2747    0.009682
3089    0.005032
3315    0.009969
3392    0.021080
3396    0.007062
3416    0.015683
3459    0.015219
3471    0.012374
3571    0.007770
3575    0.010371
3611    0.011769
3647    0.005948
3734    0.009548
3824    0.012729
3842    0.006841
3911    0.007770
3912    0.010204
3922    0.052524
3925    0.010371
4037    0.010737
4066    0.021080
4470    0.021080
4695    0.012211
4715    0.017771
4873    0.011636
4899    0.006239
4917    0.017771
4982    0.013857
5043    0.003102
5075    0.011004
5096    0.005523
5208    0.014144
5260    0.008553
5358    0.010937
5378    0.021080
5495    0.004044
5501    0.008368
5717    0.008198
5736    0.014462
6203    0.014144
6365    0.006949
6430    0.009179
6487    0.012729
6651    0.007807
6700    0.013354
6758    0.009194
6769    0.010835
6808    0.010458
6835    0.014462
6866    0.014816
6908    0.005213
7053    0.009751
7168    0.012585
7173    0.008649
7194    0.015992
7619    0.006610
7644    0.010123
7744    0.008415
7770    0.010641
7779    0.025245
7793    0.013131
7797    0.012729
7802    0.002794
7892    0.016397
7989    0.007363
8019    0.005076
8025    0.005774
8101    0.009065
8116    0.004572
8261    0.015683
8395    0.018966
8534    0.006788
8568    0.004700
8596    0.005593
8630    0.003622
8786    0.009420
9127    0.020742
9136    0.009121
9256    0.007560
9280    0.009682
9361    0.007427
9664    0.021186
9947    0.004917
10074    0.006048
10106    0.009751
10140    0.013370
10578    0.027711
10611    0.008902
10656    0.021080
10837    0.003317
10942    0.014240
11218    0.004510
11242    0.013857
11456    0.018992
11607    0.012729
11667    0.027715
11684    0.009822
11782    0.005228
11958    0.017013
12307    0.044608
12308    0.015219
12309    0.015613
12365    0.007881
12551    0.005489
12684    0.004437
12765    0.019756
12853    0.006710
12867    0.009682
12900    0.009010
12983    0.006132
12987    0.009077
12999    0.003470
13050    0.005323
13154    0.007957
13253    0.021080
13501    0.010712
13529    0.008902
13580    0.005136
13581    0.011769
13647    0.011186
13683    0.013354
13691    0.011384
13731    0.013354
13825    0.012923
13877    0.035398
13910    0.011586
14065    0.007471
14287    0.017771
14316    0.006895
14425    0.049598
14604    0.009020
14742    0.002152
14745    0.009668
14754    0.008415
14882    0.016232
15016    0.008698
15019    0.044510
15023    0.010123
15063    0.006028
15082    0.013595
15135    0.010045
15140    0.005774
15216    0.008035
15315    0.016232
15484    0.009065
15912    0.005438
15983    0.008240
16106    0.018992
16167    0.011043
16252    0.022769
16459    0.011507
16485    0.006841
16498    0.022533
16509    0.007270
16527    0.007062
16537    0.021080
16729    0.003435
16734    0.004228
16890    0.009682
16923    0.005850
16941    0.003940
16959    0.006350
16991    0.021080
17072    0.011043
17074    0.007881
17079    0.051855
17094    0.010045
17123    0.012057
17395    0.011266
17413    0.009822
17484    0.003514
17643    0.006513
17702    0.015219
17870    0.006585
17922    0.007493
18167    0.003244
18247    0.007807
18307    0.011384
18319    0.014124
18382    0.015992
18383    0.013122
18477    0.013131
18580    0.009357
18683    0.015219
18695    0.012546
18703    0.010937
18814    0.013595
18882    0.004547
18885    0.012923
18993    0.019938
19085    0.010123
19087    0.013595
19173    0.010045
19204    0.008370
19266    0.012221
19341    0.015683
19366    0.002930
19437    0.029465
19453    0.035454
19617    0.011266
19673    0.014816
19760    0.012729
19830    0.008850
19844    0.003944
19895    0.017771
20094    0.026708
20464    0.006327
20535    0.010835
20601    0.007301
20620    0.006283
20768    0.004960
20800    0.013595
20824    0.008506
20868    0.009296
20956    0.008370
21057    0.007149
21306    0.008283
21307    0.006868
