160
103    0.021869
610    0.012520
653    0.016456
1069    0.015568
1072    0.016055
1451    0.015789
1699    0.003938
1725    0.015685
1740    0.012113
1741    0.031079
1746    0.020346
1830    0.021804
1933    0.026598
1980    0.029883
2129    0.026598
2290    0.018308
2344    0.016021
2689    0.021804
3140    0.016456
3583    0.014547
3854    0.019214
3858    0.014724
4017    0.054319
4137    0.024245
4240    0.020388
4338    0.053196
4516    0.014352
4520    0.022256
4586    0.020661
4838    0.025541
4948    0.024677
5075    0.011543
5112    0.019214
5153    0.017727
5495    0.006363
5926    0.033168
5933    0.021804
5977    0.008969
6308    0.029883
6372    0.007895
6655    0.012834
6863    0.024677
6864    0.016743
6908    0.008202
7010    0.016185
7168    0.006601
7194    0.012582
7393    0.014821
7562    0.021804
7709    0.015127
7736    0.009748
7753    0.009056
7930    0.017210
7989    0.011586
8066    0.025541
8181    0.021696
8281    0.016055
8323    0.011949
8534    0.010680
8622    0.009956
8785    0.021012
8996    0.015805
9126    0.015023
9289    0.033168
9357    0.018519
9375    0.053739
9388    0.011296
9411    0.012594
9644    0.013924
9746    0.018308
10341    0.017548
10605    0.019912
10881    0.014263
10892    0.007416
11103    0.003763
11146    0.011067
11201    0.007849
11218    0.007096
11434    0.009115
11587    0.018308
11683    0.006248
11750    0.008884
11973    0.017210
12005    0.006671
12064    0.013171
12300    0.008505
12337    0.054319
12415    0.010210
12659    0.011203
12675    0.020495
12676    0.033168
12684    0.013963
12756    0.023946
12765    0.010362
12952    0.015929
12983    0.019295
12999    0.010920
13357    0.004644
13388    0.012520
13466    0.007759
13786    0.029883
13939    0.009748
14065    0.007837
14260    0.020334
14263    0.021804
14742    0.013543
14746    0.013241
14945    0.022256
15185    0.020661
15551    0.012003
15600    0.015023
15601    0.012113
15695    0.012400
15779    0.016185
15822    0.029553
16012    0.016456
16241    0.014091
16286    0.021391
16485    0.010764
16585    0.001928
16586    0.018519
16724    0.011536
16729    0.005406
17051    0.009714
17292    0.010439
17407    0.010680
17413    0.015454
17669    0.007872
17761    0.017210
17829    0.016597
18169    0.026598
18282    0.015427
18319    0.011112
18670    0.011536
18872    0.033168
19223    0.012003
19278    0.005950
19426    0.006514
19453    0.011157
19535    0.024115
19562    0.014724
19652    0.017913
19707    0.010848
19718    0.025287
19736    0.013384
19757    0.016456
19773    0.008326
20118    0.022256
20475    0.028526
20477    0.075636
20557    0.032934
20559    0.016893
20713    0.017939
20714    0.010934
20717    0.042265
20738    0.029883
20964    0.010136
21122    0.010891
21247    0.004808
21290    0.024115
