91
1069    0.031586
1072    0.032573
1157    0.023920
1451    0.016017
1603    0.054016
1846    0.023506
1941    0.021586
2003    0.026864
2108    0.056730
2167    0.041918
2173    0.020056
2248    0.034916
2352    0.037144
2723    0.018799
2867    0.054911
2932    0.134587
3273    0.035253
3944    0.021340
4023    0.016791
4195    0.018140
4258    0.018676
4461    0.025039
4729    0.043846
4899    0.019916
4907    0.043400
5281    0.051818
5501    0.013356
5708    0.035253
5717    0.026172
6758    0.014675
6761    0.018434
6908    0.016641
7798    0.034274
8218    0.016348
8267    0.134587
8268    0.067293
8271    0.055531
8343    0.034916
9242    0.032836
9399    0.043400
9502    0.027304
9644    0.028251
10215    0.022917
10509    0.082367
10794    0.027609
11439    0.027456
11683    0.012676
12551    0.035045
12591    0.019986
12904    0.017632
12999    0.011078
13179    0.025039
13361    0.027609
13501    0.017098
14145    0.028938
14148    0.089616
14320    0.022822
14442    0.036343
14742    0.020607
15019    0.028418
15555    0.023207
15743    0.048583
15791    0.025908
15989    0.028938
16116    0.019986
16241    0.028588
16485    0.021838
16498    0.035966
16585    0.003912
16941    0.012578
16950    0.032317
17372    0.033107
17519    0.036343
17821    0.023711
18242    0.045153
18307    0.036343
18560    0.038981
18882    0.014515
19066    0.060628
19349    0.028588
19351    0.037572
19410    0.012449
19424    0.036735
19453    0.022636
19523    0.035603
19718    0.025652
20083    0.067293
20219    0.053964
20452    0.024026
20468    0.035603
21247    0.009756
