399
70    0.007832
80    0.007832
147    0.006711
158    0.007505
441    0.005440
447    0.005068
539    0.004940
760    0.013788
883    0.007505
978    0.004632
1116    0.004971
1128    0.005924
1160    0.006302
1194    0.011234
1308    0.010286
1479    0.011142
1603    0.009164
1610    0.007112
1664    0.005244
1667    0.009625
1677    0.004658
1725    0.005399
1741    0.002140
1752    0.005003
1764    0.006232
1792    0.006166
1845    0.005526
1846    0.003988
1847    0.005281
1848    0.007661
1925    0.005763
1941    0.003662
2003    0.009115
2068    0.009155
2102    0.002857
2166    0.006894
2173    0.006805
2226    0.005763
2229    0.012465
2248    0.017771
2287    0.005483
2343    0.006040
2344    0.005515
2432    0.001972
2706    0.003179
2853    0.005664
3140    0.005664
3193    0.012749
3215    0.008025
3273    0.005981
3282    0.011053
3339    0.008494
3351    0.006374
3583    0.007511
3593    0.003287
3612    0.008242
3618    0.003954
3911    0.004208
4023    0.002849
4118    0.011962
4188    0.006894
4195    0.003078
4258    0.003168
4378    0.005281
4571    0.005763
4574    0.006999
4576    0.005713
4695    0.006613
4697    0.004189
4698    0.015321
4729    0.022317
4732    0.005319
4810    0.004793
4870    0.003527
4899    0.010137
4949    0.004880
5013    0.010286
5020    0.009316
5040    0.008242
5075    0.003973
5077    0.008242
5093    0.004711
5128    0.010286
5177    0.006894
5212    0.003954
5230    0.005359
5260    0.004632
5280    0.007233
5458    0.006530
5532    0.002857
5549    0.004971
5567    0.003211
5614    0.003921
5623    0.006102
5719    0.003243
5722    0.007832
5745    0.004658
5856    0.003662
5907    0.009155
5919    0.007363
6045    0.007832
6061    0.007505
6115    0.005924
6425    0.005924
6596    0.002874
6598    0.002945
6620    0.006894
6651    0.004228
6699    0.006302
6756    0.004310
6758    0.002490
6761    0.015637
6796    0.008791
6828    0.004208
6908    0.002823
6920    0.005664
6984    0.003403
6994    0.005924
7215    0.008242
7286    0.005571
7355    0.006894
7460    0.004971
7486    0.004131
7508    0.005102
7626    0.007505
7661    0.008791
7748    0.005319
7802    0.007567
7847    0.006232
7892    0.004440
7973    0.007363
8021    0.004331
8040    0.002892
8071    0.010286
8078    0.004592
8099    0.007112
8153    0.005868
8159    0.005526
8170    0.009067
8218    0.005547
8243    0.008242
8269    0.005171
8271    0.089503
8272    0.035712
8407    0.004940
8533    0.007558
8568    0.002546
8581    0.005063
8630    0.005885
8756    0.007233
8786    0.005102
8802    0.008791
8964    0.004510
8970    0.006450
9200    0.006215
9214    0.005244
9311    0.005526
9349    0.008791
9417    0.006166
9502    0.004632
9517    0.010653
9518    0.002429
9644    0.004793
9726    0.008791
9782    0.006702
9784    0.008242
9812    0.003988
9815    0.008025
9873    0.003553
9904    0.009155
10149    0.006795
10166    0.008242
10200    0.010286
10220    0.005763
10261    0.002857
10290    0.003954
10300    0.009155
10334    0.003321
10377    0.007112
10382    0.006795
10421    0.009164
10445    0.004850
10509    0.013974
10510    0.011142
10511    0.007661
10633    0.009625
10689    0.009530
10892    0.002553
11103    0.003886
11117    0.002832
11153    0.015321
11170    0.009625
11180    0.005120
11181    0.003158
11188    0.007661
11207    0.004094
11213    0.003634
11220    0.006530
11238    0.007505
11355    0.002219
11364    0.005763
11386    0.003872
11399    0.005359
11444    0.004040
11458    0.007363
11519    0.004632
11527    0.006102
11683    0.004301
11693    0.010286
11736    0.006613
11810    0.006166
11907    0.020997
11908    0.009155
11909    0.006530
11938    0.006232
11962    0.007363
12005    0.006888
12053    0.005281
12064    0.004533
12084    0.004658
12085    0.003971
12300    0.005855
12345    0.006235
12348    0.005924
12433    0.009625
12477    0.006166
12519    0.005451
12523    0.008494
12544    0.058947
12551    0.002973
12817    0.003888
12834    0.014465
12940    0.006795
12987    0.003277
12995    0.005664
13014    0.005021
13151    0.006166
13179    0.004248
13244    0.010286
13283    0.006166
13287    0.007832
13294    0.006374
13319    0.003719
13351    0.002679
13355    0.002656
13357    0.001599
13400    0.008791
13416    0.009155
13470    0.005281
13501    0.011603
13541    0.005003
13815    0.018697
13823    0.011234
13866    0.004738
14015    0.006450
14065    0.001349
14145    0.044186
14148    0.015204
14150    0.015731
14224    0.005924
14319    0.006232
14320    0.011616
14345    0.007112
14439    0.002749
14518    0.008791
14523    0.004582
14539    0.010136
14604    0.007327
14729    0.006702
14732    0.007832
14741    0.004076
14742    0.018646
14745    0.002618
14746    0.004558
14796    0.007296
14865    0.004418
14873    0.008791
14874    0.008226
14913    0.007661
14952    0.005399
15029    0.006232
15228    0.006894
15299    0.013389
15301    0.008242
15382    0.006530
15507    0.005924
15521    0.007363
15555    0.003937
15695    0.008537
15779    0.005571
15818    0.003476
15848    0.005763
15910    0.004131
15936    0.006374
15988    0.017289
15989    0.029457
15992    0.009155
16029    0.004510
16117    0.008152
16202    0.006795
16237    0.003138
16241    0.004850
16371    0.004765
16485    0.011115
16498    0.006102
16510    0.005763
16585    0.010619
16608    0.015010
16682    0.020572
16705    0.002991
16743    0.009880
16744    0.006232
16907    0.012716
16950    0.005483
16959    0.003439
17067    0.004711
17320    0.006374
17451    0.004738
17484    0.005709
17519    0.006166
17571    0.008242
17600    0.009155
17702    0.008242
17704    0.010286
17821    0.004023
17899    0.007233
17901    0.008494
17922    0.004058
18004    0.006450
18007    0.005981
18058    0.006613
18063    0.006702
18174    0.008494
18179    0.016305
18182    0.003522
18186    0.008578
18203    0.003794
18247    0.012684
18254    0.006702
18435    0.004040
18451    0.005713
18551    0.007233
18609    0.011526
18619    0.002936
18652    0.002964
18670    0.003971
18780    0.007661
18793    0.006894
18876    0.008791
18882    0.002463
18887    0.005244
19097    0.004486
19229    0.007233
19232    0.003580
19327    0.002694
19349    0.004850
19366    0.001587
19424    0.018697
19426    0.006727
19427    0.006999
19460    0.002648
19464    0.006379
19492    0.007233
19566    0.008494
19575    0.006795
19617    0.018305
19630    0.007661
19703    0.008791
19718    0.008704
19781    0.038303
19785    0.003148
19914    0.009155
19971    0.007832
20090    0.001937
20182    0.007363
20323    0.005868
20452    0.024457
20461    0.007112
20464    0.003427
20468    0.006040
20583    0.005319
20713    0.003087
20714    0.003764
20768    0.002686
20796    0.006166
20841    0.006020
20844    0.004767
20845    0.004658
20916    0.005664
20946    0.003078
20964    0.003489
21026    0.007363
21057    0.003872
21087    0.003321
21115    0.005357
21150    0.013018
21188    0.005281
21247    0.004965
21266    0.003087
