410
70    0.007526
80    0.007526
147    0.006448
158    0.007211
441    0.005227
447    0.004869
539    0.004746
760    0.013247
883    0.007211
978    0.004451
1116    0.004776
1128    0.005692
1160    0.006055
1194    0.010794
1308    0.009883
1479    0.010705
1603    0.008805
1610    0.006833
1664    0.005038
1667    0.009247
1677    0.004476
1725    0.005188
1741    0.002056
1752    0.004807
1764    0.005988
1792    0.005924
1845    0.005310
1846    0.003832
1847    0.010148
1848    0.007360
1925    0.005537
1941    0.003519
2003    0.008758
2068    0.008797
2102    0.002745
2166    0.006624
2173    0.006539
2226    0.005537
2229    0.011976
2248    0.017075
2287    0.005268
2343    0.005804
2344    0.005299
2432    0.001894
2706    0.003054
2853    0.005442
3140    0.005442
3193    0.012249
3215    0.007710
3273    0.005747
3282    0.010619
3339    0.008161
3351    0.006125
3583    0.007216
3593    0.003158
3612    0.007919
3618    0.003799
3911    0.004043
4023    0.002737
4118    0.011493
4188    0.006624
4195    0.005914
4258    0.003044
4378    0.005074
4571    0.005537
4574    0.006725
4576    0.005489
4695    0.006354
4697    0.004025
4698    0.014721
4729    0.021442
4732    0.005111
4810    0.004605
4863    0.007360
4870    0.006778
4899    0.009739
4949    0.004688
5013    0.009883
5020    0.008951
5040    0.007919
5075    0.005726
5077    0.007919
5093    0.004526
5128    0.009883
5177    0.006624
5212    0.003799
5220    0.004717
5230    0.005149
5260    0.004451
5280    0.006949
5458    0.006274
5532    0.002745
5549    0.004776
5563    0.004403
5567    0.003085
5614    0.003767
5623    0.005863
5719    0.003116
5722    0.007526
5745    0.004476
5856    0.003519
5907    0.008797
5919    0.007075
6045    0.007526
6061    0.007211
6115    0.005692
6425    0.005692
6596    0.002762
6598    0.002830
6620    0.006624
6651    0.004062
6699    0.006055
6756    0.004141
6758    0.002392
6761    0.015024
6796    0.008447
6828    0.004043
6908    0.002713
6920    0.005442
6984    0.003269
6994    0.005692
7215    0.007919
7286    0.005353
7355    0.006624
7393    0.004902
7460    0.004776
7486    0.003970
7508    0.004902
7626    0.007211
7661    0.008447
7748    0.005111
7802    0.007271
7847    0.005988
7892    0.004266
7973    0.007075
8021    0.004161
8040    0.002779
8071    0.009883
8078    0.004412
8099    0.006833
8153    0.005638
8159    0.005310
8170    0.008712
8218    0.005330
8243    0.007919
8269    0.004968
8271    0.085995
8272    0.044116
8407    0.004746
8533    0.007261
8568    0.002446
8581    0.004864
8630    0.007539
8702    0.006833
8756    0.006949
8786    0.004902
8802    0.008447
8964    0.004333
8970    0.006197
9200    0.005971
9214    0.005038
9311    0.005310
9349    0.008447
9417    0.005924
9502    0.004451
9517    0.010235
9518    0.002334
9644    0.004605
9726    0.008447
9782    0.006439
9784    0.007919
9812    0.003832
9815    0.007710
9873    0.003414
9904    0.008797
10004    0.008797
10149    0.006529
10166    0.007919
10200    0.009883
10220    0.005537
10261    0.002745
10290    0.003799
10300    0.008797
10334    0.003191
10377    0.006833
10382    0.006529
10421    0.008805
10445    0.004660
10509    0.013427
10510    0.010705
10511    0.007360
10633    0.009247
10689    0.009157
10892    0.002453
11103    0.003733
11117    0.002721
11153    0.014721
11170    0.009247
11180    0.004919
11181    0.003034
11188    0.007360
11207    0.003934
11213    0.003492
11220    0.006274
11238    0.007211
11355    0.002132
11364    0.005537
11386    0.003720
11399    0.005149
11444    0.003882
11458    0.007075
11519    0.004451
11527    0.005863
11683    0.006199
11693    0.009883
11736    0.006354
11810    0.005924
11907    0.020175
11908    0.008797
11909    0.006274
11938    0.005988
11962    0.007075
12005    0.006618
12053    0.005074
12064    0.004356
12084    0.004476
12085    0.003815
12300    0.005625
12345    0.005990
12346    0.013057
12348    0.005692
12433    0.009247
12477    0.005924
12519    0.005237
12523    0.008161
12544    0.056637
12551    0.002856
12817    0.003736
12834    0.013898
12940    0.006529
12987    0.003149
12995    0.005442
13014    0.004824
13151    0.005924
13179    0.004082
13244    0.009883
13283    0.005924
13287    0.007526
13294    0.006125
13319    0.003574
13351    0.002574
13355    0.002552
13357    0.001536
13400    0.008447
13416    0.008797
13470    0.005074
13501    0.011148
13541    0.004807
13647    0.002910
13815    0.017965
13823    0.010794
13866    0.004552
14015    0.006197
14065    0.001296
14145    0.042454
14148    0.014608
14150    0.015114
14224    0.005692
14319    0.005988
14320    0.011161
14345    0.006833
14439    0.002642
14518    0.008447
14523    0.004403
14539    0.009739
14604    0.007040
14729    0.006439
14732    0.007526
14741    0.003916
14742    0.017915
14745    0.002515
14746    0.004379
14796    0.007010
14865    0.004245
14873    0.008447
14874    0.007903
14913    0.007360
14952    0.005188
15029    0.005988
15228    0.006624
15299    0.012864
15301    0.007919
15382    0.006274
15507    0.005692
15521    0.007075
15555    0.003783
15695    0.008202
15779    0.005353
15818    0.003340
15848    0.005537
15910    0.003970
15936    0.006125
15988    0.022149
15989    0.028303
15992    0.008797
16029    0.004333
16116    0.003258
16117    0.007833
16202    0.006529
16237    0.003015
16241    0.004660
16371    0.004578
16485    0.010679
16498    0.005863
16510    0.005537
16585    0.010840
16608    0.014422
16682    0.019766
16705    0.002874
16743    0.009493
16744    0.005988
16907    0.012217
16950    0.005268
16959    0.003304
17067    0.004526
17320    0.006125
17451    0.004552
17484    0.005486
17519    0.005924
17571    0.007919
17600    0.008797
17702    0.007919
17704    0.009883
17821    0.003865
17899    0.006949
17901    0.008161
17922    0.003899
18004    0.006197
18007    0.005747
18058    0.006354
18063    0.006439
18174    0.008161
18179    0.019582
18182    0.003384
18186    0.008242
18203    0.003645
18247    0.012187
18254    0.006439
18435    0.003882
18451    0.005489
18551    0.006949
18609    0.011075
18619    0.002821
18652    0.002848
18670    0.003815
18780    0.007360
18793    0.006624
18876    0.008447
18882    0.002366
18887    0.005038
18888    0.003675
19097    0.004310
19229    0.006949
19232    0.003440
19327    0.002588
19349    0.004660
19366    0.001525
19424    0.017965
19426    0.006463
19427    0.006725
19460    0.002544
19464    0.006129
19492    0.006949
19566    0.008161
19575    0.006529
19617    0.017588
19630    0.007360
19703    0.008447
19718    0.008363
19781    0.036802
19785    0.003024
19914    0.008797
19935    0.007360
19971    0.007526
20090    0.001861
20182    0.007075
20323    0.005638
20452    0.023499
20461    0.006833
20464    0.003293
20468    0.005804
20583    0.005111
20713    0.002966
20714    0.003616
20768    0.002581
20796    0.005924
20841    0.005784
20844    0.004580
20845    0.004476
20916    0.005442
20946    0.002957
20964    0.003352
21026    0.007075
21057    0.003720
21087    0.003191
21115    0.005147
21150    0.013759
21188    0.010148
21247    0.004771
21266    0.002966
