272
115    0.016618
469    0.006051
511    0.019440
528    0.019440
978    0.015776
1000    0.016389
1015    0.019440
1124    0.014035
1423    0.008114
1599    0.012779
1603    0.007802
1741    0.003643
1747    0.016929
1808    0.012538
1846    0.006791
1862    0.003962
1917    0.013337
1940    0.006648
1949    0.006513
1992    0.012315
2062    0.013337
2170    0.010087
2173    0.005794
2343    0.010285
2510    0.022523
2644    0.008465
2655    0.019440
2688    0.006791
2706    0.005413
3116    0.013337
3162    0.010285
3282    0.009410
3303    0.016389
3473    0.006850
3510    0.012315
3618    0.006733
3842    0.006309
3911    0.007166
3944    0.006165
4017    0.010612
4137    0.004737
4195    0.005240
4222    0.017515
4226    0.019440
4240    0.003983
4362    0.008259
4594    0.016389
4608    0.014035
4641    0.019440
4673    0.010390
4849    0.013337
5071    0.038881
5096    0.015281
5230    0.009125
5487    0.008309
5518    0.012315
5549    0.008465
5647    0.014970
5648    0.016389
5716    0.014463
5719    0.005522
5725    0.008412
5772    0.016389
5791    0.016389
5792    0.019440
6137    0.019440
6507    0.009336
6585    0.014970
6677    0.014970
6705    0.006593
6758    0.004240
6762    0.007522
6802    0.019440
6803    0.019440
6804    0.019440
6805    0.019440
6864    0.009813
6918    0.007761
6920    0.009645
7121    0.049166
7168    0.003869
7173    0.007976
7181    0.006486
7254    0.011119
7498    0.016389
7569    0.010087
7575    0.015589
7607    0.010184
7719    0.104354
7744    0.007761
7794    0.019440
7853    0.036329
7935    0.045624
7972    0.015589
7979    0.017515
8021    0.007374
8049    0.015589
8078    0.003910
8087    0.012779
8218    0.004723
8271    0.008021
8397    0.019440
8465    0.014463
8476    0.006212
8487    0.010854
8489    0.008114
8490    0.019440
8552    0.024219
8624    0.008021
8720    0.038881
8899    0.009728
8964    0.007679
9069    0.016389
9126    0.008805
9152    0.009410
9169    0.019440
9365    0.017515
9375    0.010499
9449    0.019440
9664    0.006513
9717    0.014035
9743    0.013664
10140    0.006165
10148    0.016389
10284    0.019440
10610    0.009486
10637    0.008993
10659    0.010499
10676    0.010854
10932    0.008745
10954    0.019440
11103    0.002205
11112    0.005395
11121    0.011411
11124    0.017515
11146    0.012973
11161    0.010087
11178    0.014134
11279    0.007100
11327    0.010390
11358    0.006566
11364    0.009813
11369    0.014035
11381    0.014035
11654    0.019440
11658    0.017515
11835    0.035030
11843    0.014035
11894    0.017515
12122    0.004880
12245    0.010251
12283    0.003828
12337    0.010612
12519    0.004641
12647    0.013044
12659    0.019698
12660    0.035016
12728    0.019440
12780    0.019440
12870    0.019440
12945    0.015589
12975    0.011918
12987    0.005581
12999    0.028802
13140    0.019440
13195    0.009336
13355    0.004522
13357    0.005444
13434    0.001765
13702    0.020998
13750    0.056140
13754    0.013044
13770    0.023836
14084    0.019440
14145    0.008360
14146    0.019440
14200    0.008309
14213    0.012315
14314    0.008210
14322    0.017732
14391    0.024629
14604    0.004159
14742    0.005953
14745    0.004458
14752    0.011739
14865    0.007522
14871    0.013664
14874    0.007003
14934    0.012779
14948    0.017515
15000    0.014035
15114    0.019440
15382    0.011119
15466    0.006850
15585    0.017515
15599    0.046768
15644    0.016389
15763    0.012110
15766    0.015589
15820    0.006733
15928    0.006791
15931    0.007761
15988    0.009813
16001    0.012315
16065    0.011918
16162    0.019440
16207    0.008630
16362    0.008993
16488    0.011918
16585    0.002260
16724    0.006762
16732    0.004836
16744    0.010612
16772    0.015776
17025    0.008114
17093    0.009336
17105    0.011271
17117    0.014252
17120    0.019440
17273    0.014035
17441    0.015589
17484    0.003241
17664    0.015589
17814    0.006333
17875    0.007932
18119    0.014463
18158    0.007268
18167    0.008974
18182    0.002999
18334    0.034711
18340    0.055521
18475    0.016389
18507    0.013664
18555    0.017515
18619    0.020000
18645    0.014463
18668    0.026236
18904    0.009486
18906    0.038881
18909    0.017515
18948    0.010731
19097    0.007639
19128    0.007100
19279    0.011739
19370    0.012377
19410    0.003596
19412    0.010983
19464    0.016292
19535    0.007067
19562    0.008630
19574    0.015589
19666    0.014035
19785    0.010720
19795    0.014970
19844    0.003637
20090    0.003298
20274    0.013523
20339    0.011261
20452    0.006941
20475    0.016720
20476    0.019440
20557    0.006434
20620    0.017382
20648    0.007639
20737    0.016389
20768    0.004574
20998    0.010285
21085    0.007639
21120    0.006236
21150    0.004433
21243    0.004408
21279    0.013944
