42
1603    0.062419
1752    0.068149
1847    0.071940
1850    0.098524
3521    0.079212
4023    0.038805
4382    0.112280
4456    0.063808
4697    0.057060
5020    0.063453
5487    0.066471
7010    0.075889
7215    0.112280
7987    0.061756
8269    0.070442
8271    0.128339
8272    0.069496
9798    0.043590
10221    0.102236
10358    0.079212
10509    0.063453
11683    0.029296
12538    0.119757
12675    0.096099
12999    0.025602
14145    0.066878
14148    0.069038
14150    0.071429
14742    0.015875
15988    0.078506
15989    0.133757
16116    0.046190
16743    0.067294
18247    0.057595
18589    0.088951
19076    0.155522
19785    0.042880
19945    0.082282
20557    0.051475
20583    0.072463
20587    0.065677
20868    0.034293
