50
617    0.129602
621    0.045467
2299    0.099798
2690    0.077135
3522    0.103930
4017    0.070749
4137    0.031578
4240    0.053111
5075    0.022551
6264    0.129602
6655    0.050149
8040    0.032829
8186    0.064299
8273    0.109257
9357    0.072361
9375    0.069993
9411    0.024604
10341    0.068568
10386    0.103930
11103    0.014703
11207    0.046479
11570    0.040488
11683    0.024414
12120    0.093567
12337    0.070749
12675    0.040041
12978    0.055732
12999    0.021335
13388    0.048922
13466    0.030319
13476    0.086962
14065    0.015311
14073    0.044885
14579    0.061289
14742    0.013229
14920    0.067245
16034    0.048453
16585    0.007534
17549    0.129602
17761    0.067245
19426    0.025454
19535    0.047114
19680    0.080731
20475    0.167196
20545    0.074126
20557    0.042896
20717    0.033029
20803    0.025723
21129    0.029222
21247    0.037577
