342
102    0.009126
147    0.007632
219    0.003603
460    0.005268
610    0.009803
689    0.006554
1097    0.004350
1368    0.009126
1451    0.009272
1514    0.005802
1603    0.005211
1699    0.003083
1707    0.004786
1752    0.005690
1847    0.012012
1850    0.008226
1925    0.006554
1941    0.008330
2003    0.005183
2061    0.008712
2084    0.004535
2186    0.008374
2248    0.006737
2344    0.003136
2432    0.013453
2609    0.009899
2618    0.007622
2745    0.003856
3180    0.023397
3190    0.009374
3269    0.009660
3309    0.005516
3521    0.052906
3567    0.003055
3583    0.005695
3647    0.003664
3925    0.006388
3926    0.018748
3933    0.008226
3943    0.005764
3944    0.004118
4023    0.003240
4113    0.011698
4195    0.007000
4265    0.006737
4450    0.014090
4461    0.009663
4486    0.006497
4513    0.012984
4578    0.006674
4636    0.006006
4729    0.021150
4732    0.006050
4811    0.011236
4812    0.009998
4899    0.003843
4946    0.008088
5020    0.005298
5043    0.003821
5074    0.004315
5075    0.002259
5086    0.006336
5116    0.007840
5212    0.008994
5247    0.019997
5352    0.004742
5501    0.010308
5562    0.006613
5567    0.007303
5719    0.003688
5723    0.012984
5771    0.007728
5975    0.003982
6114    0.009126
6372    0.003091
6497    0.006870
6507    0.006235
6598    0.003350
6651    0.004809
6655    0.005024
6756    0.004901
6758    0.002832
6761    0.003557
6776    0.010412
6828    0.004786
6830    0.008908
6979    0.012984
6994    0.006737
7178    0.005451
7465    0.007167
7466    0.004575
7493    0.006050
7508    0.005802
7531    0.003371
7559    0.007249
7631    0.010312
7753    0.003545
7802    0.001721
7989    0.004535
8025    0.003557
8040    0.003289
8058    0.009374
8078    0.005223
8116    0.002816
8271    0.064289
8272    0.005802
8406    0.007960
8500    0.005710
8568    0.002895
8581    0.014395
8596    0.003445
8622    0.003897
8630    0.011154
9077    0.007249
9118    0.004102
9121    0.012984
9200    0.003534
9784    0.009374
9798    0.003639
9861    0.011698
9938    0.012984
9976    0.020819
10000    0.007167
10002    0.012984
10003    0.023397
10071    0.010946
10074    0.003726
10215    0.004422
10251    0.007012
10334    0.003777
10335    0.007336
10353    0.009660
10354    0.004636
10358    0.006613
10385    0.011698
10509    0.005298
10645    0.016748
10794    0.005327
10846    0.004350
10892    0.026128
10961    0.011698
11087    0.004535
11103    0.004419
11118    0.005388
11122    0.011698
11134    0.007336
11154    0.006442
11178    0.009440
11201    0.006145
11279    0.004742
11282    0.006095
11364    0.013109
11519    0.005268
11591    0.006336
11607    0.007840
11683    0.009784
11744    0.003884
11824    0.007960
11907    0.015920
12005    0.010445
12042    0.005841
12230    0.004026
12245    0.003423
12345    0.007091
12346    0.015456
12505    0.023494
12519    0.006199
12522    0.004264
12525    0.012984
12538    0.049991
12548    0.004197
12668    0.005584
12675    0.008023
12817    0.004422
12987    0.007455
12999    0.006412
13014    0.002855
13177    0.007088
13179    0.004831
13212    0.011698
13228    0.004165
13298    0.005881
13349    0.006674
13351    0.003046
13357    0.001818
13366    0.008088
13434    0.002358
13501    0.016495
13532    0.009660
13554    0.007728
13610    0.008908
13754    0.008712
13815    0.007088
13820    0.011698
13899    0.005211
13939    0.003816
14014    0.006388
14065    0.003068
14099    0.006285
14130    0.005516
14145    0.016751
14148    0.005764
14150    0.011927
14303    0.003738
14323    0.004535
14384    0.010946
14428    0.006737
14439    0.006253
14470    0.012984
14472    0.012984
14537    0.003651
14604    0.005556
14690    0.018253
14742    0.021206
14745    0.002978
14746    0.005183
14769    0.006050
14857    0.010715
14906    0.007521
15063    0.003713
15140    0.003557
15204    0.004315
15239    0.006554
15410    0.005298
15439    0.008535
15471    0.009660
15484    0.005584
15497    0.004350
15503    0.005183
15677    0.007336
15778    0.004854
15818    0.003954
15889    0.006802
15912    0.003350
15988    0.026217
15989    0.005584
15991    0.018284
16012    0.006442
16029    0.010258
16116    0.007713
16147    0.012984
16202    0.007728
16237    0.003568
16437    0.005419
16496    0.009998
16498    0.006940
16509    0.004478
16585    0.005284
16621    0.046793
16729    0.006348
16732    0.009690
16734    0.005209
16743    0.005618
16907    0.010846
16941    0.002427
16954    0.006554
16958    0.016548
17037    0.004102
17044    0.005690
17067    0.005357
17144    0.008783
17331    0.004809
17480    0.005881
17484    0.002164
17531    0.003700
17846    0.017523
18005    0.003309
18105    0.006802
18179    0.004636
18182    0.002003
18254    0.007622
18282    0.002013
18359    0.009126
18451    0.006497
18551    0.008226
18561    0.007728
18592    0.010412
18652    0.003371
18656    0.007336
18689    0.014176
18882    0.002801
18888    0.004350
18903    0.006140
18942    0.010946
18956    0.011698
19100    0.010412
19177    0.014902
19191    0.010946
19200    0.007840
19204    0.005156
19212    0.005298
19223    0.004699
19225    0.004368
19226    0.024653
19262    0.004404
19366    0.005414
19370    0.004133
19410    0.002402
19424    0.007088
19426    0.002550
19437    0.012100
19444    0.006187
19460    0.003012
19492    0.008226
19557    0.006737
19575    0.007728
19617    0.027758
19769    0.007622
19773    0.003259
19785    0.003580
19817    0.005076
20010    0.008908
20038    0.008908
20090    0.002203
20138    0.012984
20251    0.005327
20260    0.001104
20324    0.009374
20452    0.027815
20465    0.006497
20560    0.007336
20582    0.004878
20583    0.006050
20587    0.005483
20588    0.007088
20768    0.003055
20803    0.005154
20841    0.003423
20844    0.002711
20848    0.006741
20868    0.011452
20915    0.006870
20927    0.003145
20956    0.010312
21057    0.008807
21111    0.005419
21139    0.007728
21150    0.008883
21188    0.006006
21247    0.007529
21261    0.007012
21266    0.003511
