83
760    0.038770
1157    0.022822
1603    0.025769
1609    0.064207
1752    0.028135
1845    0.031079
1846    0.022428
1847    0.029700
2107    0.043082
2229    0.070100
3271    0.043082
3521    0.098106
4023    0.016021
4155    0.108255
4456    0.026343
4678    0.025909
4718    0.038770
4729    0.020918
4904    0.036275
5225    0.031330
5549    0.027957
5567    0.054167
7010    0.031330
7989    0.044856
8078    0.012913
8179    0.064207
8272    0.086073
9082    0.051488
9311    0.031079
9517    0.014977
9533    0.019984
10003    0.057847
10358    0.032702
10509    0.026196
11180    0.014396
11203    0.022623
11241    0.042207
11364    0.064822
11907    0.078724
11919    0.064207
11920    0.064207
12110    0.034726
12345    0.017531
12648    0.036723
12659    0.021686
12675    0.059511
12999    0.021139
13014    0.014119
13351    0.015064
13501    0.032627
13910    0.017645
14145    0.055221
14150    0.058978
14604    0.013736
14741    0.022924
14742    0.019662
14746    0.025631
14796    0.020517
15439    0.042207
15484    0.027610
15755    0.049441
15989    0.055221
15991    0.030137
16202    0.038214
16371    0.026798
16485    0.020836
16585    0.011197
16608    0.084415
16743    0.027782
16907    0.017878
16941    0.012001
18247    0.047556
18882    0.027699
19042    0.040675
19169    0.025769
19427    0.039362
19718    0.024475
19945    0.033969
20452    0.022924
20587    0.027114
20927    0.015552
20930    0.054127
21057    0.021776
