317
301    0.009625
552    0.005527
1069    0.034361
1157    0.005204
1474    0.014641
1689    0.004661
1698    0.003972
1699    0.003477
1707    0.010794
1723    0.010045
1741    0.002744
1781    0.008272
1816    0.014781
1846    0.005114
2093    0.013137
2102    0.003664
2104    0.014641
2243    0.011274
2278    0.005941
2396    0.003947
2432    0.010113
2587    0.007203
2624    0.014641
2676    0.007457
2737    0.030168
2747    0.006725
2819    0.004643
2920    0.006457
2985    0.007597
3044    0.015985
3089    0.003495
3286    0.007993
3315    0.027696
3326    0.005204
3396    0.009810
3460    0.008841
3463    0.009120
3567    0.003445
3585    0.014641
3632    0.006007
3743    0.004379
3820    0.008272
3925    0.007203
3942    0.006296
3978    0.009275
4119    0.013191
4196    0.011741
4262    0.007203
4398    0.008481
4461    0.005448
4468    0.007526
4486    0.007326
4640    0.011741
4872    0.006725
5055    0.007087
5075    0.020381
5080    0.008976
5139    0.013191
5171    0.008481
5212    0.005071
5264    0.006977
5352    0.010694
5495    0.011234
5501    0.002906
5523    0.011690
5717    0.011388
5739    0.013848
5819    0.008272
5968    0.009443
6403    0.007144
6651    0.010844
6758    0.003193
6984    0.004364
7010    0.007144
7011    0.010045
7064    0.014641
7141    0.006542
7168    0.002914
7173    0.006007
7181    0.004885
7192    0.006258
7199    0.004523
7303    0.015340
7353    0.013191
7429    0.008841
7438    0.007993
7600    0.006587
7607    0.007670
7618    0.008976
7619    0.004591
7671    0.011274
7709    0.006678
7712    0.007326
7744    0.017534
7802    0.003882
7833    0.003754
7962    0.008714
8019    0.003526
8021    0.005554
8181    0.004789
8254    0.008481
8306    0.009443
8395    0.006587
8500    0.006439
8534    0.009429
8549    0.013191
8568    0.003264
8581    0.012986
8596    0.007769
8632    0.013191
8711    0.005071
8786    0.006542
8970    0.008272
9003    0.005372
9208    0.009824
9242    0.007144
9256    0.015752
9517    0.003415
9644    0.006147
9765    0.009443
9947    0.003415
9993    0.010570
9999    0.007526
10215    0.019945
10349    0.010291
10462    0.012343
10605    0.008789
10653    0.009443
10773    0.004986
10892    0.013094
10898    0.007597
10942    0.009890
11103    0.001661
11117    0.003631
11180    0.006566
11196    0.007087
11203    0.010318
11218    0.006265
11355    0.002846
11434    0.004024
11503    0.003415
11515    0.014641
11519    0.005941
11528    0.004846
11531    0.009890
11570    0.004574
11607    0.008841
11661    0.007031
11782    0.014526
11984    0.005974
12064    0.005814
12122    0.003675
12245    0.003860
12283    0.011532
12307    0.057540
12309    0.005422
12396    0.013191
12542    0.008082
12560    0.008481
12591    0.004348
12659    0.004945
12675    0.004523
12684    0.003082
12817    0.004986
12867    0.006725
12946    0.008976
12983    0.004259
12987    0.004203
12999    0.007231
13005    0.014641
13014    0.003220
13050    0.003697
13057    0.011274
13211    0.010291
13252    0.010291
13307    0.010045
13434    0.003988
13491    0.006924
13501    0.011160
13533    0.014781
13598    0.014641
13877    0.030733
13939    0.004303
14065    0.017297
14093    0.006220
14161    0.015650
14303    0.004215
14314    0.006183
14323    0.005114
14400    0.014641
14425    0.013780
14439    0.003526
14477    0.011741
14604    0.003132
14669    0.009443
14742    0.005978
14857    0.006041
14906    0.008481
15229    0.006678
15567    0.014641
15695    0.005474
15712    0.004679
15814    0.009824
15825    0.009275
15826    0.011741
15831    0.009275
16007    0.007993
16026    0.006335
16034    0.027369
16052    0.012343
16063    0.005783
16105    0.009824
16167    0.023010
16252    0.007907
16266    0.021141
16299    0.006977
16380    0.013191
16407    0.014641
16409    0.014653
16527    0.004905
16529    0.004173
16585    0.001702
16657    0.006542
16734    0.002937
16767    0.016963
16941    0.002737
16954    0.007391
16958    0.006220
16959    0.008821
16976    0.008714
17005    0.014641
17074    0.010948
17075    0.005694
17079    0.014407
17194    0.011274
17531    0.004173
17643    0.027141
17695    0.007907
17734    0.014641
17810    0.008841
17814    0.004770
17819    0.009120
18063    0.008594
18133    0.006416
18158    0.005474
18167    0.002253
18186    0.005500
18187    0.010045
18190    0.006725
18203    0.004865
18204    0.015052
18256    0.007264
18266    0.009824
18282    0.004540
18336    0.008175
18372    0.014641
18383    0.009114
18411    0.006111
18702    0.007597
18821    0.011274
18882    0.006316
18883    0.008981
18898    0.005554
18901    0.013545
18903    0.006924
18905    0.010291
18993    0.006924
19043    0.004050
19169    0.005876
19204    0.017441
19213    0.007264
19223    0.005298
19225    0.014775
19226    0.006950
19274    0.007825
19309    0.011506
19314    0.007993
19341    0.010893
19366    0.002035
19370    0.004661
19426    0.002876
19444    0.006977
19445    0.014641
19453    0.039399
19464    0.004090
19634    0.014528
19707    0.009577
19736    0.005908
19844    0.001370
19907    0.007993
20260    0.004979
20274    0.005092
20534    0.004885
20601    0.010141
20705    0.012343
20717    0.003731
20741    0.010570
20776    0.006773
20782    0.007993
20803    0.011624
20824    0.005908
20868    0.003228
20909    0.009824
20916    0.007264
20956    0.005814
20963    0.009120
20964    0.004474
20998    0.007746
21087    0.004259
21105    0.020582
21122    0.004808
21129    0.003301
21150    0.001669
21191    0.006587
21279    0.005251
21306    0.023013
21307    0.023849
