74
1689    0.025316
1699    0.009443
1741    0.029808
2102    0.019903
2299    0.061239
2745    0.023620
3198    0.048755
3648    0.071652
4240    0.065181
4301    0.035538
4486    0.039795
4561    0.051291
4949    0.067981
5152    0.032629
5153    0.042505
5822    0.057416
6596    0.020023
7053    0.036788
7571    0.031089
7753    0.021715
7754    0.033991
8040    0.020145
8186    0.039456
8273    0.067044
8323    0.028650
8630    0.013664
8698    0.047333
9411    0.015098
9881    0.038495
10011    0.045486
10123    0.067044
10290    0.027543
10341    0.042076
10892    0.017782
11056    0.063775
11330    0.047333
11683    0.014981
12415    0.024481
12675    0.073712
12687    0.043898
12987    0.011415
13434    0.007221
13476    0.053363
14065    0.018791
14260    0.048755
14579    0.037609
14742    0.008118
15551    0.028780
16143    0.055899
16585    0.009246
16734    0.031905
17524    0.031250
17761    0.041264
17782    0.027900
17829    0.039795
17949    0.034412
18312    0.079529
18435    0.028145
18901    0.036788
19279    0.048022
19535    0.028911
19552    0.054560
19680    0.099078
19773    0.019963
19830    0.033387
20475    0.136797
20477    0.036271
20480    0.044932
20506    0.059168
20557    0.026322
20559    0.040506
20717    0.020268
20803    0.015785
21290    0.028911
