435
111    0.009233
190    0.005849
403    0.006334
448    0.004469
479    0.004211
481    0.003899
538    0.007110
582    0.006869
597    0.009233
863    0.009240
1091    0.004620
1095    0.004746
1203    0.006869
1240    0.002928
1262    0.003788
1309    0.003032
1351    0.005216
1415    0.007707
1438    0.005751
1486    0.004791
1595    0.029309
1681    0.003788
1691    0.002939
1699    0.001096
1712    0.003253
1762    0.004735
1970    0.004746
2198    0.007110
2230    0.011909
2282    0.009233
2295    0.006490
2391    0.007110
2589    0.009161
2646    0.006490
2684    0.006211
2688    0.003225
2693    0.059546
2694    0.007404
2713    0.005281
2714    0.004703
2715    0.006490
2745    0.002742
2747    0.004241
2934    0.005420
3002    0.008318
3126    0.004542
3140    0.009161
3175    0.007784
3341    0.002962
3383    0.009233
3384    0.009233
3393    0.008604
3455    0.019469
3456    0.009233
3463    0.005751
3467    0.006195
3563    0.002906
3571    0.003403
3583    0.002025
3593    0.002658
3632    0.003788
3645    0.005660
3647    0.002605
3682    0.012139
3685    0.005849
3717    0.013738
3757    0.018466
3933    0.005849
4080    0.005281
4081    0.006069
4100    0.006334
4132    0.005420
4141    0.011767
4142    0.013001
4150    0.003995
4151    0.003995
4152    0.005216
4195    0.002489
4265    0.009581
4324    0.028902
4328    0.013627
4344    0.005751
4423    0.009233
4488    0.004505
4571    0.004661
4595    0.009233
4633    0.007784
4662    0.003267
4719    0.009233
4786    0.009233
4791    0.007784
4859    0.004986
4872    0.004241
5010    0.005281
5020    0.007534
5038    0.009233
5075    0.008033
5079    0.006040
5084    0.017208
5096    0.007257
5178    0.005751
5268    0.005216
5354    0.009233
5477    0.013331
5501    0.001833
5532    0.002311
5556    0.017342
5577    0.005849
5583    0.005751
5687    0.007784
5709    0.005955
5719    0.002623
5794    0.007110
5815    0.007784
5818    0.006334
5856    0.008885
5869    0.005096
5898    0.008733
5977    0.002497
5988    0.003746
5992    0.006490
6046    0.005281
6119    0.008318
6269    0.006195
6319    0.004400
6405    0.006869
6406    0.006334
6486    0.004366
6596    0.002325
6598    0.002382
6651    0.006838
6705    0.006263
6756    0.003485
6758    0.008054
6761    0.025292
6781    0.008318
6787    0.008318
6841    0.005216
6974    0.007784
6994    0.004791
6999    0.005348
7083    0.008318
7129    0.028215
7239    0.008318
7269    0.007784
7272    0.009233
7358    0.014808
7466    0.006506
7470    0.005955
7493    0.004302
7558    0.019469
7571    0.010828
7641    0.006334
7655    0.009233
7802    0.003672
7988    0.004505
7989    0.006450
8021    0.003502
8040    0.002339
8042    0.007784
8075    0.007404
8078    0.001857
8114    0.007404
8137    0.008318
8153    0.004746
8181    0.003020
8200    0.011239
8233    0.003537
8281    0.008938
8288    0.005281
8428    0.026604
8429    0.021980
8446    0.017534
8630    0.011104
8783    0.009131
8816    0.022346
8984    0.003628
9072    0.008318
9118    0.002917
9229    0.023005
9280    0.004241
9361    0.006506
9392    0.004542
9508    0.006869
9533    0.005747
9751    0.005575
9752    0.017864
9798    0.005176
9799    0.005155
9815    0.012979
9816    0.005420
9873    0.002874
9936    0.004469
9945    0.003946
9947    0.002154
9949    0.007784
9979    0.009770
10038    0.006869
10099    0.006666
10261    0.009243
10311    0.006869
10335    0.005216
10420    0.011117
10451    0.031684
10453    0.010839
10454    0.048549
10531    0.008318
10567    0.009233
10681    0.018466
10837    0.001453
10881    0.003970
10892    0.002064
10897    0.008084
10916    0.023818
10961    0.008318
11087    0.003225
11094    0.018466
11103    0.004190
11236    0.010839
11286    0.006195
11355    0.001794
11390    0.004154
11420    0.006069
11434    0.002537
11531    0.003118
11552    0.013738
11581    0.011177
11688    0.009233
11729    0.003032
11744    0.002762
11841    0.007619
12110    0.002497
12166    0.003435
12345    0.005042
12405    0.007784
12475    0.006069
12521    0.005849
12548    0.005969
12608    0.006334
12613    0.004211
12618    0.003876
12660    0.003326
12675    0.048493
12684    0.001943
12763    0.008307
12764    0.010193
12765    0.002884
12774    0.008318
12818    0.004211
12853    0.005878
12855    0.014948
12861    0.012668
12864    0.005747
12866    0.005420
12920    0.004746
12949    0.008092
12987    0.003976
12999    0.001520
13154    0.013941
13157    0.003922
13159    0.019469
13189    0.007404
13228    0.002962
13283    0.004986
13310    0.005660
13320    0.007109
13358    0.009233
13364    0.009233
13434    0.001677
13466    0.002160
13491    0.004366
13501    0.002346
13510    0.006334
13584    0.066441
13585    0.016045
13592    0.006334
13715    0.007110
13866    0.003831
13879    0.013738
13886    0.002304
13892    0.004791
13899    0.007411
13910    0.005075
14011    0.013738
14012    0.003628
14065    0.006545
14066    0.010697
14118    0.009233
14301    0.009233
14314    0.003899
14408    0.005420
14439    0.013340
14445    0.007892
14485    0.010210
14490    0.008799
14526    0.005955
14539    0.004099
14604    0.009876
14742    0.007540
14745    0.006352
14796    0.005901
14857    0.003810
14863    0.008799
14874    0.003326
14890    0.006666
14903    0.027964
14946    0.005348
15003    0.005096
15070    0.004885
15229    0.004211
15271    0.003403
15281    0.008318
15344    0.003372
15354    0.021329
15393    0.007110
15439    0.006069
15445    0.021329
15446    0.009233
15447    0.009233
15555    0.006368
15570    0.014804
15583    0.026742
15698    0.007784
15710    0.003899
15712    0.011801
15764    0.004302
15807    0.004885
15907    0.002781
15911    0.004837
15931    0.003686
15936    0.005155
15985    0.009233
16003    0.004791
16119    0.004620
16283    0.005849
16321    0.010210
16371    0.003854
16403    0.007110
16485    0.002996
16491    0.008318
16501    0.002714
16509    0.003184
16582    0.008318
16732    0.002297
16734    0.009260
16790    0.009233
16959    0.002781
17033    0.004211
17100    0.008318
17103    0.006744
17105    0.005353
17111    0.003899
17144    0.002082
17221    0.004703
17313    0.004182
17395    0.004935
17484    0.003078
17485    0.007404
17601    0.008318
17782    0.003239
17854    0.008144
17870    0.002884
17875    0.003767
18086    0.009770
18167    0.001421
18182    0.001424
18289    0.006869
18383    0.002874
18435    0.003267
18496    0.005955
18517    0.007404
18652    0.004793
18654    0.006069
18655    0.005901
18664    0.006490
18668    0.012461
18834    0.009233
18841    0.007145
18882    0.001992
18982    0.006334
19088    0.005751
19133    0.005216
19177    0.002649
19278    0.001656
19366    0.010265
19410    0.001708
19411    0.009240
19416    0.003144
19460    0.002141
19464    0.005159
19536    0.005751
19568    0.005495
19629    0.016637
19648    0.004885
19707    0.003020
19760    0.005575
19800    0.055397
19816    0.005575
19844    0.001727
19887    0.036931
20002    0.006069
20053    0.007784
20074    0.009233
20090    0.001566
20095    0.015289
20096    0.008318
20100    0.003831
20113    0.005751
20214    0.006195
20226    0.004746
20227    0.012979
20274    0.003211
20366    0.005155
20464    0.002771
20534    0.009242
20587    0.007798
20588    0.005040
20612    0.018466
20620    0.002752
20768    0.004345
20812    0.007404
20844    0.001928
20860    0.005575
20901    0.005726
20902    0.003044
20927    0.002236
20977    0.005420
21016    0.003502
21057    0.009394
21058    0.002704
21120    0.002962
21132    0.004099
21146    0.003831
21150    0.003158
21214    0.008318
