270
91    0.019018
158    0.012502
420    0.010618
449    0.009133
450    0.008498
453    0.009133
457    0.007716
621    0.013344
702    0.007076
974    0.009133
985    0.011659
1028    0.014644
1451    0.004527
1458    0.052041
1466    0.008229
1486    0.009867
1645    0.019018
1689    0.006054
1699    0.002258
1741    0.003564
1951    0.008673
2167    0.023693
2216    0.008994
2819    0.018093
2865    0.026734
3442    0.015251
3483    0.030697
3574    0.007716
3842    0.006172
3862    0.008079
3881    0.008128
3892    0.011483
3956    0.017134
4240    0.011690
4245    0.006504
4265    0.009867
4456    0.007803
4461    0.007076
4487    0.012761
4516    0.008229
4517    0.019018
4522    0.008079
4532    0.022637
4537    0.015251
4561    0.012265
4581    0.008994
4594    0.016032
4689    0.010271
4837    0.011483
4870    0.011751
4872    0.008735
4949    0.008128
5020    0.007759
5035    0.014149
5043    0.002798
5074    0.006320
5075    0.009927
5079    0.006220
5166    0.019018
5180    0.012048
5220    0.008178
5230    0.008926
5332    0.011483
5523    0.015184
5543    0.017134
5856    0.006100
5991    0.006977
6036    0.009280
6050    0.006477
6371    0.013367
6372    0.004527
6495    0.010745
6596    0.004788
6598    0.004906
6606    0.015251
6651    0.028172
6655    0.029435
6819    0.009775
6884    0.017134
6918    0.007592
6930    0.010271
7007    0.013367
7028    0.013367
7062    0.019018
7113    0.014644
7202    0.016032
7305    0.014149
7330    0.011376
7387    0.011846
7406    0.009963
7634    0.011163
7748    0.008861
7801    0.038035
7802    0.005042
7833    0.004876
8011    0.019018
8028    0.012502
8040    0.014452
8078    0.003825
8103    0.038035
8252    0.011659
8281    0.009205
8323    0.006851
8387    0.019018
8446    0.010319
8568    0.008481
8581    0.008434
8601    0.008926
8630    0.003268
8737    0.011016
8785    0.012048
8918    0.018884
8996    0.018125
9002    0.017594
9282    0.005688
9357    0.010618
9388    0.006477
9438    0.019018
9631    0.007249
9870    0.017134
9950    0.013367
9961    0.010745
10261    0.004759
10328    0.013730
10340    0.017134
10341    0.010062
10342    0.045752
10345    0.019018
10918    0.019018
11201    0.004500
11218    0.004069
11271    0.006701
11291    0.023693
11341    0.009356
11355    0.003696
11358    0.006423
11372    0.014644
11591    0.009280
11733    0.011319
11750    0.005094
11841    0.003138
11891    0.011483
11895    0.011483
12048    0.007322
12213    0.029288
12300    0.009753
12522    0.006245
12636    0.017134
12675    0.017627
12684    0.008006
12911    0.006124
12928    0.006945
12952    0.009133
12999    0.006261
13014    0.004182
13178    0.014149
13287    0.013047
13294    0.010618
13357    0.002663
13388    0.007179
13466    0.004449
13472    0.008735
13481    0.011319
13494    0.012761
13638    0.017134
13701    0.014644
13754    0.012761
13762    0.027460
13905    0.012761
13926    0.010271
13955    0.011659
14065    0.002247
14073    0.026346
14141    0.013730
14303    0.005475
14360    0.014149
14490    0.009062
14539    0.008442
14564    0.015251
14580    0.011846
14742    0.005824
14745    0.004361
14780    0.009686
14874    0.006851
14931    0.019018
14943    0.011163
15032    0.008442
15042    0.014644
15106    0.017134
15413    0.038035
15415    0.016032
15504    0.015251
15583    0.011016
15603    0.010618
15604    0.008555
15650    0.019018
15672    0.040657
15778    0.007110
15916    0.010877
15944    0.008861
16176    0.009686
16272    0.011319
16473    0.019018
16521    0.008673
16717    0.011846
16729    0.003099
16734    0.015259
16864    0.019018
16907    0.005295
16944    0.010253
17111    0.008031
17129    0.005791
17147    0.011319
17372    0.009356
17407    0.006124
17438    0.008673
17448    0.013047
17450    0.014149
17451    0.007892
17484    0.003170
17531    0.005420
17556    0.014149
17654    0.010164
17665    0.017134
17703    0.017134
17841    0.019018
17963    0.009867
18053    0.019018
18124    0.017134
18160    0.010497
18172    0.015251
18182    0.005867
18282    0.008845
18467    0.012265
18526    0.011659
18882    0.004102
18953    0.017134
19000    0.010745
19181    0.019018
19226    0.013541
19278    0.003412
19279    0.011483
19349    0.008079
19457    0.009435
19464    0.005313
19562    0.084421
19589    0.009356
19718    0.007249
19844    0.001779
20090    0.006453
20260    0.006467
20452    0.006790
20464    0.005708
20475    0.081781
20477    0.008673
20480    0.032234
20557    0.012589
20587    0.008031
20717    0.009693
20776    0.008797
20868    0.004193
20916    0.009435
20927    0.004607
21141    0.009963
21150    0.002168
21243    0.017249
21247    0.008271
21266    0.005143
21290    0.006913
21292    0.010877
