435
147    0.003361
411    0.006905
420    0.006385
568    0.004403
621    0.004012
755    0.011435
971    0.008508
1184    0.003384
1364    0.004858
1365    0.007011
1396    0.009170
1423    0.009546
1451    0.008166
1480    0.005328
1677    0.009331
1683    0.007845
1699    0.001358
1712    0.004029
1741    0.012858
1746    0.007015
1747    0.004979
1762    0.002932
1921    0.007244
1946    0.005773
2058    0.017167
2120    0.003626
2173    0.003408
2229    0.006243
2301    0.009640
2302    0.010303
2342    0.008038
2380    0.005180
2454    0.010303
2638    0.010303
2644    0.004979
2714    0.005824
2792    0.006176
2850    0.009640
2857    0.004359
2858    0.011435
2867    0.004666
3110    0.006624
3315    0.005408
3341    0.003668
3398    0.008508
3530    0.010303
3563    0.003599
3583    0.005015
3632    0.004692
3647    0.003227
3649    0.010303
3788    0.005180
3820    0.006461
3986    0.008806
3989    0.012922
4017    0.012485
4019    0.011435
4023    0.005707
4024    0.009640
4037    0.005824
4055    0.005773
4137    0.008359
4138    0.008038
4202    0.009716
4240    0.021088
4245    0.023464
4262    0.005626
4267    0.005773
4301    0.005110
4389    0.005991
4467    0.004590
4500    0.005076
4516    0.024740
4520    0.007673
4701    0.022504
4702    0.011435
4771    0.006905
4888    0.008806
4901    0.006176
4918    0.007123
5043    0.006731
5075    0.007959
5079    0.011220
5093    0.009437
5171    0.006624
5264    0.016348
5440    0.004447
5495    0.002194
5501    0.006809
5537    0.004888
5538    0.008806
5578    0.004338
5615    0.004858
5628    0.003270
5719    0.003248
5819    0.006461
5899    0.005011
5986    0.012624
5988    0.004640
6015    0.010303
6036    0.005580
6067    0.008806
6132    0.007517
6203    0.007673
6270    0.013425
6345    0.007123
6356    0.011435
6365    0.003770
6372    0.005444
6434    0.007375
6632    0.005722
6643    0.009640
6651    0.012705
6652    0.008806
6655    0.004425
6663    0.005492
6695    0.010303
6697    0.005722
6705    0.003878
6793    0.008508
6819    0.005878
6837    0.010303
6901    0.008038
6908    0.002828
6984    0.003408
7011    0.007845
7023    0.010303
7168    0.002276
7188    0.008094
7192    0.004888
7228    0.011071
7261    0.007123
7425    0.007375
7485    0.006905
7493    0.005328
7531    0.008906
7553    0.011435
7559    0.006385
7618    0.007011
7628    0.008038
7636    0.004718
7736    0.003361
7753    0.009367
7802    0.001516
7942    0.011435
8025    0.006265
8040    0.002897
8053    0.011435
8078    0.002300
8107    0.002615
8181    0.003740
8222    0.006905
8275    0.004338
8475    0.011435
8500    0.002515
8505    0.004590
8552    0.014247
8553    0.008038
8568    0.002550
8581    0.005071
8596    0.003034
8630    0.005894
8655    0.008508
8711    0.003960
8785    0.007244
8789    0.008038
8873    0.006461
8996    0.027246
9023    0.004296
9029    0.011435
9030    0.011435
9136    0.004948
9200    0.003112
9209    0.002608
9214    0.005252
9314    0.007123
9375    0.012352
9526    0.005878
9769    0.006050
9811    0.005535
9812    0.003994
9847    0.020606
9963    0.011756
9976    0.006112
10036    0.011435
10037    0.007673
10038    0.008508
10064    0.010504
10069    0.008038
10146    0.005492
10149    0.006806
10211    0.010303
10233    0.008508
10263    0.013612
10343    0.006905
10354    0.004083
10511    0.007673
10593    0.006050
10784    0.006385
10785    0.011435
10810    0.008256
10822    0.008256
10881    0.004918
10987    0.008806
11103    0.001297
11112    0.003174
11177    0.008038
11181    0.015816
11182    0.005673
11183    0.004403
11201    0.002706
11218    0.002446
11225    0.004773
11254    0.011435
11271    0.004029
11279    0.004176
11289    0.004317
11341    0.005626
11355    0.008890
11356    0.008038
11386    0.003878
11503    0.005335
11569    0.003248
11594    0.010303
11753    0.005449
11782    0.002836
11841    0.005662
11894    0.010303
12005    0.002300
12006    0.005449
12008    0.011756
12036    0.011435
12046    0.006385
12051    0.011435
12085    0.003977
12109    0.005110
12162    0.005368
12230    0.003546
12245    0.003015
12300    0.002932
12337    0.012485
12505    0.004138
12508    0.005773
12591    0.003396
12630    0.007244
12632    0.007517
12684    0.002407
12855    0.002645
12862    0.008508
12923    0.010303
12983    0.003326
12987    0.001641
12993    0.008508
13050    0.002888
13149    0.011435
13154    0.004317
13258    0.009170
13434    0.005192
13466    0.002675
13475    0.007845
13476    0.007673
13510    0.007845
13601    0.010431
13669    0.008038
13670    0.007517
13709    0.010303
13850    0.009640
13891    0.007845
13910    0.009428
13934    0.009170
13939    0.006722
13972    0.011435
14012    0.004493
14065    0.002702
14073    0.003960
14187    0.033024
14188    0.011435
14305    0.005215
14316    0.003740
14323    0.003994
14339    0.004403
14342    0.006385
14384    0.009640
14385    0.015035
14436    0.009170
14439    0.005508
14440    0.007375
14579    0.005408
14597    0.006624
14604    0.007339
14711    0.011435
14741    0.004083
14742    0.003502
14746    0.004565
14803    0.007673
14824    0.005408
14825    0.011435
14888    0.008806
14928    0.008038
14934    0.007517
14960    0.011435
15027    0.010303
15178    0.011435
15186    0.011435
15408    0.008256
15485    0.009170
15488    0.004403
15492    0.006806
15497    0.003831
15557    0.008806
15583    0.013249
15672    0.006112
15778    0.004275
15813    0.009640
15825    0.007244
15840    0.011435
16034    0.004275
16038    0.009640
16204    0.006624
16265    0.005492
16321    0.004215
16585    0.002659
16586    0.012770
16587    0.010303
16668    0.006243
16705    0.002996
16724    0.003977
16732    0.002845
16810    0.011435
16923    0.003174
16935    0.034306
16941    0.002138
16955    0.008941
16959    0.006889
16975    0.008806
16995    0.009170
17044    0.005011
17049    0.008038
17321    0.010303
17327    0.007517
17372    0.005626
17374    0.005722
17414    0.011435
17693    0.010303
17731    0.010303
17756    0.008508
17757    0.005626
17949    0.004948
17951    0.006461
17983    0.011435
18116    0.006713
18167    0.001760
18182    0.012349
18282    0.003546
18317    0.004590
18343    0.011435
18383    0.007118
18462    0.005328
18533    0.010303
18543    0.006540
18580    0.005076
18619    0.011765
18689    0.006243
18697    0.009170
18841    0.008850
18898    0.008676
18901    0.010579
18903    0.010816
19009    0.007375
19017    0.010303
19037    0.004718
19043    0.003163
19075    0.009640
19163    0.034306
19164    0.011435
19214    0.008806
19223    0.004138
19225    0.011540
19228    0.006243
19262    0.003878
19296    0.006905
19309    0.004493
19341    0.008508
19366    0.001589
19410    0.006347
19426    0.004492
19464    0.003195
19580    0.006540
19648    0.006050
19718    0.004359
19727    0.008256
19757    0.005673
19769    0.006713
19817    0.004470
19844    0.002139
19971    0.007845
20002    0.007517
20024    0.009640
20090    0.013581
20284    0.010303
20367    0.009170
20437    0.008508
20473    0.009640
20475    0.039340
20477    0.020862
20480    0.032304
20552    0.011435
20557    0.007570
20586    0.010303
20706    0.008256
20717    0.017486
20726    0.008806
20778    0.010735
20782    0.006243
20796    0.006176
20803    0.009079
20894    0.006306
20927    0.008310
20998    0.006050
21019    0.004590
21025    0.009640
21057    0.003878
21058    0.003349
21064    0.009170
21087    0.006653
21091    0.007673
21115    0.002683
21129    0.007735
21150    0.001304
21187    0.007375
21195    0.005368
21243    0.002593
21247    0.003316
21266    0.006185
21290    0.004157
