281
2    0.013961
153    0.018131
413    0.011693
420    0.020246
469    0.005643
481    0.007657
529    0.018131
568    0.006980
610    0.006844
739    0.011919
843    0.011919
1116    0.007894
1423    0.007567
1458    0.008269
1466    0.007845
1490    0.004872
1529    0.006980
1691    0.005772
1699    0.002153
1723    0.012439
1740    0.019864
1741    0.010193
1746    0.005561
1830    0.011919
2032    0.014539
2102    0.004538
2165    0.010243
2167    0.011294
2313    0.011294
2382    0.012744
2432    0.003131
2554    0.018131
2604    0.006306
2607    0.018131
2684    0.006099
2744    0.004856
2806    0.006388
2819    0.005750
2857    0.006911
2867    0.007397
2916    0.013961
3289    0.012166
3351    0.010123
3393    0.008448
3396    0.006074
3473    0.006388
3483    0.007316
3503    0.010791
3563    0.005707
3567    0.004266
3595    0.016335
3618    0.006279
3661    0.013090
3783    0.013090
3892    0.010948
3996    0.010791
4017    0.049488
4137    0.022088
4202    0.007702
4240    0.029720
4245    0.006200
4250    0.012744
4301    0.008102
4450    0.009838
4487    0.012166
4516    0.007845
4624    0.018131
4838    0.027923
4870    0.005602
5028    0.008847
5043    0.005336
5115    0.008920
5171    0.010503
5220    0.007797
5262    0.011115
5480    0.008387
5495    0.003478
5501    0.003599
5899    0.007945
5903    0.018131
6030    0.012439
6041    0.018131
6192    0.011294
6202    0.010948
6323    0.008387
6434    0.011693
6598    0.004678
6651    0.006714
6758    0.003954
6762    0.007016
6775    0.013961
6901    0.012744
6908    0.008967
6920    0.008995
7117    0.008102
7173    0.007439
7181    0.012099
7386    0.018131
7508    0.008102
7798    0.009235
7802    0.007211
7902    0.009073
7935    0.008510
7964    0.009152
7972    0.014539
8019    0.004366
8025    0.004967
8040    0.004593
8079    0.012439
8099    0.011294
8108    0.012744
8186    0.008995
8224    0.013489
8323    0.019595
8452    0.011919
8476    0.005794
8568    0.008085
8581    0.004020
8613    0.007481
8905    0.012166
8921    0.016335
8968    0.015285
8974    0.018131
8984    0.007124
8996    0.017280
9091    0.016335
9126    0.008212
9134    0.018131
9168    0.009690
9357    0.010123
9375    0.048959
9411    0.010326
9445    0.012439
9517    0.004229
9518    0.003858
9644    0.007612
10084    0.018131
10244    0.008640
10420    0.007277
10495    0.008448
10525    0.008102
10647    0.021006
10922    0.011919
11007    0.009152
11103    0.004114
11180    0.004065
11181    0.005015
11201    0.004291
11203    0.006388
11206    0.008847
11307    0.016335
11326    0.012744
11355    0.003524
11387    0.011115
11393    0.016335
11399    0.008510
11420    0.011919
11444    0.006416
11503    0.004229
11508    0.018131
11570    0.005664
11782    0.004497
12086    0.009152
12112    0.018131
12193    0.013090
12273    0.005707
12300    0.004649
12337    0.059385
12414    0.009690
12416    0.007845
12519    0.004328
12551    0.004721
12765    0.005664
12987    0.010410
13141    0.011486
13154    0.013688
13179    0.006746
13246    0.011486
13351    0.008507
13361    0.007439
13434    0.006585
13468    0.016335
13756    0.011115
13775    0.009319
13907    0.026179
13908    0.013961
13939    0.015986
14065    0.008568
14179    0.015285
14363    0.013961
14498    0.014477
14536    0.007845
14579    0.008574
14685    0.014539
14742    0.014806
14920    0.009407
15003    0.010008
15557    0.013961
15684    0.008707
15779    0.008847
15807    0.009592
15831    0.011486
15910    0.006561
15928    0.006333
16037    0.013489
16241    0.007702
16378    0.013090
16486    0.008920
16585    0.007378
16586    0.020246
16724    0.006306
16734    0.003637
16766    0.007051
17210    0.020740
17313    0.008212
17323    0.015285
17326    0.010948
17331    0.006714
17484    0.003022
17569    0.013489
17916    0.006621
17966    0.013961
17982    0.012166
18116    0.010643
18182    0.005594
18282    0.005622
18319    0.006074
18326    0.007199
18328    0.011693
18382    0.006877
18383    0.005643
18433    0.018131
18543    0.010370
18614    0.020246
18619    0.009326
18690    0.009792
18695    0.010791
18782    0.018131
18841    0.007016
18882    0.003911
18888    0.006074
19048    0.010123
19225    0.006099
19226    0.012909
19266    0.010511
19366    0.002520
19410    0.003354
19416    0.012349
19422    0.016335
19426    0.021365
19460    0.004205
19525    0.013090
19535    0.006591
19578    0.011693
19621    0.013961
19652    0.009792
19718    0.013823
19844    0.001696
19933    0.011294
20090    0.006152
20226    0.009319
20260    0.003083
20452    0.006473
20475    0.062374
20477    0.016538
20557    0.006001
20626    0.007439
20648    0.007124
20717    0.009241
20797    0.010791
20844    0.003785
20848    0.004707
20859    0.009319
20870    0.015285
20946    0.009775
21039    0.019380
21048    0.023387
21120    0.005816
21122    0.005953
21150    0.002067
21247    0.005257
