139
822    0.018469
1116    0.016209
1206    0.031382
1662    0.018791
1698    0.010099
1741    0.006976
1862    0.007587
1919    0.013060
2113    0.015104
2239    0.096034
2240    0.033539
2344    0.008991
2846    0.026165
2995    0.018960
3096    0.017220
3341    0.011941
3485    0.016008
3583    0.008163
3615    0.033956
3743    0.022268
3859    0.025539
3944    0.023610
4132    0.021852
4179    0.054495
4260    0.013471
4406    0.018791
4480    0.017097
4492    0.013410
4536    0.015537
4638    0.037226
4650    0.017604
4701    0.018315
5096    0.039015
5567    0.010468
5628    0.010645
5707    0.020548
5746    0.024471
5988    0.015104
6169    0.026876
6171    0.020104
6679    0.018791
7010    0.018165
7048    0.013917
7099    0.036938
7199    0.011501
7351    0.012838
7466    0.013117
7486    0.013471
7600    0.016747
7619    0.011673
8040    0.009430
8111    0.026876
8116    0.008074
8630    0.012792
8781    0.011459
9143    0.014478
9282    0.011134
9297    0.019896
9533    0.011586
9782    0.021852
9859    0.026165
10244    0.017739
10261    0.009316
10321    0.033539
10332    0.023583
10338    0.010645
10803    0.014861
11146    0.012421
11160    0.031629
11683    0.007012
11750    0.009971
11887    0.022156
11975    0.023583
12005    0.007487
12519    0.017773
12605    0.014332
12889    0.008537
13264    0.028665
13294    0.020784
13352    0.022508
13395    0.033539
13434    0.003380
13751    0.021852
13886    0.009288
13909    0.014704
13992    0.023583
14323    0.039010
14366    0.134157
14475    0.020322
14480    0.120835
14481    0.036938
14729    0.021852
14754    0.014861
14996    0.083138
15542    0.026165
15551    0.013471
15695    0.013917
15783    0.016525
15791    0.014332
15841    0.023583
15910    0.013471
15940    0.022478
16094    0.013917
16117    0.013291
16486    0.018315
16527    0.012471
16529    0.010609
16585    0.010820
16732    0.009261
16921    0.014861
16941    0.013916
17105    0.010791
17366    0.028381
17780    0.021564
17821    0.026233
17854    0.016417
17928    0.027695
18167    0.017185
18179    0.013291
18247    0.013786
18468    0.022822
18499    0.015273
18567    0.016108
18655    0.023791
18883    0.011417
18987    0.027835
19009    0.024009
19426    0.007311
19485    0.015188
19685    0.041554
19707    0.012175
19785    0.010264
20251    0.030547
20260    0.009494
20608    0.037226
20848    0.009663
20899    0.040643
21150    0.004245
21312    0.031382
