391
80    0.008842
147    0.007576
230    0.009589
267    0.005648
441    0.006142
451    0.004502
539    0.005577
674    0.007036
760    0.007783
882    0.007466
930    0.007783
948    0.009925
978    0.005230
1142    0.008312
1157    0.004581
1188    0.006506
1194    0.006341
1253    0.008165
1274    0.006239
1451    0.003068
1479    0.006289
1603    0.005173
1610    0.008028
1664    0.005920
1665    0.007114
1677    0.005259
1689    0.004103
1698    0.003497
1699    0.001530
1718    0.020671
1726    0.009305
1781    0.007282
1792    0.006961
1845    0.006239
1846    0.004502
1848    0.008648
1853    0.007671
1941    0.004134
2003    0.010290
2092    0.006239
2122    0.006687
2172    0.006050
2177    0.008648
2229    0.007036
2231    0.012889
2248    0.013375
2343    0.006819
2345    0.006095
2352    0.014228
2432    0.004451
2488    0.010336
2539    0.005318
2723    0.003601
2745    0.003828
2853    0.006394
3193    0.007196
3273    0.006752
3282    0.006239
3396    0.004318
3417    0.010865
3567    0.003033
3571    0.004751
3574    0.005230
3583    0.002826
3593    0.003711
3860    0.010865
3942    0.005542
3983    0.008648
4023    0.003216
4109    0.008312
4158    0.012889
4195    0.003474
4258    0.003577
4280    0.011612
4471    0.010336
4571    0.006506
4574    0.007901
4666    0.005684
4678    0.005201
4697    0.004729
4729    0.016796
4732    0.006005
4734    0.011612
4810    0.010822
4811    0.011154
4812    0.009925
4840    0.009305
4899    0.011443
4901    0.013921
4907    0.008312
5020    0.010517
5075    0.006728
5079    0.004215
5080    0.007901
5103    0.006190
5170    0.006961
5177    0.007783
5212    0.004464
5232    0.014072
5279    0.010865
5514    0.011612
5524    0.006819
5532    0.003226
5567    0.003624
5616    0.007901
5717    0.005013
5719    0.007322
5967    0.011612
6043    0.007671
6045    0.008842
6061    0.008473
6115    0.006687
6208    0.009925
6227    0.008165
6421    0.007466
6507    0.006190
6585    0.009925
6596    0.003245
6598    0.006650
6711    0.010865
6734    0.005348
6743    0.007372
6756    0.004865
6761    0.010592
6844    0.005013
6918    0.005145
6920    0.006394
6992    0.009305
6994    0.006687
7067    0.009059
7223    0.008312
7330    0.007710
7337    0.011612
7415    0.010865
7460    0.005612
7466    0.004541
7486    0.004664
7626    0.008473
7650    0.004819
7670    0.010865
7725    0.007036
7744    0.005145
7802    0.006834
7824    0.007671
7847    0.007036
7973    0.008312
7989    0.004502
8040    0.003265
8159    0.006239
8170    0.005118
8186    0.006394
8269    0.005838
8271    0.074451
8272    0.034556
8300    0.007282
8568    0.002874
8573    0.006341
8581    0.002858
8594    0.004962
8630    0.002214
8774    0.005542
8777    0.005542
8783    0.004249
8786    0.005759
8821    0.017296
8985    0.010336
9200    0.003508
9280    0.005920
9311    0.006239
9417    0.006961
9492    0.007783
9517    0.006013
9614    0.011612
9644    0.005411
9668    0.008473
9782    0.007566
9785    0.008648
9811    0.006239
9883    0.007671
9923    0.007901
10060    0.007783
10096    0.006190
10119    0.007566
10166    0.009305
10175    0.005013
10215    0.004389
10261    0.003226
10300    0.010336
10338    0.003686
10377    0.008028
10382    0.007671
10420    0.010346
10509    0.010517
10510    0.012578
10593    0.006819
10689    0.005379
10840    0.004389
11103    0.004386
11117    0.003197
11130    0.012682
11133    0.010865
11154    0.019183
11178    0.004685
11180    0.002890
11182    0.006394
11183    0.004962
11201    0.003050
11206    0.006289
11207    0.004622
11218    0.005515
11220    0.007372
11238    0.016945
11239    0.015131
11364    0.006506
11386    0.004371
11394    0.008028
11399    0.006050
11683    0.002428
11691    0.008028
11810    0.006961
11841    0.002127
11907    0.031606
11908    0.020671
11909    0.007372
11937    0.008473
11962    0.008312
12005    0.002592
12048    0.004962
12085    0.004483
12265    0.011612
12300    0.003305
12345    0.003519
12477    0.006961
12505    0.004664
12519    0.015383
12544    0.060496
12545    0.012889
12551    0.003356
12572    0.006888
12591    0.003828
12622    0.009059
12661    0.006564
12684    0.002713
12834    0.008165
12927    0.008706
12978    0.005542
12987    0.001850
12999    0.002122
13014    0.005668
13283    0.006961
13319    0.004199
13351    0.012095
13357    0.001805
13501    0.019648
13794    0.007114
13815    0.007036
13823    0.012682
13955    0.007901
13963    0.009059
14065    0.001523
14073    0.004464
14130    0.005475
14135    0.007372
14145    0.038797
14148    0.011443
14150    0.005920
14152    0.007196
14320    0.008742
14408    0.007566
14439    0.006207
14485    0.009502
14537    0.003624
14597    0.007466
14604    0.002757
14607    0.004371
14643    0.008028
14741    0.004602
14742    0.014472
14746    0.005145
14796    0.004118
14913    0.008648
14952    0.012190
15033    0.005962
15207    0.006625
15230    0.011612
15382    0.007372
15484    0.005542
15521    0.016625
15556    0.005542
15763    0.008028
15764    0.006005
15791    0.009924
15801    0.005230
15848    0.006506
15940    0.007783
15952    0.004283
15978    0.007783
15988    0.006506
15989    0.027712
15991    0.018149
15993    0.009059
16116    0.003828
16117    0.004602
16170    0.008648
16202    0.007671
16241    0.005475
16484    0.006888
16485    0.008365
16509    0.004445
16585    0.006743
16608    0.008473
16732    0.003206
16743    0.016730
16907    0.010766
16959    0.003882
17033    0.005878
17067    0.010636
17108    0.004962
17117    0.003150
17170    0.009059
17200    0.010336
17279    0.008842
17372    0.006341
17421    0.008842
17444    0.009305
17484    0.002148
17571    0.009305
17761    0.006687
17922    0.004581
18058    0.007466
18063    0.007566
18091    0.007282
18174    0.009589
18179    0.013805
18190    0.005920
18247    0.004773
18337    0.009589
18451    0.006449
18482    0.007372
18551    0.008165
18553    0.006289
18619    0.006630
18652    0.003346
18882    0.005560
18887    0.005920
18912    0.009925
19043    0.003565
19097    0.005064
19232    0.004041
19310    0.008842
19349    0.005475
19366    0.001791
19426    0.005063
19427    0.015803
19460    0.005979
19464    0.003601
19471    0.008312
19492    0.008165
19562    0.005721
19575    0.007671
19617    0.006888
19703    0.009925
19707    0.004215
19781    0.017296
19782    0.010865
19806    0.020671
19844    0.001206
19907    0.007036
20182    0.008312
20275    0.003159
20313    0.009925
20323    0.006625
20452    0.032212
20468    0.013638
20554    0.007282
20557    0.004266
20583    0.006005
20620    0.007683
20803    0.002558
20807    0.005542
20826    0.009059
20844    0.008073
21005    0.004118
21057    0.004371
21058    0.003775
21086    0.006050
21087    0.007498
21150    0.005878
21188    0.005962
21247    0.003737
21266    0.003485
