447
470    0.008509
1016    0.021818
1097    0.012656
1127    0.005790
1157    0.003357
1224    0.006819
1281    0.007027
1324    0.006091
1362    0.007273
1382    0.008866
1413    0.004948
1451    0.002248
1466    0.008173
1602    0.009445
1677    0.003853
1680    0.007977
1689    0.003007
1698    0.002562
1699    0.003364
1722    0.009445
1780    0.010672
1781    0.016008
1850    0.005983
1862    0.005775
1919    0.003313
1940    0.003230
1970    0.004855
2093    0.011300
2242    0.009445
2246    0.009445
2283    0.007581
2345    0.004466
2366    0.004433
2396    0.002546
2432    0.004893
2450    0.005156
2496    0.011766
2508    0.004012
2618    0.005544
2622    0.005790
2684    0.006354
2713    0.005402
2723    0.002638
2737    0.003243
2744    0.007589
2747    0.004338
2806    0.003328
2819    0.002995
2826    0.004572
2951    0.008509
3261    0.009445
3360    0.007962
3503    0.005621
3563    0.002973
3565    0.009445
3567    0.002222
3592    0.005156
3593    0.002719
3594    0.006091
3618    0.006542
3632    0.007750
3746    0.009445
3886    0.004307
3911    0.003481
3916    0.005621
3942    0.004061
3974    0.007574
4099    0.004501
4141    0.004012
4195    0.002546
4202    0.004012
4437    0.009445
4450    0.002562
4456    0.003875
4492    0.003402
4522    0.004012
4585    0.007273
4620    0.004997
4690    0.004726
4708    0.013277
4758    0.018889
4850    0.007574
4899    0.002795
5043    0.012508
5047    0.008801
5074    0.003139
5090    0.009445
5093    0.007794
5220    0.008123
5247    0.007273
5264    0.004501
5332    0.005703
5439    0.004997
5477    0.013637
5501    0.005624
5537    0.004037
5563    0.003791
5567    0.002656
5614    0.003243
5635    0.006819
5646    0.005048
5677    0.006479
5719    0.010731
5737    0.004810
5739    0.004466
5924    0.004466
5975    0.005793
5988    0.003832
6042    0.004686
6050    0.006433
6083    0.008509
6187    0.007273
6273    0.007962
6291    0.005621
6624    0.005101
6734    0.003919
6756    0.003565
6758    0.006179
6761    0.023285
6762    0.003655
6764    0.006337
6951    0.006337
6983    0.005101
7097    0.003636
7142    0.004139
7168    0.009397
7173    0.003875
7178    0.003965
7181    0.003151
7188    0.003342
7189    0.010942
7194    0.003583
7228    0.009143
7241    0.004501
7269    0.007962
7277    0.007273
7325    0.016770
7329    0.006819
7330    0.002825
7393    0.004220
7404    0.007962
7429    0.005703
7493    0.004401
7508    0.004220
7619    0.011846
7644    0.004536
7650    0.003531
7802    0.007512
7989    0.003299
8019    0.002274
8021    0.003583
8040    0.002392
8046    0.009445
8170    0.003750
8284    0.007273
8343    0.004900
8446    0.005125
8500    0.004154
8533    0.003126
8568    0.002106
8577    0.004726
8581    0.008377
8630    0.001623
8637    0.008509
8638    0.003919
8711    0.003271
8712    0.004900
8729    0.010804
9002    0.004369
9005    0.004997
9023    0.007096
9034    0.009445
9218    0.006479
9223    0.007962
9242    0.004609
9388    0.003216
9395    0.005544
9460    0.005101
9518    0.002010
9631    0.003600
9733    0.009445
9798    0.007942
9873    0.002940
9874    0.008509
9881    0.004572
9978    0.005883
9980    0.003965
10030    0.008509
10179    0.005402
10246    0.006337
10260    0.008509
10261    0.004727
10288    0.005983
10679    0.015148
10755    0.009445
10773    0.009649
10803    0.003770
10892    0.008447
10897    0.002757
10942    0.022330
10943    0.004501
11119    0.015924
11180    0.004235
11181    0.010450
11220    0.005402
11229    0.007027
11271    0.003328
11289    0.003565
11291    0.005883
11562    0.009001
11566    0.004401
11569    0.002683
11591    0.004609
11683    0.003558
11735    0.011242
11744    0.002825
11747    0.003514
11750    0.002530
11757    0.003164
11824    0.005790
11841    0.004676
11869    0.015467
11958    0.003811
11984    0.003853
12006    0.004501
12042    0.004249
12045    0.004037
12109    0.004220
12237    0.009445
12245    0.007471
12283    0.001860
12300    0.004843
12307    0.045683
12309    0.010493
12345    0.002579
12383    0.009445
12409    0.009445
12473    0.009445
12542    0.005213
12661    0.004810
12675    0.020426
12765    0.002951
12855    0.004369
12867    0.004338
12932    0.004061
12999    0.001555
13014    0.002077
13096    0.004609
13229    0.007962
13288    0.007273
13310    0.005790
13320    0.010909
13324    0.006638
13351    0.004432
13434    0.001715
13501    0.035995
13513    0.023533
13515    0.005402
13529    0.003988
13565    0.005621
13601    0.004307
13628    0.007962
13636    0.008509
13676    0.009445
13877    0.003965
13892    0.004900
13897    0.004433
13910    0.005191
13955    0.005790
14012    0.003711
14065    0.008926
14093    0.008025
14130    0.004012
14181    0.009445
14303    0.002719
14339    0.003636
14406    0.014327
14425    0.011111
14439    0.002274
14537    0.002656
14604    0.006062
14684    0.015924
14742    0.002892
14745    0.004332
14754    0.003770
14769    0.004401
14796    0.003018
14857    0.007794
14882    0.007273
14906    0.005471
14989    0.009445
15016    0.003897
15130    0.005471
15133    0.006209
15229    0.004307
15315    0.007273
15343    0.005048
15344    0.006898
15490    0.009445
15497    0.009492
15503    0.003770
15569    0.007273
15571    0.005402
15697    0.010201
15710    0.003988
15713    0.004369
15853    0.006638
15858    0.007962
15895    0.005156
15911    0.004948
15927    0.003942
15997    0.005621
16003    0.009801
16007    0.005156
16012    0.004686
16063    0.007461
16115    0.007273
16237    0.005191
16273    0.005983
16432    0.032891
16510    0.009535
16585    0.001098
16729    0.001539
16734    0.007578
16907    0.018408
16917    0.009445
16941    0.003531
16944    0.007638
16950    0.009071
16955    0.003692
16958    0.008025
16960    0.006479
17037    0.002984
17060    0.007273
17072    0.009896
17074    0.007062
17075    0.011020
17077    0.004726
17094    0.004501
17098    0.028334
17101    0.003481
17117    0.002308
17257    0.018889
17447    0.004609
17451    0.003919
17484    0.001574
17496    0.004647
17643    0.002918
17758    0.006209
17810    0.005703
17830    0.006627
17872    0.009445
17916    0.003449
17949    0.004087
18003    0.007200
18021    0.005883
18098    0.007541
18182    0.001457
18203    0.003139
18212    0.018274
18247    0.003498
18273    0.007027
18282    0.001464
18317    0.003791
18345    0.018889
18371    0.038298
18383    0.005879
18391    0.005983
18411    0.003942
18460    0.005703
18493    0.009994
18652    0.004903
18656    0.005336
18670    0.003285
18689    0.005156
18690    0.005101
18691    0.008509
18828    0.006638
18841    0.003655
18888    0.003164
19046    0.003636
19106    0.004193
19177    0.013550
19200    0.005703
19213    0.009372
19223    0.003418
19226    0.017932
19228    0.005156
19229    0.005983
19232    0.002962
19262    0.003203
19271    0.010493
19366    0.005250
19411    0.009452
19437    0.004401
19610    0.007962
19617    0.015143
19709    0.006638
19772    0.006433
19817    0.007384
19844    0.000883
19871    0.010804
19997    0.004307
19998    0.009445
20089    0.015924
20090    0.001602
20168    0.009445
20233    0.004647
20260    0.002409
20274    0.009855
20385    0.006638
20464    0.008505
20534    0.006302
20587    0.003988
20601    0.003271
20626    0.003875
20627    0.011372
20671    0.004609
20713    0.002554
20716    0.003731
20717    0.002407
20768    0.004444
20803    0.003749
20811    0.005402
20813    0.007962
20825    0.006819
20844    0.001972
20847    0.006337
20848    0.002452
20868    0.008330
20894    0.002604
20926    0.007273
20927    0.002288
20946    0.002546
21005    0.003018
21036    0.007962
21057    0.009609
21087    0.013736
21100    0.009445
21115    0.002216
21135    0.004900
21150    0.009692
21152    0.008441
21191    0.004249
21306    0.011134
21307    0.018462
21348    0.005402
