135
103    0.024942
1067    0.030336
1309    0.012422
1365    0.023192
1699    0.008984
1707    0.013944
1805    0.050767
1878    0.022843
1882    0.034083
2084    0.013214
2093    0.011315
2432    0.006533
2497    0.023192
2747    0.017375
3483    0.015266
3494    0.034083
3571    0.013944
3789    0.015698
3911    0.013944
4037    0.019268
4195    0.010197
4240    0.015503
4774    0.017756
4899    0.011196
5043    0.011133
5075    0.013165
5211    0.016793
5239    0.022843
5501    0.007508
5523    0.015102
5577    0.023965
5706    0.020014
5717    0.014713
5718    0.015698
5719    0.010745
5769    0.010674
6495    0.021373
6705    0.012830
6870    0.027311
6908    0.009355
6922    0.034083
7142    0.016577
7168    0.015056
7466    0.013329
7802    0.005015
8500    0.033274
8533    0.012521
8568    0.042174
8711    0.013102
9256    0.040701
9766    0.034083
9812    0.013214
10195    0.025953
10215    0.012883
10369    0.020651
10420    0.030366
10932    0.017018
10942    0.012777
11146    0.012622
11160    0.016071
11180    0.008482
11181    0.010464
11292    0.034083
11294    0.034083
11340    0.018311
11444    0.013388
11569    0.032236
11782    0.009383
11925    0.037830
12162    0.017756
12283    0.007449
12307    0.080054
12367    0.025953
12447    0.054623
12857    0.023565
12898    0.017018
12900    0.016169
12987    0.005430
12999    0.012455
13179    0.014076
13298    0.017134
13357    0.021187
13497    0.020430
13501    0.009612
14015    0.021373
14065    0.008938
14485    0.013944
14538    0.015434
14604    0.024280
14742    0.003861
14749    0.012937
14752    0.022843
14811    0.019268
14945    0.025383
15082    0.024398
15555    0.013046
15710    0.015975
15847    0.028145
15912    0.009760
16217    0.026590
16527    0.025346
16585    0.002199
16657    0.016904
16729    0.030826
17075    0.014713
17830    0.013271
17966    0.014565
18133    0.016577
18167    0.005821
18247    0.014010
18282    0.005865
18435    0.013388
18652    0.009820
18714    0.037830
18887    0.017375
19204    0.015022
19226    0.008978
19319    0.029130
19366    0.010515
19410    0.006999
19453    0.025450
19685    0.028152
19707    0.012373
19708    0.026590
19741    0.017756
19773    0.018992
20226    0.019445
20228    0.018027
20260    0.022511
20346    0.037830
20673    0.016684
20717    0.009641
20768    0.017802
20859    0.038890
21307    0.012324
