77
147    0.021426
230    0.054237
443    0.040240
1603    0.029259
1940    0.024931
2224    0.030252
4729    0.095000
4811    0.031544
4899    0.021576
4965    0.045411
5008    0.058461
5075    0.012685
6743    0.041696
6908    0.018028
6983    0.039371
7466    0.025687
7592    0.047923
7802    0.009664
8025    0.019970
8069    0.039796
8107    0.016670
8271    0.150398
8272    0.032576
8596    0.019342
8630    0.012526
8777    0.031349
8905    0.048916
9717    0.052631
9923    0.044692
10201    0.046183
10377    0.090822
11103    0.008270
11154    0.036168
11180    0.016345
11220    0.041696
11239    0.042793
11283    0.145511
11757    0.024422
12519    0.017402
12572    0.038963
12622    0.051240
12675    0.022523
12987    0.020928
13501    0.018522
13794    0.040240
13823    0.035866
14145    0.031349
14148    0.032361
14257    0.061457
14304    0.033019
14358    0.037472
14439    0.017555
14485    0.026872
14742    0.037207
14749    0.024931
15364    0.048916
15570    0.038963
15656    0.038570
15848    0.036800
15927    0.030427
15976    0.061457
15989    0.062698
16485    0.023658
16585    0.004238
16719    0.056136
16765    0.047017
17679    0.048916
18003    0.027789
18507    0.051240
18509    0.042793
18652    0.018924
19854    0.058461
20323    0.037472
20844    0.015221
21087    0.042410
21195    0.034218
21247    0.010568
