238
147    0.013400
230    0.016960
267    0.009989
441    0.010863
443    0.012583
451    0.007963
674    0.012444
760    0.013765
930    0.013765
948    0.017554
1116    0.009926
1142    0.014702
1222    0.011828
1243    0.013975
1253    0.014442
1603    0.009149
1689    0.007257
1712    0.008032
1718    0.036562
1726    0.016458
1792    0.012312
1846    0.007963
1853    0.013568
1940    0.007796
1941    0.007312
2165    0.012879
2170    0.011828
2177    0.015296
2224    0.009460
2248    0.011828
2352    0.025166
2723    0.006368
2806    0.008032
3273    0.011942
3396    0.007637
3583    0.004999
3860    0.019218
3942    0.009803
4195    0.006145
4258    0.006327
4471    0.018281
4729    0.037134
4732    0.010622
4811    0.009864
4899    0.006747
4901    0.024623
4965    0.014200
5008    0.018281
5020    0.009301
5047    0.010622
5075    0.011900
5077    0.016458
5080    0.013975
5103    0.010948
5232    0.012444
5616    0.013975
6043    0.013568
6421    0.013205
6596    0.005740
6711    0.019218
6743    0.013038
6796    0.017554
6908    0.005637
6918    0.009100
6920    0.011310
6983    0.012312
7067    0.016023
7077    0.011718
7303    0.011942
7466    0.008032
7592    0.014986
7650    0.008523
7725    0.012444
7744    0.009100
7802    0.003022
8025    0.006245
8069    0.012444
8107    0.005213
8261    0.016960
8271    0.122278
8272    0.030560
8568    0.010166
8573    0.011216
8594    0.008777
8596    0.012097
8630    0.007834
8777    0.009803
8783    0.007515
8821    0.015296
8905    0.015296
8985    0.018281
9200    0.006204
9411    0.004328
9417    0.012312
9492    0.013765
9517    0.005318
9644    0.009570
9668    0.014986
9717    0.016458
9883    0.013568
9923    0.013975
9978    0.014200
10060    0.013765
10075    0.015296
10096    0.010948
10146    0.010948
10201    0.014442
10247    0.010187
10377    0.028400
10509    0.018602
10510    0.022247
10593    0.012061
10840    0.007763
11103    0.002586
11130    0.011216
11154    0.011310
11180    0.005111
11182    0.011310
11206    0.011124
11207    0.008175
11218    0.004877
11220    0.013038
11239    0.013382
11283    0.045502
11364    0.011507
11394    0.014200
11757    0.007637
11841    0.003762
11937    0.014986
11938    0.012444
12505    0.008250
12519    0.021767
12544    0.032100
12572    0.012184
12622    0.016023
12661    0.011611
12675    0.007043
12684    0.004798
12855    0.005272
12987    0.006544
13351    0.005348
13357    0.006384
13501    0.011584
13794    0.012583
13823    0.011216
13955    0.013975
13963    0.016023
14065    0.002693
14073    0.007895
14135    0.013038
14145    0.019606
14148    0.030359
14150    0.020940
14152    0.012728
14257    0.019218
14304    0.010325
14358    0.011718
14439    0.010979
14485    0.025208
14597    0.013205
14604    0.004877
14607    0.007731
14643    0.014200
14742    0.011635
14749    0.007796
14952    0.010781
15364    0.015296
15521    0.029405
15570    0.012184
15656    0.012061
15791    0.008777
15801    0.009250
15848    0.011507
15927    0.009515
15940    0.013765
15952    0.007576
15976    0.019218
15978    0.013765
15988    0.011507
15989    0.029409
16116    0.006770
16170    0.015296
16241    0.009685
16484    0.012184
16485    0.014796
16585    0.006626
16719    0.017554
16743    0.009864
16765    0.014702
16941    0.004261
17067    0.009406
17117    0.005571
17170    0.016023
17200    0.018281
17279    0.015639
17372    0.011216
17421    0.015639
17444    0.016458
17679    0.015296
17761    0.011828
17947    0.012728
18003    0.008690
18007    0.011942
18058    0.013205
18179    0.008139
18190    0.010470
18203    0.007576
18254    0.013382
18337    0.016960
18451    0.011407
18482    0.013038
18507    0.016023
18509    0.013382
18652    0.011835
19043    0.006306
19349    0.009685
19460    0.005287
19471    0.014702
19718    0.008690
19806    0.036562
19854    0.018281
20260    0.003876
20313    0.017554
20323    0.011718
20468    0.012061
20557    0.007545
20583    0.010622
20807    0.009803
20826    0.016023
20844    0.004760
21057    0.007731
21058    0.006677
21086    0.010700
21087    0.013262
21150    0.010397
21188    0.010545
21195    0.010700
21247    0.006610
