435
80    0.007694
147    0.009889
230    0.008344
267    0.004915
441    0.005344
443    0.006191
451    0.003918
539    0.004853
674    0.006123
760    0.006772
882    0.006497
930    0.006772
948    0.008636
978    0.004551
1116    0.009767
1142    0.007233
1157    0.003987
1194    0.005518
1222    0.005819
1243    0.006876
1253    0.007105
1451    0.002670
1479    0.005473
1603    0.004501
1610    0.006986
1664    0.005151
1665    0.006191
1689    0.003570
1712    0.003952
1718    0.017988
1726    0.008097
1792    0.006057
1845    0.005429
1846    0.003918
1853    0.006675
1940    0.003835
1941    0.003598
2003    0.008955
2092    0.005429
2122    0.005819
2165    0.006337
2170    0.005819
2172    0.005264
2177    0.007526
2224    0.004654
2229    0.006123
2248    0.011639
2343    0.005934
2352    0.012381
2432    0.001937
2488    0.008994
2539    0.004628
2723    0.003133
2745    0.003331
2806    0.003952
2853    0.005564
3193    0.006262
3273    0.005875
3282    0.005429
3396    0.003757
3563    0.003530
3567    0.002639
3574    0.004551
3583    0.002459
3593    0.003229
3860    0.009455
3942    0.004823
3983    0.007526
4023    0.002798
4109    0.007233
4150    0.004853
4195    0.003023
4258    0.003113
4280    0.010105
4471    0.008994
4574    0.006876
4666    0.004946
4678    0.004526
4729    0.029231
4732    0.015677
4734    0.010105
4810    0.004708
4811    0.004853
4812    0.017273
4840    0.008097
4899    0.003319
4901    0.012114
4907    0.007233
4908    0.008097
4965    0.006986
5008    0.008994
5020    0.004576
5047    0.005226
5075    0.007806
5077    0.008097
5080    0.006876
5103    0.005386
5170    0.006057
5177    0.006772
5212    0.003884
5232    0.012245
5279    0.009455
5495    0.002151
5514    0.010105
5524    0.005934
5532    0.002807
5616    0.006876
5719    0.006371
6043    0.006675
6045    0.007694
6061    0.007373
6115    0.005819
6208    0.008636
6227    0.007105
6421    0.006497
6507    0.005386
6596    0.002824
6598    0.002894
6711    0.009455
6743    0.006415
6756    0.004234
6761    0.009217
6796    0.008636
6844    0.004362
6908    0.005547
6918    0.004477
6920    0.005564
6983    0.006057
6992    0.008097
6994    0.005819
7067    0.007883
7077    0.005765
7223    0.007233
7303    0.005875
7415    0.009455
7460    0.004883
7466    0.003952
7486    0.004059
7592    0.007373
7650    0.004193
7661    0.008636
7670    0.009455
7725    0.006123
7744    0.004477
7802    0.007434
7847    0.006123
7973    0.007233
7989    0.003918
8025    0.003072
8040    0.002841
8069    0.006123
8107    0.002565
8159    0.005429
8170    0.004454
8261    0.008344
8269    0.005080
8271    0.074042
8272    0.035082
8300    0.006337
8568    0.005001
8573    0.005518
8581    0.002487
8594    0.004318
8596    0.005951
8630    0.003854
8774    0.004823
8777    0.004823
8783    0.003697
8821    0.007526
8905    0.007526
8985    0.008994
9200    0.003052
9280    0.005151
9311    0.005429
9411    0.002129
9417    0.006057
9492    0.006772
9517    0.002616
9518    0.002386
9533    0.003491
9614    0.010105
9644    0.004708
9668    0.007373
9717    0.008097
9782    0.006584
9785    0.007526
9811    0.005429
9883    0.006675
9923    0.006876
9978    0.006986
10060    0.006772
10075    0.007526
10096    0.005386
10119    0.006584
10146    0.005386
10166    0.008097
10201    0.007105
10215    0.003820
10247    0.005012
10261    0.002807
10300    0.008994
10338    0.003207
10377    0.013973
10382    0.006675
10420    0.004501
10509    0.009152
10510    0.010945
10593    0.005934
10689    0.004681
10840    0.003820
11103    0.003817
11130    0.011036
11133    0.009455
11154    0.022257
11178    0.004077
11180    0.005029
11182    0.005564
11183    0.004318
11201    0.002654
11206    0.005473
11207    0.004022
11218    0.004799
11220    0.006415
11238    0.007373
11239    0.006584
11283    0.022386
11364    0.005661
11386    0.007607
11394    0.006986
11399    0.005264
11691    0.006986
11757    0.003757
11810    0.006057
11841    0.001851
11907    0.013751
11908    0.017988
11909    0.006415
11937    0.007373
11938    0.006123
11962    0.007233
12005    0.002256
12048    0.004318
12085    0.007802
12265    0.010105
12300    0.002876
12477    0.006057
12505    0.004059
12519    0.018741
12544    0.052643
12551    0.002920
12572    0.005994
12591    0.003331
12622    0.007883
12659    0.003788
12661    0.005712
12675    0.003465
12684    0.002361
12834    0.007105
12855    0.002594
12927    0.007576
12978    0.004823
12987    0.004830
12999    0.001846
13014    0.007399
13283    0.006057
13319    0.003654
13351    0.007894
13357    0.003141
13400    0.008636
13501    0.022797
13794    0.006191
13815    0.006123
13823    0.022072
13955    0.006876
13963    0.007883
13990    0.011216
14065    0.001325
14073    0.003884
14130    0.004765
14135    0.006415
14145    0.033761
14148    0.014936
14150    0.010302
14152    0.006262
14257    0.009455
14304    0.005080
14320    0.003804
14358    0.005765
14439    0.008102
14485    0.012402
14537    0.003154
14539    0.004979
14597    0.006497
14604    0.002399
14607    0.003804
14643    0.006986
14741    0.004004
14742    0.013738
14746    0.004477
14749    0.003835
14913    0.007526
14952    0.010608
15033    0.005188
15130    0.006497
15207    0.005765
15299    0.004384
15306    0.010105
15336    0.006415
15364    0.007526
15382    0.006415
15415    0.009455
15484    0.004823
15521    0.014467
15556    0.004823
15570    0.005994
15656    0.005934
15763    0.006986
15764    0.005226
15791    0.008636
15801    0.004551
15848    0.005661
15912    0.002894
15927    0.004681
15940    0.006772
15952    0.003727
15976    0.009455
15978    0.006772
15988    0.005661
15989    0.038584
15991    0.005264
15993    0.007883
16116    0.003331
16117    0.008009
16170    0.007526
16183    0.011216
16202    0.006675
16241    0.004765
16484    0.005994
16485    0.010919
16509    0.007736
16585    0.008476
16719    0.008636
16732    0.002790
16743    0.009706
16765    0.007233
16907    0.009369
16941    0.002096
16959    0.003378
17067    0.009255
17108    0.004318
17117    0.002741
17170    0.007883
17200    0.008994
17279    0.007694
17372    0.005518
17421    0.007694
17444    0.008097
17484    0.001870
17571    0.008097
17679    0.007526
17761    0.005819
17922    0.003987
17947    0.012524
18003    0.004275
18007    0.005875
18058    0.006497
18063    0.006584
18091    0.006337
18174    0.008344
18179    0.004004
18190    0.005151
18203    0.003727
18247    0.004154
18254    0.006584
18337    0.008344
18451    0.005612
18482    0.006415
18507    0.007883
18509    0.006584
18551    0.007105
18619    0.005769
18652    0.005823
18882    0.004838
18887    0.005151
19043    0.003102
19097    0.004407
19232    0.003517
19310    0.007694
19349    0.004765
19366    0.001559
19426    0.002203
19427    0.013751
19460    0.002601
19464    0.003133
19471    0.007233
19492    0.007105
19562    0.004979
19575    0.006675
19617    0.005994
19703    0.008636
19707    0.003668
19718    0.008551
19781    0.015051
19782    0.009455
19785    0.003092
19806    0.017988
19844    0.001049
19854    0.008994
20113    0.006986
20182    0.007233
20260    0.001907
20275    0.002749
20313    0.008636
20323    0.005765
20452    0.024026
20468    0.011868
20554    0.006337
20557    0.003712
20583    0.005226
20620    0.003343
20803    0.004452
20807    0.004823
20826    0.007883
20844    0.004683
21005    0.003584
21052    0.006772
21057    0.003804
21058    0.003285
21086    0.005264
21087    0.009787
21150    0.011510
21188    0.005188
21195    0.005264
21247    0.004878
21266    0.003033
