45
882    0.081081
1204    0.048476
1243    0.085809
1479    0.068300
1603    0.056177
1712    0.049318
2806    0.049318
3273    0.073326
4456    0.057428
4729    0.091200
5020    0.057107
5181    0.112244
5288    0.117998
6918    0.055876
8271    0.173258
8272    0.062546
8630    0.024049
8818    0.117998
9214    0.064286
10060    0.084518
10247    0.062546
10732    0.139970
11283    0.055876
11683    0.026367
12110    0.037851
12230    0.043404
12434    0.078149
12661    0.071290
13886    0.034925
14148    0.124268
14150    0.128573
14742    0.014288
15642    0.092012
15989    0.060191
15991    0.065699
16485    0.045422
16505    0.139970
16732    0.034820
16743    0.060564
19065    0.065217
19410    0.025895
19464    0.039102
19844    0.013093
20627    0.056177
21247    0.020291
