244
441    0.010621
447    0.009894
1184    0.006596
1368    0.015666
1451    0.005305
1603    0.017891
1610    0.013884
1662    0.011251
1698    0.006047
1712    0.015706
1740    0.008140
1741    0.004177
1846    0.007785
1847    0.010310
1941    0.007149
1951    0.010165
2120    0.014136
2208    0.017873
2247    0.022288
2352    0.012303
2432    0.007698
2684    0.007497
2710    0.008254
2733    0.018789
2744    0.011940
2747    0.010237
3140    0.011058
3142    0.017163
3273    0.011676
3393    0.010385
3567    0.005244
3571    0.008216
3618    0.007719
3788    0.010095
3970    0.017873
3974    0.017873
4258    0.006186
4262    0.010965
4319    0.011058
4384    0.016091
4446    0.015666
4716    0.022288
4762    0.011792
4811    0.019288
4870    0.006886
5044    0.009584
5075    0.003878
5523    0.008898
5563    0.008945
5567    0.012535
5578    0.008454
5620    0.012911
5683    0.015666
5719    0.012662
6087    0.016091
6120    0.018789
6141    0.014955
6365    0.014695
6596    0.005612
6651    0.008254
6678    0.022288
6719    0.007497
6756    0.008413
6758    0.004861
6761    0.012211
7015    0.017163
7181    0.007437
7592    0.014652
7802    0.002955
7822    0.016091
7847    0.012167
8025    0.006105
8271    0.082767
8272    0.039838
8323    0.008029
8545    0.030581
8596    0.005914
8629    0.016091
8630    0.007659
8696    0.016091
8711    0.015438
8714    0.013265
8781    0.006861
8818    0.018789
8905    0.029910
9023    0.016746
9042    0.044576
9256    0.007993
9454    0.006461
9518    0.004742
9533    0.006937
9812    0.015571
9881    0.010789
9963    0.011456
9978    0.013884
10069    0.015666
10308    0.017873
10376    0.013884
10509    0.018187
10510    0.010876
10545    0.020620
10725    0.017873
10803    0.008898
10892    0.009967
11061    0.018789
11103    0.005057
11118    0.009249
11121    0.026166
11160    0.009469
11180    0.004997
11201    0.005274
11334    0.006738
11364    0.011251
11499    0.012037
11503    0.010398
11539    0.020081
11782    0.011056
11841    0.003678
11924    0.020081
11937    0.014652
11994    0.022288
12005    0.004483
12084    0.009094
12505    0.016131
12508    0.011251
12551    0.017411
12853    0.007095
12927    0.007528
12928    0.008140
12987    0.003199
13006    0.017873
13014    0.004901
13191    0.017873
13348    0.009094
13355    0.005184
13434    0.002024
13463    0.022288
13501    0.016989
13532    0.016582
13710    0.022288
13754    0.014955
13866    0.009249
13886    0.005561
13955    0.027328
14014    0.010965
14065    0.002633
14122    0.020081
14145    0.047922
14150    0.051183
14439    0.021469
14441    0.013265
14486    0.014375
14523    0.008945
14604    0.004768
14739    0.017163
14742    0.002275
14745    0.005111
14746    0.008898
14771    0.017873
14824    0.010540
14836    0.022288
15228    0.013458
15230    0.020081
15497    0.007467
15555    0.007686
15604    0.010027
15705    0.014375
15818    0.006787
15822    0.006620
15912    0.005750
15916    0.012748
15952    0.014813
15980    0.020081
15988    0.011251
15989    0.009584
15991    0.010462
16094    0.008333
16116    0.013239
16486    0.010965
16501    0.006551
16585    0.001296
16729    0.003632
16734    0.008941
16743    0.009644
16944    0.006008
16959    0.006714
17029    0.009830
17103    0.008140
17279    0.015291
17484    0.003715
17529    0.017077
17637    0.013884
17794    0.022288
17808    0.012444
17814    0.014522
18086    0.011792
18133    0.009767
18247    0.008254
18326    0.008850
18435    0.007888
18552    0.020081
18567    0.009644
18652    0.005786
18689    0.012167
18690    0.012037
18878    0.014955
18901    0.010310
18941    0.013265
19065    0.020770
19097    0.017516
19232    0.013978
19366    0.003098
19410    0.016493
19424    0.012167
19427    0.013664
19457    0.011058
19617    0.011912
19816    0.013458
19945    0.011792
20023    0.022288
20190    0.022288
20260    0.001895
20275    0.005463
20464    0.013380
20465    0.011153
20560    0.012592
20658    0.022288
20717    0.005680
20768    0.005244
20778    0.010462
20782    0.012167
20803    0.004424
20859    0.011456
20927    0.005399
20946    0.006008
21016    0.008454
21019    0.008945
21129    0.010051
21132    0.009894
21150    0.007624
21152    0.009960
21188    0.010310
21243    0.010107
21247    0.009693
