292
70    0.013263
80    0.013263
428    0.009284
441    0.027638
443    0.010671
447    0.008582
450    0.008639
468    0.013957
744    0.010228
930    0.011674
1194    0.019023
1222    0.010031
1255    0.009074
1603    0.007759
1662    0.009759
1664    0.008879
1698    0.005245
1752    0.008472
1764    0.010554
1792    0.010441
1800    0.014383
1943    0.009592
2003    0.007718
2120    0.006131
2200    0.014383
2226    0.009759
2343    0.010228
2344    0.004669
2345    0.009143
2488    0.015503
2617    0.010333
2684    0.006503
2688    0.006753
2744    0.005178
2784    0.012247
3092    0.012469
3152    0.011674
3341    0.006201
3547    0.017418
3583    0.008479
3593    0.005566
3608    0.017418
3647    0.005455
3675    0.008116
3820    0.010923
3821    0.011674
3925    0.019023
3936    0.017418
3983    0.012972
4023    0.004824
4258    0.005365
4262    0.009511
4271    0.010228
4342    0.017418
4458    0.011852
4505    0.009434
4729    0.018895
4810    0.008116
4893    0.014383
5018    0.011199
5020    0.023663
5028    0.018867
5040    0.013957
5075    0.010092
5103    0.009284
5212    0.006696
5220    0.008314
5399    0.010031
5487    0.008263
5511    0.011674
5606    0.015503
5615    0.024639
5717    0.015038
5865    0.008697
5969    0.016298
5975    0.005930
6115    0.010031
6208    0.014887
6225    0.016298
6345    0.012043
6369    0.017418
6598    0.004988
6651    0.014319
6653    0.013263
6702    0.034836
6756    0.007298
6761    0.005296
6764    0.012972
6769    0.009937
6869    0.015503
6870    0.013957
6879    0.013957
6908    0.014342
7067    0.013589
7087    0.007977
7311    0.021588
7459    0.010671
7602    0.010333
7618    0.011852
7744    0.007718
7802    0.002563
7847    0.010554
7892    0.007519
7996    0.008213
8040    0.004897
8078    0.007776
8170    0.007677
8218    0.004697
8233    0.007406
8243    0.013957
8271    0.119653
8272    0.034556
8316    0.017418
8361    0.017418
8511    0.012972
8534    0.006225
8569    0.012247
8573    0.009511
8594    0.007443
8629    0.013957
8630    0.009965
8638    0.008023
8676    0.015503
8698    0.011506
8711    0.006696
8714    0.011506
8820    0.013263
9209    0.004408
9210    0.007228
9246    0.016298
9298    0.017418
9417    0.010441
9434    0.014887
9454    0.005604
9664    0.006477
9763    0.015503
9816    0.011348
9844    0.017418
9883    0.011506
9965    0.012972
9985    0.008697
10028    0.015503
10060    0.011674
10112    0.016298
10201    0.024495
10252    0.010794
10261    0.004838
10290    0.013391
10343    0.011674
10382    0.011506
10431    0.013957
10509    0.007888
10510    0.009434
10593    0.010228
10611    0.008164
10693    0.012709
10714    0.006696
10773    0.006584
10897    0.005643
11134    0.010923
11207    0.006933
11218    0.004136
11220    0.033172
11283    0.007718
11364    0.009759
11394    0.012043
11399    0.009074
11445    0.007844
11449    0.016298
11616    0.017418
11683    0.003642
11691    0.012043
11747    0.007194
11841    0.003191
11885    0.013263
12005    0.007776
12236    0.013957
12300    0.009914
12519    0.009230
12522    0.006348
12544    0.027223
12664    0.012709
12983    0.005623
12987    0.005550
13056    0.017418
13197    0.017418
13349    0.009937
13351    0.004536
13451    0.008582
13502    0.014887
13648    0.015503
13794    0.010671
13808    0.013957
13896    0.009847
13899    0.007759
14025    0.015503
14073    0.006696
14145    0.016627
14148    0.008582
14150    0.017759
14152    0.053971
14224    0.010031
14358    0.009937
14381    0.015503
14439    0.009311
14445    0.008263
14465    0.016298
14475    0.010554
14486    0.012469
14597    0.022398
14604    0.016544
14611    0.010441
14741    0.006902
14787    0.012469
14903    0.009759
15019    0.008164
15140    0.005296
15144    0.012972
15216    0.007370
15299    0.007558
15364    0.012972
15422    0.017418
15428    0.014887
15450    0.011674
15451    0.022398
15497    0.006477
15521    0.012469
15539    0.014887
15989    0.008314
15991    0.009074
16133    0.014887
16517    0.012247
16585    0.005619
16719    0.014887
16724    0.006724
16735    0.011506
16743    0.008365
16819    0.013589
16955    0.007558
16959    0.005824
16976    0.011506
17051    0.005662
17331    0.007160
17369    0.007677
17381    0.015503
17645    0.012709
17811    0.008639
17821    0.006812
17852    0.016298
17854    0.008526
17916    0.007060
18055    0.008817
18058    0.011199
18111    0.017418
18203    0.006425
18482    0.022115
18650    0.013263
18652    0.005019
18653    0.009847
18655    0.006178
18780    0.012972
18793    0.011674
18878    0.012972
19010    0.009674
19097    0.015193
19223    0.006996
19232    0.012124
19366    0.002687
19460    0.008968
19471    0.012469
19512    0.010671
19620    0.014383
19727    0.013957
20033    0.016298
20039    0.015503
20061    0.017418
20100    0.008023
20260    0.001643
20354    0.016298
20534    0.006450
20557    0.006399
20583    0.009008
20657    0.013589
20714    0.006373
20717    0.004927
20811    0.011057
20848    0.005019
21019    0.007759
21118    0.007481
21150    0.002204
21188    0.008943
21247    0.002803
