380
147    0.003753
230    0.009501
267    0.005596
441    0.006086
447    0.005669
453    0.006133
760    0.007712
882    0.007398
930    0.007712
948    0.009834
978    0.005182
1142    0.008237
1221    0.008237
1224    0.009220
1244    0.007049
1272    0.004664
1274    0.006182
1326    0.007130
1382    0.005994
1451    0.006080
1514    0.005707
1529    0.004917
1603    0.005126
1610    0.007955
1640    0.010241
1677    0.005211
1686    0.006283
1689    0.004065
1712    0.004500
1718    0.020483
1726    0.009220
1792    0.006897
1817    0.007955
1845    0.006182
1846    0.008922
1853    0.007601
1940    0.004367
1941    0.004097
1946    0.006447
2003    0.010196
2173    0.003806
2177    0.008569
2217    0.007955
2224    0.005300
2248    0.006626
2343    0.006757
2352    0.007049
2376    0.009501
2396    0.003443
2440    0.006690
2609    0.004868
2644    0.005561
2688    0.004461
2805    0.011506
3193    0.007130
3273    0.006690
3298    0.005632
3341    0.004097
3393    0.005950
3396    0.004278
3473    0.004500
3567    0.006010
3583    0.002801
3788    0.005784
3794    0.008395
3925    0.006283
3942    0.010984
4023    0.003187
4064    0.010766
4258    0.003544
4260    0.004622
4456    0.005240
4471    0.010241
4486    0.006391
4505    0.006232
4571    0.006447
4678    0.010307
4729    0.037445
4732    0.005950
4810    0.005361
4811    0.011052
4899    0.011339
4901    0.013794
4965    0.007955
5008    0.010241
5020    0.010421
5047    0.005950
5077    0.009220
5079    0.004177
5080    0.007829
5084    0.005950
5103    0.006133
5181    0.010241
5220    0.005492
5232    0.006972
5280    0.008090
5352    0.004664
5549    0.005561
5557    0.011506
5567    0.003591
5616    0.007829
5626    0.005425
5644    0.011506
5683    0.008976
5717    0.019867
5718    0.005300
5719    0.003628
5991    0.004686
6002    0.008976
6043    0.007601
6204    0.009834
6421    0.007398
6435    0.010766
6465    0.008090
6596    0.009646
6651    0.004730
6697    0.006391
6743    0.007304
6758    0.005570
6761    0.010495
6796    0.009834
6918    0.005098
6920    0.006336
7067    0.017953
7077    0.006564
7142    0.005596
7181    0.004261
7286    0.006232
7466    0.004500
7592    0.008395
7725    0.006972
7802    0.003386
7847    0.006972
7990    0.009501
8025    0.003498
8069    0.013943
8072    0.012771
8174    0.010766
8271    0.079041
8272    0.039947
8476    0.004081
8613    0.005269
8630    0.006583
8702    0.007955
8777    0.005492
8801    0.008761
8805    0.005425
8821    0.008569
8827    0.019003
9106    0.006447
9188    0.010241
9200    0.003476
9219    0.010241
9287    0.009220
9411    0.004849
9417    0.006897
9492    0.007712
9517    0.005958
9644    0.005361
9747    0.005182
9811    0.006182
9816    0.007497
9923    0.007829
9978    0.007955
10060    0.007712
10075    0.008569
10096    0.012266
10186    0.006391
10201    0.008090
10203    0.012771
10204    0.012771
10251    0.006897
10261    0.006392
10382    0.007601
10387    0.011506
10509    0.015632
10510    0.012463
10689    0.005330
10840    0.004349
11042    0.011506
11103    0.004346
11112    0.003544
11130    0.006283
11154    0.006336
11180    0.002863
11182    0.006336
11206    0.006232
11213    0.004065
11220    0.007304
11239    0.007497
11282    0.005994
11283    0.035687
11364    0.006447
11365    0.010241
11386    0.008663
11394    0.007955
11683    0.002406
11729    0.004193
11907    0.031317
11909    0.007304
11937    0.016791
11938    0.006972
12005    0.002568
12088    0.012771
12463    0.011506
12477    0.006897
12508    0.006447
12519    0.015243
12544    0.017983
12551    0.003325
12572    0.006826
12622    0.008976
12659    0.008627
12661    0.006505
12675    0.003946
12684    0.002688
12853    0.004065
12855    0.002954
12911    0.004112
12928    0.004664
12987    0.007332
12999    0.004205
13014    0.008425
13283    0.006897
13351    0.005992
13357    0.003576
13434    0.001160
13501    0.016224
13502    0.019668
13532    0.009501
13823    0.018849
13896    0.006505
13910    0.003510
13955    0.007829
14065    0.001509
14073    0.004423
14130    0.005425
14135    0.007304
14145    0.005492
14148    0.017007
14150    0.023462
14152    0.007130
14161    0.006826
14304    0.005784
14358    0.006564
14408    0.007497
14439    0.018452
14485    0.009415
14486    0.008237
14537    0.003591
14539    0.005669
14597    0.007398
14604    0.005464
14607    0.004331
14611    0.013794
14727    0.006283
14741    0.004560
14742    0.010429
14745    0.002929
14749    0.004367
14809    0.007955
14865    0.004942
14874    0.009201
14952    0.006039
15140    0.003498
15368    0.006086
15521    0.016473
15656    0.006757
15710    0.005393
15791    0.004917
15848    0.006447
15895    0.006972
15898    0.012771
15927    0.005330
15928    0.004461
15940    0.007712
15952    0.004244
15978    0.007712
15989    0.049427
15991    0.005994
16012    0.006336
16170    0.008569
16202    0.007601
16241    0.005425
16269    0.006086
16384    0.009834
16431    0.012771
16523    0.009220
16585    0.005197
16732    0.006354
16743    0.011052
16765    0.008237
16827    0.010241
16907    0.007112
16923    0.003544
16941    0.002387
16976    0.007601
17051    0.007481
17067    0.005269
17115    0.006336
17117    0.006242
17170    0.008976
17200    0.010241
17279    0.008761
17331    0.004730
17368    0.008237
17372    0.006283
17421    0.008761
17484    0.002129
17747    0.009834
17761    0.006626
17800    0.011506
17817    0.005950
17821    0.004500
17916    0.004664
17922    0.009079
18003    0.004868
18007    0.006690
18058    0.007398
18086    0.006757
18167    0.001965
18179    0.004560
18190    0.005866
18202    0.011506
18203    0.004244
18247    0.009459
18253    0.007049
18254    0.007497
18337    0.009501
18436    0.007601
18451    0.006391
18477    0.007955
18507    0.008976
18551    0.008090
18652    0.009946
18655    0.004081
18882    0.008264
19043    0.003533
19097    0.010037
19212    0.005211
19232    0.008009
19349    0.005425
19366    0.003550
19427    0.007829
19460    0.005924
19471    0.008237
19514    0.009220
19617    0.013651
19652    0.006897
19718    0.004868
19785    0.003521
19806    0.020483
19844    0.002389
19854    0.010241
19907    0.006972
20131    0.013513
20233    0.006283
20260    0.005428
20313    0.009834
20325    0.012771
20452    0.009119
20468    0.006757
20545    0.007304
20583    0.005950
20620    0.007613
20807    0.005492
20826    0.008976
20844    0.005333
20848    0.003315
20902    0.004210
20963    0.015910
21016    0.004844
21057    0.004331
21087    0.007429
21150    0.011650
21177    0.010241
21188    0.005907
21195    0.011989
21247    0.001851
21266    0.003454
