304
70    0.012803
80    0.012803
428    0.008962
441    0.026680
443    0.010301
447    0.008285
450    0.008339
468    0.013474
744    0.009874
883    0.012268
930    0.011269
1194    0.018364
1222    0.009683
1255    0.008760
1603    0.007490
1662    0.009421
1664    0.008572
1698    0.005063
1707    0.006879
1752    0.008178
1764    0.010188
1792    0.010079
1800    0.013885
1943    0.009259
2003    0.007450
2120    0.005918
2200    0.013885
2226    0.009421
2343    0.009874
2344    0.004507
2345    0.008826
2488    0.014966
2617    0.009974
2684    0.006278
2688    0.006519
2744    0.004999
2784    0.011823
2805    0.016814
3092    0.012036
3152    0.011269
3341    0.005986
3547    0.016814
3583    0.008185
3593    0.005373
3608    0.016814
3647    0.005266
3675    0.007835
3820    0.010544
3821    0.011269
3886    0.008512
3925    0.018364
3936    0.016814
3983    0.012522
4023    0.004657
4258    0.005179
4262    0.009182
4271    0.009874
4342    0.016814
4458    0.011441
4505    0.009107
4729    0.018240
4810    0.007835
4893    0.013885
5018    0.010811
5020    0.030457
5028    0.018213
5040    0.013474
5075    0.009742
5103    0.008962
5212    0.006463
5220    0.008025
5399    0.009683
5487    0.007976
5511    0.011269
5606    0.014966
5614    0.006409
5615    0.015857
5717    0.014516
5865    0.008396
5969    0.015733
5975    0.005724
6115    0.009683
6208    0.014371
6225    0.015733
6345    0.011625
6369    0.016814
6598    0.004815
6651    0.013823
6653    0.012803
6702    0.033629
6756    0.007045
6761    0.005112
6764    0.012522
6769    0.009593
6869    0.014966
6870    0.013474
6879    0.013474
6908    0.013845
7067    0.013118
7087    0.007700
7311    0.020840
7459    0.010301
7602    0.009974
7618    0.011441
7744    0.007450
7802    0.002474
7847    0.010188
7892    0.007258
7996    0.007928
8040    0.004727
8078    0.007507
8170    0.007411
8218    0.004534
8233    0.007149
8243    0.013474
8271    0.107805
8272    0.033358
8316    0.016814
8361    0.016814
8511    0.012522
8534    0.006010
8569    0.011823
8573    0.009182
8594    0.007185
8629    0.013474
8630    0.009620
8638    0.007744
8676    0.014966
8698    0.011107
8711    0.006463
8714    0.011107
8820    0.012803
9209    0.004256
9246    0.015733
9298    0.016814
9417    0.010079
9434    0.014371
9454    0.005410
9664    0.006252
9763    0.014966
9816    0.010955
9844    0.016814
9883    0.011107
9965    0.012522
9985    0.008396
10028    0.014966
10060    0.011269
10112    0.015733
10201    0.023646
10252    0.010420
10261    0.004671
10290    0.012927
10343    0.011269
10382    0.011107
10431    0.013474
10509    0.007614
10510    0.009107
10593    0.009874
10611    0.007881
10693    0.012268
10714    0.006463
10773    0.006356
10897    0.005447
11134    0.010544
11207    0.006693
11218    0.003993
11220    0.032022
11283    0.007450
11364    0.009421
11394    0.011625
11399    0.008760
11445    0.007572
11449    0.015733
11616    0.016814
11683    0.003516
11691    0.011625
11747    0.006944
11841    0.006160
11885    0.012803
11978    0.015733
12005    0.007507
12236    0.013474
12300    0.009571
12519    0.008910
12522    0.006128
12544    0.026280
12660    0.006723
12664    0.012268
12983    0.005428
12987    0.005358
13056    0.016814
13197    0.016814
13349    0.009593
13351    0.004378
13434    0.001695
13451    0.008285
13502    0.014371
13648    0.014966
13794    0.010301
13808    0.013474
13896    0.009505
13899    0.007490
14025    0.014966
14073    0.006463
14145    0.016051
14148    0.008285
14150    0.017143
14152    0.052100
14224    0.009683
14358    0.009593
14381    0.014966
14439    0.008988
14445    0.007976
14465    0.015733
14475    0.010188
14486    0.012036
14597    0.021622
14604    0.015971
14611    0.010079
14741    0.006663
14787    0.012036
14903    0.018841
15019    0.007881
15140    0.005112
15144    0.012522
15216    0.007114
15299    0.007296
15364    0.012522
15422    0.016814
15428    0.014371
15450    0.011269
15451    0.021622
15497    0.006252
15521    0.012036
15539    0.014371
15830    0.009339
15989    0.008025
15991    0.008760
16133    0.014371
16509    0.006436
16517    0.011823
16585    0.005424
16719    0.014371
16724    0.006491
16735    0.011107
16743    0.008075
16819    0.013118
16955    0.007296
16959    0.005622
16976    0.011107
17051    0.005466
17331    0.006911
17369    0.007411
17381    0.014966
17645    0.012268
17811    0.008339
17821    0.006576
17852    0.015733
17854    0.008231
17916    0.006816
18055    0.008512
18058    0.010811
18111    0.016814
18203    0.006202
18482    0.021348
18650    0.012803
18652    0.004845
18653    0.009505
18655    0.005964
18780    0.012522
18786    0.014371
18793    0.011269
18878    0.012522
19010    0.009339
19097    0.014667
19223    0.006754
19225    0.006278
19232    0.011704
19366    0.002594
19460    0.008657
19471    0.012036
19512    0.010301
19620    0.013885
19727    0.013474
20033    0.015733
20039    0.014966
20061    0.016814
20100    0.007744
20260    0.001586
20354    0.015733
20534    0.006227
20557    0.006177
20583    0.008696
20657    0.013118
20714    0.006152
20717    0.004756
20811    0.010674
20848    0.004845
21019    0.007490
21118    0.007221
21135    0.009683
21150    0.002128
21188    0.008633
21247    0.002706
