346
158    0.009313
441    0.006751
447    0.006289
882    0.008207
1116    0.006169
1204    0.004906
1215    0.009958
1222    0.007351
1255    0.013299
1291    0.028334
1368    0.009958
1440    0.005948
1451    0.003372
1479    0.006913
1603    0.005686
1677    0.005780
1691    0.004510
1699    0.005047
1762    0.007265
1800    0.010540
1846    0.004949
1847    0.013107
1917    0.009719
1997    0.009313
2048    0.005686
2165    0.008004
2206    0.008103
2248    0.007351
2281    0.005510
2342    0.019915
2352    0.015640
2544    0.010909
2566    0.014167
2609    0.005400
2684    0.004765
2689    0.009313
2690    0.008432
2699    0.010909
2706    0.011834
2711    0.005983
2747    0.013013
2867    0.011560
2909    0.006650
2940    0.028334
3011    0.009313
3110    0.008207
3140    0.007029
3180    0.025528
3193    0.007910
3271    0.009506
3309    0.006019
3563    0.004459
3583    0.003107
3635    0.011826
3671    0.007651
3862    0.006019
3916    0.008432
4023    0.007070
4025    0.008554
4037    0.007216
4044    0.028334
4055    0.007151
4195    0.003819
4267    0.007151
4441    0.008004
4442    0.012764
4456    0.005813
4496    0.008685
4522    0.006019
4636    0.006553
4660    0.008975
4692    0.014167
4729    0.018462
4801    0.009506
4810    0.005948
4899    0.004193
4905    0.015640
5074    0.004708
5075    0.004930
5078    0.009958
5079    0.004634
5103    0.006803
5135    0.010540
5171    0.008207
5177    0.008554
5227    0.007651
5230    0.006650
5288    0.011943
5352    0.005174
5414    0.005058
5501    0.002812
5567    0.015936
5709    0.009137
5717    0.005510
5718    0.005879
5719    0.004024
5764    0.008975
5793    0.012764
5856    0.004544
5859    0.014167
5968    0.027411
5971    0.009506
6080    0.014167
6106    0.012764
6141    0.009506
6202    0.008554
6223    0.012764
6365    0.009341
6373    0.028334
6651    0.005247
6655    0.005482
6707    0.004805
6738    0.011434
6756    0.005348
6758    0.003090
6761    0.003881
6897    0.012764
6918    0.005656
6920    0.007029
7168    0.002819
7210    0.014167
7397    0.010909
7479    0.011943
7486    0.005127
7487    0.008825
7531    0.003678
7559    0.007910
7650    0.005297
7779    0.005656
7802    0.003756
7833    0.003633
7847    0.007734
8021    0.005374
8025    0.003881
8078    0.002849
8271    0.099372
8272    0.031653
8343    0.014701
8450    0.022722
8535    0.008207
8568    0.003159
8596    0.003759
8630    0.004868
8638    0.005879
8714    0.008432
8783    0.004670
8786    0.012661
8789    0.009958
8818    0.011943
8976    0.010540
9010    0.014167
9023    0.005322
9089    0.011361
9276    0.008825
9388    0.004825
9442    0.006461
9459    0.006700
9475    0.014167
9533    0.004409
9644    0.005948
9816    0.008316
9886    0.010228
9923    0.008685
9962    0.008685
9964    0.014167
10004    0.011361
10060    0.008554
10089    0.012764
10175    0.011020
10186    0.007089
10201    0.008975
10215    0.019299
10261    0.003546
10290    0.004906
10358    0.007216
10382    0.008432
10509    0.011560
10510    0.020739
10689    0.005913
10846    0.004746
10892    0.003168
10897    0.012405
11103    0.001607
11178    0.015450
11180    0.003176
11181    0.003919
11207    0.005081
11218    0.003031
11220    0.008103
11283    0.005656
11355    0.005507
11364    0.021454
11519    0.005748
11530    0.006803
11750    0.003795
11782    0.010541
11785    0.010228
11810    0.007651
11818    0.011943
11819    0.009958
11909    0.008103
11978    0.011943
12005    0.005698
12042    0.006373
12045    0.006055
12186    0.010228
12213    0.010909
12245    0.003735
12519    0.003382
12544    0.033248
12572    0.007572
12659    0.004785
12675    0.096294
12684    0.002982
12853    0.013529
12987    0.006100
12999    0.002332
13014    0.003115
13229    0.011943
13294    0.015820
13314    0.009137
13320    0.005454
13351    0.003324
13416    0.011361
13501    0.014398
13580    0.003452
13756    0.008685
13815    0.007734
13836    0.008103
13896    0.007216
14130    0.006019
14135    0.008103
14145    0.018276
14150    0.019520
14439    0.023881
14440    0.009137
14604    0.009093
14731    0.012764
14741    0.010116
14742    0.001446
14749    0.004845
15023    0.006803
15063    0.004051
15229    0.012922
15364    0.009506
15451    0.008207
15555    0.004886
15615    0.014167
15677    0.008004
15757    0.014167
15818    0.004314
15821    0.006130
15912    0.003655
15988    0.007151
15989    0.006092
15991    0.026599
15992    0.011361
16001    0.008975
16048    0.007495
16116    0.004208
16117    0.005058
16119    0.007089
16140    0.011943
16154    0.009506
16161    0.011943
16241    0.006019
16283    0.008975
16363    0.021080
16485    0.004597
16501    0.008327
16585    0.002471
16621    0.025528
16648    0.014167
16680    0.014167
16701    0.014167
16729    0.002309
16732    0.003524
16743    0.006130
16814    0.009719
16941    0.005296
16952    0.005983
17044    0.012416
17067    0.005845
17101    0.005222
17105    0.012320
17117    0.003462
17170    0.009958
17331    0.005247
17407    0.004562
17421    0.009719
17769    0.019012
17814    0.004615
17846    0.006373
17904    0.014167
17947    0.007910
18009    0.010540
18055    0.012922
18105    0.007422
18179    0.005058
18265    0.011943
18282    0.002196
18340    0.005780
18384    0.008432
18476    0.008103
18544    0.009313
18548    0.021818
18553    0.006913
18655    0.004527
18659    0.012764
18690    0.007651
18805    0.014167
18982    0.009719
19063    0.009506
19097    0.022267
19125    0.010444
19127    0.003700
19177    0.004065
19226    0.003362
19232    0.008885
19366    0.001969
19460    0.003286
19718    0.005400
19767    0.009719
19844    0.005301
19983    0.011943
19985    0.011943
20100    0.005879
20108    0.013607
20230    0.010909
20274    0.004927
20502    0.011943
20560    0.008004
20583    0.006601
20587    0.005983
20588    0.007734
20620    0.004222
20803    0.005624
20813    0.011943
20844    0.002958
20924    0.007820
21087    0.008242
21113    0.006751
21150    0.004846
21188    0.006553
21243    0.003212
21247    0.004108
