204
147    0.006879
1244    0.012920
1245    0.008967
1382    0.010986
1603    0.009394
1686    0.011516
1741    0.004386
1847    0.010827
2003    0.009344
2142    0.023406
2217    0.014580
2226    0.011815
2229    0.012777
2344    0.005653
2352    0.012920
2684    0.007873
2747    0.010750
2867    0.019099
3193    0.013068
3271    0.015705
3298    0.010323
3563    0.007367
3583    0.005133
4056    0.015705
4072    0.014580
4195    0.006309
4461    0.008709
4729    0.015251
4811    0.010128
5043    0.003444
5047    0.010906
5075    0.004073
5220    0.020131
5281    0.018024
5495    0.004490
5567    0.013164
5683    0.049355
5708    0.012262
5719    0.006648
5856    0.007508
5898    0.011069
5925    0.012920
6129    0.011516
6756    0.026506
6758    0.010209
6761    0.025647
6908    0.005788
6994    0.012145
7220    0.017414
7349    0.012262
7493    0.010906
7847    0.012777
7987    0.009294
8021    0.008879
8181    0.015311
8271    0.048288
8272    0.031378
8323    0.008432
8568    0.005219
8596    0.006210
8630    0.012065
9118    0.022184
9209    0.005337
9388    0.007971
9533    0.007285
9947    0.005460
10064    0.010750
10183    0.023406
10186    0.011712
10235    0.023406
10382    0.013931
10509    0.009550
10689    0.009769
11010    0.018024
11103    0.002655
11112    0.006496
11117    0.005805
11118    0.009713
11121    0.013740
11153    0.015705
11180    0.005248
11181    0.025899
11218    0.005008
11242    0.030773
11364    0.035446
11503    0.010920
11683    0.017637
11750    0.012539
11841    0.003863
11907    0.057397
11909    0.013387
12005    0.004707
12084    0.009550
12110    0.006330
12166    0.008709
12519    0.016762
12520    0.018024
12659    0.007906
12664    0.015387
12675    0.079547
12853    0.007451
12855    0.005413
12864    0.007285
12985    0.016058
12987    0.006719
12995    0.011613
12999    0.003853
13014    0.020588
13351    0.005491
13357    0.003277
13434    0.002125
13501    0.017841
13544    0.015705
13601    0.010675
13820    0.042176
13899    0.009394
13939    0.013758
13995    0.023406
14065    0.002765
14145    0.050327
14148    0.020781
14150    0.032251
14152    0.013068
14161    0.012510
14320    0.007938
14339    0.009012
14439    0.039455
14537    0.006582
14604    0.010015
14719    0.012384
14738    0.018024
14741    0.008357
14742    0.011946
14874    0.008432
14920    0.012145
15063    0.006693
15210    0.008320
15334    0.011241
15677    0.026448
15895    0.012777
15899    0.018024
15910    0.016940
15912    0.006039
15947    0.013559
15988    0.011815
15989    0.010065
15991    0.021973
16003    0.012145
16202    0.013931
16237    0.012865
16363    0.034828
16384    0.036047
16485    0.007596
16585    0.002721
16743    0.010128
16772    0.009497
16923    0.006496
16941    0.004375
16959    0.014101
17067    0.009658
17447    0.011421
17484    0.003902
17529    0.008967
17914    0.013740
18167    0.003602
18253    0.012920
18254    0.013740
18387    0.018770
18652    0.006076
18656    0.013224
18887    0.010750
19097    0.009197
19226    0.011110
19232    0.007339
19366    0.003253
19373    0.014828
19426    0.013791
19464    0.006539
19536    0.014580
19557    0.024289
19608    0.014828
19617    0.025019
19630    0.015705
19718    0.008922
19773    0.005875
19985    0.019732
20260    0.007959
20308    0.019732
20324    0.016898
20388    0.023406
20452    0.025071
20557    0.007747
20587    0.009884
20588    0.012777
20620    0.006976
20678    0.012510
20713    0.006330
20768    0.005507
20803    0.009291
20844    0.004887
20845    0.009550
20848    0.006076
20955    0.017414
21247    0.006786
