79
103    0.023305
164    0.036336
298    0.042074
1941    0.022676
1950    0.047434
2265    0.047434
2277    0.014839
2737    0.048553
3267    0.063691
3571    0.026057
3915    0.039020
3917    0.045592
4511    0.048498
5057    0.048498
5495    0.013561
5719    0.020080
5925    0.039020
6318    0.070692
6452    0.036336
6487    0.042686
6629    0.070692
6755    0.044035
8781    0.021761
9155    0.032700
9178    0.070692
9510    0.025239
9873    0.022002
9966    0.049688
10578    0.123906
10655    0.056689
10942    0.023877
11112    0.058856
11667    0.092942
11729    0.023212
12005    0.056870
12157    0.070692
12307    0.042742
12660    0.025466
12684    0.014879
12809    0.070692
12900    0.060428
12987    0.010147
13877    0.029677
13886    0.017639
14065    0.008352
14322    0.032241
14485    0.026057
14604    0.015124
14611    0.038178
14742    0.007216
15212    0.035072
16165    0.044035
16167    0.037033
16485    0.022941
16766    0.027493
17072    0.037033
17074    0.026429
17372    0.034779
17643    0.021841
17814    0.023030
18282    0.021919
18383    0.066007
18477    0.044035
19043    0.019555
19085    0.033949
19169    0.028372
19266    0.020492
19410    0.013078
19437    0.098813
19453    0.071337
19608    0.044783
19741    0.033181
19830    0.029677
20064    0.070692
20215    0.045592
20377    0.070692
20601    0.024483
21266    0.019117
21307    0.046061
