325
147    0.004433
523    0.006695
539    0.006526
595    0.008522
882    0.008737
978    0.006120
1116    0.013135
1157    0.010723
1160    0.008325
1184    0.004464
1194    0.007421
1244    0.008325
1381    0.010348
1382    0.007080
1451    0.003590
1603    0.006054
1610    0.009395
1640    0.012095
1662    0.007614
1664    0.006927
1665    0.008325
1677    0.006154
1699    0.001791
1725    0.007133
1752    0.006609
1792    0.008146
1845    0.007301
1941    0.009676
1947    0.008325
1968    0.010348
2003    0.012042
2057    0.011221
2092    0.007301
2170    0.007826
2173    0.004495
2217    0.009395
2248    0.007826
2343    0.007980
2352    0.008325
2357    0.010889
2432    0.002605
2539    0.006223
2609    0.005750
2688    0.005269
2914    0.009395
3140    0.007483
3273    0.007902
3339    0.011221
3341    0.004838
3393    0.007028
3567    0.003549
3788    0.006832
3801    0.015083
3821    0.009108
3925    0.007421
4028    0.006086
4071    0.009555
4133    0.008854
4136    0.010121
4258    0.004186
4357    0.013589
4389    0.007902
4450    0.004092
4652    0.008627
4678    0.006086
4695    0.008737
4729    0.029483
4732    0.007028
4739    0.009555
4810    0.006332
4811    0.006526
4899    0.004464
4931    0.010121
5020    0.012308
5043    0.002219
5075    0.002624
5495    0.002893
5524    0.007980
5557    0.013589
5567    0.008483
5580    0.009915
5683    0.010601
5719    0.004284
5745    0.006154
5971    0.010121
6002    0.021203
6141    0.010121
6334    0.007483
6372    0.003590
6465    0.009555
6651    0.005586
6719    0.005074
6756    0.005694
6758    0.003289
6761    0.008263
6841    0.008522
6992    0.010889
7067    0.010601
7330    0.009023
7509    0.007980
7584    0.010601
7677    0.011221
7754    0.006447
7802    0.003999
7847    0.008234
7973    0.009728
7989    0.005269
8040    0.003821
8073    0.018215
8078    0.006067
8115    0.015083
8159    0.007301
8170    0.005989
8271    0.074680
8272    0.020220
8343    0.007826
8500    0.003317
8568    0.003363
8630    0.005183
8777    0.006486
8991    0.009108
9188    0.012095
9219    0.012095
9287    0.010889
9349    0.011614
9399    0.009728
9411    0.002863
9417    0.008146
9502    0.006120
9517    0.003518
9816    0.008854
9818    0.011614
9880    0.015083
9908    0.010348
9923    0.009247
9947    0.003518
10146    0.007243
10186    0.007547
10201    0.009555
10245    0.018791
10251    0.024437
10382    0.008977
10387    0.013589
10509    0.024615
10510    0.029440
10511    0.010121
10665    0.010348
10689    0.012590
10881    0.006486
10892    0.003372
11103    0.001711
11117    0.003741
11134    0.008522
11154    0.014966
11160    0.006408
11180    0.006764
11188    0.010121
11213    0.004801
11220    0.008627
11239    0.008854
11279    0.005508
11283    0.006021
11358    0.010189
11386    0.015346
11394    0.009395
11434    0.004145
11444    0.005338
11503    0.007037
11683    0.005682
11729    0.004953
11841    0.004978
11907    0.009247
11909    0.008627
12005    0.003033
12064    0.005989
12227    0.012095
12304    0.008234
12348    0.007826
12477    0.008146
12519    0.014402
12522    0.004953
12544    0.035398
12572    0.008061
12828    0.015083
12834    0.009555
12874    0.015083
12978    0.006486
12987    0.004330
12995    0.007483
12999    0.002483
13014    0.006633
13050    0.003809
13179    0.011224
13319    0.004914
13351    0.007077
13470    0.006977
13472    0.006927
13501    0.019161
13502    0.011614
13532    0.011221
13823    0.029682
13866    0.006259
13895    0.010121
13896    0.007682
13910    0.004145
14065    0.003564
14130    0.006408
14145    0.012972
14148    0.020086
14150    0.006927
14151    0.015083
14152    0.016843
14161    0.008061
14320    0.005115
14439    0.007264
14486    0.009728
14597    0.008737
14726    0.007360
14727    0.007421
14741    0.010770
14742    0.012317
14745    0.006918
14754    0.006021
14874    0.010867
14952    0.007133
15016    0.006223
15063    0.008626
15206    0.012715
15334    0.007243
15507    0.007826
15660    0.007902
15763    0.009395
15818    0.004593
15850    0.009728
15927    0.006295
15938    0.012095
15988    0.007614
15989    0.051888
15991    0.014159
16012    0.007483
16076    0.010348
16202    0.008977
16237    0.004145
16384    0.011614
16485    0.009789
16509    0.005202
16585    0.008768
16729    0.002458
16732    0.003752
16743    0.013053
16744    0.008234
16907    0.004200
16923    0.004186
16952    0.006370
17111    0.006370
17115    0.007483
17144    0.006802
17451    0.006259
17519    0.008146
17747    0.011614
17809    0.023229
17821    0.010629
17922    0.005361
18058    0.008737
18167    0.004642
18179    0.005385
18203    0.010024
18205    0.008146
18247    0.005586
18253    0.008325
18307    0.008146
18477    0.009395
18491    0.011614
18509    0.017707
18543    0.008627
18550    0.010121
18551    0.009555
18553    0.007360
18566    0.009915
18652    0.003915
18703    0.007826
18732    0.009555
18807    0.007826
18903    0.007133
19097    0.011854
19228    0.008234
19232    0.009459
19261    0.004511
19349    0.006408
19366    0.006289
19370    0.004801
19424    0.024701
19426    0.002962
19427    0.009247
19575    0.008977
19617    0.024184
19649    0.008627
19652    0.008146
19664    0.007483
19729    0.013589
19781    0.030362
19785    0.020793
19817    0.005896
19844    0.001411
20233    0.007421
20260    0.003847
20323    0.007753
20366    0.008421
20452    0.010770
20468    0.007980
20583    0.007028
20620    0.017982
20624    0.022449
20651    0.030166
20713    0.004079
20803    0.005987
20807    0.006486
20826    0.010601
20844    0.003149
20902    0.004972
21087    0.004387
21150    0.010319
21195    0.007080
21247    0.004373
21266    0.004079
