230
1128    0.021051
1156    0.020286
1157    0.007211
1184    0.006004
1247    0.010842
1603    0.016283
1666    0.020286
1699    0.002409
1712    0.007148
1740    0.007408
1746    0.006222
1810    0.060857
1941    0.013014
2248    0.031576
2375    0.012636
2432    0.003503
2618    0.035723
2684    0.013647
2688    0.014172
2926    0.018276
3269    0.015092
3563    0.006385
3583    0.004448
3693    0.011461
3774    0.013083
3788    0.009188
3911    0.007477
3961    0.015092
4023    0.005062
4071    0.012851
4133    0.047631
4195    0.010936
4450    0.011007
4729    0.013217
4732    0.009452
4774    0.009522
4775    0.013611
4803    0.013611
4810    0.008516
5043    0.005970
5075    0.017649
5079    0.006635
5171    0.011751
5272    0.017101
5417    0.013917
5537    0.008670
5539    0.013083
5614    0.006966
5864    0.012851
6036    0.019797
6099    0.014645
6120    0.017101
6319    0.009667
6328    0.011197
6365    0.006687
6372    0.019314
6651    0.007512
6673    0.026166
6776    0.016267
6793    0.015092
7111    0.020286
7129    0.010332
7176    0.010332
7191    0.013611
7346    0.016267
7425    0.026166
7466    0.014295
7476    0.011326
7632    0.009522
7634    0.011908
7709    0.009252
7714    0.008833
7753    0.005539
7802    0.002689
7813    0.017101
8073    0.012249
8078    0.004080
8269    0.018376
8271    0.092070
8272    0.027194
8452    0.013335
8581    0.008996
8622    0.006089
8630    0.003485
8964    0.024038
9003    0.007443
9118    0.006409
9276    0.012636
9518    0.004316
10004    0.032535
10060    0.012249
10221    0.013335
10332    0.012851
10376    0.012636
10421    0.008142
10445    0.008618
10509    0.066212
10750    0.040571
10820    0.015620
10892    0.058963
11103    0.002301
11121    0.011908
11218    0.004340
11224    0.013083
11282    0.009522
11355    0.003942
11364    0.020480
11417    0.013335
11519    0.008231
11528    0.006714
11531    0.013703
11570    0.006337
11697    0.012851
11782    0.005031
12042    0.027377
12166    0.007548
12245    0.005348
12505    0.007341
12546    0.040571
12572    0.010842
12613    0.009252
12618    0.008516
12684    0.004270
12983    0.005900
12999    0.003339
13008    0.008833
13014    0.004461
13311    0.008889
13434    0.001842
13515    0.011602
13529    0.008567
13535    0.036747
13639    0.013917
13886    0.005062
13899    0.008142
13937    0.015092
13939    0.005962
14065    0.002397
14120    0.017101
14145    0.061063
14148    0.009005
14150    0.018634
14152    0.022652
14185    0.034202
14222    0.011326
14340    0.008142
14406    0.006155
14426    0.012636
14430    0.007930
14439    0.004885
14490    0.009667
14566    0.020286
14678    0.015620
14742    0.010353
14863    0.009667
14867    0.015092
14889    0.013083
15140    0.005557
15204    0.006741
15410    0.008276
15507    0.010525
15774    0.018276
15779    0.009899
15844    0.012249
15910    0.007341
15927    0.008467
15989    0.034893
15991    0.009522
16026    0.008777
16237    0.011150
16486    0.009980
16585    0.001179
16729    0.003306
16732    0.005046
16744    0.011074
16944    0.010936
16952    0.008567
16953    0.015620
16958    0.008618
16987    0.040571
17051    0.005941
17125    0.012249
17188    0.017101
17303    0.011074
17351    0.011326
17529    0.038855
17810    0.012249
17814    0.006609
17846    0.045628
17907    0.025702
17916    0.007408
18055    0.009252
18167    0.003122
18179    0.014485
18198    0.012249
18282    0.009435
18359    0.028516
18553    0.009899
18561    0.024147
18584    0.013335
18731    0.010955
19065    0.009452
19112    0.010955
19169    0.016283
19223    0.007341
19309    0.007971
19410    0.011258
19426    0.003984
19507    0.011908
19673    0.014258
19707    0.006635
19773    0.005092
19830    0.008516
20260    0.001724
20307    0.016267
20467    0.014258
20468    0.010732
20550    0.016267
20582    0.007620
20847    0.027223
20868    0.004473
20924    0.011197
20927    0.009827
20946    0.010936
20956    0.016110
21091    0.013611
21150    0.004626
21247    0.002941
21261    0.010955
21266    0.010971
