48
1603    0.051070
1781    0.071891
1934    0.089438
1942    0.061593
3790    0.050262
4697    0.046685
4718    0.076835
4729    0.082909
5540    0.107271
5567    0.035783
5580    0.083648
7631    0.101055
8271    0.157507
8970    0.071891
10004    0.102040
10233    0.094668
10251    0.068721
10509    0.051916
10510    0.062091
11283    0.050797
11358    0.042978
11782    0.031560
12110    0.034410
12477    0.068721
12684    0.026783
13552    0.085380
13823    0.062603
14145    0.164156
14150    0.058442
14152    0.071045
14490    0.060635
14742    0.025977
15927    0.053109
15988    0.064232
15989    0.054719
15991    0.059726
16729    0.020738
17051    0.037268
17845    0.102040
17914    0.074693
18133    0.055758
18543    0.072778
19177    0.036510
19424    0.069463
19935    0.085380
20324    0.091865
20845    0.051916
20969    0.058442
