380
183    0.012841
481    0.005423
595    0.007255
890    0.010825
1157    0.013693
1160    0.007088
1181    0.012841
1208    0.009888
1260    0.006794
1306    0.010825
1309    0.004217
1413    0.006727
1451    0.006113
1603    0.005154
1677    0.010478
1686    0.006318
1698    0.003484
1699    0.001525
1707    0.004733
1747    0.005591
1800    0.009554
1824    0.006794
1919    0.004505
2003    0.010253
2036    0.012841
2166    0.007754
2230    0.008282
2248    0.006663
2277    0.002696
2284    0.006794
2343    0.013588
2491    0.009888
2535    0.011569
2688    0.004486
2803    0.010825
2853    0.006371
3115    0.012841
3273    0.006727
3315    0.018218
3326    0.004564
3351    0.007170
3358    0.008616
3396    0.004302
3411    0.011569
3521    0.006540
3563    0.004042
3583    0.002816
3593    0.003697
3696    0.010298
3773    0.012841
3819    0.011569
3824    0.007754
3844    0.012841
3851    0.019107
3892    0.007754
4023    0.003204
4142    0.006027
4198    0.007088
4319    0.006371
4398    0.007439
4450    0.003484
4461    0.004778
4560    0.009554
4729    0.029285
4730    0.030834
4764    0.009026
4810    0.005391
4964    0.012841
5020    0.010478
5043    0.005669
5075    0.006703
5084    0.005983
5088    0.011569
5103    0.006167
5212    0.008895
5230    0.006027
5280    0.008135
5444    0.007538
5495    0.009853
5501    0.002549
5524    0.006794
5532    0.003214
5537    0.005488
5538    0.019776
5549    0.005591
5575    0.009271
5614    0.004410
5719    0.003647
5771    0.007643
5954    0.009026
6061    0.008441
6507    0.006167
6596    0.003233
6657    0.017619
6734    0.010657
6738    0.005182
6756    0.004847
6761    0.010553
6775    0.009888
6791    0.009271
6840    0.008441
6842    0.010825
6864    0.006482
6926    0.007439
6996    0.010298
7044    0.007643
7047    0.012841
7077    0.006601
7113    0.009888
7119    0.012841
7127    0.010298
7168    0.002555
7325    0.005700
7330    0.007682
7344    0.010298
7355    0.007754
7531    0.006667
7585    0.011569
7592    0.008441
7787    0.005663
7802    0.003405
7847    0.007010
7892    0.009988
7930    0.006663
8026    0.011569
8068    0.005126
8069    0.007010
8073    0.007754
8078    0.002583
8141    0.011569
8159    0.006216
8170    0.005099
8271    0.058283
8272    0.028691
8275    0.004871
8418    0.012841
8536    0.005700
8630    0.004413
8638    0.005329
8674    0.005239
8709    0.032476
8783    0.004233
8786    0.005738
8861    0.012841
9132    0.009554
9235    0.012841
9306    0.010825
9356    0.011569
9388    0.004373
9517    0.002995
9631    0.004895
9858    0.012841
9918    0.009888
9919    0.007345
9923    0.007872
10215    0.004373
10244    0.006119
10261    0.003214
10334    0.003735
10358    0.006540
10509    0.005239
10682    0.012841
10689    0.005360
10722    0.009271
10773    0.004373
10807    0.011569
10837    0.002021
11087    0.004486
11103    0.005827
11134    0.007255
11180    0.011517
11181    0.003552
11201    0.006078
11213    0.004088
11218    0.005495
11224    0.008282
11237    0.010825
11238    0.016883
11282    0.006027
11283    0.005126
11355    0.002496
11386    0.008710
11503    0.002995
11721    0.012841
11782    0.003185
11785    0.009271
11810    0.006935
11819    0.009026
11836    0.019776
11841    0.006358
11890    0.007345
11899    0.008616
11907    0.007872
11940    0.012841
12005    0.002583
12085    0.004466
12110    0.010418
12283    0.002529
12519    0.003065
12522    0.004217
12544    0.036164
12548    0.008302
12551    0.016719
12572    0.006863
12575    0.012841
12592    0.011569
12659    0.004337
12929    0.012841
12932    0.005522
12943    0.009888
12987    0.009216
13008    0.005591
13014    0.014119
13050    0.006486
13180    0.008616
13283    0.006935
13316    0.010825
13351    0.003013
13361    0.005269
13434    0.002332
13466    0.003004
13495    0.007255
13501    0.009788
13749    0.012841
13815    0.007010
13823    0.044224
13824    0.009026
13899    0.005154
13910    0.021174
13986    0.010298
14012    0.005046
14083    0.008135
14145    0.038654
14148    0.005700
14150    0.005898
14305    0.005857
14439    0.015462
14442    0.006935
14445    0.005488
14477    0.010298
14487    0.012841
14494    0.012841
14537    0.003611
14539    0.005700
14604    0.002747
14717    0.005360
14741    0.004585
14742    0.011797
14745    0.008834
14746    0.005126
14872    0.008282
14942    0.007439
14952    0.006073
14994    0.007439
15228    0.007754
15469    0.009271
15484    0.005522
15519    0.011569
15555    0.008857
15571    0.007345
15600    0.005816
15820    0.004447
15822    0.003814
15831    0.008135
15848    0.006482
15895    0.007010
15910    0.004647
15928    0.004486
15988    0.006482
15989    0.022088
15990    0.010298
15991    0.006027
16015    0.011569
16116    0.007628
16117    0.004585
16136    0.008135
16149    0.010298
16202    0.007643
16265    0.006167
16302    0.006426
16435    0.012841
16485    0.004167
16509    0.008857
16585    0.002239
16744    0.014020
16794    0.007345
16907    0.003576
16950    0.006167
16955    0.005020
16959    0.003868
17093    0.006167
17101    0.009467
17117    0.003138
17123    0.007345
17296    0.008441
17372    0.006318
17439    0.007643
17451    0.005329
17457    0.008135
17531    0.003660
17669    0.003048
17770    0.011569
17820    0.012841
17870    0.004012
17913    0.006167
17947    0.007170
17950    0.008282
18021    0.007999
18063    0.007538
18112    0.010825
18138    0.005329
18167    0.001976
18214    0.007754
18322    0.010825
18509    0.007538
18543    0.014689
18549    0.007255
18560    0.007439
18589    0.007345
18609    0.006482
18660    0.007643
18713    0.005360
18795    0.008441
18807    0.006663
18841    0.004969
18878    0.008616
18941    0.007643
19043    0.003552
19077    0.012841
19097    0.010092
19127    0.006708
19223    0.004647
19232    0.004027
19295    0.011569
19309    0.005046
19343    0.007255
19366    0.008923
19410    0.002376
19416    0.004373
19424    0.014020
19426    0.005044
19492    0.008135
19618    0.009271
19649    0.007345
19703    0.009888
19772    0.004373
19781    0.008616
19782    0.010825
19785    0.024784
19809    0.012841
19844    0.006006
20082    0.005522
20116    0.006935
20141    0.010825
20182    0.008282
20233    0.006318
20323    0.006601
20352    0.010825
20359    0.007010
20371    0.012841
20437    0.009554
20452    0.013754
20468    0.006794
20507    0.007643
20583    0.005983
20620    0.011482
20624    0.006371
20717    0.003273
20803    0.010195
20841    0.003386
20844    0.005362
20894    0.003541
20927    0.006221
20964    0.003924
21040    0.009554
21057    0.004355
21058    0.011283
21115    0.003013
21150    0.005857
21266    0.003473
