204
80    0.019597
523    0.012680
590    0.017794
1123    0.024081
1163    0.013509
1194    0.014054
1255    0.013408
1309    0.009380
1451    0.006799
1479    0.013939
1603    0.011465
1664    0.013120
1699    0.003392
2003    0.011403
2028    0.025736
2216    0.013509
2229    0.015594
2235    0.021252
2345    0.013509
2360    0.028565
2396    0.007700
2539    0.011786
2684    0.009609
2745    0.008484
2918    0.019167
3269    0.021252
3315    0.013509
3323    0.024081
3647    0.008060
3650    0.028565
3696    0.045814
3729    0.020623
3863    0.022907
4023    0.007127
4102    0.015427
4118    0.014965
4134    0.025736
4402    0.018778
4522    0.012135
4560    0.021252
4666    0.025196
4729    0.009306
4859    0.015427
5035    0.021252
5075    0.004970
5172    0.020623
5212    0.009893
5463    0.028565
5567    0.008033
5719    0.008114
5771    0.034002
5897    0.018778
5924    0.013509
6228    0.024081
6474    0.021252
6507    0.013718
6651    0.010579
6655    0.022107
6675    0.017249
6758    0.006230
6761    0.015650
6762    0.011053
6903    0.021252
7044    0.017001
7053    0.013214
7071    0.020078
7109    0.019167
7311    0.015949
7466    0.010065
7470    0.018423
7493    0.013310
7633    0.019597
7831    0.028565
7892    0.011110
7965    0.013120
7989    0.009978
8040    0.007236
8075    0.022907
8146    0.020623
8181    0.018686
8271    0.058931
8272    0.038294
8311    0.025736
8630    0.024540
8688    0.014821
8726    0.016338
8774    0.012284
8918    0.009455
9200    0.007775
9280    0.013120
9490    0.017512
9963    0.014683
9979    0.015113
10009    0.028565
10215    0.009728
10243    0.028565
10261    0.007149
10335    0.016139
10341    0.015113
10343    0.017249
10509    0.011655
10677    0.018423
11103    0.003241
11201    0.006760
11242    0.018778
11334    0.008636
11445    0.011590
11503    0.006663
11526    0.022907
11569    0.008114
11757    0.009570
12044    0.025736
12064    0.011343
12122    0.007170
12300    0.014649
12455    0.016338
12544    0.053632
12551    0.007438
12765    0.017848
12784    0.021996
12864    0.026672
12987    0.024601
13195    0.013718
13274    0.022907
13347    0.013214
13351    0.006702
13361    0.011720
13491    0.013509
13495    0.032277
13501    0.007258
13586    0.036192
13702    0.015427
13703    0.018423
13823    0.014054
13899    0.011465
14002    0.016768
14065    0.003375
14145    0.061419
14148    0.025361
14150    0.013120
14152    0.015949
14381    0.022907
14414    0.021996
14439    0.006879
14441    0.017001
14490    0.013612
14527    0.014821
14597    0.016547
14604    0.006111
14739    0.021996
14741    0.010199
14742    0.005832
14874    0.010291
14919    0.016768
14999    0.025736
15032    0.012680
15130    0.016547
15409    0.021252
15488    0.010998
15555    0.009851
15677    0.016139
15818    0.008698
15908    0.014965
15991    0.013408
16047    0.031187
16060    0.011167
16076    0.019597
16585    0.001661
16772    0.011590
17044    0.025034
17067    0.011786
17170    0.020078
17369    0.011343
17375    0.022907
17755    0.015267
17818    0.019597
18076    0.028565
18086    0.030226
18158    0.021359
18182    0.004407
18608    0.028565
18652    0.007415
18703    0.014821
18972    0.014549
19349    0.012135
19370    0.009093
19760    0.017249
20090    0.004846
20133    0.022907
20323    0.014683
20460    0.010154
20465    0.014294
20557    0.009455
20583    0.013310
20768    0.013442
20841    0.007532
20844    0.005964
20859    0.014683
20868    0.006299
20931    0.028565
21037    0.025736
21074    0.028565
21150    0.003257
21279    0.010244
