235
147    0.012977
229    0.022077
441    0.010520
450    0.009865
883    0.014513
887    0.015939
930    0.013331
1116    0.009613
1194    0.010862
1215    0.015518
1221    0.014238
1223    0.014238
1230    0.018612
1255    0.010363
1451    0.005255
1603    0.008861
1664    0.010140
1665    0.012186
1683    0.015146
1699    0.002621
1792    0.011923
1934    0.015518
1941    0.007082
1972    0.011799
2092    0.010686
2278    0.008958
2352    0.012186
2432    0.003812
2450    0.012052
2539    0.009109
3126    0.010862
3282    0.010686
3341    0.021245
3409    0.014814
3571    0.008138
3605    0.019891
3790    0.008721
4202    0.009379
4319    0.010953
4389    0.011566
4398    0.012789
4500    0.009800
4521    0.029026
4581    0.010440
4672    0.012959
4718    0.013331
4729    0.043155
4730    0.010602
4732    0.020573
4739    0.013986
4810    0.018537
4831    0.018612
4845    0.018612
4870    0.006821
4899    0.006534
5020    0.027022
5075    0.015366
5212    0.007646
5454    0.017000
5524    0.011680
5537    0.009436
5563    0.008861
5567    0.012417
5577    0.027972
5578    0.008374
5615    0.009379
5745    0.009007
6059    0.018612
6140    0.019891
6169    0.031878
6323    0.010212
6334    0.010953
6372    0.005255
6620    0.013331
6657    0.015146
6719    0.007426
6758    0.004815
6769    0.011348
6790    0.011799
6841    0.012473
6869    0.017704
6984    0.006580
7077    0.011348
7168    0.004393
7330    0.013207
7456    0.007457
7510    0.012789
7532    0.018612
7744    0.008813
7802    0.002927
7909    0.010862
8078    0.004440
8271    0.118420
8343    0.011455
8568    0.004922
8630    0.003793
8801    0.015146
9118    0.006975
9231    0.012473
9282    0.006603
9399    0.014238
9417    0.011923
9502    0.008958
9785    0.014814
9816    0.012959
9834    0.012789
9908    0.015146
9923    0.027069
9947    0.005150
10060    0.013331
10146    0.010602
10175    0.008586
10201    0.013986
10509    0.027022
10510    0.010773
10881    0.009494
10892    0.009872
10897    0.006444
11103    0.005009
11117    0.005476
11134    0.024946
11154    0.032859
11203    0.007779
11213    0.007028
11220    0.012627
11239    0.012959
11283    0.017627
11330    0.026279
11358    0.007457
11386    0.007487
11394    0.013752
11434    0.006067
11503    0.005150
11569    0.006271
11587    0.012186
11608    0.017704
11747    0.008215
11836    0.017000
11899    0.014814
12110    0.005970
12304    0.012052
12477    0.011923
12519    0.005270
12522    0.014499
12544    0.020725
12572    0.023599
12577    0.031035
12834    0.013986
12978    0.009494
13179    0.016429
13316    0.018612
13348    0.009007
13351    0.015539
13501    0.022437
13640    0.015146
13823    0.032585
14012    0.008675
14026    0.018612
14073    0.007646
14140    0.012627
14145    0.009494
14148    0.029401
14152    0.012326
14198    0.018612
14320    0.007487
14439    0.010633
14597    0.012789
14741    0.007882
14742    0.018028
14746    0.008813
14874    0.007953
15137    0.012473
15313    0.022077
15660    0.011566
15763    0.013752
15910    0.007989
15938    0.017704
15989    0.028481
15990    0.017704
16485    0.007164
16585    0.002567
16729    0.010794
16743    0.019105
17051    0.006466
17117    0.005395
17358    0.012789
17366    0.008416
17478    0.012789
17484    0.003680
17809    0.017000
17811    0.009865
17821    0.007779
18058    0.012789
18203    0.014673
18247    0.008176
18452    0.011680
18477    0.013752
18482    0.012627
18509    0.012959
18543    0.025254
18548    0.017000
18550    0.014814
18553    0.010773
18652    0.005731
18732    0.013986
18784    0.010520
19232    0.006923
19366    0.009205
19391    0.019891
19424    0.024104
19426    0.004336
19460    0.005121
19575    0.013140
19649    0.012627
19785    0.018261
19816    0.013331
20050    0.027972
20233    0.010862
20323    0.011348
20352    0.018612
20366    0.012326
20452    0.007882
20507    0.013140
20545    0.012627
20583    0.010287
20620    0.006580
20624    0.010953
20713    0.005970
20717    0.011253
20785    0.007487
20807    0.009494
20826    0.015518
20844    0.009219
21019    0.008861
21247    0.009602
