277
147    0.011088
219    0.005235
230    0.014034
441    0.008989
450    0.008429
882    0.010927
883    0.012401
889    0.014034
930    0.011391
1116    0.008214
1133    0.018864
1157    0.006705
1194    0.009281
1215    0.013259
1221    0.012166
1223    0.012166
1230    0.015903
1255    0.008854
1451    0.004490
1603    0.007571
1664    0.008664
1665    0.010412
1681    0.007740
1699    0.002240
1700    0.015903
1792    0.010188
1934    0.013259
1941    0.006051
1972    0.010082
2092    0.009131
2278    0.007654
2352    0.010412
2432    0.003258
2450    0.010298
2492    0.014034
2539    0.007783
2706    0.005252
3126    0.009281
3282    0.009131
3341    0.018153
3409    0.012657
3605    0.016996
3657    0.015127
3790    0.007451
3892    0.011391
3921    0.011227
4202    0.008014
4319    0.009359
4389    0.009882
4500    0.008374
4521    0.024801
4581    0.008921
4672    0.011073
4718    0.011391
4729    0.043019
4730    0.009059
4732    0.017579
4739    0.011950
4810    0.023758
4831    0.015903
4844    0.018864
4870    0.005828
4899    0.005583
5020    0.023089
5075    0.013130
5093    0.007783
5212    0.006533
5232    0.010298
5454    0.014526
5524    0.009980
5537    0.024187
5563    0.007571
5567    0.010610
5577    0.011950
5578    0.007156
5580    0.012401
5615    0.008014
5745    0.007696
5771    0.011227
5971    0.012657
6059    0.015903
6140    0.016996
6169    0.013619
6171    0.010188
6323    0.008726
6334    0.009359
6372    0.004490
6620    0.011391
6657    0.012941
6719    0.006345
6758    0.004114
6769    0.009696
6790    0.010082
6864    0.009522
6869    0.015127
6891    0.009522
6984    0.005622
7077    0.009696
7168    0.003754
7330    0.011284
7456    0.006371
7509    0.009980
7510    0.010927
7532    0.015903
7744    0.007531
7802    0.002501
7856    0.011565
7874    0.016996
7909    0.009281
8078    0.003794
8271    0.124534
8272    0.008429
8343    0.009788
8568    0.004206
8630    0.003241
8777    0.008112
8801    0.012941
9080    0.018864
9118    0.005960
9231    0.010658
9282    0.005642
9399    0.012166
9417    0.010188
9502    0.007654
9517    0.004400
9657    0.015127
9785    0.012657
9816    0.011073
9834    0.010927
9908    0.012941
9923    0.034694
9947    0.004400
10060    0.011391
10146    0.009059
10201    0.011950
10509    0.023089
10510    0.009205
10881    0.008112
10892    0.008436
10897    0.005506
11103    0.004280
11112    0.005235
11134    0.021315
11154    0.046794
11180    0.004230
11203    0.006647
11213    0.006005
11220    0.010789
11239    0.011073
11255    0.012941
11283    0.015061
11330    0.022454
11386    0.006398
11394    0.011751
11434    0.005184
11503    0.004400
11569    0.005358
11587    0.010412
11608    0.015127
11609    0.011751
11836    0.014526
11899    0.012657
11952    0.018864
12110    0.005101
12304    0.010298
12477    0.010188
12508    0.009522
12519    0.004503
12522    0.012388
12544    0.017709
12572    0.030246
12577    0.026518
12659    0.006371
12834    0.011950
12978    0.008112
13050    0.004764
13070    0.018262
13179    0.021057
13316    0.015903
13348    0.007696
13351    0.013277
13432    0.016996
13501    0.014379
13590    0.012657
13640    0.012941
13823    0.027842
13824    0.013259
14012    0.007412
14026    0.015903
14073    0.006533
14113    0.012657
14140    0.010789
14145    0.008112
14148    0.033495
14150    0.008664
14152    0.010532
14198    0.015903
14320    0.006398
14439    0.013628
14597    0.010927
14741    0.006735
14742    0.015404
14745    0.004326
14746    0.007531
14874    0.006796
15431    0.015127
15624    0.018864
15660    0.009882
15697    0.010188
15895    0.010298
15910    0.006826
15938    0.015127
15989    0.024336
15990    0.015127
16060    0.007374
16485    0.006122
16585    0.002193
16729    0.009223
16743    0.016325
17051    0.005525
17115    0.009359
17117    0.004610
17358    0.010927
17366    0.007191
17484    0.003145
17809    0.014526
17811    0.008429
17821    0.006647
17830    0.006618
18058    0.010927
18203    0.012537
18247    0.006986
18282    0.002925
18452    0.009980
18477    0.011751
18482    0.010789
18509    0.011073
18543    0.021578
18548    0.014526
18550    0.012657
18551    0.011950
18652    0.004897
18732    0.011950
18784    0.008989
19232    0.005915
19261    0.005642
19366    0.007865
19391    0.016996
19424    0.020595
19426    0.003705
19460    0.004375
19503    0.008162
19575    0.011227
19649    0.010789
19785    0.005201
19816    0.011391
20050    0.023901
20060    0.018864
20233    0.009281
20323    0.009696
20352    0.015903
20366    0.010532
20452    0.006735
20507    0.011227
20545    0.010789
20583    0.008789
20620    0.011245
20624    0.018718
20688    0.008854
20713    0.005101
20717    0.009615
20785    0.006398
20807    0.008112
20826    0.013259
20844    0.007877
21019    0.007571
21247    0.008204
