258
12    0.014698
32    0.014698
219    0.004527
1097    0.005465
1157    0.005799
1272    0.005958
1276    0.007601
1309    0.005357
1451    0.003883
1699    0.001937
1725    0.038574
1862    0.003325
1924    0.009330
1996    0.013753
2008    0.015092
2102    0.004083
2173    0.004862
2216    0.007715
2378    0.026164
2432    0.014086
2457    0.009576
2487    0.011192
2556    0.045865
2571    0.037686
2628    0.016314
2706    0.004542
2711    0.006889
2747    0.014985
2867    0.006656
2872    0.007339
2936    0.011466
3089    0.003894
3126    0.008026
3521    0.008309
3536    0.012562
3563    0.005135
3607    0.009450
3675    0.006849
3702    0.016314
3726    0.005698
3789    0.006770
3808    0.013082
3868    0.016314
4023    0.004070
4195    0.004397
4240    0.006685
4362    0.131678
4380    0.003129
4500    0.007242
4576    0.008163
4636    0.007546
4637    0.008026
4639    0.008026
4666    0.007195
4708    0.011466
4760    0.013082
4774    0.007657
4824    0.013082
4826    0.012562
4827    0.013753
4870    0.005040
4871    0.006809
4899    0.004828
5043    0.012002
5074    0.005421
5075    0.002839
5079    0.005336
5501    0.003238
5628    0.009330
5932    0.014698
6049    0.007715
6596    0.008215
6628    0.015120
6707    0.005533
6714    0.044527
6715    0.035241
6718    0.011466
6828    0.012026
6872    0.012562
6908    0.004034
6937    0.008810
6984    0.004862
7168    0.003246
7441    0.007834
7493    0.007601
7537    0.009851
7559    0.009108
7802    0.002163
7902    0.008163
8116    0.003538
8225    0.011192
8300    0.009217
8323    0.005877
8446    0.004426
8500    0.010762
8505    0.006547
8568    0.007275
8596    0.004328
8845    0.005748
9005    0.008631
9110    0.012137
9126    0.007389
9455    0.015921
9459    0.007715
9482    0.012137
9842    0.016314
9873    0.005077
9991    0.007715
10175    0.006345
10220    0.008235
10261    0.004083
10291    0.009851
10308    0.013082
10411    0.045587
10413    0.024705
10414    0.016314
10417    0.018661
10560    0.010946
10569    0.010521
10802    0.012137
10837    0.002567
10840    0.005556
11109    0.024274
11181    0.004513
11218    0.003490
11444    0.011546
11517    0.011192
11683    0.003073
11984    0.006656
12048    0.006281
12085    0.028370
12162    0.015314
12230    0.015176
12283    0.003212
12300    0.004183
12345    0.008909
12413    0.008235
12493    0.009450
12591    0.009690
12683    0.048548
12765    0.005096
12904    0.004274
12928    0.005958
12932    0.014030
12942    0.020324
13157    0.006930
13177    0.008905
13194    0.014698
13196    0.014698
13319    0.005315
13351    0.003827
13357    0.002284
13800    0.008094
13803    0.032104
13886    0.004070
13896    0.008309
13906    0.008026
13930    0.009330
14012    0.044872
14063    0.005077
14099    0.015793
14124    0.006547
14303    0.004697
14430    0.006377
14523    0.006547
14537    0.004588
14664    0.013082
14741    0.005824
14742    0.003330
14796    0.010426
14824    0.007715
14874    0.011754
14982    0.010001
15006    0.008235
15035    0.013753
15047    0.013753
15204    0.005421
15540    0.010724
15712    0.010426
15818    0.004967
15821    0.007059
15822    0.004845
15911    0.008546
16024    0.008719
16025    0.011466
16052    0.013753
16060    0.006377
16116    0.009690
16119    0.016326
16257    0.011192
16585    0.014225
16732    0.004058
16923    0.004527
16937    0.009576
16941    0.003049
16944    0.004397
16953    0.012562
16993    0.016314
17117    0.003987
17126    0.013753
17366    0.006219
17407    0.010506
17413    0.030404
17484    0.002719
17531    0.004649
17830    0.005723
17974    0.013753
18005    0.004158
18037    0.007601
18086    0.008631
18098    0.006512
18133    0.007148
18182    0.020133
18319    0.027326
18326    0.006478
18329    0.009330
18435    0.028866
18565    0.009576
18647    0.016314
18652    0.016939
18841    0.006312
18848    0.042085
18882    0.003519
19033    0.026164
19043    0.004513
19170    0.021448
19204    0.006478
19226    0.003872
19366    0.006802
19426    0.006408
19523    0.008631
19736    0.006583
19785    0.004498
20090    0.022142
20175    0.012137
20260    0.004160
20282    0.007135
20534    0.059874
20629    0.008094
20713    0.017646
20716    0.012888
20745    0.007195
20760    0.007103
20793    0.014698
20841    0.012904
20844    0.003406
20927    0.011855
20993    0.005851
20998    0.008631
21020    0.009217
21115    0.003827
21129    0.003678
21135    0.008464
21150    0.007441
21187    0.010521
21243    0.003699
21247    0.002365
21253    0.003587
