43
333    0.037266
1746    0.045670
2277    0.031257
2745    0.044224
3039    0.049285
3089    0.035545
3733    0.059443
4380    0.057128
4450    0.040397
4486    0.074511
4695    0.086257
5274    0.091286
6299    0.114661
7364    0.074511
7595    0.048322
7756    0.110782
8446    0.040397
9644    0.062512
9751    0.089913
10837    0.023433
11103    0.016893
12122    0.074756
12245    0.039260
12414    0.079583
12551    0.038774
13014    0.032743
14091    0.125530
15686    0.052929
15822    0.044224
15908    0.078006
16030    0.109264
16082    0.097885
16734    0.029868
17252    0.148904
17669    0.035340
19133    0.084127
19212    0.060753
19773    0.037378
19844    0.027857
20260    0.012658
20282    0.032563
20824    0.060088
21253    0.032743
