378
96    0.009943
288    0.005155
433    0.007797
450    0.011540
610    0.004874
790    0.009607
889    0.009607
985    0.007916
1008    0.009943
1194    0.006353
1202    0.009322
1242    0.004631
1245    0.004947
1278    0.005770
1280    0.009607
1309    0.004240
1436    0.004652
1451    0.003073
1603    0.005182
1610    0.008043
1627    0.012912
1676    0.007797
1689    0.004110
1698    0.003503
1699    0.003066
1846    0.004510
1862    0.002632
1863    0.007209
1939    0.018644
1955    0.011634
1972    0.006901
2003    0.010309
2084    0.004510
2093    0.003862
2343    0.006831
2492    0.009607
2506    0.012912
2681    0.009943
2706    0.003595
2872    0.005809
2968    0.006061
3013    0.006201
3214    0.012912
3289    0.008664
3442    0.010355
3521    0.006577
3527    0.012912
3632    0.005298
3733    0.005155
3763    0.010885
3824    0.007797
3851    0.009607
3858    0.005732
3892    0.007797
3903    0.004874
3921    0.007685
3923    0.011634
3925    0.006353
3944    0.004095
4023    0.003222
4071    0.008180
4072    0.008043
4188    0.007797
4198    0.007127
4240    0.002646
4266    0.011634
4319    0.019219
4402    0.008488
4450    0.003503
4456    0.005298
4647    0.012912
4729    0.025240
4730    0.006201
4851    0.010885
4871    0.005389
4954    0.010885
5018    0.007480
5020    0.010536
5043    0.003800
5075    0.002247
5079    0.008446
5182    0.010355
5264    0.006153
5304    0.019213
5352    0.004716
5495    0.002477
5511    0.015594
5545    0.008328
5549    0.011245
5562    0.006577
5616    0.007916
5639    0.017328
5717    0.005022
5971    0.008664
5988    0.005239
5991    0.009475
6090    0.010355
6173    0.010885
6319    0.006153
6340    0.023748
6365    0.004257
6372    0.003073
6425    0.006700
6532    0.006201
6596    0.003251
6655    0.014989
6756    0.004874
6758    0.014080
6761    0.007074
6762    0.004996
6835    0.008858
6919    0.012912
6920    0.006406
6931    0.006901
7008    0.009322
7053    0.005973
7117    0.005770
7168    0.002570
7393    0.005770
7428    0.009943
7456    0.008722
7459    0.007127
7486    0.004673
7583    0.006901
7591    0.010885
7673    0.010885
7697    0.008488
7770    0.019554
7802    0.003424
7833    0.003311
7860    0.007295
7987    0.005127
8025    0.003537
8040    0.006542
8073    0.007797
8078    0.012985
8101    0.005553
8116    0.002800
8141    0.011634
8159    0.006250
8170    0.005127
8181    0.004223
8271    0.047950
8272    0.017310
8287    0.010355
8500    0.002839
8594    0.004971
8630    0.017748
8649    0.012912
8653    0.012912
8771    0.023267
8849    0.012912
8977    0.008180
8981    0.008180
9200    0.003514
9280    0.011861
9360    0.010355
9388    0.013192
9477    0.010885
9812    0.004510
9917    0.009322
9919    0.022156
9947    0.003012
10064    0.005930
10069    0.009076
10129    0.009322
10162    0.008043
10175    0.005022
10215    0.013192
10244    0.006153
10251    0.006973
10261    0.003232
10334    0.003756
10335    0.007295
10341    0.006831
10509    0.005268
10515    0.009322
10678    0.011634
10714    0.008944
10861    0.010355
11103    0.008789
11146    0.004308
11178    0.009388
11180    0.002895
11181    0.003572
11184    0.005973
11218    0.005525
11237    0.021771
11238    0.008488
11364    0.006518
11386    0.004379
11434    0.003549
11440    0.006518
11459    0.011634
11503    0.006024
11569    0.003668
11683    0.004865
11782    0.003203
11841    0.002131
12005    0.002597
12122    0.003241
12166    0.004805
12283    0.002543
12345    0.003526
12346    0.007685
12484    0.009322
12523    0.009607
12544    0.036365
12548    0.004174
12551    0.016811
12577    0.009076
12591    0.007670
12927    0.004361
12928    0.004716
12983    0.003756
12987    0.007414
13014    0.005679
13173    0.009943
13246    0.008180
13351    0.009088
13353    0.004996
13355    0.006007
13357    0.003616
13434    0.001172
13476    0.008664
13501    0.009842
13503    0.012912
13529    0.010906
13544    0.008664
13680    0.010885
13681    0.012912
13703    0.008328
13760    0.007385
13794    0.021382
13823    0.088938
13824    0.027227
13848    0.010885
13869    0.008858
13879    0.009607
13899    0.015547
13910    0.007097
14065    0.003051
14073    0.013416
14083    0.016360
14111    0.009943
14145    0.038868
14150    0.023722
14323    0.004510
14409    0.012912
14439    0.003109
14441    0.007685
14485    0.004760
14526    0.008328
14604    0.005525
14607    0.004379
14669    0.008328
14741    0.009220
14742    0.003954
14745    0.011844
14746    0.005155
14757    0.010885
14796    0.004126
14827    0.011634
14828    0.012912
14873    0.009943
14894    0.021771
14944    0.005239
15063    0.003692
15135    0.006153
15394    0.008180
15409    0.009607
15518    0.009943
15519    0.011634
15555    0.004453
15583    0.007480
15623    0.004947
15642    0.008488
15758    0.012912
15763    0.008043
15818    0.003932
15820    0.004472
15822    0.003835
15878    0.007685
15917    0.007685
15989    0.005553
15990    0.010355
16116    0.003835
16124    0.012912
16161    0.010885
16257    0.008858
16268    0.014770
16350    0.010355
16485    0.004190
16501    0.007590
16585    0.003002
16729    0.004209
16732    0.003212
16744    0.007049
16772    0.005239
16815    0.007209
16925    0.008043
16941    0.002414
17037    0.004079
17051    0.003782
17108    0.004971
17144    0.008734
17167    0.007916
17402    0.009943
17484    0.004305
17531    0.003680
17660    0.010885
17669    0.012258
17914    0.007580
17921    0.012912
17964    0.013529
18123    0.011634
18159    0.004947
18203    0.004291
18282    0.006006
18317    0.005182
18319    0.004326
18338    0.009943
18383    0.004019
18411    0.005389
18435    0.004570
18440    0.007916
18452    0.006831
18509    0.007580
18544    0.008488
18551    0.016360
18553    0.006301
18670    0.004491
18689    0.007049
18807    0.006700
18878    0.008664
18962    0.018182
19127    0.003373
19232    0.004049
19262    0.004379
19327    0.003047
19366    0.003589
19410    0.002389
19424    0.007049
19426    0.002536
19427    0.007916
19448    0.007797
19460    0.002995
19464    0.003607
19492    0.008180
19512    0.007127
19609    0.008328
19618    0.009322
19816    0.007797
19844    0.002416
19905    0.006250
19934    0.011634
20050    0.008180
20073    0.009322
20193    0.011634
20323    0.006637
20359    0.007049
20367    0.010355
20439    0.006700
20452    0.004610
20467    0.009076
20482    0.008488
20487    0.007797
20583    0.006016
20620    0.003848
20624    0.006406
20653    0.012912
20803    0.005126
20841    0.010213
20842    0.008488
20844    0.008088
20964    0.011838
21150    0.004417
21243    0.002928
