208
246    0.008323
552    0.009110
567    0.016962
688    0.016556
787    0.018583
1096    0.020344
1157    0.008578
1326    0.013474
1363    0.017423
1451    0.005744
1824    0.012768
1862    0.004918
1889    0.013803
1943    0.011973
1949    0.008085
2084    0.008430
2102    0.006040
2113    0.009792
2422    0.021743
2508    0.010252
2644    0.010508
2675    0.010072
2684    0.008118
2706    0.013439
2737    0.033150
2824    0.024133
2985    0.012521
3396    0.032339
3397    0.009792
3563    0.007596
3567    0.011356
3575    0.011873
3618    0.008358
3647    0.006809
3734    0.010931
3842    0.015663
3921    0.014363
3975    0.033925
4151    0.010442
4227    0.020344
4258    0.006697
4492    0.008694
4899    0.007142
4916    0.016556
5044    0.010378
5075    0.004199
5260    0.029375
5264    0.011500
5495    0.004629
5620    0.013980
5707    0.013321
5717    0.009386
5737    0.012291
5739    0.045650
5757    0.019352
5975    0.007402
6430    0.010508
6446    0.021743
6513    0.021743
6758    0.010526
6762    0.018676
6809    0.010314
7168    0.014407
7173    0.009901
7178    0.010131
7228    0.011681
7443    0.017423
7486    0.008733
7619    0.022702
7709    0.011006
8275    0.009154
8317    0.018583
8395    0.021713
8407    0.010442
8417    0.008085
8756    0.015288
9077    0.013474
9153    0.008895
9177    0.012291
9517    0.005629
9533    0.007511
9664    0.024254
9798    0.006764
9812    0.008430
9981    0.015864
10146    0.011589
10611    0.010191
10646    0.012642
10942    0.057057
11180    0.005411
11201    0.011422
11282    0.011327
11413    0.014363
11566    0.011244
11857    0.012076
11858    0.013174
11863    0.015288
11947    0.023946
12005    0.004854
12307    0.051069
12309    0.008937
12365    0.009022
12560    0.013980
12684    0.010159
12711    0.016556
12853    0.007682
12907    0.009686
12920    0.012405
12958    0.032386
13010    0.024133
13179    0.008980
13348    0.009846
13462    0.010643
13492    0.011681
13501    0.024526
13644    0.013634
13647    0.006403
13877    0.030394
13939    0.007093
14065    0.011404
14406    0.007322
14425    0.028391
14427    0.015033
14485    0.008895
14590    0.017423
14604    0.010326
14631    0.019352
14742    0.004927
15016    0.019915
15299    0.009434
15344    0.008813
15468    0.009532
15808    0.016962
15906    0.016645
15964    0.024133
15978    0.014572
15997    0.014363
16060    0.009434
16083    0.018583
16129    0.016962
16167    0.012642
16252    0.013033
16333    0.011973
16501    0.007093
16585    0.001403
16729    0.003933
16959    0.007270
17067    0.009957
17075    0.009386
17117    0.005897
17144    0.010883
17316    0.015564
17480    0.010931
17484    0.004023
17495    0.019352
17635    0.014795
17642    0.020344
17643    0.029824
17678    0.016193
17788    0.014795
17825    0.024133
17950    0.015564
18005    0.006150
18106    0.014363
18167    0.011141
18186    0.027197
18190    0.011084
18203    0.008020
18326    0.009583
18335    0.014572
18383    0.037556
18689    0.013174
18887    0.011084
18993    0.022825
19043    0.013351
19045    0.024133
19177    0.006924
19266    0.020987
19278    0.004329
19410    0.004465
19460    0.039181
19536    0.015033
19543    0.008540
19707    0.007893
19757    0.011973
19820    0.008151
19822    0.013174
20260    0.002052
20601    0.025074
20627    0.009686
20630    0.017954
20657    0.016962
20688    0.011327
20714    0.007956
20758    0.012642
20969    0.011084
21005    0.007712
21052    0.014572
21057    0.008185
21058    0.007068
21087    0.014039
21129    0.010883
21132    0.010713
21150    0.002752
21247    0.003499
21306    0.009483
21310    0.009792
21352    0.024133
