159
219    0.009119
333    0.008223
370    0.013187
451    0.011477
760    0.019840
786    0.012844
796    0.018345
1283    0.008773
1471    0.040286
1490    0.008829
1614    0.041140
1741    0.012315
1746    0.020155
1862    0.006697
2014    0.052188
2047    0.018665
2119    0.014985
2277    0.013794
2745    0.009758
2947    0.011836
2968    0.015422
3077    0.012343
3089    0.007843
3107    0.027699
3286    0.017936
3309    0.055834
3483    0.013259
3647    0.009271
3675    0.041381
3733    0.013117
3789    0.013635
4087    0.020143
4133    0.019287
4135    0.013875
4380    0.006303
4536    0.013713
4581    0.015538
4662    0.011628
4697    0.012055
4969    0.023094
5043    0.004835
5399    0.017048
5769    0.009271
5806    0.015199
5822    0.023721
5941    0.021191
5977    0.008885
6050    0.011190
6598    0.008477
6828    0.012111
7377    0.046046
7378    0.016889
7833    0.008425
8019    0.007912
8025    0.009000
8040    0.008323
8218    0.007982
8845    0.011577
9003    0.012055
9136    0.014217
9153    0.012111
9304    0.016033
9364    0.011007
9484    0.025428
9526    0.016889
9993    0.023721
10074    0.009428
10105    0.056185
10252    0.018345
10421    0.013187
10498    0.025301
10816    0.023094
10837    0.010341
10840    0.011190
11103    0.003727
11112    0.009119
11223    0.018792
11289    0.012403
11984    0.013406
12005    0.006608
12049    0.020467
12122    0.008248
12283    0.006470
12345    0.008971
12455    0.018792
12591    0.009758
12904    0.008609
12947    0.014585
13008    0.014306
13050    0.008298
13310    0.020143
13313    0.026348
13319    0.010704
13351    0.007709
13383    0.032857
13434    0.005967
13647    0.008718
13836    0.018792
13909    0.012978
14131    0.015657
14137    0.013635
14425    0.015462
14439    0.007912
14498    0.008745
14655    0.024445
14780    0.016735
14798    0.023094
15218    0.020467
15239    0.033172
15712    0.010499
15775    0.018792
15836    0.022047
15907    0.009897
15982    0.022047
15983    0.012844
16237    0.009030
16293    0.094884
16359    0.027699
16360    0.059205
16585    0.003820
16592    0.007068
16707    0.094692
16708    0.022541
16724    0.011428
16732    0.016348
16907    0.009149
17484    0.005477
17632    0.034767
17669    0.015596
17931    0.015091
17944    0.020815
18005    0.008374
18091    0.018563
18158    0.012284
18382    0.012463
18703    0.017048
18883    0.010077
19278    0.017683
19327    0.007753
19426    0.006453
19480    0.015422
19541    0.021191
19751    0.015422
19844    0.009220
20007    0.032857
20068    0.020143
20260    0.011172
20282    0.007185
20841    0.025989
20842    0.021599
20844    0.006860
20845    0.013406
20983    0.010264
21083    0.013713
21115    0.007709
21120    0.021079
21122    0.010789
21243    0.007450
21253    0.007225
