288
147    0.005370
158    0.012012
437    0.012261
450    0.008165
731    0.010875
890    0.030809
978    0.007414
987    0.016463
1066    0.009975
1157    0.006495
1160    0.010086
1309    0.006000
1365    0.011202
1479    0.008916
1603    0.007334
1662    0.009224
1664    0.008392
1781    0.020647
1847    0.008453
1941    0.005861
1947    0.010086
1972    0.009766
2003    0.007295
2040    0.013595
2342    0.012844
2352    0.010086
2380    0.008276
2432    0.003155
2458    0.008707
2618    0.021452
2710    0.006767
2723    0.005105
2819    0.005795
2853    0.009066
2894    0.015404
2914    0.011382
3273    0.009573
3278    0.010875
3327    0.008111
3394    0.016463
3521    0.009307
3563    0.005751
3644    0.010585
3688    0.008392
3809    0.013192
3851    0.013595
3886    0.016668
4023    0.004559
4111    0.015404
4142    0.008577
4522    0.007763
4729    0.011906
4732    0.017028
4764    0.012844
5020    0.014911
5075    0.006359
5079    0.011953
5177    0.011034
5178    0.022765
5220    0.007858
5304    0.040784
5305    0.032926
5483    0.013595
5511    0.055169
5549    0.007956
5578    0.006931
5602    0.017028
5604    0.016463
5694    0.011382
5717    0.021320
5719    0.010381
5971    0.012261
6035    0.024522
6141    0.012261
6169    0.013192
6171    0.009868
6238    0.014653
6269    0.012261
6323    0.008453
6378    0.010726
6435    0.015404
6472    0.010086
6651    0.006767
6758    0.003985
6761    0.015016
7056    0.015404
7168    0.003636
7493    0.008514
7754    0.007810
7847    0.009975
7892    0.014213
8078    0.007350
8153    0.009392
8170    0.007256
8181    0.005976
8218    0.004439
8271    0.060316
8272    0.008165
8323    0.006583
8446    0.004957
8500    0.004018
8596    0.004848
8630    0.009419
8714    0.010875
8737    0.010585
8756    0.011576
9141    0.012012
9209    0.012500
9280    0.008392
9291    0.016463
9355    0.014071
9411    0.003469
9432    0.023152
9454    0.005297
9517    0.004262
9796    0.016463
9816    0.010726
9835    0.016463
9978    0.011382
9979    0.009668
10064    0.016785
10175    0.007107
10186    0.009144
10247    0.008165
10249    0.015404
10251    0.009868
10261    0.004573
10262    0.015404
10290    0.006328
10338    0.005225
10358    0.009307
10365    0.016463
10376    0.011382
10509    0.014911
10510    0.008916
10515    0.013192
10594    0.016463
10689    0.007627
10897    0.010667
11007    0.009224
11103    0.002073
11112    0.005071
11123    0.014653
11134    0.010324
11154    0.018131
11180    0.004097
11181    0.005055
11206    0.008916
11218    0.007819
11249    0.013595
11283    0.007295
11434    0.005022
11444    0.006467
11569    0.005190
11609    0.011382
11611    0.013192
11629    0.025687
11797    0.026384
11841    0.003016
11909    0.010451
12005    0.003675
12345    0.009979
12519    0.004362
12522    0.006000
12544    0.025731
12577    0.012844
12648    0.010451
12684    0.003846
12834    0.011576
12941    0.010585
12978    0.007858
12987    0.013114
13014    0.008036
13050    0.004615
13246    0.011576
13347    0.008453
13351    0.008574
13466    0.004275
13501    0.009285
13508    0.014653
13512    0.015404
13592    0.012536
13647    0.004848
13823    0.071920
13824    0.012844
13910    0.010044
13939    0.010741
14028    0.012261
14065    0.002159
14083    0.057879
14093    0.007763
14099    0.008845
14135    0.010451
14145    0.023573
14148    0.024334
14150    0.008392
14152    0.010202
14178    0.016463
14323    0.006383
14385    0.012012
14439    0.022001
14442    0.009868
14527    0.009481
14537    0.005139
14604    0.007819
14741    0.006524
14742    0.003730
14745    0.004190
14796    0.011678
14835    0.012261
14900    0.012012
14952    0.008641
15299    0.007143
15431    0.014653
15591    0.007810
15695    0.006832
15895    0.009975
15989    0.015716
16026    0.007907
16050    0.013192
16322    0.016463
16401    0.014653
16485    0.005930
16562    0.010451
16585    0.007436
16616    0.015404
16724    0.006356
16729    0.005956
16734    0.003665
16743    0.023720
16744    0.009975
16925    0.011382
16941    0.003416
17044    0.008007
17051    0.005352
17067    0.007540
17115    0.009066
17529    0.007000
17669    0.004337
17821    0.012877
18055    0.008334
18203    0.006072
18247    0.006767
18282    0.002833
18400    0.013595
18509    0.010726
18807    0.009481
18841    0.007071
18944    0.015404
18961    0.016463
18962    0.008577
18968    0.014653
18989    0.015404
19049    0.016463
19097    0.007180
19225    0.006147
19232    0.005730
19261    0.005465
19460    0.004238
19464    0.005105
19503    0.007907
19575    0.010875
19618    0.013192
19785    0.005038
19817    0.007143
19905    0.008845
20024    0.015404
20050    0.011576
20260    0.001553
20323    0.009392
20370    0.016463
20437    0.013595
20468    0.009668
20502    0.015404
20583    0.008514
20717    0.004657
20841    0.009636
20844    0.003815
20868    0.004029
20927    0.004426
20964    0.005584
21087    0.005315
21115    0.004287
21122    0.006000
21150    0.008334
21157    0.010451
21243    0.008286
21247    0.002649
