127
219    0.011227
333    0.010124
455    0.013552
534    0.021621
686    0.016505
1283    0.021602
1403    0.018323
1415    0.033768
1440    0.016983
1680    0.017084
1681    0.016598
1692    0.019277
1698    0.010975
1817    0.025199
1859    0.016884
1946    0.020421
1949    0.013552
2014    0.016064
2015    0.018580
2277    0.016984
2290    0.022330
2344    0.009770
2674    0.027753
2711    0.017084
2745    0.012015
2882    0.014706
3039    0.013389
3086    0.051870
3090    0.085929
3341    0.012976
3693    0.022855
3726    0.014131
3743    0.012100
4258    0.011227
4380    0.031041
4480    0.018580
4596    0.034103
4662    0.014316
4743    0.039480
5086    0.019740
5452    0.031151
5501    0.008029
5584    0.020794
5904    0.021193
6596    0.010185
6601    0.029206
6628    0.024997
6827    0.033966
6940    0.020421
7080    0.031151
7097    0.015575
7304    0.025628
7377    0.011338
7380    0.015345
7431    0.024077
7444    0.034103
7967    0.020794
7988    0.019740
8712    0.020990
10105    0.011529
10275    0.032441
10334    0.035301
10338    0.034705
10790    0.038554
10837    0.012732
11014    0.029684
11103    0.004589
11146    0.013498
11398    0.024800
11399    0.018988
11683    0.007620
11729    0.013283
11782    0.010034
11966    0.017396
12283    0.007966
12302    0.025199
12551    0.021068
12763    0.018199
12808    0.030097
13228    0.012976
13319    0.013179
13355    0.009410
13357    0.005664
13434    0.007347
13530    0.016414
13568    0.014842
13939    0.011889
14054    0.018713
14065    0.004779
14322    0.018450
14498    0.010767
14726    0.019740
14752    0.024427
15204    0.013443
15209    0.021403
15686    0.014379
15907    0.012186
15962    0.036447
16371    0.016884
16585    0.009407
16592    0.008702
16598    0.032441
16707    0.029147
16729    0.013186
17037    0.012780
17281    0.011376
17484    0.006744
17531    0.011529
17557    0.036447
17669    0.009601
17867    0.062969
18003    0.015421
18182    0.012481
18587    0.037222
18725    0.016324
18726    0.015421
18940    0.039163
19270    0.034103
19327    0.009546
19844    0.007568
20090    0.013727
20260    0.024073
20282    0.008847
20439    0.020990
20714    0.013336
20717    0.010310
21254    0.050364
