164
822    0.016534
1116    0.014511
1163    0.015760
1204    0.011542
1206    0.028095
1423    0.013909
1664    0.015306
1681    0.013673
1691    0.010609
1698    0.009041
1741    0.006245
1762    0.008545
1919    0.011691
1967    0.022863
2003    0.013304
2113    0.027044
2114    0.013233
2239    0.064480
2297    0.014331
2344    0.016098
2577    0.060051
3096    0.015416
3238    0.012227
3282    0.016131
3297    0.012704
3485    0.014331
3533    0.025662
3567    0.007841
3583    0.007308
3615    0.015199
3743    0.009968
3859    0.022863
4179    0.048786
4261    0.024794
4406    0.016823
4492    0.012006
4536    0.013909
4650    0.015760
4821    0.056189
5043    0.004904
5096    0.008732
5102    0.024060
5352    0.012171
5444    0.019563
5474    0.026725
5628    0.028590
5629    0.023424
6319    0.031761
6679    0.016823
6705    0.011303
6724    0.033326
6828    0.012284
6937    0.017998
7048    0.012459
7099    0.033068
7466    0.011742
7486    0.012060
7524    0.009530
7607    0.017459
8040    0.008442
8111    0.024060
8622    0.010003
8630    0.011452
8881    0.018193
9118    0.010529
9143    0.012961
9156    0.022863
9297    0.017811
9402    0.017998
9782    0.019563
9859    0.023424
10000    0.018395
10261    0.008340
10668    0.031285
10803    0.013304
10835    0.066652
10898    0.017291
10994    0.022863
11216    0.020759
11887    0.019835
11890    0.019061
12005    0.006702
12084    0.013597
12549    0.033326
12560    0.019305
12591    0.019796
12605    0.038492
12624    0.030026
12889    0.007642
13069    0.025662
13179    0.012400
13280    0.026725
13303    0.022863
13352    0.030224
13355    0.007752
13357    0.004666
13434    0.006052
13751    0.019563
13909    0.013164
13992    0.021112
14058    0.017632
14323    0.034923
14480    0.108176
14481    0.049602
14604    0.007130
14815    0.010039
15110    0.021112
15207    0.017130
15542    0.023424
15551    0.012060
15695    0.012459
15764    0.015528
15775    0.019061
15791    0.012831
15792    0.011794
15841    0.021112
15849    0.015881
15958    0.020123
15959    0.028095
16094    0.012459
16117    0.023797
16527    0.011165
16529    0.018996
16585    0.007749
16729    0.005431
16732    0.008291
16734    0.006685
16921    0.013304
16952    0.028147
17331    0.012342
17366    0.012704
17484    0.005555
17669    0.007909
17780    0.019305
17928    0.024794
17966    0.012831
18167    0.010256
18179    0.011899
18468    0.020431
18655    0.010649
18726    0.012704
18845    0.022362
19009    0.021493
19138    0.022863
19143    0.019563
19174    0.030026
19296    0.020123
19309    0.013095
19314    0.018193
19327    0.015728
19485    0.013597
19685    0.024801
19813    0.019835
19820    0.011256
20101    0.028095
20251    0.013673
20260    0.014165
20464    0.010003
20613    0.033326
20771    0.014244
20841    0.008787
20899    0.018193
20964    0.010184
21065    0.028840
