172
212    0.013140
219    0.007769
1099    0.019727
1165    0.014525
1304    0.025715
1699    0.003324
1712    0.009864
1862    0.005705
1925    0.014131
2047    0.007951
2113    0.011359
2319    0.014008
2432    0.009668
2516    0.055988
2569    0.028016
2604    0.009737
2656    0.020210
2744    0.007498
3043    0.012593
3162    0.014811
3306    0.014525
3772    0.019205
3789    0.023233
3790    0.044230
4023    0.006985
4179    0.013660
4378    0.012949
4410    0.021556
4413    0.064044
4414    0.027994
4446    0.019676
4492    0.010085
4544    0.014811
4678    0.011296
4767    0.018054
4774    0.013140
5043    0.016477
5074    0.009303
5152    0.022971
5217    0.013660
5414    0.019990
5544    0.012593
5745    0.022843
5762    0.027994
5806    0.012949
5819    0.015816
5899    0.012267
6085    0.033173
6171    0.015119
6685    0.027994
6859    0.027994
7292    0.018784
7351    0.009654
7359    0.018402
7364    0.028016
7377    0.015692
7378    0.014389
7410    0.017438
7474    0.021556
7600    0.012593
7619    0.008778
7754    0.011965
7779    0.011175
7896    0.011116
8040    0.007091
8078    0.011260
8260    0.014962
8630    0.009620
8711    0.009695
9077    0.015630
9641    0.010724
9769    0.014811
9770    0.021556
9797    0.019205
9947    0.006530
10074    0.008032
10146    0.013444
10259    0.029330
10354    0.009995
10840    0.009534
10872    0.038410
10915    0.027994
10975    0.047859
11213    0.008911
11218    0.005989
11344    0.013239
11358    0.028365
11410    0.027994
11632    0.027994
11765    0.018054
11958    0.011296
12064    0.011116
12122    0.007027
12326    0.027101
12345    0.007644
12356    0.015816
12530    0.020827
12613    0.012767
12880    0.009266
12889    0.019259
12987    0.004018
13008    0.012189
13157    0.011893
13219    0.012509
13232    0.015816
13256    0.019205
13353    0.043329
13357    0.007839
13478    0.017734
13536    0.020210
13545    0.015282
13580    0.006821
13606    0.018402
13787    0.016904
14482    0.023600
14536    0.012113
14637    0.027994
14796    0.008945
14857    0.011551
14988    0.020210
15540    0.018402
15881    0.015452
15889    0.014665
15907    0.008433
15912    0.007222
16094    0.031398
16259    0.013340
16529    0.039891
16585    0.014646
16592    0.006022
16676    0.040980
16732    0.020892
16862    0.019642
16863    0.019676
16882    0.016011
16941    0.005233
17105    0.016230
17144    0.006312
17292    0.008811
17345    0.012593
17443    0.019676
17507    0.029621
17850    0.027994
18013    0.025221
18122    0.025221
18171    0.025221
18182    0.004318
18499    0.022971
18501    0.019205
18502    0.046890
18580    0.024854
18583    0.019676
18841    0.021664
19144    0.020827
19195    0.015816
19327    0.006606
19485    0.034264
19578    0.018054
19710    0.017438
20090    0.004749
20178    0.019205
20277    0.021556
20432    0.037528
20433    0.032433
20644    0.022449
20717    0.021403
20824    0.022593
20844    0.005845
20902    0.009229
21129    0.012624
21150    0.015960
21152    0.025018
