200
147    0.007562
387    0.025730
451    0.008988
1245    0.009857
1309    0.008449
1451    0.006124
1455    0.013752
1477    0.009269
1603    0.020653
1790    0.023181
1846    0.008988
1914    0.016914
2120    0.008160
2248    0.013350
2344    0.006214
2352    0.014202
2432    0.004443
2659    0.037151
2684    0.008655
2902    0.017652
3351    0.014366
3632    0.010557
3790    0.010163
3862    0.010931
3950    0.028092
4133    0.015103
4136    0.017264
4258    0.007141
4262    0.012659
4774    0.012077
5020    0.010498
5043    0.003786
5075    0.004477
5304    0.019142
5483    0.019142
5501    0.005107
5511    0.015536
5537    0.010997
5545    0.016594
5567    0.014471
5991    0.009440
6622    0.016594
6651    0.009529
6707    0.008726
6758    0.011222
6825    0.019813
6828    0.028452
6908    0.006363
7014    0.025730
7054    0.020633
7401    0.017264
7429    0.015536
7456    0.008690
7522    0.015314
7631    0.010217
7633    0.017652
7802    0.003411
7833    0.006597
7892    0.010007
7989    0.008988
8078    0.010349
8218    0.006251
8223    0.011347
8271    0.042465
8272    0.057487
8446    0.006980
8568    0.005737
8594    0.009906
8630    0.004421
8638    0.010677
8688    0.013350
8701    0.020633
8819    0.025730
9153    0.009484
9335    0.020633
9497    0.021691
9502    0.010440
9787    0.020633
9817    0.023181
9978    0.016027
10233    0.019142
10401    0.014905
10509    0.094479
10510    0.100441
10515    0.018576
10897    0.015020
10985    0.023181
11103    0.005838
11144    0.025730
11181    0.007117
11201    0.006089
11218    0.005505
11279    0.009397
11364    0.025976
11401    0.013896
11457    0.016594
11517    0.017652
11519    0.010440
11683    0.004847
11736    0.014905
11750    0.006892
12005    0.005175
12064    0.010217
12085    0.008949
12245    0.006784
12345    0.007025
12455    0.014716
12648    0.014716
12659    0.008690
12662    0.019142
12675    0.039747
12684    0.005416
12876    0.013752
12940    0.015314
12983    0.007484
12987    0.011080
13338    0.025730
13351    0.006036
13357    0.010808
13434    0.002336
13535    0.015536
13741    0.020633
13823    0.012659
13866    0.010677
14065    0.003040
14083    0.016300
14145    0.044258
14150    0.023635
14323    0.017975
14406    0.007806
14439    0.006196
14523    0.010327
14742    0.010506
14796    0.008222
14857    0.010616
15040    0.023181
15144    0.017264
15503    0.010271
15507    0.026700
15716    0.013613
15818    0.015669
15910    0.009311
15911    0.013479
15912    0.006638
15939    0.012765
15980    0.023181
15989    0.011064
16028    0.017652
16237    0.007071
16485    0.008350
16585    0.004487
16729    0.012580
16734    0.005161
16743    0.011133
16746    0.051460
16923    0.007141
16941    0.004809
16955    0.010058
17043    0.025730
17124    0.016300
17421    0.017652
17484    0.004289
17814    0.008382
17875    0.010498
17964    0.013479
18203    0.042751
18204    0.013225
18205    0.013896
18282    0.003989
18322    0.021691
18609    0.012988
18883    0.007891
18888    0.008620
18962    0.012077
19065    0.011988
19226    0.030533
19349    0.010931
19351    0.014366
19366    0.003576
19424    0.042137
19426    0.005053
19460    0.005968
19718    0.009808
19757    0.025531
19844    0.002407
19905    0.012454
19945    0.013613
19997    0.023469
20323    0.013225
20713    0.006958
20772    0.025730
20844    0.010744
20845    0.010498
20868    0.005673
21014    0.018576
21150    0.008801
21243    0.005834
21247    0.007460
21261    0.013896
21299    0.015314
