141
404    0.027762
415    0.023953
449    0.018467
843    0.025278
1130    0.029610
1193    0.025278
1245    0.014731
1275    0.019411
1458    0.017538
1486    0.019952
1740    0.014043
1746    0.035382
1830    0.025278
2032    0.030836
2048    0.015433
2553    0.030836
2609    0.014658
2867    0.015689
3289    0.025802
3393    0.017917
3783    0.027762
4240    0.023637
4245    0.039451
4516    0.033277
4561    0.024800
5079    0.012577
5773    0.024800
5774    0.034645
5924    0.018185
5977    0.010399
5990    0.030836
6036    0.018764
6598    0.009921
6655    0.014879
6675    0.023219
6705    0.013041
6819    0.019765
6837    0.034645
7024    0.029610
7110    0.020344
7317    0.029610
7330    0.011501
7396    0.025802
7408    0.020344
7451    0.038453
8105    0.017538
8186    0.019078
8323    0.027705
8446    0.010432
8630    0.006607
8712    0.039903
8787    0.023219
9200    0.010466
9644    0.016143
9899    0.027762
9947    0.008970
10123    0.032417
10244    0.018324
10422    0.016639
10588    0.030836
10724    0.038453
10837    0.006051
11117    0.009537
11165    0.022886
11307    0.034645
11341    0.018918
11416    0.042939
11683    0.007244
11782    0.009537
11841    0.006346
11895    0.023219
12094    0.038453
12162    0.018049
12415    0.023674
12675    0.023761
13014    0.008456
13145    0.018049
13154    0.014515
13466    0.017991
13475    0.026381
13580    0.009369
13907    0.027762
13910    0.010568
13939    0.011301
14065    0.009086
14412    0.015351
14428    0.019952
14579    0.018185
14732    0.026381
14742    0.015701
14775    0.027762
14802    0.025278
14817    0.020992
14920    0.059855
15003    0.021225
15025    0.029610
15029    0.020992
15555    0.013261
15571    0.021993
15778    0.043129
15919    0.023219
16012    0.019078
16060    0.015032
16241    0.016336
16378    0.027762
16585    0.006706
16923    0.010672
17067    0.015866
17210    0.021993
17445    0.017661
17870    0.012013
17951    0.021725
18116    0.022572
18182    0.005932
18256    0.019078
18547    0.041983
18883    0.011794
18904    0.018764
19184    0.032417
19410    0.007114
19416    0.013096
19562    0.051209
19894    0.019952
20090    0.006524
20182    0.024800
20260    0.013076
20268    0.069290
20336    0.025802
20358    0.026381
20475    0.148823
20477    0.017538
20481    0.018185
20557    0.025455
20593    0.021993
20717    0.019600
20792    0.038453
20969    0.017661
21039    0.041103
21150    0.004385
21243    0.008719
21247    0.005575
