46
333    0.031845
686    0.051916
1204    0.044069
1283    0.033975
2014    0.101055
2277    0.026711
2882    0.092515
3039    0.042116
3089    0.060750
3129    0.078008
3166    0.085380
4301    0.056860
4380    0.048819
7377    0.035665
7524    0.036387
9411    0.024157
10105    0.036265
10837    0.020025
11014    0.093371
11103    0.014435
12005    0.025591
12110    0.034410
12345    0.034744
12551    0.033134
13357    0.017817
13530    0.051630
13568    0.046685
14498    0.033867
14742    0.012989
14796    0.040661
14959    0.083648
15038    0.065406
16592    0.027372
16707    0.091679
16729    0.020738
16734    0.025524
18724    0.056118
18726    0.048505
19127    0.033237
19426    0.024991
20260    0.021634
20275    0.031187
20282    0.027826
21253    0.027980
21254    0.118812
21264    0.052502
