246
19    0.019766
158    0.014422
882    0.012709
920    0.009613
1138    0.014721
1157    0.007798
1194    0.010794
1204    0.007598
1382    0.010298
1479    0.010705
1490    0.005895
1603    0.008805
1662    0.022149
1664    0.010076
1677    0.008951
1686    0.010794
1752    0.009613
1793    0.021939
1859    0.009157
1860    0.018495
1926    0.021411
1941    0.007037
1949    0.007350
1970    0.011277
2003    0.008758
2106    0.014721
2173    0.013077
2297    0.018868
2344    0.010597
2345    0.010375
2346    0.021939
2352    0.012110
2539    0.009052
2918    0.014721
3190    0.015839
3253    0.018495
3273    0.011493
3441    0.011277
3552    0.021939
3553    0.021939
3583    0.004811
3726    0.007663
3732    0.009676
3743    0.006562
4023    0.005474
4141    0.009320
4258    0.006089
4532    0.013057
4574    0.013450
4662    0.007764
4678    0.008853
4729    0.014295
4732    0.010222
4774    0.010298
4952    0.015420
5020    0.035804
5096    0.005748
5115    0.010794
5211    0.009739
5212    0.015196
5495    0.004209
5532    0.005491
5695    0.013057
5745    0.008951
6045    0.015051
6171    0.011848
6265    0.017593
6319    0.010454
6421    0.012709
6430    0.009553
6758    0.004784
6761    0.006010
6788    0.015420
6987    0.021939
7010    0.010705
7093    0.018495
7199    0.013556
7423    0.013450
7460    0.009553
7626    0.014422
7720    0.011976
7847    0.011976
8078    0.013237
8170    0.008712
8218    0.015989
8233    0.008404
8249    0.021939
8271    0.117678
8272    0.009803
8442    0.008322
8446    0.005952
8449    0.013247
8594    0.008447
8630    0.003769
9118    0.006931
9392    0.010794
9669    0.013450
9688    0.043878
9785    0.014721
9947    0.005118
9969    0.019766
9978    0.013666
10064    0.010076
10175    0.008532
10251    0.011848
10331    0.023697
10334    0.012763
10337    0.015420
10338    0.006274
10377    0.013666
10509    0.026853
10510    0.021411
10511    0.014721
10636    0.013247
10676    0.012249
10689    0.009157
10714    0.007598
10897    0.006403
11051    0.010794
11087    0.007663
11103    0.002489
11113    0.021939
11117    0.005441
11129    0.013666
11134    0.012395
11161    0.011383
11180    0.004919
11213    0.006984
11225    0.009157
11364    0.011075
11411    0.021939
11909    0.012548
12005    0.008825
12048    0.008447
12166    0.008163
12283    0.008640
12300    0.005625
12349    0.017593
12519    0.005237
12522    0.014408
12544    0.072083
12572    0.011725
12834    0.013898
12855    0.005074
12866    0.012878
12904    0.005748
12953    0.021939
12987    0.003149
12999    0.003612
13195    0.010536
13314    0.014149
13351    0.015441
13355    0.005103
13357    0.003072
13482    0.016809
13501    0.005574
13530    0.017803
13794    0.024220
13823    0.010794
13893    0.014149
14028    0.014721
14109    0.017593
14145    0.009434
14148    0.009739
14154    0.021939
14206    0.019766
14323    0.007663
14368    0.017593
14425    0.015486
14519    0.014149
14537    0.012339
14729    0.012878
14742    0.013437
14745    0.005031
14746    0.008758
14913    0.014721
14996    0.024498
15007    0.015051
15063    0.006274
15131    0.014422
15318    0.050681
15378    0.012709
15382    0.012548
15551    0.015878
15601    0.008012
15697    0.011848
15743    0.015839
15775    0.012548
15822    0.006516
15910    0.015878
15939    0.032653
15989    0.009434
15991    0.010298
16007    0.011976
16220    0.015051
16497    0.017593
16585    0.008927
16743    0.009493
17489    0.018495
17490    0.021939
17542    0.021939
17571    0.015839
17916    0.008012
17922    0.007798
17945    0.014721
18055    0.010006
18063    0.012878
18159    0.008404
18203    0.014581
18470    0.021939
18592    0.017593
18703    0.011383
18807    0.011383
18883    0.006729
18887    0.010076
19097    0.008621
19136    0.013666
19232    0.006879
19262    0.007441
19278    0.003936
19327    0.005177
19383    0.010148
19424    0.011976
19426    0.004309
19492    0.013898
19543    0.007764
19574    0.017593
19608    0.013898
19610    0.018495
19666    0.015839
19699    0.019766
19785    0.006049
19844    0.002052
19888    0.073980
20051    0.019766
20260    0.001865
20323    0.011277
20465    0.010978
20470    0.021939
20501    0.021939
20583    0.010222
20803    0.004354
20841    0.005784
20844    0.009161
20972    0.011976
21087    0.006381
