250
246    0.006402
1157    0.006599
1163    0.008779
1184    0.005494
1247    0.009922
1266    0.018564
1460    0.013048
1620    0.033450
1699    0.006613
1746    0.005694
1824    0.009821
2047    0.005273
2051    0.011209
2280    0.031094
2432    0.003206
2609    0.007076
2622    0.011381
2737    0.012750
2744    0.004972
2981    0.008915
3089    0.008863
3148    0.011760
3270    0.018564
3396    0.006219
3431    0.013811
3546    0.018564
3548    0.016725
3563    0.005843
3618    0.006429
3842    0.024097
3861    0.009058
3911    0.006843
4063    0.013048
4073    0.037127
4202    0.007886
4240    0.007607
4701    0.009133
4712    0.014295
4887    0.013402
5075    0.003230
5093    0.007660
5234    0.011972
5497    0.016725
5507    0.023520
5563    0.007451
5602    0.017299
5614    0.006375
5706    0.009821
5717    0.014439
5719    0.005273
5899    0.008134
5968    0.011972
5987    0.010754
5988    0.007532
5991    0.006811
5993    0.011564
6372    0.008837
6596    0.004674
6632    0.018578
6734    0.007703
6758    0.004048
6943    0.013048
7168    0.003694
7196    0.010897
7228    0.008986
7241    0.017692
7422    0.012456
7569    0.009632
7678    0.018564
7753    0.005069
7797    0.011209
7800    0.012203
7802    0.002461
7988    0.009058
8193    0.011564
8441    0.055691
8446    0.005036
8498    0.018564
8500    0.012246
8504    0.010488
8581    0.004116
8711    0.006429
8822    0.011381
8899    0.009289
9004    0.010897
9160    0.008986
9355    0.014295
9454    0.005381
9518    0.015800
10140    0.005887
10177    0.014887
10298    0.016725
10381    0.037127
10837    0.002921
10840    0.006322
10846    0.012438
10892    0.020753
10898    0.009632
11087    0.006484
11088    0.015650
11146    0.006194
11180    0.004162
11181    0.005135
11334    0.005612
11344    0.008779
11358    0.006270
11444    0.013139
11503    0.004330
11528    0.006144
11680    0.014887
11729    0.006096
11747    0.013815
11782    0.004604
11954    0.016725
12005    0.003733
12042    0.033404
12064    0.007371
12307    0.039284
12309    0.006875
12319    0.010247
12324    0.013048
12480    0.010488
12505    0.020153
12675    0.005735
12684    0.003907
12836    0.010134
12867    0.017052
12966    0.016725
13096    0.009058
13298    0.008408
13355    0.004318
13361    0.007616
13434    0.001686
13491    0.008779
13497    0.010026
13501    0.018866
13716    0.013402
13794    0.020493
13877    0.023380
13878    0.018564
13939    0.005456
14065    0.015352
14120    0.015650
14233    0.010134
14425    0.004368
14430    0.014514
14439    0.004470
14441    0.022097
14445    0.007934
14536    0.008032
14604    0.003971
14624    0.016725
14733    0.016725
14742    0.007580
14754    0.007411
14760    0.011760
14770    0.011760
14824    0.017558
14857    0.007660
15019    0.007839
15063    0.010617
15140    0.005085
15176    0.029773
15204    0.006169
15210    0.006599
15238    0.018564
15410    0.007574
15419    0.037127
15497    0.006219
15503    0.007411
15710    0.007839
15782    0.010897
15818    0.005652
15849    0.008846
15912    0.004789
15920    0.018564
15922    0.013811
15978    0.033628
15982    0.012456
16012    0.009210
16116    0.005513
16136    0.011760
16167    0.029175
16237    0.025508
16380    0.016725
16485    0.006024
16585    0.001079
16788    0.027622
16892    0.009133
16918    0.014887
16921    0.007411
16944    0.030024
16949    0.009821
16954    0.009371
16989    0.013811
17044    0.024403
17072    0.009725
17074    0.020821
17075    0.007220
17079    0.027399
17188    0.015650
17234    0.012456
17480    0.016816
17761    0.009632
17797    0.012203
17916    0.006779
18014    0.018564
18061    0.014295
18337    0.013811
18371    0.021507
18383    0.005778
18435    0.013139
18815    0.024912
19169    0.014901
19177    0.005326
19226    0.044058
19228    0.010134
19313    0.013402
19366    0.007740
19410    0.010303
19708    0.013048
19773    0.004660
19871    0.021235
19894    0.009632
19926    0.016725
20063    0.014295
20260    0.004734
20338    0.012203
20481    0.008779
20534    0.018581
20713    0.025100
20768    0.008736
20803    0.007369
20868    0.016373
20916    0.018420
20927    0.004497
20946    0.010008
20956    0.007371
20983    0.005799
21001    0.019264
21039    0.009922
21047    0.014295
21059    0.013402
21064    0.014887
21087    0.005400
21088    0.010897
21104    0.033450
21115    0.004355
21150    0.012700
21247    0.002691
