685
25    0.005135
161    0.002572
166    0.003401
219    0.001690
333    0.001524
370    0.002445
411    0.003678
423    0.004179
428    0.005850
441    0.005805
443    0.003362
447    0.002704
449    0.008775
451    0.002128
504    0.003401
523    0.002704
632    0.003678
686    0.002485
736    0.006091
805    0.005488
845    0.003734
878    0.005135
1074    0.005135
1080    0.004004
1081    0.005761
1127    0.003734
1130    0.004690
1163    0.011522
1184    0.003605
1204    0.002109
1240    0.003863
1250    0.003102
1272    0.002224
1283    0.009758
1370    0.005488
1400    0.023152
1403    0.013794
1405    0.028141
1415    0.002542
1427    0.005488
1439    0.003048
1440    0.005114
1451    0.001450
1458    0.008334
1468    0.006091
1470    0.006091
1471    0.003734
1477    0.002194
1480    0.002838
1486    0.003160
1531    0.006091
1534    0.018273
1538    0.006091
1540    0.006091
1541    0.006091
1545    0.020020
1546    0.006091
1563    0.006091
1580    0.012182
1630    0.005135
1631    0.004690
1632    0.006091
1633    0.008577
1664    0.002797
1676    0.003678
1677    0.007455
1682    0.003191
1686    0.002997
1691    0.001939
1698    0.001652
1699    0.000723
1702    0.006091
1707    0.002245
1725    0.005761
1730    0.004690
1741    0.001141
1746    0.005604
1778    0.006091
1862    0.001241
1878    0.011034
1916    0.011382
1918    0.002557
1951    0.002778
1969    0.003191
2008    0.033810
2015    0.008392
2016    0.006091
2020    0.003528
2061    0.004087
2084    0.004255
2093    0.010931
2114    0.004837
2173    0.001815
2177    0.004087
2186    0.007857
2206    0.003484
2216    0.002880
2277    0.003836
2278    0.002471
2281    0.002369
2286    0.003625
2306    0.005135
2347    0.004004
2432    0.002104
2558    0.003325
2587    0.002997
2604    0.002119
2609    0.004644
2644    0.002652
2671    0.003928
2684    0.002049
2688    0.002128
2706    0.001696
2711    0.002572
2744    0.001631
2745    0.001809
2771    0.006091
2772    0.006091
2806    0.002146
2816    0.005488
2819    0.001932
2826    0.002948
2857    0.004644
2870    0.006091
2874    0.004179
2882    0.022142
2891    0.006091
3051    0.008357
3053    0.002572
3077    0.004576
3086    0.005207
3089    0.017448
3090    0.005175
3155    0.004884
3171    0.003928
3297    0.002322
3298    0.002686
3309    0.002588
3338    0.002652
3358    0.004087
3458    0.004884
3485    0.002619
3503    0.003625
3549    0.006091
3563    0.001917
3567    0.001433
3583    0.001336
3647    0.005156
3694    0.003625
3726    0.002128
3743    0.001822
3788    0.002759
3789    0.002528
3853    0.004690
3916    0.003625
3942    0.002619
4137    0.001484
4141    0.002588
4143    0.003734
4210    0.012182
4211    0.005135
4224    0.006091
4258    0.003381
4380    0.014021
4422    0.003678
4467    0.004889
4520    0.012261
4576    0.003048
4581    0.002880
4586    0.003794
4625    0.004690
4636    0.002818
4639    0.002997
4749    0.006091
4750    0.006091
4760    0.004884
4799    0.005488
4817    0.003289
4828    0.004690
4837    0.003678
4853    0.004690
4855    0.004690
4885    0.006091
4887    0.004397
4898    0.006091
4988    0.006091
5043    0.002689
5047    0.002838
5075    0.003180
5079    0.001992
5084    0.005676
5111    0.006091
5177    0.003678
5254    0.006091
5308    0.005135
5323    0.010975
5495    0.001168
5515    0.001652
5537    0.002603
5556    0.002288
5563    0.002445
5567    0.003426
5615    0.002588
5744    0.004690
5745    0.002485
5764    0.003859
5765    0.003859
5769    0.001719
5778    0.004397
5779    0.004087
5789    0.004532
5820    0.002740
5830    0.004532
5844    0.007588
5856    0.001954
5866    0.001631
5906    0.012182
5941    0.003928
6042    0.003022
6043    0.003625
6063    0.006091
6178    0.004884
6275    0.003734
6319    0.002902
6429    0.002458
6460    0.003102
6487    0.003678
6598    0.004714
6628    0.001882
6670    0.005135
6697    0.003048
6714    0.003325
6716    0.004532
6719    0.002049
6794    0.006091
6809    0.002603
6891    0.003075
6918    0.002432
6930    0.003289
6978    0.003928
6986    0.005488
7000    0.003022
7053    0.002818
7097    0.002345
7102    0.006091
7168    0.001212
7180    0.002880
7199    0.003764
7201    0.006091
7241    0.002902
7283    0.010975
7303    0.003191
7355    0.003678
7364    0.003048
7398    0.006091
7408    0.003223
7456    0.002057
7486    0.002204
7500    0.004397
7514    0.003191
7531    0.001581
7595    0.019766
7598    0.010585
7683    0.004179
7697    0.004004
7711    0.004532
7714    0.002652
7716    0.002948
7721    0.004179
7744    0.004863
7748    0.002838
7752    0.004397
7802    0.000807
8025    0.001668
8068    0.002432
8077    0.003625
8105    0.002778
8181    0.001992
8417    0.004081
8446    0.004957
8536    0.002704
8568    0.001358
8630    0.013605
8638    0.005055
8781    0.001875
8783    0.016064
8787    0.003678
8805    0.002588
8828    0.003575
8845    0.002146
8918    0.004032
8964    0.002406
8971    0.003678
9003    0.002235
9016    0.002175
9039    0.003678
9105    0.003625
9118    0.001924
9137    0.003160
9193    0.003160
9195    0.004397
9200    0.001658
9209    0.004167
9210    0.004554
9214    0.002797
9282    0.001822
9287    0.004397
9293    0.004179
9361    0.002146
9370    0.006091
9408    0.006802
9503    0.004179
9631    0.002322
9644    0.002557
9700    0.004281
9727    0.005488
9753    0.004690
9812    0.002128
9814    0.006091
9873    0.001896
9898    0.003102
9947    0.007104
10069    0.004281
10105    0.001736
10130    0.003325
10140    0.003863
10159    0.004532
10215    0.006223
10275    0.014653
10308    0.004884
10323    0.004690
10333    0.005304
10334    0.005315
10354    0.002175
10355    0.003255
10372    0.005135
10395    0.004397
10397    0.027489
10398    0.006091
10423    0.004281
10481    0.006091
10489    0.004532
10508    0.003401
10576    0.012182
10593    0.003223
10612    0.003160
10629    0.004087
10631    0.006091
10697    0.002859
10722    0.004397
10794    0.002499
10803    0.004863
10816    0.008562
10836    0.003223
10837    0.002876
10840    0.002074
10892    0.001362
10897    0.003556
10981    0.003734
11014    0.017878
11016    0.006882
11087    0.002128
11089    0.003075
11103    0.001382
11112    0.001690
11117    0.009064
11180    0.004097
11181    0.003370
11183    0.002345
11184    0.002818
11201    0.004324
11279    0.002224
11289    0.002299
11291    0.003794
11326    0.004281
11355    0.004735
11401    0.013158
11439    0.004970
11445    0.004943
11493    0.004532
11514    0.009769
11523    0.006091
11540    0.003441
11569    0.001730
11570    0.001903
11596    0.009063
11601    0.006091
11610    0.005488
11611    0.004397
11643    0.006091
11683    0.003442
11753    0.002902
11757    0.002041
11782    0.004532
11841    0.002010
11911    0.004690
11951    0.005488
12005    0.002450
12048    0.002345
12084    0.002485
12092    0.006091
12109    0.002722
12122    0.010703
12143    0.004884
12145    0.005488
12166    0.004533
12217    0.006091
12218    0.006091
12230    0.001889
12245    0.001606
12277    0.019335
12278    0.010975
12279    0.007250
12283    0.002399
12300    0.001562
12345    0.004989
12379    0.006091
12413    0.003075
12496    0.010270
12522    0.002000
12551    0.001586
12612    0.004397
12613    0.002778
12644    0.003794
12684    0.001282
12763    0.008220
12765    0.001903
12846    0.006091
12873    0.003528
12889    0.001397
12911    0.001961
12941    0.003528
12942    0.003794
12978    0.007858
13096    0.002972
13122    0.004179
13134    0.012182
13154    0.002299
13231    0.003102
13274    0.009769
13319    0.001984
13322    0.005135
13352    0.003683
13353    0.004714
13355    0.004250
13357    0.012793
13388    0.002299
13434    0.003872
13445    0.003575
13447    0.006091
13466    0.002850
13543    0.003928
13568    0.002235
13611    0.005488
13647    0.003232
13701    0.004690
13762    0.004397
13775    0.003131
13850    0.005135
13886    0.004559
13893    0.003928
13905    0.004087
13909    0.002406
13939    0.003580
13944    0.006091
14054    0.005635
14063    0.003792
14065    0.000720
14093    0.002588
14109    0.004884
14124    0.002445
14320    0.002066
14340    0.002445
14406    0.001848
14425    0.002866
14428    0.003160
14430    0.004762
14439    0.004400
14520    0.004004
14536    0.002636
14537    0.001713
14579    0.002880
14607    0.010329
14704    0.005135
14742    0.002487
14745    0.004190
14763    0.006091
14771    0.004884
14774    0.003484
14796    0.005839
14857    0.002513
14859    0.003289
14874    0.002194
14917    0.002997
14921    0.004690
14942    0.017642
15009    0.006044
15044    0.004179
15137    0.003441
15204    0.002024
15209    0.003223
15210    0.002165
15335    0.003625
15410    0.002485
15468    0.004812
15470    0.003401
15503    0.002432
15556    0.002619
15591    0.002603
15609    0.004690
15613    0.012182
15660    0.003191
15684    0.002925
15686    0.004330
15761    0.004397
15778    0.002277
15787    0.005488
15802    0.004690
15807    0.003223
15844    0.007356
15909    0.003734
15910    0.002204
15912    0.007857
15944    0.002838
15997    0.003625
16060    0.002381
16062    0.004690
16079    0.004397
16117    0.002175
16126    0.006091
16132    0.005488
16178    0.010270
16237    0.001674
16241    0.002588
16269    0.002902
16283    0.003859
16437    0.002542
16487    0.003325
16501    0.001790
16567    0.004690
16575    0.002669
16578    0.002838
16585    0.002833
16589    0.004087
16592    0.001310
16601    0.006091
16606    0.004884
16612    0.044582
16613    0.021987
16650    0.020902
16707    0.010971
16729    0.009927
16791    0.002818
16902    0.005135
16907    0.001696
16921    0.002432
16941    0.001139
16944    0.001642
16959    0.001835
17033    0.002778
17037    0.005773
17044    0.002669
17059    0.002902
17105    0.001766
17106    0.003362
17124    0.003859
17125    0.003678
17146    0.004690
17219    0.003794
17292    0.003834
17303    0.003325
17347    0.002528
17374    0.003048
17478    0.003528
17484    0.001015
17519    0.003289
17529    0.002333
17531    0.001736
17563    0.004087
17741    0.004087
17804    0.004281
17805    0.006091
17821    0.006438
17846    0.002740
17875    0.004970
17885    0.003289
17913    0.002925
18142    0.003441
18167    0.001875
18182    0.001879
18253    0.003362
18256    0.003022
18282    0.001889
18285    0.006091
18435    0.004311
18451    0.006096
18462    0.002838
18553    0.002972
18559    0.006091
18579    0.006650
18582    0.008174
18587    0.001868
18591    0.006091
18601    0.006091
18648    0.004884
18652    0.001581
18653    0.003102
18656    0.003441
18726    0.006965
18815    0.004087
18838    0.004690
18841    0.002357
18883    0.001868
18888    0.002041
18954    0.005488
19037    0.002513
19043    0.001685
19089    0.008357
19091    0.006091
19096    0.004179
19127    0.011137
19177    0.001748
19190    0.005488
19226    0.001446
19266    0.003531
19309    0.002393
19349    0.007763
19366    0.000847
19464    0.001702
19541    0.007857
19607    0.005488
19619    0.004884
19649    0.003484
19685    0.006799
19688    0.012261
19736    0.009832
19741    0.002859
19751    0.005718
19753    0.005488
19766    0.003625
19773    0.001529
19810    0.005135
19836    0.002838
19844    0.002279
19933    0.003794
20090    0.001033
20094    0.003859
20100    0.002528
20155    0.005488
20170    0.004884
20260    0.009320
20274    0.002119
20276    0.004532
20281    0.002204
20440    0.003678
20492    0.004281
20506    0.004532
20714    0.002008
20717    0.007761
20757    0.006091
20761    0.006091
20762    0.005993
20768    0.001433
20776    0.002818
20782    0.003325
20803    0.001209
20844    0.002543
20848    0.001581
20894    0.001679
20902    0.008032
20927    0.002951
21057    0.002066
21058    0.001784
21129    0.002747
21132    0.002704
21150    0.002084
21226    0.006091
21247    0.002649
21253    0.016072
21254    0.028436
21256    0.006091
21258    0.023586
21259    0.005408
21261    0.006579
21266    0.001647
