35
1204    0.063784
1279    0.111208
1699    0.021868
1947    0.101658
2432    0.031804
2737    0.063247
3238    0.067571
3571    0.067886
5075    0.032046
5084    0.085812
5719    0.052312
5756    0.121069
6758    0.040164
7438    0.100538
7802    0.024415
8078    0.037040
8630    0.031643
11566    0.085812
11683    0.034693
12085    0.064057
12307    0.111353
13910    0.050614
14604    0.039401
14742    0.018799
15063    0.105331
17074    0.068855
17484    0.030701
17643    0.056901
17757    0.090610
17922    0.065464
19410    0.034072
19773    0.046231
20163    0.165931
20901    0.057110
21306    0.144738
