354
147    0.007926
168    0.007915
428    0.006476
457    0.005471
481    0.005695
539    0.005835
552    0.010180
621    0.004731
677    0.007207
744    0.007134
773    0.010766
786    0.005271
851    0.005947
931    0.013485
1013    0.013485
1134    0.012149
1157    0.004793
1160    0.007443
1184    0.007982
1204    0.004670
1213    0.008543
1274    0.006527
1435    0.007064
1446    0.007811
1451    0.003210
1466    0.005835
1599    0.008864
1664    0.006193
1762    0.003458
1802    0.026969
1862    0.002748
1919    0.004731
1947    0.007443
1957    0.009478
2047    0.003830
2061    0.009048
2270    0.009478
2281    0.005244
2290    0.007443
2396    0.003635
2786    0.013485
2861    0.006426
3029    0.005947
3134    0.013485
3298    0.005947
3396    0.004517
3400    0.007134
3567    0.003173
3618    0.009340
3619    0.005244
3726    0.004710
3754    0.006377
3854    0.007811
3915    0.007443
3935    0.013485
4195    0.003635
4260    0.004880
4308    0.013485
4452    0.008267
4500    0.005986
4520    0.009048
4522    0.011457
4541    0.007811
4689    0.007283
4701    0.006634
4729    0.035145
4870    0.004166
5063    0.009048
5075    0.002346
5084    0.012566
5122    0.013485
5211    0.011972
5227    0.007283
5495    0.002587
5548    0.006026
5556    0.005066
5614    0.009262
5624    0.012149
5636    0.010032
5682    0.013485
5719    0.003830
5756    0.008864
5757    0.010814
5806    0.006238
5844    0.008400
5856    0.004325
5868    0.010814
5897    0.008864
6130    0.007529
6365    0.004445
6655    0.005218
6705    0.004573
6758    0.011763
6761    0.011082
6908    0.003335
6983    0.007283
7000    0.006690
7109    0.009048
7117    0.006026
7168    0.005367
7189    0.007811
7286    0.006580
7307    0.010384
7425    0.008697
7434    0.013485
7466    0.004751
7489    0.008267
7512    0.009735
7623    0.007712
7632    0.006329
7697    0.008864
7719    0.009048
7730    0.011368
7802    0.001788
8019    0.003247
8025    0.007388
8040    0.003416
8078    0.005424
8107    0.003084
8114    0.010814
8116    0.002925
8212    0.007915
8408    0.007283
8417    0.004517
8446    0.003658
8459    0.021627
8495    0.013485
8533    0.004463
8630    0.002317
8714    0.024077
8899    0.013495
8935    0.016285
8964    0.005326
9248    0.009735
9256    0.004836
9455    0.006580
9769    0.007134
9881    0.006527
9999    0.006931
10000    0.007443
10145    0.007811
10247    0.006026
10259    0.007064
10261    0.010124
10652    0.040454
10697    0.006329
10841    0.009251
10846    0.004517
10892    0.003015
10898    0.006997
10932    0.024265
10942    0.004554
11103    0.004589
11115    0.012149
11152    0.012149
11178    0.004902
11180    0.003023
11181    0.003730
11182    0.013380
11183    0.005192
11185    0.010814
11213    0.004293
11218    0.005770
11236    0.007915
11330    0.008026
11363    0.040454
11468    0.004731
11503    0.006291
11569    0.003830
11600    0.007811
11729    0.004428
11782    0.003345
11816    0.010384
11898    0.009048
12006    0.006426
12064    0.005355
12086    0.006807
12109    0.006026
12110    0.010940
12111    0.010814
12307    0.057071
12309    0.014981
12345    0.003682
12358    0.008400
12374    0.009251
12395    0.013485
12505    0.004880
12542    0.007443
12548    0.013077
12625    0.010032
12659    0.004554
12675    0.004166
12855    0.003119
12867    0.006193
12987    0.003871
12999    0.004440
13065    0.012149
13106    0.009251
13269    0.011368
13319    0.008786
13320    0.005192
13357    0.003776
13434    0.003673
13472    0.006193
13488    0.007618
13501    0.003426
13647    0.003578
13886    0.006729
13896    0.006868
13910    0.081529
13912    0.016051
14065    0.003186
14073    0.018681
14121    0.020065
14131    0.006426
14137    0.005596
14303    0.003882
14340    0.005412
14428    0.006997
14439    0.006494
14445    0.005763
14453    0.005986
14485    0.014911
14604    0.011540
14683    0.007361
14716    0.006997
14742    0.005506
14745    0.003092
14769    0.006283
14982    0.008267
15006    0.006807
15063    0.003856
15228    0.016285
15271    0.004970
15368    0.006426
15383    0.011368
15416    0.013485
15451    0.007811
15452    0.012149
15488    0.005192
15494    0.008864
15497    0.004517
15507    0.006997
15656    0.007134
15659    0.008864
15660    0.007064
15695    0.005041
15792    0.004772
15818    0.004106
15822    0.004005
15827    0.007529
15910    0.004880
15927    0.005628
15991    0.006329
16008    0.012149
16060    0.005271
16165    0.008400
16234    0.008864
16270    0.010384
16279    0.020990
16371    0.005628
16482    0.008697
16484    0.007207
16501    0.003963
16585    0.010974
16705    0.014133
16706    0.006931
16724    0.004690
16906    0.012149
16923    0.003742
16941    0.002521
16999    0.009478
17006    0.013485
17037    0.008520
17066    0.012132
17067    0.005564
17074    0.040331
17075    0.010489
17077    0.006748
17079    0.026537
17129    0.004106
17182    0.008864
17366    0.005140
17373    0.007712
17441    0.010814
17484    0.006744
17519    0.007283
17529    0.005166
17531    0.003843
17638    0.010814
17643    0.004166
17757    0.039805
17758    0.044322
17784    0.011368
17949    0.011669
17994    0.007618
18051    0.012149
18106    0.008026
18167    0.002075
18282    0.004181
18554    0.011368
18567    0.005835
18568    0.013485
18652    0.003500
18711    0.008543
18725    0.005441
18737    0.012149
18784    0.006426
18795    0.008864
18883    0.004136
18948    0.007443
19043    0.003730
19153    0.020065
19177    0.003869
19225    0.004536
19276    0.009478
19278    0.002419
19337    0.009048
19410    0.002495
19426    0.002648
19464    0.003767
19507    0.007915
19618    0.009735
19693    0.014128
19736    0.005441
19836    0.006283
20019    0.012149
20089    0.011368
20124    0.010032
20228    0.012851
20256    0.007207
20534    0.004499
20535    0.006931
20601    0.004670
20620    0.004019
20627    0.005412
20717    0.010310
20758    0.007064
20803    0.002676
20844    0.005631
20983    0.004213
21019    0.005412
21052    0.008142
21087    0.007845
21129    0.006081
21150    0.001538
21243    0.003058
21247    0.003910
21266    0.003647
21306    0.021195
21307    0.004393
21310    0.005471
21322    0.010032
21348    0.023137
