230
147    0.006722
441    0.010899
447    0.010153
1102    0.020606
1138    0.015346
1184    0.006769
1192    0.015346
1240    0.007253
1309    0.007510
1603    0.009179
1699    0.002716
1729    0.019281
1800    0.017016
1941    0.014673
1970    0.011756
2003    0.009130
2047    0.006496
2102    0.011448
2343    0.012100
2352    0.012624
2396    0.006165
2450    0.012485
2710    0.008470
2867    0.018663
2875    0.015690
3013    0.010983
3273    0.011981
3299    0.014750
3315    0.010816
3326    0.008130
3341    0.007336
3396    0.015324
3521    0.011649
3632    0.009384
3911    0.008430
3915    0.012624
3944    0.007253
4023    0.005707
4059    0.018341
4173    0.010504
4225    0.019281
4282    0.013810
4532    0.013612
4729    0.014902
5020    0.009331
5043    0.003365
5075    0.003980
5264    0.010899
5462    0.016512
5706    0.012100
5719    0.006496
5771    0.013612
5818    0.015690
5820    0.010289
5853    0.016075
6001    0.017611
6173    0.019281
6334    0.011347
6596    0.005758
6603    0.016075
6651    0.008470
6652    0.017611
6655    0.008850
6756    0.017267
6761    0.012530
6896    0.020606
6908    0.011311
7173    0.009384
7180    0.010816
7220    0.034031
7325    0.010153
7493    0.010656
7642    0.009229
7650    0.008551
7716    0.011071
7725    0.012485
7795    0.022871
7802    0.003032
7847    0.012485
8170    0.009082
8181    0.007480
8233    0.017523
8271    0.075494
8272    0.020440
8281    0.011071
8343    0.011867
8407    0.009896
8581    0.005071
8630    0.007859
8964    0.009034
9275    0.017611
9306    0.019281
9454    0.006630
9459    0.010816
9517    0.005335
9919    0.026162
9985    0.010289
10201    0.014489
10251    0.049407
10382    0.013612
10509    0.009331
10510    0.011160
10689    0.009546
11178    0.008314
11180    0.005128
11218    0.004893
11220    0.013081
11283    0.009130
11364    0.011545
11729    0.007510
11750    0.012252
11841    0.007549
11858    0.012485
11909    0.013081
12005    0.004600
12213    0.017611
12346    0.013612
12477    0.012352
12522    0.007510
12538    0.035223
12551    0.005955
12613    0.010431
12675    0.070661
12684    0.004814
12818    0.010431
12936    0.015346
12987    0.026263
12999    0.003765
13014    0.010058
13191    0.018341
13302    0.015346
13351    0.005366
13388    0.008633
13457    0.022871
13475    0.015690
13501    0.005811
13544    0.015346
13570    0.035223
13580    0.005573
13794    0.012624
13823    0.045009
13824    0.016075
13939    0.006722
13999    0.012100
14014    0.011252
14065    0.008106
14148    0.040610
14303    0.013169
14359    0.010983
14425    0.005381
14439    0.022030
14441    0.013612
14604    0.014679
14615    0.016512
14726    0.011160
14741    0.008166
14742    0.014007
14745    0.005245
14780    0.011649
15016    0.009437
15022    0.016075
15087    0.022871
15147    0.012770
15451    0.013249
15660    0.011981
15677    0.025843
15912    0.011801
15989    0.019670
16019    0.017016
16252    0.012352
16363    0.034031
16448    0.016512
16485    0.007422
16585    0.002659
16611    0.016075
16734    0.004588
16766    0.008895
17051    0.006699
17067    0.009437
17169    0.045742
17372    0.011252
17480    0.010359
17546    0.019281
17669    0.005428
17943    0.022871
17949    0.009896
18055    0.010431
18068    0.013081
18090    0.018341
18167    0.003519
18282    0.003546
18308    0.014489
18374    0.014021
18547    0.012485
18553    0.011160
18652    0.005937
18784    0.010899
18815    0.015346
18883    0.007015
18941    0.013612
18962    0.010735
18996    0.018341
19063    0.015346
19097    0.017974
19106    0.010153
19225    0.015386
19232    0.007172
19710    0.014247
19817    0.008941
19844    0.002139
19983    0.019281
20108    0.010983
20324    0.033024
20339    0.013249
20465    0.011444
20481    0.010816
20535    0.011756
20577    0.022871
20587    0.009658
20588    0.012485
20620    0.006817
20678    0.012224
20782    0.012485
20841    0.018090
20842    0.015035
20844    0.004775
20977    0.013425
21150    0.002608
21247    0.009947
21261    0.012352
