45
333    0.035030
686    0.057107
1184    0.041425
1283    0.037372
1436    0.050423
1862    0.028527
2224    0.058083
2277    0.029382
3089    0.066825
3743    0.041865
3943    0.062134
4380    0.026850
4798    0.082163
4926    0.050883
5043    0.041192
7281    0.075593
7377    0.039231
8964    0.055288
9016    0.049974
10105    0.039891
10261    0.035030
10338    0.080052
10837    0.022027
11103    0.015879
11729    0.045961
12548    0.045246
12999    0.023041
14749    0.047867
14997    0.063837
15209    0.074053
15242    0.112244
16060    0.054717
16592    0.030109
16734    0.028076
17830    0.049104
17867    0.072624
18724    0.061730
18726    0.106711
19127    0.036561
19785    0.038592
19844    0.013093
20260    0.023797
20282    0.030609
21164    0.090272
21254    0.043565
