136
420    0.022076
423    0.027126
492    0.039540
583    0.021825
834    0.024240
920    0.017326
1234    0.030447
1253    0.025048
1254    0.028546
1262    0.016222
1440    0.033198
1699    0.004695
1741    0.014820
1966    0.027126
2173    0.023569
2226    0.019959
2609    0.015072
3606    0.024630
3743    0.023652
3745    0.017438
4137    0.009634
4153    0.018698
4206    0.060416
4240    0.024305
4245    0.013522
4382    0.028546
4501    0.015072
4762    0.020919
4871    0.016503
4926    0.028748
5274    0.024240
5401    0.045809
5444    0.023210
5628    0.022614
5856    0.012683
5966    0.027126
6758    0.008623
7078    0.023875
7199    0.036648
7237    0.035624
7286    0.019294
7422    0.026531
7517    0.030447
7595    0.025662
7895    0.021584
7965    0.018160
8185    0.022076
8275    0.014998
8533    0.013087
9143    0.015378
9155    0.018290
9432    0.025048
9518    0.025239
9565    0.035624
9591    0.035624
9873    0.012306
9947    0.009223
9985    0.053362
10290    0.013694
10420    0.015869
10460    0.022904
10508    0.022076
10697    0.037118
10735    0.033333
10892    0.008841
11007    0.019959
11205    0.035624
11206    0.019294
11262    0.051001
11334    0.011953
11529    0.039540
11570    0.012352
12006    0.018842
12151    0.027126
12661    0.020139
12739    0.035624
12983    0.011501
12987    0.005675
13014    0.008694
13195    0.018988
13351    0.009276
13434    0.003590
13737    0.030447
13884    0.071626
14039    0.178504
14040    0.030447
14049    0.025992
14055    0.033333
14065    0.004671
14267    0.027791
14742    0.012108
14865    0.015300
15131    0.025992
15245    0.023875
15299    0.015457
15555    0.013636
15578    0.024240
15792    0.013993
15942    0.024630
15970    0.027126
16148    0.057417
16223    0.027791
16317    0.016899
16386    0.025048
16585    0.009194
16734    0.007931
16944    0.010658
17053    0.015955
17054    0.020919
17111    0.016698
17318    0.035624
17413    0.018423
17522    0.026531
17870    0.024704
17932    0.025501
18005    0.010077
18182    0.006100
18186    0.014853
18567    0.017109
18619    0.020339
18724    0.017438
18726    0.015072
19106    0.035104
19226    0.009384
19232    0.012398
19366    0.005495
19606    0.031707
19844    0.007397
20090    0.006708
20260    0.003361
20808    0.039540
20946    0.031975
20994    0.017003
21150    0.004508
21247    0.005732
21279    0.014180
