144
863    0.019137
1218    0.027610
1309    0.037673
1382    0.035901
1451    0.018205
1603    0.015349
1686    0.018815
1741    0.014334
1752    0.016758
2003    0.015267
2048    0.015349
2174    0.017950
2192    0.023822
2215    0.023822
3441    0.039315
3521    0.038957
3567    0.008998
4141    0.016247
4240    0.007836
4336    0.034456
4442    0.034456
4637    0.018815
4790    0.027610
5020    0.015603
5065    0.076486
5225    0.018661
5304    0.028452
5314    0.034456
5501    0.007590
5511    0.023092
5584    0.019657
5717    0.014873
5719    0.032588
5769    0.021581
5770    0.023092
5771    0.022761
6507    0.018366
6707    0.012970
6761    0.031428
6762    0.014798
6904    0.024664
6940    0.019305
7106    0.026237
7118    0.027610
7493    0.017819
7531    0.009927
7614    0.032240
7833    0.009806
7944    0.026880
8078    0.015383
8101    0.016445
8181    0.012508
8271    0.063118
8272    0.034178
8446    0.010375
8533    0.012658
8630    0.026283
9137    0.019843
9219    0.030668
9282    0.011438
9311    0.018511
9432    0.024227
9747    0.015517
9980    0.016055
10095    0.016976
10099    0.027610
10164    0.034456
10251    0.020654
10509    0.015603
10515    0.027610
10677    0.024664
10697    0.017950
11103    0.004339
11121    0.022449
11182    0.018973
11213    0.012174
11364    0.019305
11534    0.022761
11674    0.030668
12519    0.009129
12765    0.011947
12974    0.014507
12987    0.005489
13014    0.008409
13188    0.026880
13355    0.035582
13541    0.016758
13680    0.032240
13823    0.075260
13824    0.026880
13939    0.011240
14073    0.013245
14083    0.024227
14148    0.016976
14161    0.020439
14716    0.019843
14717    0.015962
14742    0.011711
14745    0.008770
14811    0.019478
14874    0.013777
14947    0.052473
15044    0.026237
15127    0.023445
15672    0.020439
15677    0.021606
15693    0.030668
15896    0.023445
15910    0.013839
15991    0.017950
15998    0.026880
16014    0.024227
16384    0.029448
16585    0.011116
16729    0.006233
16743    0.016548
16923    0.010613
17037    0.012082
17117    0.009346
17144    0.008623
17761    0.019843
17860    0.038243
18003    0.014578
18167    0.017655
18182    0.011799
18254    0.022449
18451    0.019137
18579    0.020877
18656    0.021606
18893    0.032240
19329    0.022449
19618    0.027610
19632    0.034456
19905    0.018511
20090    0.006488
20150    0.022761
20260    0.006502
20323    0.019657
20559    0.019478
20844    0.015969
20902    0.012607
21150    0.004361
21205    0.038243
21247    0.005544
