328
1    0.007709
70    0.011012
451    0.005607
773    0.006408
792    0.016052
801    0.011282
1119    0.016052
1194    0.007897
1202    0.011589
1208    0.012360
1272    0.005862
1302    0.016052
1365    0.009841
1433    0.008763
1603    0.006442
1664    0.007372
1690    0.007649
1740    0.005862
1762    0.004116
1862    0.003271
1941    0.005149
2113    0.006513
2114    0.006374
2173    0.004784
2248    0.016657
2286    0.009553
2291    0.010552
2343    0.008492
2432    0.002772
2458    0.007649
2539    0.006623
2688    0.011214
2690    0.009553
2706    0.004469
2816    0.014462
2819    0.005090
2902    0.011012
3068    0.014462
3110    0.018597
3269    0.011942
3271    0.010770
3282    0.007770
3351    0.008962
3501    0.008328
3571    0.005917
3618    0.005559
3672    0.007897
3688    0.007372
3778    0.016052
3792    0.010169
3903    0.006059
3911    0.005917
4023    0.008010
4027    0.012872
4133    0.009422
4150    0.006945
4258    0.004455
4576    0.008032
4718    0.019385
4729    0.005229
4859    0.008669
4871    0.006699
4927    0.008176
4961    0.012872
5020    0.006549
5041    0.014462
5043    0.004724
5075    0.002793
5220    0.006903
5232    0.008763
5501    0.003186
5549    0.006989
5563    0.006442
5567    0.036111
5568    0.016052
5570    0.027542
5571    0.011282
5623    0.008579
5745    0.006549
5779    0.010770
5819    0.009069
5856    0.010298
5991    0.005889
6171    0.008669
6254    0.016052
6327    0.016052
6334    0.007964
6372    0.003821
6421    0.009298
6602    0.012872
6657    0.022024
6697    0.008032
6738    0.006477
6761    0.008794
6762    0.006211
6812    0.014462
6828    0.017750
6848    0.014462
6918    0.006408
6959    0.010169
6963    0.016052
6974    0.013532
7168    0.015971
7181    0.005356
7189    0.018597
7208    0.013532
7303    0.008409
7345    0.012872
7355    0.009692
7393    0.014345
7489    0.009841
7570    0.013532
7575    0.012872
7631    0.006374
7709    0.007321
7850    0.012872
8061    0.013532
8078    0.003228
8088    0.012872
8181    0.005250
8193    0.009999
8223    0.007079
8271    0.072853
8272    0.021518
8323    0.005783
8628    0.012360
8776    0.013532
8783    0.005292
8821    0.010770
8918    0.005313
9003    0.005889
9200    0.004369
9395    0.009422
9492    0.009692
9502    0.006513
9783    0.008579
9812    0.005607
9824    0.008103
9936    0.015539
9947    0.007489
10008    0.016052
10175    0.006243
10215    0.010933
10244    0.015298
10290    0.005559
10333    0.006989
10509    0.019647
10510    0.031330
10619    0.011589
10646    0.008409
10671    0.009692
10846    0.005377
11071    0.009841
11103    0.001821
11117    0.003981
11195    0.010169
11201    0.003799
11220    0.009181
11237    0.013532
11334    0.009705
11570    0.005015
11683    0.003024
11750    0.004299
11757    0.010755
11782    0.003981
11827    0.010552
11890    0.009181
12005    0.003228
12047    0.009999
12064    0.006374
12085    0.005583
12110    0.004341
12245    0.008464
12300    0.008232
12318    0.016052
12319    0.008860
12434    0.008962
12522    0.005271
12544    0.030137
12551    0.004180
12572    0.008579
12613    0.007321
12659    0.010843
12684    0.003379
12853    0.005110
12864    0.004996
12979    0.010770
12983    0.004669
12984    0.016052
12987    0.002304
13077    0.016052
13295    0.008328
13349    0.008251
13366    0.009999
13434    0.001458
13500    0.013532
13501    0.008157
13647    0.004259
13670    0.010552
13756    0.009841
13815    0.008763
13866    0.006661
13886    0.004005
13910    0.004411
13999    0.008492
14012    0.018922
14065    0.009482
14069    0.011589
14099    0.007770
14120    0.013532
14145    0.048318
14148    0.007125
14150    0.014745
14217    0.009692
14323    0.016821
14388    0.016052
14439    0.011596
14445    0.013721
14485    0.005917
14490    0.007649
14522    0.014462
14572    0.016052
14607    0.005444
14666    0.016052
14741    0.011462
14742    0.008192
14824    0.007591
14865    0.012422
14874    0.005783
15009    0.007964
15185    0.009999
15204    0.005334
15239    0.008103
15318    0.012360
15466    0.005656
15555    0.005536
15705    0.010352
15720    0.016052
15722    0.012872
15790    0.016052
15820    0.005559
15843    0.014462
15988    0.008103
15989    0.013805
15991    0.007534
16116    0.004767
16117    0.005731
16237    0.004411
16244    0.011589
16269    0.015298
16487    0.008763
16489    0.008032
16501    0.004718
16512    0.016052
16585    0.007465
16729    0.002616
16732    0.003993
16734    0.006439
16743    0.006945
16956    0.016052
16958    0.006819
17008    0.011012
17124    0.010169
17144    0.003619
17529    0.006149
17617    0.009692
17650    0.016052
17708    0.016052
17761    0.008328
17817    0.007479
17899    0.020337
18117    0.016052
18175    0.011282
18180    0.008669
18182    0.002476
18203    0.005334
18282    0.009954
18317    0.006442
18435    0.011361
18517    0.012872
18547    0.008763
18553    0.007833
18580    0.007125
18593    0.012360
18609    0.008103
18652    0.020834
18653    0.008176
18655    0.010258
18658    0.010770
18689    0.026288
18692    0.011282
18711    0.010169
18796    0.011589
18883    0.004923
18888    0.005377
18978    0.014462
19043    0.004440
19097    0.006307
19106    0.007125
19125    0.005917
19232    0.005033
19261    0.004801
19271    0.005944
19349    0.006819
19366    0.004462
19416    0.005466
19424    0.008763
19460    0.011169
19844    0.003003
20041    0.012872
20090    0.002723
20202    0.008763
20275    0.003934
20316    0.013532
20468    0.008492
20557    0.005313
20580    0.016052
20713    0.004341
20746    0.009999
20803    0.006372
20829    0.011942
20844    0.003351
20927    0.003888
20964    0.004905
21111    0.006699
21113    0.007649
21182    0.021104
21266    0.004341
