76
1116    0.026730
1160    0.101658
1204    0.042523
1691    0.039085
3183    0.061390
3485    0.026399
3794    0.040356
4219    0.094545
4220    0.094545
4777    0.024377
5043    0.009033
5096    0.048256
5628    0.017555
5925    0.033886
6315    0.137020
6596    0.015457
6681    0.033155
7168    0.012217
7199    0.075868
7316    0.061390
7351    0.021171
7466    0.021631
8417    0.020566
9533    0.019107
10074    0.052844
10120    0.040356
10179    0.035112
10491    0.052161
11095    0.060915
11118    0.025475
11160    0.078241
11283    0.024507
12042    0.027617
12283    0.012089
12519    0.014655
12605    0.070906
12606    0.037069
12675    0.094835
12987    0.017624
12999    0.010106
13294    0.034276
13295    0.031853
13296    0.037069
13752    0.055310
14110    0.103507
14480    0.099636
14865    0.023755
14903    0.030989
14959    0.040356
15039    0.051753
15906    0.021171
15912    0.015838
15918    0.043150
16527    0.020566
16529    0.034992
16585    0.007137
16734    0.036942
16921    0.049014
17033    0.027999
18057    0.033513
18105    0.032161
18435    0.021726
19000    0.034684
19136    0.038241
19143    0.036036
19426    0.012057
19466    0.044321
19485    0.025047
19685    0.022843
19773    0.015410
20100    0.050950
20260    0.005219
20286    0.061390
20287    0.122781
20587    0.051850
21188    0.028397
