98
450    0.023692
1159    0.040826
1368    0.037266
1603    0.021279
1662    0.026763
1699    0.006295
1970    0.027252
2003    0.042331
2230    0.034194
2933    0.027509
3521    0.027004
3647    0.014959
3688    0.024351
3696    0.042517
3850    0.019452
3858    0.023536
4023    0.013229
4155    0.089392
4729    0.034546
4778    0.028051
4870    0.016381
4873    0.029265
5020    0.021632
5075    0.009226
5764    0.033588
5807    0.143304
6719    0.017834
6732    0.053019
6761    0.043571
6994    0.027509
7217    0.053019
7493    0.024703
8040    0.013430
8073    0.032015
8078    0.042652
8181    0.017341
8271    0.065628
8446    0.028767
8886    0.053019
9107    0.047768
9209    0.012090
9388    0.018056
9826    0.042517
10251    0.028634
11178    0.019274
11364    0.080290
11918    0.078890
12048    0.040825
12345    0.043430
12538    0.040826
12551    0.013806
12572    0.028336
12675    0.032761
12817    0.018056
12864    0.016502
12987    0.022831
12999    0.008728
13591    0.025462
13823    0.052169
14083    0.100763
14145    0.113997
14150    0.024351
14445    0.022660
14523    0.021279
14716    0.027509
14741    0.018930
14742    0.016236
14796    0.033884
14811    0.027004
14874    0.019100
15368    0.025265
15910    0.019186
15912    0.013678
16116    0.015746
16119    0.026530
16371    0.022129
16486    0.026085
16501    0.015582
16585    0.003082
16732    0.013190
16772    0.021512
16923    0.029428
16982    0.039445
17667    0.053019
17949    0.022941
18282    0.008220
18807    0.027509
19366    0.007369
19424    0.028943
19426    0.010413
19630    0.035575
19905    0.025664
20051    0.047768
20090    0.008995
20324    0.076555
20581    0.053019
20587    0.022390
20927    0.012842
