242
246    0.006612
382    0.019174
502    0.013477
868    0.011255
1127    0.011755
1204    0.006641
1698    0.005202
1712    0.006756
1762    0.009833
1919    0.006727
2093    0.005735
2102    0.004799
2173    0.005715
2345    0.009067
2458    0.009137
2497    0.011755
2688    0.006698
2711    0.008097
2737    0.013169
2742    0.011944
3147    0.038348
3157    0.014765
3193    0.010705
3396    0.006423
3397    0.007780
3574    0.007780
3632    0.007867
3635    0.008003
3647    0.010820
3854    0.011107
3871    0.019174
3916    0.011412
4099    0.155326
4100    0.026308
4135    0.008097
4142    0.009000
4150    0.008296
4152    0.010833
4153    0.009067
4262    0.009433
4276    0.011412
4365    0.016164
4480    0.008806
4505    0.009356
4701    0.009433
4774    0.009000
4899    0.005675
4901    0.010355
5391    0.076696
5563    0.007695
5746    0.012604
5806    0.008869
5853    0.013477
5925    0.010584
6171    0.010355
6275    0.023509
6372    0.004564
6440    0.019174
6487    0.011578
6526    0.019174
6753    0.014765
6758    0.004181
6828    0.007068
6931    0.010248
7087    0.015823
7168    0.007631
7181    0.006397
7391    0.011944
7466    0.013512
7472    0.022510
7753    0.005235
7866    0.014265
8068    0.007654
8078    0.003856
8181    0.006271
8323    0.006907
8408    0.010355
8535    0.011107
8545    0.026308
8577    0.009595
8581    0.004251
8622    0.005755
8630    0.006589
8638    0.007957
8711    0.006641
9004    0.011255
9009    0.009356
9044    0.011755
9324    0.011755
9359    0.016164
9361    0.013512
9454    0.005558
9468    0.014265
9739    0.009433
9782    0.011255
9926    0.019174
9961    0.010833
9979    0.020289
9980    0.040247
10074    0.005502
10295    0.011412
10545    0.017739
10773    0.006530
10942    0.006476
11087    0.006698
11103    0.006526
11271    0.006756
11334    0.005796
11355    0.007453
11470    0.016164
11569    0.005446
11750    0.005136
11782    0.009511
12005    0.007712
12189    0.019174
12245    0.005055
12261    0.019174
12272    0.011755
12307    0.023186
12309    0.007101
12345    0.010471
12518    0.038348
12540    0.083056
12541    0.038348
12542    0.127003
12543    0.034550
12551    0.004993
12560    0.033321
12659    0.006476
12661    0.009766
12684    0.004036
12999    0.003156
13233    0.019174
13351    0.008997
13353    0.007419
13434    0.005223
13535    0.011578
13565    0.114118
13886    0.014353
13906    0.009433
13910    0.010539
14065    0.004530
14093    0.008146
14401    0.032328
14406    0.005817
14536    0.008296
14654    0.013154
14745    0.004397
14772    0.015376
14792    0.013477
14793    0.013843
14796    0.006127
14853    0.013843
14959    0.012604
15140    0.005252
15204    0.006372
15218    0.011944
15488    0.007382
15521    0.024732
15570    0.020495
15708    0.017275
15712    0.018381
15805    0.028530
15807    0.010144
15818    0.005838
15821    0.008296
15895    0.010467
15927    0.024008
15932    0.012147
16180    0.038348
16237    0.010539
16241    0.008146
16489    0.009595
16501    0.005635
16509    0.006612
16585    0.004458
16729    0.006250
16734    0.034614
16941    0.003584
16944    0.005169
17059    0.009137
17063    0.017275
17072    0.010045
17074    0.050179
17075    0.037286
17077    0.009595
17079    0.009433
17121    0.019174
17320    0.010705
17438    0.008745
17478    0.011107
17519    0.010355
17643    0.005924
17669    0.004551
17757    0.009433
17810    0.011578
17857    0.010248
17881    0.019174
17994    0.010833
17995    0.017275
18005    0.004887
18167    0.002950
18282    0.002973
18319    0.006423
18383    0.005968
18435    0.006786
18731    0.010355
18882    0.008272
18888    0.006423
18898    0.007273
19097    0.007534
19177    0.011003
19226    0.004551
19262    0.006503
19410    0.003547
19426    0.003766
19514    0.013843
19543    0.006786
19708    0.013477
19772    0.019589
19816    0.011578
19817    0.007495
19820    0.006476
20260    0.001630
20275    0.004699
20582    0.007203
20601    0.006641
20628    0.008934
20716    0.007574
20782    0.010467
20807    0.008245
20815    0.013154
20916    0.009513
20927    0.004644
21058    0.005616
21094    0.008869
21129    0.004323
21132    0.008511
21150    0.006559
21247    0.002780
21266    0.005185
21307    0.012493
