305
2    0.014071
9    0.018273
31    0.018273
55    0.018273
70    0.025072
523    0.008111
574    0.011576
1108    0.018273
1109    0.018273
1194    0.026970
1242    0.006553
1272    0.006673
1364    0.015526
1439    0.009144
1603    0.007334
1662    0.009224
1698    0.004957
1699    0.002170
1712    0.006438
1862    0.007448
1940    0.006249
2089    0.013595
2092    0.017690
2248    0.009481
2298    0.012844
2315    0.014653
2343    0.009668
2344    0.004413
2366    0.008577
2539    0.015079
2546    0.012844
2634    0.036546
2660    0.010875
2691    0.009766
2696    0.013595
2723    0.005105
2741    0.018273
2744    0.004894
2747    0.008392
2766    0.018273
2806    0.006438
2853    0.009066
2925    0.015404
3071    0.018273
3110    0.010585
3273    0.009573
3315    0.025924
3486    0.014071
3567    0.004299
3583    0.004007
3588    0.010875
3803    0.015404
3863    0.014653
4023    0.009119
4136    0.012261
4267    0.009224
4324    0.006356
4350    0.018273
4402    0.012012
4495    0.011382
4574    0.011202
4576    0.009144
4729    0.005953
4732    0.008514
4961    0.014653
5020    0.007455
5212    0.006328
5458    0.010451
5526    0.040784
5532    0.004573
5549    0.007956
5580    0.012012
5899    0.008007
6045    0.012536
6251    0.008845
6319    0.008707
6378    0.010726
6421    0.010585
6558    0.012012
6596    0.004601
6602    0.014653
6761    0.005005
6770    0.018273
6814    0.015404
6848    0.016463
6994    0.009481
7087    0.015079
7168    0.003636
7223    0.023570
7274    0.012844
7303    0.009573
7362    0.013595
7456    0.006172
7460    0.007956
7486    0.006613
7488    0.015404
7787    0.008059
7987    0.007256
8021    0.006931
8078    0.007350
8095    0.013192
8107    0.004178
8159    0.008845
8244    0.029307
8269    0.008276
8271    0.022619
8272    0.016331
8300    0.010324
8377    0.013595
8417    0.006122
8550    0.013595
8581    0.004052
8630    0.003140
8824    0.012844
8918    0.006048
9086    0.022404
9275    0.028141
9276    0.011382
9280    0.016785
9282    0.010931
9339    0.014653
9395    0.010726
9411    0.003469
9518    0.023328
9767    0.014071
9800    0.013192
9968    0.018273
10018    0.018273
10074    0.005243
10140    0.005795
10166    0.013192
10195    0.012536
10215    0.012446
10358    0.009307
10402    0.013192
10509    0.022366
10510    0.008916
11103    0.004146
11133    0.015404
11134    0.010324
11181    0.005055
11183    0.014070
11201    0.008648
11213    0.011634
11218    0.003909
11341    0.008990
11358    0.006172
11364    0.009224
11398    0.011202
11399    0.008577
11445    0.007414
11459    0.032926
11570    0.005708
11644    0.018273
11649    0.015404
11652    0.014653
11683    0.003442
11782    0.004532
11841    0.003016
11960    0.014071
12048    0.007035
12273    0.005751
12283    0.003598
12300    0.018742
12342    0.012012
12519    0.004362
12522    0.006000
12544    0.102922
12548    0.017720
12550    0.018273
12577    0.012844
12668    0.007858
12834    0.011576
12907    0.007334
12949    0.008007
12987    0.005246
13014    0.004018
13050    0.004615
13348    0.007455
13351    0.008574
13355    0.004250
13357    0.005117
13516    0.015404
13591    0.008775
13647    0.004848
13756    0.011202
13815    0.009975
13817    0.018273
13821    0.022765
13848    0.015404
13866    0.007583
14004    0.012844
14065    0.002159
14069    0.013192
14074    0.011785
14113    0.012261
14145    0.031431
14148    0.016223
14152    0.020405
14200    0.007810
14269    0.014653
14303    0.005261
14324    0.012844
14337    0.018273
14425    0.004299
14442    0.009868
14473    0.025687
14490    0.008707
14501    0.016463
14597    0.010585
14604    0.003909
14607    0.006197
14741    0.006524
14742    0.003730
14760    0.011576
14857    0.007540
14874    0.006583
15012    0.016463
15319    0.015404
15382    0.010451
15595    0.018273
15751    0.012844
15820    0.006328
15901    0.018273
15908    0.009573
15937    0.013192
15989    0.007858
16007    0.009975
16116    0.005427
16130    0.010202
16237    0.005022
16437    0.007627
16485    0.005930
16498    0.009766
16527    0.006122
16585    0.006373
16607    0.016463
16695    0.011576
16729    0.002978
16743    0.007907
16885    0.008392
16921    0.021884
16999    0.012844
17067    0.015079
17101    0.006735
17123    0.010451
17170    0.012844
17372    0.008990
17484    0.003046
17718    0.013595
17870    0.005708
17914    0.010726
17966    0.007035
18037    0.008514
18058    0.010585
18059    0.018273
18063    0.010726
18179    0.006524
18203    0.006072
18247    0.006767
18258    0.018273
18282    0.002833
18382    0.006931
18383    0.005687
18594    0.018273
18619    0.004700
18793    0.033101
18799    0.010324
18883    0.005604
19043    0.005055
19200    0.011034
19278    0.003278
19366    0.002540
19370    0.005817
19471    0.011785
19492    0.011576
19523    0.009668
19543    0.006467
19575    0.010875
19669    0.018273
19785    0.010076
19803    0.030809
19978    0.013595
20050    0.011576
20258    0.016463
20465    0.009144
20468    0.009668
20482    0.012012
20583    0.008514
20657    0.012844
20700    0.009766
20714    0.006024
20833    0.010726
20844    0.003815
20927    0.004426
21010    0.018273
21030    0.016463
21095    0.012261
21129    0.004120
21150    0.006251
21188    0.008453
21243    0.004143
21266    0.004941
21279    0.006553
21351    0.018273
