276
333    0.004646
412    0.012736
423    0.012736
539    0.008032
621    0.006513
1122    0.013811
1152    0.016725
1154    0.050175
1155    0.018564
1173    0.019264
1188    0.009371
1210    0.011564
1275    0.009371
1287    0.014887
1364    0.007886
1382    0.008713
1383    0.013048
1451    0.008837
1456    0.008466
1479    0.009058
1682    0.009725
1689    0.005909
1762    0.004760
1768    0.016725
1859    0.007748
1862    0.003783
1941    0.005955
1949    0.006219
2048    0.007451
2117    0.010365
2173    0.005533
2211    0.010617
2213    0.016725
2214    0.033450
2224    0.007703
2283    0.007451
2292    0.007532
2313    0.034691
2366    0.008713
2792    0.020051
2819    0.005887
3103    0.018564
3122    0.046949
3563    0.005843
3574    0.007532
3736    0.012456
3743    0.005552
4040    0.012456
4195    0.010008
4240    0.022822
4245    0.019045
4486    0.009289
4571    0.009371
4600    0.015650
4631    0.015650
4662    0.006570
4717    0.018564
4777    0.007371
5043    0.002732
5115    0.009133
5495    0.003561
5556    0.006974
5561    0.018564
5570    0.010617
5698    0.016725
5769    0.026189
5985    0.016725
5991    0.006811
5993    0.011564
6219    0.014295
6345    0.011564
6434    0.023945
6560    0.013402
6596    0.009348
6655    0.007183
6677    0.014295
6828    0.020528
6918    0.007411
6991    0.016725
7097    0.007147
7343    0.026140
7531    0.004819
7650    0.006940
7944    0.013048
7989    0.006484
8040    0.004702
8181    0.006072
8200    0.007532
8336    0.018564
8417    0.012438
8434    0.018564
8476    0.005932
8488    0.018564
8568    0.008278
8622    0.005572
8689    0.010754
8802    0.014295
8970    0.010488
8996    0.008846
9132    0.013811
9138    0.018564
9155    0.008587
9209    0.008466
9388    0.006322
9518    0.011850
9602    0.015650
9644    0.015587
9749    0.009455
9873    0.005778
9960    0.012203
10074    0.005326
10175    0.007220
10186    0.018578
10261    0.009292
10268    0.062598
10269    0.018564
11036    0.104206
11047    0.074255
11087    0.006484
11103    0.002106
11146    0.006194
11178    0.006748
11182    0.009210
11201    0.004393
11203    0.006541
11289    0.007007
11355    0.003608
11419    0.015650
11493    0.013811
11530    0.008915
11569    0.005273
11591    0.009058
11683    0.003497
11753    0.008846
11841    0.003064
11973    0.009632
12230    0.005756
12250    0.016725
12364    0.011564
12365    0.006940
12548    0.006001
12605    0.007147
12855    0.008587
12866    0.010897
12974    0.007042
12987    0.010658
12999    0.003056
13059    0.018564
13102    0.018564
13151    0.010026
13159    0.013048
13175    0.008779
13180    0.012456
13195    0.008915
13311    0.008134
13339    0.018564
13347    0.008587
13355    0.021590
13357    0.005198
13421    0.016725
13434    0.001686
13530    0.007532
13580    0.004523
13859    0.018564
14065    0.004386
14323    0.006484
14377    0.018564
14402    0.015650
14406    0.011264
14421    0.014887
14424    0.014295
14432    0.016725
14439    0.004470
14551    0.018564
14717    0.007748
14742    0.005685
14746    0.022232
14749    0.006348
14780    0.009455
14824    0.008779
14863    0.008846
14865    0.014366
15240    0.015650
15484    0.007983
15524    0.014887
15551    0.006718
15804    0.013048
15807    0.019643
15897    0.013402
15910    0.006718
16030    0.006811
16034    0.006940
16060    0.007257
16237    0.015305
16241    0.015773
16265    0.008915
16485    0.006024
16529    0.005291
16585    0.004317
16668    0.010134
16729    0.003025
16732    0.004618
16876    0.015650
16932    0.023127
16934    0.015650
16941    0.003470
17037    0.005865
17052    0.008295
17118    0.014887
17157    0.055691
17158    0.018564
17338    0.016725
17407    0.005978
17483    0.014887
17484    0.003095
17524    0.007294
17669    0.004406
17676    0.018564
17761    0.009632
17862    0.018564
17875    0.007574
17916    0.013559
17949    0.040162
17950    0.011972
17954    0.014295
18003    0.007076
18086    0.009821
18098    0.007411
18167    0.014283
18182    0.002864
18268    0.015650
18334    0.011049
18430    0.018564
18493    0.009821
18584    0.012203
18841    0.014366
18882    0.004004
18883    0.005694
18898    0.007042
18962    0.008713
19037    0.007660
19153    0.041433
19168    0.033450
19225    0.006244
19261    0.005552
19273    0.014295
19278    0.003330
19329    0.010897
19366    0.005160
19460    0.004306
19464    0.005186
19567    0.021794
19606    0.014887
19619    0.014887
19621    0.071473
19622    0.018564
20052    0.018564
20090    0.003150
20100    0.007703
20126    0.014295
20260    0.003156
20274    0.006457
20426    0.011209
20475    0.031931
20477    0.008466
20545    0.010617
20643    0.018564
20672    0.009455
20759    0.018564
20946    0.015012
21115    0.004355
21125    0.018564
21143    0.026096
21150    0.002117
21191    0.008351
21247    0.005382
