80
37    0.060051
369    0.060051
476    0.046848
1116    0.029022
1204    0.046168
1245    0.025534
1698    0.018082
1699    0.007914
2062    0.091453
2173    0.039731
2297    0.057324
2366    0.031285
2706    0.018559
3485    0.028662
3583    0.014616
4260    0.024120
4271    0.035264
5043    0.009808
5096    0.052392
5416    0.051324
5628    0.057180
5694    0.041519
5879    0.025791
6681    0.071993
7736    0.019589
8218    0.016192
8630    0.011452
9057    0.066652
9877    0.043815
10027    0.040862
10074    0.038249
10121    0.037657
10491    0.056632
11095    0.066136
11161    0.034583
11683    0.012556
12003    0.038122
12283    0.013125
12300    0.017091
12605    0.051323
12675    0.061778
12999    0.010972
13014    0.014656
13294    0.037214
13320    0.025661
13999    0.035264
14480    0.108176
14481    0.033068
14596    0.066652
14727    0.032792
14729    0.039125
14749    0.022794
14815    0.020078
14994    0.115831
15063    0.019060
15070    0.035264
15912    0.017196
15961    0.060051
16529    0.056988
16729    0.010863
16734    0.026739
16921    0.026608
16929    0.036791
17052    0.029784
17484    0.011111
17780    0.038610
18004    0.037657
18055    0.030399
18214    0.040247
18655    0.021298
19464    0.018620
19485    0.027194
19685    0.049601
19773    0.016731
20260    0.005666
20285    0.133305
20413    0.037657
20587    0.028147
20842    0.043815
20844    0.013916
