140
1016    0.029130
1157    0.013447
1309    0.012422
1368    0.026590
1603    0.015183
1699    0.004492
1740    0.013815
1846    0.013214
2003    0.030203
3327    0.016793
3696    0.030336
4072    0.023565
4140    0.030336
4497    0.021373
4729    0.012324
4730    0.018167
4811    0.016369
5020    0.015434
5055    0.018311
5719    0.021491
5794    0.029130
5807    0.034083
5954    0.026590
5978    0.029130
5990    0.030336
6655    0.014638
6675    0.022843
6761    0.020725
6762    0.014638
7215    0.027311
7349    0.019818
7396    0.025383
7397    0.029130
7493    0.035252
8078    0.015216
8101    0.016268
8181    0.024746
8186    0.018768
8271    0.046827
8272    0.016904
8381    0.020881
8446    0.010263
8630    0.025999
8756    0.023965
8777    0.016268
9107    0.068166
9118    0.011951
9127    0.018612
9280    0.017375
9644    0.031763
9923    0.023192
9991    0.017890
10011    0.021637
10175    0.014713
10186    0.018930
10215    0.012883
10251    0.020430
10333    0.016472
10358    0.019268
10422    0.016369
10509    0.015434
10676    0.021121
10677    0.024398
10714    0.013102
11154    0.018768
11178    0.013752
11180    0.008482
11182    0.018768
11534    0.022515
11797    0.027311
11841    0.006243
12109    0.016904
12345    0.030988
12538    0.058260
12572    0.020218
12675    0.035063
12765    0.011818
12855    0.017499
12864    0.011774
12928    0.013815
13014    0.016637
13320    0.014565
13501    0.009612
13823    0.093058
13824    0.026590
13896    0.019268
13897    0.017756
13910    0.010396
14065    0.004469
14083    0.023965
14145    0.065071
14148    0.016793
14150    0.017375
14412    0.015102
14428    0.019628
14604    0.008093
14732    0.025953
14741    0.027013
14742    0.023169
14745    0.008675
14796    0.012088
14874    0.013628
14996    0.021121
15063    0.010818
15583    0.021914
15672    0.060655
15895    0.020651
15989    0.016268
16014    0.047930
16241    0.032142
16743    0.016369
16923    0.010499
16941    0.007071
16982    0.028145
17101    0.013944
17105    0.010966
17108    0.014565
17369    0.015022
17464    0.037830
17922    0.013447
18182    0.017507
18254    0.022206
18392    0.023192
18652    0.029460
19535    0.013752
20090    0.025673
20260    0.006432
20309    0.037830
20324    0.027311
20358    0.025953
20481    0.017890
20583    0.017626
20593    0.021637
20624    0.018768
20629    0.018768
20894    0.010430
20969    0.017375
21115    0.008875
21122    0.012422
21247    0.005484
