230
267    0.009182
539    0.009067
632    0.012652
1097    0.007020
1188    0.010577
1274    0.010142
1451    0.004987
1603    0.008410
1646    0.007688
1677    0.008549
1680    0.008849
1699    0.004976
1712    0.007383
1741    0.003927
1845    0.010142
1941    0.006721
1949    0.014039
2003    0.008365
2084    0.007319
2093    0.006267
2102    0.005244
2109    0.013774
2120    0.006645
2170    0.010872
2172    0.009835
2248    0.021744
2343    0.011086
2567    0.012138
2745    0.006223
2853    0.020791
3273    0.010977
3315    0.009909
3327    0.009301
3390    0.020954
3521    0.021344
3563    0.006595
3583    0.004595
3618    0.007257
3726    0.007319
3732    0.009241
4023    0.026141
4035    0.015128
4469    0.014375
4501    0.007987
4729    0.013653
4730    0.010063
4732    0.009763
4871    0.008745
5020    0.008549
5043    0.003083
5075    0.007292
5084    0.029289
5501    0.012476
5549    0.009124
5580    0.013774
5602    0.009763
5707    0.011566
5800    0.020954
5801    0.018878
5879    0.008108
5883    0.015128
6129    0.010309
6743    0.011984
6761    0.005740
6908    0.005182
7078    0.012652
7192    0.008956
7223    0.013514
7303    0.010977
7311    0.011699
7486    0.015165
7512    0.030255
7592    0.013774
7626    0.013774
7642    0.008455
7753    0.005721
7989    0.007319
8019    0.010092
8078    0.008428
8269    0.009491
8271    0.060519
8272    0.028090
8314    0.017664
8404    0.014375
8417    0.007020
8449    0.012652
8568    0.004672
8577    0.010485
8626    0.017664
8630    0.010800
8638    0.008695
9136    0.009067
9280    0.009624
9304    0.010225
9767    0.016135
9936    0.010142
9991    0.009909
10064    0.009624
10141    0.016803
10145    0.012138
10191    0.014060
10215    0.007136
10251    0.011316
10286    0.016135
10331    0.011316
10509    0.008549
10851    0.012846
11103    0.009508
11117    0.015591
11134    0.011838
11188    0.014060
11218    0.004483
11271    0.007383
11291    0.013052
11420    0.013774
11440    0.010577
11683    0.003947
11782    0.005197
12046    0.011699
12084    0.008549
12122    0.005260
12227    0.016803
12283    0.008252
12345    0.011443
12365    0.007834
12505    0.007583
12522    0.006880
12544    0.147527
12548    0.006773
12577    0.014728
12684    0.004410
12765    0.006546
12834    0.013274
12855    0.004846
12987    0.006015
13014    0.004608
13311    0.009182
13319    0.006826
13349    0.010770
13351    0.009832
13357    0.002934
13501    0.005324
13513    0.026105
13541    0.009182
13545    0.011438
13591    0.010063
13794    0.034698
13815    0.034315
13816    0.020954
13823    0.030927
14028    0.014060
14140    0.011984
14145    0.018021
14202    0.048405
14425    0.004930
14523    0.008410
14604    0.008966
14741    0.007481
14742    0.008555
14796    0.013391
14952    0.009909
15007    0.014375
15107    0.020954
15400    0.009067
15540    0.027549
15659    0.013774
15695    0.007834
15888    0.012300
15895    0.011438
15903    0.012300
15904    0.017664
15937    0.015128
15988    0.010577
15989    0.027032
16116    0.006223
16117    0.007481
16485    0.006800
16585    0.014617
16608    0.206614
16732    0.005213
16743    0.009067
16999    0.014728
17066    0.009426
17099    0.016803
17117    0.005120
17144    0.004724
17170    0.014728
17441    0.016803
17484    0.003493
18055    0.019113
18058    0.012138
18182    0.003232
18203    0.006963
18247    0.007760
18253    0.011566
18806    0.017664
18807    0.010872
18882    0.004520
18945    0.015589
19037    0.008646
19136    0.013052
19143    0.024600
19232    0.013141
19271    0.007760
19274    0.011199
19370    0.006670
19507    0.012300
19575    0.012471
19718    0.007987
19772    0.014272
19844    0.005880
19997    0.009556
20050    0.013274
20323    0.010770
20359    0.011438
20467    0.014728
20468    0.011086
20583    0.009763
20673    0.009241
20714    0.006908
20745    0.009241
20833    0.012300
20841    0.005525
20844    0.008750
20845    0.008549
20848    0.005439
20894    0.005777
20927    0.005075
20977    0.012300
21150    0.007168
