39
15    0.111658
18    0.146636
36    0.137207
333    0.040732
686    0.066404
2119    0.074229
3089    0.038852
4380    0.062443
4729    0.053024
5028    0.079418
5415    0.058898
5866    0.043594
6532    0.078161
6596    0.040978
7116    0.098277
7714    0.070867
7802    0.021576
7849    0.104968
10105    0.046385
10837    0.025613
11358    0.054972
11434    0.044729
12300    0.125198
12420    0.103106
12522    0.053443
12889    0.074646
13320    0.062662
13580    0.039656
15140    0.044584
15878    0.096867
15881    0.089838
16154    0.109208
16592    0.035010
17051    0.047669
18587    0.049918
19262    0.055199
20282    0.035592
20844    0.033981
21253    0.035789
