149
115    0.053653
219    0.008710
246    0.010823
441    0.014955
855    0.028429
857    0.044192
858    0.013665
1097    0.010514
1430    0.070591
1698    0.008514
1712    0.011058
1804    0.014024
2236    0.017950
2334    0.012268
2432    0.005420
2675    0.052394
2678    0.031140
2706    0.008738
2806    0.011058
2857    0.011963
3632    0.012876
3862    0.026665
3886    0.014313
3897    0.013931
3903    0.011847
4234    0.031383
4463    0.013413
4564    0.028275
5251    0.025167
5321    0.043061
5549    0.013665
5991    0.011514
6192    0.019549
6343    0.021058
6345    0.019549
6719    0.010557
6734    0.013023
6908    0.007761
6971    0.023349
7097    0.012083
7168    0.006245
7176    0.015984
7244    0.028275
7330    0.009387
7456    0.010600
7531    0.008147
7613    0.021058
7802    0.004160
7830    0.028275
8078    0.006312
8116    0.013613
8200    0.012734
8218    0.007624
8500    0.013802
8568    0.006997
8674    0.012804
8783    0.010346
8868    0.018678
9411    0.005958
9454    0.009097
9798    0.008796
9887    0.024166
10723    0.016283
10965    0.094752
11103    0.007121
11386    0.010644
11460    0.024166
11565    0.022657
11567    0.027330
11568    0.019549
11715    0.019549
11848    0.016604
11964    0.046697
11966    0.040487
12319    0.017323
12684    0.006606
12983    0.018257
13152    0.018180
13179    0.011677
13409    0.022059
13466    0.029367
13921    0.015440
14160    0.015071
14303    0.009035
14340    0.012596
14341    0.028429
14342    0.035045
14343    0.012949
14412    0.025057
14523    0.012596
14774    0.017950
15140    0.008597
15271    0.011568
15284    0.025167
15385    0.023349
15386    0.022059
15466    0.011058
15468    0.012396
15493    0.018678
15591    0.013413
15830    0.015704
16224    0.028275
16529    0.008944
16579    0.132831
16585    0.007298
16645    0.177446
16705    0.016446
16772    0.012734
16888    0.028275
16952    0.013253
17019    0.052567
17024    0.042116
17067    0.012949
17117    0.007669
17484    0.005232
17547    0.015842
17588    0.013752
17678    0.021058
17814    0.010224
18157    0.024166
18254    0.018422
18282    0.009731
18882    0.013539
19084    0.014955
19228    0.017132
19394    0.015191
19448    0.018950
19464    0.008767
19465    0.031383
19529    0.057253
19729    0.028275
19773    0.007878
19844    0.008807
19924    0.031383
19997    0.014313
20260    0.005336
20526    0.031383
20714    0.010346
20844    0.006552
21003    0.017323
21005    0.040114
21018    0.017950
21020    0.017731
21087    0.045643
21129    0.007076
21243    0.014232
21247    0.004550
21269    0.016773
21290    0.011409
