37
15    0.117105
36    0.143900
2119    0.077850
2277    0.035831
3086    0.072956
3726    0.059625
4380    0.032744
5028    0.249877
5415    0.061771
5501    0.033879
7048    0.063817
7117    0.076276
8375    0.103071
8500    0.037535
9398    0.053524
9944    0.077314
12235    0.143900
12300    0.087537
12420    0.108136
12880    0.056497
12889    0.039143
13355    0.039704
13357    0.023900
13554    0.101593
15878    0.101593
15899    0.131441
16509    0.058867
16734    0.068478
16772    0.069259
17281    0.048002
17292    0.053725
18587    0.052353
19065    0.079533
20282    0.037328
20824    0.068881
21150    0.019463
21253    0.037535
