211
219    0.006089
298    0.013057
333    0.005491
448    0.010619
450    0.009803
455    0.007350
479    0.010006
610    0.008282
868    0.012878
1122    0.016322
1204    0.007598
1242    0.007868
1251    0.017593
1260    0.023214
1403    0.009937
1415    0.009157
1699    0.005210
1704    0.021939
1746    0.006729
1862    0.004471
2048    0.008805
2281    0.008532
2344    0.005299
2418    0.014422
2711    0.009265
2745    0.006516
2882    0.031902
2950    0.014422
2995    0.011174
3009    0.012548
3089    0.015711
3090    0.018640
3567    0.005162
3571    0.008087
3647    0.006190
3743    0.045933
3789    0.009104
3842    0.007120
3854    0.012709
3944    0.013915
4380    0.004209
4639    0.021587
4798    0.012878
4873    0.012110
4926    0.007975
5096    0.005748
5171    0.012709
5212    0.015196
5532    0.021962
5567    0.006170
5622    0.044162
5628    0.006274
5866    0.005876
5991    0.008049
5993    0.013666
6251    0.010619
6495    0.012395
6596    0.005524
6628    0.006778
6651    0.008125
6719    0.007380
6827    0.009210
6828    0.016173
7181    0.007320
7278    0.065817
7330    0.006562
7378    0.011277
7402    0.012878
7456    0.007410
7466    0.007730
7472    0.012878
7619    0.027517
7704    0.010884
7754    0.009377
7802    0.002908
8116    0.009516
8269    0.009937
8483    0.021939
8552    0.013666
8568    0.004892
8581    0.004864
8613    0.009052
8781    0.006753
8785    0.013898
8918    0.007261
9046    0.019766
9155    0.010148
9200    0.005971
9361    0.007730
9826    0.017593
9945    0.009377
9991    0.010375
9999    0.022554
10096    0.010536
10105    0.006253
10333    0.019105
10334    0.006381
10354    0.015666
10355    0.011725
10357    0.065288
10495    0.010222
10593    0.011607
10668    0.030893
10710    0.098830
10711    0.099045
10837    0.006905
10986    0.015420
11014    0.024148
11016    0.012395
11057    0.019766
11087    0.030654
11093    0.016563
11103    0.002489
11160    0.009320
11161    0.045532
11201    0.010384
11206    0.010705
11262    0.014149
11358    0.014820
11445    0.008902
11744    0.013124
11747    0.008163
11809    0.044162
11841    0.010862
12122    0.005507
12548    0.007092
12551    0.011425
12765    0.006854
12864    0.006828
12911    0.007065
12932    0.009434
12987    0.015745
13014    0.004824
13070    0.021239
13125    0.010076
13231    0.011174
13281    0.015420
13320    0.008447
13434    0.003984
13545    0.011976
13568    0.008049
13580    0.005345
13893    0.014149
14047    0.053799
14065    0.010368
14093    0.009320
14131    0.010454
14169    0.013666
14233    0.011976
14323    0.007663
14371    0.018495
14473    0.046261
14474    0.019766
14674    0.021939
14997    0.020012
14999    0.059298
15068    0.016322
15204    0.007291
15503    0.008758
15555    0.007566
15814    0.014721
15822    0.006516
15849    0.010454
15944    0.010222
15948    0.017593
16371    0.009157
16585    0.002551
16659    0.044162
16729    0.007151
16734    0.004401
16772    0.008902
16845    0.031678
16846    0.017593
16950    0.021072
16955    0.008576
16983    0.019766
16985    0.021939
17049    0.015420
17101    0.008087
17105    0.006360
17117    0.005361
17212    0.021939
17413    0.020444
17531    0.006253
18158    0.016404
18244    0.021939
18725    0.008853
18726    0.008363
18882    0.004732
19123    0.014721
19125    0.048520
19204    0.008712
19261    0.006562
19262    0.007441
19266    0.006360
19562    0.009739
19657    0.021939
19685    0.073469
19686    0.014422
19707    0.007175
19844    0.006156
20090    0.003722
20260    0.001865
20485    0.021939
20487    0.013247
20927    0.005314
21129    0.004947
21247    0.003180
21253    0.004824
21266    0.005933
21279    0.031472
