418
288    0.004817
352    0.008278
539    0.010442
552    0.004555
851    0.005322
1042    0.009292
1097    0.004042
1184    0.003571
1250    0.006146
1317    0.012066
1451    0.002872
1458    0.005503
1477    0.004347
1495    0.012066
1496    0.006449
1597    0.024834
1604    0.005503
1612    0.008977
1677    0.004923
1686    0.005936
1691    0.007682
1698    0.003274
1699    0.001433
1780    0.006817
1851    0.012066
1889    0.006901
1918    0.005066
1925    0.012182
2084    0.004215
2093    0.003609
2236    0.006901
2291    0.007932
2339    0.012066
2440    0.006321
2529    0.012066
2552    0.010871
2644    0.005254
2688    0.004215
2723    0.003371
2737    0.004144
2739    0.007516
2744    0.003232
2777    0.012066
2826    0.005841
2857    0.004600
2909    0.005664
3089    0.002880
3126    0.011873
3149    0.010172
3238    0.004427
3251    0.010172
3341    0.003871
3425    0.009676
3563    0.003798
3567    0.002839
3593    0.006948
3727    0.006990
3751    0.012066
3781    0.012066
3897    0.005356
3942    0.005189
4319    0.029932
4321    0.012066
4404    0.010871
4428    0.008711
4450    0.006547
4522    0.005126
4777    0.004791
4806    0.012066
4899    0.003571
4904    0.006817
4949    0.005157
5043    0.003551
5074    0.004010
5131    0.008096
5170    0.006517
5219    0.007516
5220    0.005189
5227    0.006517
5230    0.005664
5268    0.006817
5523    0.004817
5548    0.010784
5556    0.004533
5610    0.006660
5620    0.006990
5677    0.008278
5708    0.006321
5717    0.004693
5718    0.005007
5719    0.003427
5725    0.005221
5856    0.003871
6035    0.008096
6163    0.010172
6253    0.012066
6263    0.009676
6270    0.007083
6291    0.064634
6292    0.012066
6293    0.012066
6323    0.005582
6370    0.010172
6450    0.007644
6588    0.007182
6705    0.004092
6758    0.002631
6761    0.006611
6775    0.009292
6808    0.005986
6841    0.006817
6844    0.004693
6929    0.009676
6930    0.006517
6984    0.003596
7017    0.012066
7022    0.010871
7107    0.008711
7141    0.005392
7142    0.005287
7168    0.009605
7178    0.005066
7181    0.004026
7191    0.008096
7192    0.005157
7205    0.010871
7307    0.009292
7329    0.008711
7330    0.010827
7367    0.009676
7379    0.006321
7425    0.007782
7466    0.008503
7487    0.007516
7508    0.010784
7600    0.005428
7619    0.011351
7711    0.008977
7730    0.010172
7802    0.001600
7961    0.012066
8019    0.008717
8021    0.004577
8025    0.003305
8040    0.006113
8073    0.007286
8222    0.007286
8275    0.004577
8286    0.009292
8342    0.005986
8362    0.005126
8500    0.005307
8505    0.004843
8581    0.002675
8630    0.008293
8638    0.005007
8726    0.006901
8822    0.007397
8902    0.012066
9209    0.005503
9247    0.008711
9275    0.009292
9361    0.004252
9364    0.004042
9442    0.005503
9533    0.007511
9790    0.012066
9885    0.008977
9947    0.005629
9963    0.006202
9975    0.010871
9979    0.012768
10053    0.012066
10064    0.005542
10222    0.007182
10223    0.010871
10508    0.006737
10589    0.004490
10592    0.010871
10601    0.012066
10646    0.006321
10722    0.008711
10840    0.004109
10932    0.037997
10942    0.077434
10943    0.005750
11090    0.006146
11093    0.009110
11103    0.002738
11145    0.012066
11180    0.002705
11181    0.003338
11203    0.004252
11225    0.005036
11229    0.008977
11271    0.008503
11330    0.007182
11334    0.003648
11355    0.004690
11390    0.005428
11415    0.005036
11434    0.006632
11439    0.004923
11528    0.003994
11570    0.007539
11577    0.012066
11636    0.007782
11655    0.006901
11668    0.010871
11684    0.005622
11729    0.003962
11747    0.004490
11748    0.012066
11841    0.001991
11984    0.004923
12085    0.004197
12122    0.003029
12245    0.003181
12276    0.010172
12279    0.014363
12283    0.004752
12307    0.025534
12309    0.004469
12320    0.012066
12345    0.006589
12505    0.004367
12542    0.019981
12660    0.013041
12684    0.010159
12864    0.007511
12867    0.016626
12868    0.012066
12914    0.012066
12967    0.007782
12987    0.008660
12995    0.005986
13014    0.002653
13127    0.008278
13145    0.005664
13228    0.003871
13319    0.003931
13355    0.002807
13357    0.003379
13361    0.004951
13388    0.009110
13431    0.012066
13434    0.001096
13488    0.006817
13497    0.006517
13501    0.006132
13541    0.005287
13542    0.010871
13696    0.012066
13798    0.010871
13877    0.005066
13879    0.008977
13881    0.012066
13886    0.003011
13909    0.004766
13910    0.016580
13939    0.003546
13965    0.010871
14012    0.004741
14073    0.008358
14089    0.008096
14369    0.012066
14425    0.002839
14427    0.007516
14439    0.005811
14453    0.005356
14486    0.007782
14490    0.005750
14511    0.010172
14604    0.005163
14629    0.006990
14690    0.008481
14737    0.012066
14742    0.006158
14752    0.007286
14796    0.003856
14862    0.012066
14863    0.011500
14904    0.012066
14944    0.004896
14998    0.007397
15033    0.005582
15038    0.006202
15041    0.009676
15044    0.008278
15063    0.003451
15080    0.005706
15212    0.017959
15216    0.004600
15218    0.007516
15229    0.005503
15450    0.007286
15488    0.004646
15704    0.008096
15706    0.007516
15708    0.021743
15710    0.010191
15712    0.003856
15728    0.007516
15748    0.010172
15778    0.009022
15822    0.003584
15859    0.008977
15927    0.005036
15933    0.012066
15988    0.006091
16003    0.006261
16043    0.010172
16158    0.009676
16279    0.006261
16499    0.012066
16501    0.007093
16585    0.002104
16734    0.002420
16865    0.009292
16892    0.005936
16907    0.003360
16921    0.004817
16923    0.003349
16941    0.004511
16955    0.004717
16959    0.003635
17037    0.011436
17051    0.003534
17066    0.005428
17073    0.010172
17074    0.045112
17075    0.014079
17077    0.018114
17079    0.017809
17186    0.012066
17210    0.006901
17299    0.012066
17438    0.005503
17484    0.002011
17519    0.006517
17569    0.008977
17599    0.012066
17632    0.006384
17643    0.003728
17757    0.005936
17758    0.007932
17811    0.005392
17814    0.003931
17966    0.004646
17977    0.012066
17994    0.006817
18081    0.012066
18105    0.006321
18146    0.006449
18167    0.001857
18282    0.007483
18354    0.012066
18544    0.007932
18604    0.012066
18655    0.003856
18745    0.010871
18841    0.004669
18933    0.008096
19133    0.013634
19212    0.009846
19228    0.006587
19271    0.004469
19273    0.009292
19349    0.005126
19358    0.020344
19410    0.002232
19416    0.004109
19619    0.009676
19707    0.003947
19726    0.012066
19736    0.004869
19773    0.003029
19817    0.004717
19844    0.001129
19985    0.010172
19997    0.005503
20002    0.007932
20044    0.009676
20090    0.004094
20130    0.008711
20147    0.010871
20160    0.010871
20256    0.006449
20260    0.002052
20274    0.004197
20332    0.010172
20472    0.024133
20534    0.004026
20601    0.004179
20620    0.003596
20624    0.005986
20628    0.005622
20713    0.003263
20716    0.004766
20717    0.003075
20745    0.005322
20768    0.002839
20816    0.009676
20844    0.002519
20848    0.003132
20901    0.018709
20902    0.011934
20916    0.005986
20964    0.011062
21057    0.004092
21139    0.007182
21150    0.005503
21184    0.008711
21243    0.005472
21307    0.015724
21310    0.009792
21346    0.006517
21348    0.006901
