88
1621    0.045727
1845    0.032263
1849    0.060051
1949    0.022329
2117    0.037214
2658    0.035997
2737    0.022889
2821    0.066652
3226    0.060051
3318    0.038610
3327    0.029588
3396    0.022329
3802    0.056189
3842    0.021630
3917    0.042987
4137    0.016240
4195    0.017967
4282    0.040247
4899    0.019726
5264    0.031761
5495    0.012786
5578    0.025283
5708    0.034917
5739    0.063041
6189    0.066652
6596    0.016782
6908    0.032965
7619    0.041800
7726    0.034583
7779    0.053216
8164    0.046848
8181    0.043600
8395    0.059969
8549    0.060051
8581    0.014779
9204    0.040862
9510    0.023797
9664    0.022329
10290    0.023084
10491    0.028316
10645    0.042987
10942    0.045024
11180    0.029889
11499    0.035997
11562    0.031761
11729    0.021886
11747    0.024801
11841    0.011000
12006    0.031761
12307    0.080598
12396    0.060051
12660    0.024011
12999    0.010972
13501    0.033870
13877    0.055963
14065    0.015749
14303    0.019190
14425    0.015682
14483    0.066652
14604    0.014260
14742    0.006804
15022    0.046848
15818    0.020295
15896    0.040862
16266    0.048120
16734    0.013370
17074    0.024919
17117    0.016288
17144    0.015028
17643    0.041185
18190    0.030613
18247    0.024684
18383    0.020745
18882    0.014377
18993    0.063041
19043    0.036875
19226    0.015819
19266    0.019321
19366    0.009263
19410    0.012331
19444    0.031761
19945    0.035264
20281    0.024120
20601    0.023084
20924    0.036791
20956    0.026467
21113    0.031761
21129    0.015028
