49
1276    0.058229
1496    0.066793
1689    0.039783
1741    0.023420
2277    0.078701
2882    0.045431
4380    0.023974
5347    0.070607
5866    0.033474
6042    0.062003
6628    0.038611
8622    0.037512
8845    0.044034
9256    0.089638
9287    0.090225
9316    0.124973
10338    0.035737
10518    0.124973
10629    0.083856
11014    0.045852
11196    0.060493
12230    0.038753
12277    0.066119
12283    0.024609
12551    0.032542
12763    0.056221
12817    0.042561
12889    0.028659
12898    0.112442
12999    0.041145
13568    0.045852
14124    0.050158
14322    0.056997
14323    0.043654
14796    0.039935
15908    0.065470
17281    0.035144
17484    0.020833
17868    0.049890
18724    0.055116
19046    0.048115
19124    0.066793
19127    0.032643
19349    0.053092
19426    0.024545
19453    0.042038
19844    0.011690
20260    0.031872
21146    0.051860
