187
37    0.025842
469    0.008927
563    0.025842
822    0.014230
1116    0.012489
1173    0.014882
1204    0.009934
1205    0.028682
1233    0.024180
1426    0.018855
1451    0.006827
1681    0.023536
1698    0.007781
2003    0.011450
2061    0.019246
2114    0.011389
2120    0.009096
2281    0.011155
2287    0.013774
2396    0.007732
2845    0.028682
3016    0.038491
3096    0.013268
3203    0.025842
3485    0.012334
3583    0.006290
3615    0.013081
3686    0.013268
3732    0.012650
3859    0.019677
3944    0.018192
4003    0.092492
4179    0.013996
4261    0.021339
4271    0.015175
4536    0.011971
4662    0.010150
4853    0.022086
5416    0.022086
5501    0.011386
5628    0.041010
5694    0.017867
5707    0.015832
6313    0.013268
6679    0.014479
6707    0.009728
6962    0.023001
6984    0.008549
7048    0.010723
7099    0.014230
7157    0.023001
7188    0.010150
7330    0.008579
7393    0.012817
7524    0.024606
7607    0.015026
8040    0.007265
8107    0.006559
8111    0.020707
8131    0.012411
8181    0.009381
8533    0.009493
8568    0.006395
8581    0.019079
8837    0.013463
9143    0.011155
9156    0.019677
9297    0.015330
9454    0.008314
9510    0.010241
9515    0.028682
9533    0.008927
9692    0.068700
9798    0.024118
9890    0.020707
9980    0.012041
10027    0.017584
10261    0.007178
10478    0.013463
10605    0.008609
10668    0.040389
11103    0.003254
11118    0.011902
11161    0.014882
11216    0.017867
11334    0.008671
11417    0.018855
11729    0.009418
11782    0.007114
11887    0.017071
12003    0.032810
12005    0.005769
12071    0.020854
12300    0.007355
12519    0.006847
12548    0.009272
12551    0.007469
12605    0.044171
12889    0.006577
12932    0.012334
13296    0.017319
13352    0.008671
13434    0.002604
13466    0.006710
13601    0.013081
13647    0.007610
13777    0.016405
13905    0.019246
14003    0.021339
14047    0.017584
14058    0.015175
14113    0.019246
14158    0.025842
14166    0.019246
14359    0.013774
14475    0.015658
14480    0.116378
14481    0.042690
14537    0.008066
14815    0.017280
14817    0.015658
14869    0.023001
14997    0.013081
15017    0.020160
15072    0.014352
15400    0.012411
15410    0.011702
15482    0.019246
15542    0.020160
15767    0.028682
15791    0.011043
15841    0.018170
15874    0.013564
15888    0.016837
15939    0.014230
15942    0.017867
16094    0.010723
16117    0.010241
16527    0.009609
16529    0.008174
16532    0.013081
16585    0.008337
16772    0.011638
16944    0.007732
16949    0.015175
17052    0.012817
17053    0.011574
17136    0.023001
17216    0.018170
17304    0.017867
17395    0.015330
17406    0.020160
17484    0.004781
17522    0.038491
17780    0.016615
17830    0.010062
17868    0.011450
17928    0.021339
18108    0.019677
18138    0.011902
18326    0.011389
18418    0.018855
18468    0.017584
18567    0.024821
18652    0.007446
19009    0.018498
19143    0.016837
19327    0.006768
19485    0.023405
19685    0.042690
19686    0.018855
19707    0.009381
19785    0.015816
19820    0.019375
19844    0.002683
20251    0.011768
20260    0.004877
20289    0.015832
20413    0.032410
20557    0.018987
20768    0.006749
20841    0.007562
20844    0.005988
20956    0.011389
20983    0.008960
21129    0.006467
21247    0.004158
