299
84    0.014532
147    0.005066
161    0.007279
193    0.017238
314    0.007195
610    0.006507
1000    0.014532
1160    0.009515
1185    0.017238
1242    0.006182
1279    0.010409
1440    0.007237
1456    0.007862
1762    0.004420
1921    0.010920
1951    0.007862
1970    0.008860
1972    0.009213
1996    0.014532
2156    0.007323
2214    0.015530
2290    0.009515
2292    0.006994
2395    0.015530
2396    0.004647
2398    0.017238
2432    0.002977
2475    0.012825
2675    0.007195
2706    0.004800
2723    0.004815
2941    0.017238
3053    0.007279
3094    0.010568
3396    0.005775
3509    0.012825
3654    0.027091
3655    0.017238
3657    0.013823
3688    0.007917
3713    0.027673
3842    0.005594
3862    0.007323
3892    0.010409
3965    0.014532
4176    0.027360
4240    0.028256
4245    0.005895
4354    0.018619
4456    0.014145
4501    0.006571
4502    0.013274
4505    0.008411
4648    0.014532
5014    0.015530
5022    0.010920
5096    0.004517
5148    0.017238
5152    0.007072
5382    0.017238
5385    0.015530
5388    0.014532
5469    0.011332
5470    0.017238
5475    0.010259
5495    0.019840
5541    0.013274
5564    0.017238
5565    0.015530
5718    0.007153
5725    0.014917
5876    0.011117
5987    0.009985
6009    0.017238
6030    0.023652
6365    0.005683
6372    0.004103
6524    0.014532
6529    0.017238
6598    0.004447
6689    0.008944
6697    0.008626
6758    0.007518
6996    0.013823
7001    0.011332
7188    0.006100
7264    0.013274
7393    0.007703
7456    0.011644
7466    0.006074
7526    0.013823
7746    0.009624
7802    0.009141
7869    0.013823
7965    0.007917
8069    0.009410
8075    0.013823
8101    0.007413
8116    0.003739
8214    0.039821
8215    0.034475
8255    0.014532
8500    0.011371
8568    0.003843
8581    0.007644
8596    0.004574
8603    0.009624
8624    0.014225
8640    0.008626
8711    0.005970
8964    0.006809
9023    0.012951
9200    0.004692
9319    0.009213
9320    0.007195
9355    0.013274
9361    0.006074
9518    0.007336
9526    0.008860
9532    0.010738
9631    0.006571
9692    0.006881
9705    0.026547
9798    0.004831
9813    0.014532
9873    0.005365
9946    0.009739
9950    0.012116
9951    0.038474
9971    0.009309
10229    0.012825
10244    0.016428
10420    0.006918
10422    0.007459
10495    0.008032
10525    0.007703
10558    0.009985
10589    0.012828
10605    0.005174
10611    0.007279
10625    0.010738
10669    0.012825
10764    0.013823
10794    0.014145
10837    0.002713
10863    0.015530
11018    0.027091
11089    0.008701
11180    0.007730
11207    0.006182
11334    0.005211
11355    0.013401
11386    0.005846
11531    0.005822
11570    0.005385
11572    0.025649
11574    0.017238
11591    0.008411
11636    0.011117
11637    0.014532
11683    0.003247
11697    0.010920
11747    0.006414
11750    0.004617
11841    0.002845
12086    0.008701
12095    0.006881
12109    0.015405
12110    0.004661
12245    0.004545
12300    0.004420
12303    0.017238
12358    0.010738
12421    0.006994
12425    0.010568
12434    0.009624
12519    0.004115
12660    0.006210
12677    0.009120
12684    0.003628
12928    0.006295
12983    0.005014
12987    0.007423
13070    0.016688
13190    0.017238
13311    0.007553
13319    0.005616
13351    0.016177
13388    0.006507
13434    0.004696
13550    0.027646
13706    0.013823
13886    0.004301
13939    0.010132
14057    0.015530
14207    0.010920
14210    0.017238
14213    0.010920
14316    0.005638
14406    0.005230
14425    0.004056
14742    0.003519
14906    0.009985
15063    0.004929
15131    0.011332
15257    0.013823
15265    0.014532
15335    0.010259
15488    0.006637
15497    0.011550
15551    0.006238
15591    0.014735
15895    0.009410
15910    0.018714
15928    0.012043
15931    0.006881
16321    0.006354
16353    0.007755
16362    0.007974
16404    0.013274
16503    0.017238
16521    0.007862
16585    0.009019
16729    0.002809
16734    0.003458
16774    0.017238
16791    0.015947
16890    0.007917
16921    0.013763
16941    0.003222
16957    0.014532
17003    0.017238
17021    0.017238
17022    0.017238
17025    0.014389
17026    0.051713
17027    0.040098
17028    0.027646
17029    0.038011
17032    0.038059
17037    0.005446
17049    0.012116
17105    0.009994
17111    0.007279
17115    0.008552
17234    0.011566
17248    0.011826
17269    0.041037
17331    0.006384
17345    0.007755
17496    0.008481
17574    0.013823
17600    0.013823
17685    0.010119
17858    0.010920
17966    0.013273
18005    0.004393
18028    0.014532
18085    0.026547
18101    0.014532
18446    0.007862
18668    0.007755
18670    0.005995
18882    0.003718
18898    0.006539
18987    0.006445
19226    0.020455
19278    0.006185
19306    0.013823
19426    0.003385
19437    0.008032
19448    0.010409
19531    0.013823
19535    0.006266
19581    0.011566
19662    0.009624
19682    0.012445
19718    0.006571
19773    0.004327
19785    0.009505
19828    0.017238
19844    0.001612
19945    0.009120
20126    0.013274
20275    0.004225
20481    0.008152
20803    0.003421
20936    0.017238
20946    0.004647
20978    0.007917
21001    0.008944
21005    0.005508
21082    0.013823
21085    0.006773
21115    0.004044
21122    0.005660
21150    0.003931
21152    0.007703
21247    0.002499
