159
348    0.016760
469    0.011113
541    0.028634
564    0.027495
1204    0.012366
1229    0.064340
1345    0.019936
1680    0.015079
1788    0.025097
1941    0.011454
1942    0.017284
2003    0.028508
2114    0.028357
2239    0.046057
2297    0.015355
2427    0.026565
2579    0.030102
2601    0.021890
2653    0.026565
2684    0.012011
2688    0.012473
2706    0.009942
2747    0.016400
3096    0.016517
3485    0.015355
3533    0.027495
3615    0.016285
3743    0.010680
4003    0.023029
4378    0.016517
4480    0.016400
4561    0.046057
4694    0.030102
4774    0.016760
4872    0.016400
5043    0.005254
5096    0.009356
5501    0.014174
5756    0.023473
6093    0.027495
6319    0.017015
6679    0.018024
6701    0.023029
7053    0.016517
7310    0.025779
7351    0.012314
7508    0.015956
7524    0.010211
7719    0.023959
7802    0.004734
8068    0.014254
8078    0.007181
8417    0.011962
8594    0.013747
8976    0.026565
8984    0.014031
9023    0.013414
9118    0.011281
9143    0.013887
9392    0.017567
9777    0.016517
10074    0.010245
10215    0.024320
10311    0.026565
10668    0.033520
10992    0.021561
11103    0.004051
11216    0.022242
11519    0.014488
12003    0.040845
12236    0.025779
12283    0.007031
12476    0.035707
12605    0.027494
12674    0.021561
12880    0.011818
12884    0.032170
13069    0.027495
13220    0.028634
13319    0.011633
13352    0.010794
13992    0.022620
14480    0.101415
14481    0.017715
14742    0.003645
14815    0.010756
14898    0.035707
14903    0.018024
15016    0.014733
15063    0.010211
15142    0.013958
15400    0.015450
15478    0.034847
15507    0.037053
15794    0.027495
15841    0.022620
15912    0.009212
15917    0.021252
16116    0.010605
16282    0.024496
16340    0.057268
16527    0.011962
16532    0.016285
16585    0.008303
17052    0.031911
17095    0.018354
17105    0.010350
17129    0.010872
17300    0.025779
17313    0.016173
17369    0.014179
17447    0.017423
17471    0.016173
17885    0.019284
18055    0.016285
18121    0.035707
18167    0.005495
18182    0.016525
18223    0.018706
18317    0.014331
18499    0.014650
18502    0.019936
18633    0.035707
18883    0.010951
19000    0.020173
19008    0.026565
19010    0.053602
19135    0.028634
19311    0.064340
19366    0.004962
19485    0.087409
19567    0.020960
19603    0.028634
19654    0.030102
19685    0.013286
19773    0.008963
19943    0.030102
19948    0.032170
20009    0.020173
20043    0.022620
20082    0.015355
20090    0.018174
20100    0.014817
20216    0.028634
20260    0.003035
20274    0.012419
20413    0.040347
20582    0.013414
20719    0.035707
20731    0.024496
20768    0.008401
20822    0.020422
20841    0.009414
20902    0.011771
20927    0.008649
20983    0.011155
21150    0.004071
21247    0.010353
21266    0.009656
