42
469    0.049505
824    0.114832
1116    0.069256
1741    0.029808
1942    0.076991
2298    0.111797
3096    0.073575
3485    0.068398
3501    0.082528
3571    0.058629
3615    0.072542
3943    0.070607
4179    0.077613
5096    0.041676
5474    0.127550
5501    0.031569
6679    0.080290
7099    0.078912
8068    0.063496
8107    0.036372
8837    0.074658
9256    0.057043
10074    0.045638
11738    0.118335
13357    0.022271
14480    0.129074
14481    0.078912
14781    0.084152
14815    0.047913
15072    0.079591
15400    0.068823
15791    0.061237
16529    0.090662
17052    0.071075
17053    0.064185
17129    0.048431
17780    0.092138
19485    0.064895
19773    0.039926
20260    0.013521
20983    0.049689
21247    0.023058
