70
333    0.023353
686    0.038072
1283    0.024915
1752    0.040889
2119    0.042558
2277    0.019588
2432    0.016114
2700    0.093313
2948    0.062612
3043    0.041978
3086    0.039882
4380    0.053701
4450    0.025315
4485    0.071854
5043    0.027461
5521    0.040376
5925    0.051507
7199    0.028830
7330    0.027910
7377    0.026154
7595    0.030282
8568    0.020806
8845    0.032879
9398    0.029260
9631    0.035570
10837    0.014685
11201    0.022082
12283    0.018375
12345    0.025479
12548    0.030164
12820    0.045533
12889    0.021398
13014    0.041038
13320    0.035926
13357    0.013066
13968    0.057206
14063    0.029043
14065    0.011024
14124    0.037451
14137    0.038722
14425    0.021955
14498    0.024836
14515    0.055537
14796    0.029818
14996    0.052100
16592    0.020073
16692    0.048416
16729    0.015208
16734    0.018717
16941    0.017442
17051    0.027330
17292    0.029370
17407    0.030048
17531    0.026594
18385    0.055537
18587    0.028620
19278    0.016740
19685    0.034721
19707    0.030520
19820    0.031517
19844    0.008728
20260    0.015865
20275    0.022871
20282    0.020406
20844    0.019482
21111    0.038946
21155    0.037655
21253    0.020519
21254    0.029043
21259    0.041423
