124
5    0.030501
6    0.027460
103    0.050156
142    0.034268
333    0.009519
590    0.023693
966    0.244009
1099    0.026803
1262    0.015605
1388    0.034268
1740    0.013891
1762    0.009753
1816    0.057600
1818    0.038035
2102    0.009519
2277    0.007984
2357    0.027460
2857    0.014499
3398    0.028298
3510    0.024095
3583    0.016681
3807    0.114106
4026    0.017594
4028    0.046045
4380    0.014593
4522    0.016158
4549    0.034268
5075    0.013237
5292    0.118463
5480    0.017594
5495    0.014593
5501    0.007549
5524    0.020123
5626    0.016158
5821    0.026734
5975    0.011666
5977    0.010286
5978    0.029288
5979    0.038035
5991    0.013955
6372    0.027160
7523    0.029287
7570    0.032065
7573    0.038035
7613    0.025521
7632    0.017853
7634    0.022327
7650    0.014220
7736    0.011179
7757    0.021236
8254    0.022033
8288    0.021754
8500    0.008364
8622    0.011417
8781    0.023417
9003    0.013955
9160    0.018411
9209    0.008673
9245    0.058577
9454    0.011026
9517    0.017745
9936    0.018411
9944    0.017228
9946    0.021489
10605    0.011417
10837    0.023943
10892    0.042521
10979    0.038035
11033    0.034268
11218    0.008137
11503    0.008872
11569    0.032411
11660    0.064129
11841    0.006277
12122    0.028643
12618    0.031936
12620    0.038035
12621    0.050007
12889    0.017444
12999    0.006261
13070    0.036822
13777    0.021754
13808    0.027460
13809    0.038035
13999    0.020123
14099    0.018411
14406    0.011540
14813    0.038035
14893    0.032065
15127    0.023318
15333    0.020328
15488    0.014644
15550    0.019372
15911    0.019926
15912    0.019626
16562    0.021754
16573    0.032065
16592    0.040909
16649    0.031211
16665    0.076071
17111    0.032125
17495    0.030501
17522    0.025521
17761    0.019735
17814    0.012391
17824    0.034268
17857    0.020328
18243    0.038035
18407    0.027460
18652    0.009874
18882    0.008204
19127    0.009935
19262    0.012900
19395    0.032065
19696    0.024530
19766    0.022637
19801    0.038035
20282    0.024953
20426    0.022967
21085    0.044837
21155    0.015348
21182    0.050007
21195    0.017853
21296    0.019033
