35
469    0.054456
1604    0.079796
1741    0.032788
1943    0.086804
2366    0.082123
3096    0.080933
3485    0.075238
3503    0.104132
3615    0.079796
4926    0.063604
4927    0.089113
5075    0.030444
6679    0.088319
8040    0.044319
8068    0.069845
8777    0.075238
9647    0.089113
11684    0.081521
12345    0.047773
13474    0.105648
14323    0.122232
14480    0.212972
14815    0.052704
15400    0.075705
15791    0.067361
16529    0.149592
16734    0.035095
16923    0.048557
17053    0.070603
18057    0.095511
18167    0.026923
18569    0.095511
19453    0.058853
19485    0.071384
21247    0.025364
