63
469    0.032511
1204    0.036176
1245    0.040015
1698    0.028338
1699    0.012403
1741    0.019575
2058    0.052269
2366    0.049029
3016    0.070088
3096    0.048318
3485    0.044918
3567    0.024577
3571    0.038503
3615    0.047640
3743    0.031242
4926    0.037973
4974    0.094110
5096    0.054738
5756    0.068666
6681    0.056412
6719    0.035136
7914    0.094110
8068    0.041699
8777    0.044918
9143    0.040625
9282    0.031242
9518    0.022226
9783    0.055827
10074    0.029971
11161    0.054197
12005    0.021008
12551    0.027199
12605    0.040216
12880    0.034573
12999    0.017195
13213    0.071661
13295    0.054197
13296    0.063073
13352    0.031578
14058    0.055264
14480    0.084765
14481    0.051823
14815    0.062930
15063    0.029870
15400    0.045197
15791    0.040216
16094    0.039052
16117    0.037294
16529    0.059539
16732    0.025985
16921    0.041699
17053    0.042151
17951    0.059015
18057    0.057022
18570    0.070088
19309    0.041045
19485    0.042618
20105    0.083764
20768    0.024577
20946    0.028157
20983    0.032632
21191    0.046990
21247    0.015143
