366
199    0.010845
455    0.004310
1189    0.007768
1245    0.004928
1309    0.008449
1340    0.012865
1364    0.005465
1423    0.005369
1477    0.004635
1529    0.004953
1605    0.010317
1677    0.005249
1680    0.005433
1699    0.003055
1741    0.009644
1762    0.003299
1848    0.008632
1919    0.004513
1988    0.012865
1993    0.008150
2002    0.008297
2093    0.003848
2113    0.005220
2117    0.007183
2171    0.012865
2238    0.011591
2283    0.005163
2388    0.007552
2401    0.011591
2432    0.011108
2508    0.005465
2690    0.007657
2731    0.012865
2737    0.013254
2744    0.010338
2792    0.013896
2806    0.004533
2861    0.006130
3148    0.016300
3159    0.010317
3315    0.006084
3393    0.005994
3397    0.005220
3400    0.006806
3432    0.012865
3473    0.004533
3563    0.004049
3592    0.007023
3593    0.003704
3619    0.005003
3635    0.005369
3644    0.007452
3743    0.003848
3793    0.009906
3821    0.015536
3842    0.004175
3850    0.004720
3925    0.006329
3944    0.004080
4195    0.017339
4240    0.018452
4245    0.013199
4262    0.006329
4461    0.004787
4463    0.005498
4486    0.006438
4522    0.010931
4674    0.008632
4764    0.009042
4775    0.008632
5043    0.001893
5074    0.004275
5075    0.015670
5211    0.005711
5488    0.012865
5495    0.004936
5501    0.002553
5570    0.007358
5648    0.010845
5717    0.005003
5719    0.003654
5831    0.010317
5860    0.009906
5925    0.007101
5970    0.009571
5991    0.004720
6038    0.006948
6043    0.007657
6227    0.008150
6365    0.004241
6372    0.012248
6452    0.006613
6548    0.011591
6628    0.003975
6630    0.006084
6651    0.009529
6689    0.006675
6707    0.004363
6714    0.007023
6758    0.002806
6863    0.009571
6903    0.009571
6907    0.008014
6908    0.003181
7053    0.005951
7141    0.011497
7142    0.011275
7168    0.002560
7183    0.012865
7292    0.008632
7362    0.009571
7393    0.005749
7473    0.009288
7802    0.008527
7892    0.005003
7964    0.006494
8021    0.004880
8025    0.010572
8040    0.003259
8069    0.007023
8124    0.010317
8303    0.011591
8383    0.008457
8476    0.004111
8500    0.014145
8568    0.002868
8594    0.004953
8613    0.005308
8624    0.005308
8630    0.002210
8783    0.004241
8899    0.006438
8964    0.005082
9023    0.004833
9044    0.007887
9105    0.007657
9153    0.009484
9256    0.004614
9454    0.003729
9510    0.004593
9518    0.013687
9800    0.009288
9803    0.007183
9873    0.004004
9930    0.011591
9947    0.003001
9980    0.005401
10016    0.008826
10215    0.004381
10252    0.007183
10261    0.009659
10285    0.018085
10288    0.008150
10290    0.004456
10291    0.007768
10343    0.007768
10421    0.005163
10653    0.008297
10774    0.006438
10846    0.008620
10892    0.002876
10932    0.011575
10942    0.008690
11103    0.004378
11118    0.005339
11146    0.004292
11201    0.003044
11206    0.006278
11213    0.004095
11340    0.012454
11683    0.004847
11684    0.005994
11737    0.009288
11744    0.003848
11750    0.003446
11757    0.012929
11882    0.007183
11918    0.009571
12005    0.002587
12064    0.005108
12132    0.008014
12230    0.003989
12232    0.006948
12245    0.006784
12283    0.012666
12307    0.027224
12309    0.014293
12310    0.025730
12342    0.008457
12346    0.007657
12349    0.010317
12522    0.008449
12548    0.004159
12659    0.004345
12675    0.003975
12765    0.004019
12855    0.002975
12880    0.004258
12904    0.003371
12907    0.005163
12949    0.005637
12975    0.007887
13014    0.002829
13109    0.016300
13175    0.006084
13347    0.005951
13349    0.013225
13352    0.003889
13353    0.004978
13355    0.005985
13357    0.010808
13361    0.005278
13434    0.005841
13472    0.005909
13488    0.007268
13492    0.006227
13593    0.009288
13647    0.003413
13731    0.008150
13849    0.010845
13877    0.005401
13886    0.003210
13893    0.008297
13896    0.006552
13908    0.009906
13910    0.003536
14012    0.010110
14015    0.014537
14065    0.010639
14111    0.009906
14303    0.003704
14316    0.004208
14406    0.003903
14410    0.008826
14425    0.003027
14439    0.003098
14485    0.009484
14537    0.003618
14593    0.010317
14604    0.005505
14615    0.009288
14673    0.012865
14726    0.006278
14742    0.005253
14745    0.005900
14746    0.005136
14754    0.005136
14799    0.023181
14811    0.006552
14857    0.005308
14873    0.009906
14874    0.004635
14944    0.005220
15019    0.010866
15023    0.006178
15140    0.007048
15216    0.004904
15220    0.008150
15466    0.004533
15530    0.007887
15571    0.007358
15586    0.011591
15687    0.009288
15712    0.004111
15928    0.004494
16030    0.004720
16108    0.012865
16268    0.007358
16269    0.006130
16377    0.008014
16409    0.006438
16486    0.006329
16527    0.004310
16575    0.005637
16585    0.012714
16657    0.011497
16668    0.007023
16729    0.002097
16862    0.004513
16923    0.003570
16941    0.007214
16952    0.005433
16977    0.008457
17037    0.012193
17069    0.011591
17073    0.010845
17074    0.028858
17144    0.002901
17221    0.006552
17402    0.009906
17643    0.003975
17830    0.004513
17913    0.006178
17922    0.004573
17949    0.005567
17951    0.007268
18004    0.021805
18133    0.011275
18167    0.001980
18182    0.003969
18247    0.004764
18253    0.007101
18282    0.003989
18383    0.008008
18385    0.007657
18585    0.012865
18652    0.006679
18653    0.006552
18670    0.004475
18882    0.008325
18883    0.003946
18904    0.006278
19037    0.005308
19043    0.003559
19044    0.010317
19063    0.008632
19212    0.005249
19223    0.009311
19225    0.004327
19226    0.006107
19327    0.024285
19366    0.001788
19460    0.002984
19535    0.004677
19580    0.007358
19617    0.006876
19693    0.006740
19736    0.005191
19773    0.003229
19798    0.009906
19820    0.004345
19844    0.001203
19894    0.006675
20054    0.011591
20090    0.004365
20100    0.005339
20226    0.006613
20228    0.012261
20260    0.002187
20281    0.004656
20415    0.009571
20452    0.004593
20534    0.008585
20535    0.013225
20595    0.008297
20601    0.004456
20624    0.006383
20625    0.007452
20648    0.005055
20717    0.003279
20742    0.005909
20768    0.003027
20776    0.005951
20803    0.005107
20859    0.006613
20946    0.017339
20998    0.006806
21016    0.004880
21058    0.003768
21115    0.006036
21132    0.005711
21150    0.010268
21247    0.003730
21266    0.003479
21306    0.005055
21307    0.016765
