258
469    0.005487
920    0.007725
1163    0.008337
1183    0.013574
1202    0.012727
1243    0.010807
1262    0.028931
1412    0.070514
1604    0.008040
1621    0.012094
1681    0.007233
1682    0.009235
1686    0.008673
1698    0.004782
1699    0.002093
1741    0.006607
1862    0.003593
1919    0.006184
1941    0.005655
1942    0.008533
1943    0.008746
2174    0.008274
2286    0.010492
2366    0.008274
2396    0.004752
2706    0.004908
2710    0.006528
2711    0.007444
2723    0.004925
2806    0.006211
2857    0.006720
3016    0.011829
3096    0.016309
3282    0.008533
3341    0.016964
3483    0.007114
3485    0.007581
3615    0.016080
3743    0.010545
3776    0.014137
3862    0.022467
3912    0.008533
3916    0.010492
3942    0.007581
3944    0.011181
3975    0.012391
4065    0.012727
4151    0.007628
4152    0.009960
4206    0.008979
4240    0.007224
4245    0.006029
4260    0.006379
4401    0.014137
4486    0.008821
4572    0.013115
4574    0.010807
4774    0.008274
4783    0.013574
4927    0.008979
4928    0.012727
5007    0.013574
5096    0.013857
5329    0.012094
5437    0.017628
5501    0.003499
5522    0.017628
5745    0.007192
5769    0.009948
5879    0.006821
6313    0.024463
6365    0.005811
6372    0.008392
6378    0.010348
6588    0.010492
6608    0.013574
6681    0.028561
6908    0.013078
7099    0.008746
7168    0.007016
7181    0.005882
7189    0.010212
7236    0.010348
7241    0.008400
7295    0.010807
7330    0.005273
7632    0.008274
7642    0.007114
8040    0.004465
8078    0.003545
8107    0.004031
8222    0.010645
8257    0.042410
8281    0.008533
8446    0.004782
8496    0.010645
8500    0.003876
8505    0.014150
8581    0.003909
8596    0.004677
8622    0.005291
8777    0.007581
8837    0.008274
8964    0.020890
8970    0.009960
9118    0.005569
9143    0.027424
9153    0.006498
9200    0.004798
9282    0.005273
9297    0.009422
9647    0.008979
9777    0.008154
9976    0.018843
10074    0.005058
10095    0.007825
10121    0.009960
10233    0.013115
10338    0.005041
10406    0.010645
10420    0.014150
10478    0.008274
10589    0.013119
10676    0.009842
10677    0.011369
10846    0.005906
10892    0.019708
11103    0.004000
11146    0.005882
11160    0.007489
11216    0.021962
11225    0.007358
11230    0.017628
11355    0.006852
11357    0.014861
11528    0.005835
11570    0.005507
11683    0.003321
11684    0.008214
12003    0.010083
12005    0.007091
12133    0.009623
12166    0.006559
12245    0.023240
12283    0.003471
12348    0.009147
12560    0.010212
12605    0.027148
12675    0.016339
12880    0.005835
12952    0.008466
12958    0.035486
12983    0.005128
12987    0.002530
13031    0.011829
13228    0.005655
13349    0.009061
13351    0.004136
13352    0.005329
13434    0.006403
13466    0.004124
13515    0.010083
13528    0.013574
13647    0.004677
13862    0.021821
13896    0.017957
13939    0.005181
14323    0.012316
14352    0.013115
14480    0.092985
14535    0.012727
14536    0.038139
14607    0.005979
14668    0.013115
14669    0.011369
14742    0.008997
14745    0.004043
14815    0.010620
14874    0.012701
14919    0.010348
14994    0.010212
15006    0.008899
15028    0.010645
15110    0.022335
15128    0.012727
15142    0.034456
15368    0.016801
15400    0.007628
15474    0.010492
15503    0.007037
15792    0.006239
15869    0.017628
16192    0.017628
16501    0.010362
16527    0.017717
16529    0.040193
16585    0.005124
16729    0.002873
16732    0.004385
16734    0.007072
16900    0.014137
16921    0.014075
16923    0.004892
16929    0.009731
16941    0.009885
17052    0.023632
17053    0.007114
17055    0.024188
17108    0.013574
17145    0.010083
17366    0.013440
17480    0.015969
17484    0.002939
17814    0.005743
17846    0.015861
17951    0.009960
17970    0.012727
18004    0.009960
18041    0.010645
18159    0.006753
18167    0.008138
18182    0.005439
18282    0.002733
18435    0.012477
18569    0.009623
18652    0.004576
18883    0.005407
19173    0.008400
19177    0.005058
19223    0.012759
19225    0.005930
19261    0.005273
19366    0.004900
19370    0.011223
19410    0.006523
19411    0.008821
19422    0.015883
19466    0.012727
19485    0.014385
19680    0.021962
19685    0.019678
19773    0.017700
20059    0.014861
20090    0.005982
20227    0.012391
20233    0.008673
20582    0.019867
20803    0.006998
20859    0.009061
20868    0.003887
20901    0.010933
20956    0.007000
20983    0.005507
21132    0.015651
21150    0.004020
21247    0.002556
21261    0.009520
21266    0.004767
