56
469    0.058871
978    0.038373
1698    0.025657
1741    0.035447
2174    0.044391
2601    0.057979
2658    0.051076
2723    0.026420
3016    0.063458
3096    0.043747
3485    0.081339
3615    0.043133
3743    0.028287
4179    0.046149
4240    0.019378
5096    0.049560
6681    0.102152
7460    0.041179
8068    0.037754
8078    0.019021
8107    0.043253
8185    0.052804
8777    0.040669
8837    0.088782
9143    0.036782
10074    0.027136
10286    0.072825
10478    0.044391
12283    0.018623
12551    0.024626
12605    0.072823
12675    0.029219
12880    0.031302
12999    0.015569
13296    0.114214
13352    0.028591
14135    0.054092
14480    0.115120
14742    0.009654
14815    0.028489
15400    0.040922
15912    0.024399
16410    0.129764
16529    0.107814
17053    0.038164
17966    0.036411
18057    0.103256
18182    0.014589
18266    0.126917
18570    0.063458
19010    0.047324
19466    0.068278
19485    0.038586
19503    0.040922
20090    0.016046
21247    0.027421
