265
348    0.008878
469    0.005887
784    0.015168
824    0.013656
1116    0.008236
1163    0.008945
1204    0.006551
1309    0.006211
1358    0.017042
1403    0.008567
1438    0.011782
1604    0.008627
1605    0.015168
1681    0.007760
1691    0.006021
1741    0.007089
1747    0.008236
1862    0.003855
2079    0.017042
2092    0.009156
2172    0.008878
2344    0.004568
2366    0.008878
2609    0.007210
2617    0.010109
2647    0.015946
2736    0.014072
2745    0.005618
2882    0.006876
3016    0.012692
3096    0.017499
3164    0.026590
3171    0.012199
3241    0.017042
3485    0.008134
3615    0.017253
3654    0.009909
3686    0.017499
3743    0.005657
3754    0.008945
3944    0.017995
4128    0.011596
4179    0.009230
4240    0.011627
4386    0.017042
4406    0.009548
4489    0.017042
4496    0.011596
4548    0.017042
4636    0.017499
4729    0.006162
4833    0.010109
4849    0.012976
4870    0.005844
4904    0.010686
4927    0.019268
5074    0.006286
5079    0.006186
5103    0.009084
5209    0.009306
5230    0.026635
5336    0.017042
5567    0.010638
5683    0.013295
5706    0.020014
5707    0.010441
5769    0.026684
5894    0.014072
5975    0.005801
6038    0.010215
6101    0.017042
6403    0.009230
6497    0.010007
6532    0.009084
6679    0.009548
6984    0.005637
6999    0.010957
7048    0.007072
7168    0.003764
7199    0.005844
7290    0.017042
7393    0.008452
7524    0.005409
8025    0.005181
8040    0.004791
8052    0.012976
8068    0.015102
8181    0.006186
8218    0.004595
8342    0.009384
8478    0.012976
8479    0.017042
8536    0.008396
8611    0.013656
8630    0.003250
8729    0.010818
8777    0.016268
8781    0.005822
8881    0.010326
8943    0.011782
8964    0.007471
9077    0.010561
9143    0.014713
9171    0.017042
9297    0.010109
9319    0.010109
9518    0.008049
9602    0.015946
9647    0.019268
9768    0.010109
9783    0.010109
9873    0.005887
10039    0.017042
10120    0.012434
10121    0.010686
10146    0.018167
10238    0.015946
10244    0.009013
10363    0.023192
10419    0.015946
10442    0.021637
10443    0.017042
10486    0.010215
10714    0.006551
11011    0.017042
11014    0.006940
11073    0.017042
11103    0.002146
11117    0.004691
11225    0.007895
11279    0.006908
11283    0.007551
11291    0.011782
11371    0.011421
11517    0.012976
11683    0.003563
11684    0.008813
11782    0.004691
12071    0.013752
12087    0.012199
12110    0.005115
12345    0.005165
12548    0.006114
12551    0.004925
12605    0.014565
12675    0.005844
12714    0.017042
12889    0.004338
12920    0.009722
12974    0.007175
13228    0.006067
13296    0.011421
13319    0.006162
13352    0.005718
13357    0.002648
13568    0.006940
13751    0.011103
14195    0.012199
14219    0.015946
14323    0.006607
14358    0.019445
14480    0.061397
14481    0.046921
14538    0.007717
14742    0.005792
14749    0.006468
14815    0.017093
14816    0.011596
14954    0.015168
14968    0.024398
15011    0.013656
15063    0.005409
15072    0.009465
15130    0.010957
15131    0.012434
15142    0.014788
15263    0.034083
15264    0.031891
15400    0.016369
15550    0.009634
15570    0.010109
15620    0.015168
15648    0.012976
15714    0.014072
15778    0.014143
15779    0.018459
15791    0.021847
15792    0.006694
15874    0.017890
15936    0.010561
15983    0.007394
16026    0.008184
16065    0.011596
16094    0.007072
16116    0.011235
16142    0.014565
16207    0.008396
16489    0.009465
16527    0.031683
16529    0.043126
16575    0.008288
16585    0.010996
16611    0.013295
16615    0.026590
16757    0.015168
16921    0.007551
16923    0.005249
17025    0.015789
17051    0.005540
17052    0.008452
17053    0.007633
17101    0.006972
17167    0.011596
17234    0.012692
17426    0.051628
17438    0.008627
17484    0.003153
17524    0.007432
17666    0.015168
17689    0.010686
17780    0.010957
17942    0.031891
18005    0.014461
18167    0.020374
18182    0.005836
18366    0.011421
18391    0.011983
18569    0.010326
18896    0.011596
18933    0.012692
19010    0.009465
19038    0.012976
19104    0.017042
19105    0.014072
19125    0.006972
19204    0.007511
19226    0.008978
19318    0.017042
19354    0.014072
19366    0.002629
19485    0.015434
19655    0.017042
19685    0.014076
19773    0.004748
19785    0.005215
19844    0.001769
20090    0.006418
20105    0.015168
20250    0.012976
20251    0.015521
20260    0.009648
20266    0.014072
20413    0.010686
20551    0.015168
20555    0.012976
20582    0.007106
20684    0.017042
20841    0.004987
20844    0.011847
20866    0.017042
20946    0.010197
21150    0.002157
21191    0.008509
21195    0.008878
21247    0.002742
