102
441    0.027336
786    0.022425
1157    0.020391
1456    0.026163
1763    0.051683
2084    0.020038
2450    0.031315
2497    0.070335
2539    0.023669
2589    0.028460
2737    0.019700
3044    0.062630
3358    0.038491
3494    0.051683
4231    0.042678
4292    0.051683
4500    0.025465
4516    0.024821
4536    0.023942
4701    0.028223
4812    0.044173
5170    0.030981
5556    0.021550
5615    0.024370
5737    0.029217
6603    0.040320
6671    0.041415
6707    0.019455
6755    0.035733
6756    0.021654
6761    0.031428
7459    0.031664
7619    0.017988
7802    0.007605
8078    0.011537
8181    0.018762
8395    0.025806
8543    0.114730
9126    0.025983
9131    0.114730
9798    0.016078
10261    0.014356
10440    0.046002
10942    0.038751
11013    0.044173
11180    0.025724
11534    0.034142
11744    0.017158
11841    0.009467
11958    0.023149
12131    0.044173
12135    0.057365
12245    0.015125
12307    0.069367
12309    0.021244
13036    0.048360
13320    0.022086
13501    0.014575
13590    0.038491
13866    0.023805
13877    0.024083
14065    0.006777
14439    0.027628
14486    0.036997
14604    0.024545
14742    0.029278
14745    0.013155
15144    0.038491
15555    0.019783
15695    0.021447
15927    0.023942
16063    0.022659
16265    0.027549
16268    0.032810
16532    0.026163
17072    0.060103
17073    0.048360
17075    0.044620
17077    0.028705
17111    0.024225
17118    0.046002
17643    0.035446
17945    0.038491
18021    0.035733
18125    0.051683
18173    0.030981
18247    0.021244
18587    0.017594
18882    0.012374
19007    0.057365
19097    0.022541
19232    0.017988
19411    0.028705
19922    0.057365
19944    0.039355
20275    0.014060
20602    0.057365
20964    0.017530
21243    0.013007
21247    0.008316
21307    0.037377
21310    0.023276
