211
403    0.017086
469    0.007752
610    0.009401
822    0.012356
1116    0.010844
1698    0.013513
1699    0.005915
1725    0.011778
1924    0.014245
1942    0.012055
1943    0.012356
2003    0.009942
2113    0.010105
2173    0.007423
2224    0.010335
2239    0.048188
2846    0.017506
2995    0.012685
3016    0.016711
3096    0.011521
3485    0.021420
3567    0.005860
3615    0.011359
3635    0.010395
3743    0.007449
3859    0.017086
3903    0.009401
3944    0.007898
4003    0.048188
4055    0.025144
4133    0.014620
4179    0.012153
4206    0.025370
4240    0.005103
4406    0.012572
4412    0.022439
4492    0.017944
4536    0.010395
4629    0.016372
4774    0.011690
4926    0.045270
5096    0.006526
5230    0.011690
5292    0.015514
5293    0.015269
5495    0.009555
5501    0.004943
5915    0.014071
5991    0.009138
6034    0.017506
6129    0.012253
6372    0.011856
6596    0.012541
6679    0.012572
6683    0.020996
6707    0.008447
6828    0.009180
6959    0.015778
7048    0.009311
7099    0.024713
7181    0.008310
7188    0.008814
7262    0.018529
7524    0.028488
7607    0.013047
7802    0.003302
8040    0.006309
8068    0.009942
8084    0.024906
8111    0.017981
8157    0.018529
8185    0.013906
8186    0.024713
8218    0.006051
8394    0.017506
9143    0.009686
9152    0.012055
9209    0.005679
9282    0.007449
9297    0.013311
9512    0.022439
9692    0.019885
9694    0.015269
9783    0.013311
10120    0.016372
10146    0.011961
10261    0.012466
10491    0.010581
10676    0.013906
10892    0.005569
11157    0.014620
11160    0.010581
11181    0.006889
11203    0.008775
11683    0.004692
11735    0.014823
11887    0.014823
12004    0.014823
12005    0.005009
12085    0.017325
12110    0.006735
12503    0.019972
12591    0.007397
12605    0.019178
12889    0.005711
13014    0.005477
13178    0.018529
13296    0.015039
13349    0.012802
13352    0.007529
13357    0.003487
13466    0.005826
13751    0.014620
13862    0.030829
13992    0.015778
14058    0.013177
14169    0.015514
14260    0.015269
14323    0.008700
14439    0.005998
14475    0.013596
14480    0.101054
14481    0.037069
14611    0.013451
14617    0.014823
14716    0.012922
14742    0.007627
14745    0.005711
14746    0.009942
14749    0.025552
14754    0.009942
14803    0.016711
14815    0.015005
15072    0.012463
15135    0.011868
15142    0.029208
15143    0.016372
15400    0.010777
15497    0.008344
15791    0.009589
15841    0.015778
15889    0.013047
15939    0.037069
15940    0.015039
16094    0.009311
16117    0.008892
16527    0.025031
16529    0.007098
16585    0.014478
16732    0.006196
16921    0.009942
16944    0.006714
17053    0.010050
17105    0.014439
17117    0.006086
17300    0.017981
17347    0.010335
17484    0.008303
17531    0.007098
17780    0.014427
17811    0.011129
17868    0.009942
17885    0.013451
17928    0.018529
17966    0.009589
18055    0.011359
18167    0.003832
18182    0.003842
18256    0.012356
18282    0.003861
18319    0.008344
18468    0.015269
18567    0.010777
18570    0.016711
18580    0.011056
18652    0.006465
18841    0.009637
18882    0.005372
18898    0.018895
18903    0.011778
19009    0.016063
19226    0.005911
19278    0.004468
19327    0.011754
19416    0.008482
19426    0.009783
19485    0.010161
19621    0.019178
19649    0.014245
19741    0.011690
19772    0.008482
19820    0.008412
19885    0.022439
19997    0.011359
20009    0.014071
20090    0.004226
20260    0.010586
20413    0.028142
20582    0.009356
20768    0.005860
20841    0.006567
20844    0.005200
20972    0.013596
20983    0.007781
21005    0.007958
21058    0.007294
21150    0.005680
21152    0.011129
21187    0.016063
21243    0.005647
21247    0.003611
