176
1116    0.013307
1152    0.027534
1351    0.017266
1415    0.012755
1451    0.014548
1604    0.041815
1699    0.003629
1747    0.013307
1805    0.061519
1862    0.006229
1898    0.020966
1925    0.015427
2015    0.014036
2173    0.009109
2186    0.019710
2277    0.012830
2357    0.022064
2458    0.014563
2688    0.010675
2723    0.008537
2857    0.011650
2867    0.012469
2882    0.022220
2909    0.014345
3090    0.012983
3284    0.018736
3473    0.010768
3479    0.015427
4102    0.033010
4362    0.012983
4380    0.005863
4384    0.022064
4636    0.014137
4729    0.009956
4774    0.014345
4859    0.016505
5028    0.014913
5115    0.015036
5232    0.016683
5440    0.011886
5521    0.013224
5562    0.015566
5628    0.008739
5856    0.009803
5991    0.011213
6050    0.010408
6071    0.022064
6178    0.024507
6334    0.015162
6372    0.007274
6628    0.009442
6758    0.006665
6828    0.011265
6908    0.007557
7028    0.021481
7168    0.006082
7274    0.021481
7351    0.010539
7466    0.010768
7476    0.017063
7630    0.027534
7671    0.023533
7802    0.004051
7935    0.014345
8078    0.006146
8476    0.019531
8581    0.006776
8786    0.013656
9301    0.014345
9411    0.005802
9518    0.006503
9939    0.020506
10074    0.008769
10215    0.010408
10318    0.027534
10411    0.012200
11014    0.022425
11103    0.003467
11206    0.029825
11207    0.010960
11289    0.011536
11355    0.005940
11415    0.012755
11427    0.020090
11434    0.008399
11684    0.028479
11744    0.009141
11757    0.010238
11824    0.018736
12005    0.006146
12230    0.009477
12304    0.016683
12447    0.044128
12548    0.009879
12551    0.015916
12853    0.009728
12855    0.007068
12869    0.019710
12898    0.013748
12900    0.013062
12987    0.004387
12999    0.010062
13014    0.006720
13106    0.020966
13348    0.012469
13351    0.021510
13357    0.029954
13434    0.002775
13568    0.022425
13586    0.019361
13668    0.027534
13803    0.015036
14065    0.003611
14538    0.012469
14603    0.020966
14659    0.025764
15008    0.018736
15009    0.015162
15144    0.020506
15315    0.023533
16026    0.013224
16433    0.055069
16707    0.011009
16729    0.024903
16734    0.006130
16923    0.025445
16941    0.017137
17044    0.013392
17531    0.008710
17814    0.009956
17817    0.014239
17830    0.010721
17931    0.014036
17963    0.015857
18158    0.022851
18167    0.009406
18282    0.004738
18496    0.019710
18670    0.010630
18882    0.006592
18948    0.016869
18949    0.019037
19046    0.011766
19081    0.027534
19127    0.015965
19128    0.011161
19173    0.014563
19271    0.033954
19277    0.096238
19366    0.004247
19369    0.030561
19410    0.005654
19437    0.028479
19453    0.051400
19464    0.025612
19718    0.011650
19772    0.010408
19844    0.008576
20226    0.015709
20260    0.002598
20282    0.006683
20534    0.010197
20641    0.022737
20642    0.015709
20713    0.008264
20745    0.013478
20746    0.019037
20768    0.007191
20821    0.018736
20946    0.008238
21094    0.014137
21129    0.006891
21243    0.006930
21247    0.004430
21264    0.012610
21307    0.009956
