82
478    0.066652
1242    0.023904
1698    0.018082
1699    0.007914
2003    0.026608
2114    0.026467
2173    0.019865
3096    0.030832
3485    0.028662
3615    0.030399
3943    0.029588
4179    0.032524
4206    0.033948
4492    0.072034
4495    0.041519
4776    0.039125
4926    0.024230
5096    0.017464
6576    0.043815
6681    0.071993
7332    0.051324
7474    0.051324
7571    0.026056
8068    0.026608
8107    0.015241
8837    0.031285
9023    0.025039
9118    0.042115
9297    0.035623
9459    0.031520
9647    0.033948
9783    0.035623
10074    0.038249
10120    0.043815
10992    0.040247
11103    0.007561
11283    0.026608
11736    0.038610
12071    0.024230
12605    0.051323
12675    0.041185
12932    0.028662
12999    0.010972
13296    0.040247
13702    0.035997
13769    0.133305
13862    0.110005
14480    0.108176
14742    0.013607
14745    0.030569
15111    0.048120
15142    0.052111
15216    0.025407
15400    0.028840
15575    0.087631
15576    0.042987
16116    0.019796
16529    0.037992
16532    0.030399
16585    0.011624
16732    0.033162
16734    0.013370
16921    0.026608
16944    0.017967
17053    0.026896
17780    0.038610
17827    0.112379
18057    0.036385
18182    0.010282
18340    0.027194
18570    0.044723
18883    0.020443
19309    0.026191
19485    0.027194
19664    0.033068
19685    0.024801
20009    0.037657
20090    0.011308
20260    0.005666
20587    0.028147
20841    0.017574
21150    0.007600
