52
469    0.036304
1665    0.064384
1741    0.021859
3096    0.053955
3501    0.060520
3615    0.053197
3743    0.034887
3944    0.036990
4492    0.126059
4926    0.042403
5096    0.030562
6681    0.062994
7330    0.034887
8068    0.046564
8181    0.038150
9118    0.036850
9297    0.062340
10074    0.033468
10121    0.065900
11738    0.086779
12005    0.023459
12605    0.089815
13862    0.048127
13865    0.052831
14480    0.189308
14481    0.057869
14742    0.011906
14745    0.053496
14815    0.035136
15142    0.045597
15400    0.050470
15575    0.076677
15792    0.041279
15912    0.030093
16527    0.039076
16529    0.033243
16532    0.053197
16729    0.019010
16734    0.046793
16921    0.046564
17053    0.047069
18057    0.063674
18331    0.050788
18499    0.047856
18569    0.063674
18882    0.025160
19444    0.055582
19773    0.029279
20582    0.043818
21150    0.013300
21247    0.016910
21264    0.048127
