255
405    0.014427
469    0.005600
688    0.012343
702    0.006694
1262    0.014763
1309    0.011815
1384    0.010561
1604    0.008205
1664    0.008263
1698    0.004881
1699    0.002136
1741    0.013486
1783    0.017991
1846    0.006284
1942    0.008708
1944    0.010864
1945    0.020844
1946    0.018163
1950    0.012072
2003    0.007182
2051    0.010864
2114    0.014288
2173    0.005362
2229    0.019642
2432    0.003107
2499    0.009716
3016    0.012072
3485    0.007737
3574    0.007300
3686    0.008322
3743    0.016143
3745    0.007934
3861    0.008779
3862    0.022929
3975    0.025291
4133    0.010561
4179    0.008779
4195    0.004850
4206    0.009163
4240    0.007373
4378    0.016644
4492    0.045368
4536    0.007509
4689    0.019433
4729    0.005861
4927    0.009163
5000    0.013385
5074    0.005979
5075    0.003131
5086    0.008779
5096    0.023570
5103    0.008640
5610    0.009931
5646    0.009615
5856    0.005771
5991    0.006601
6046    0.010290
6365    0.005931
6441    0.012072
6532    0.008640
6651    0.006663
6681    0.009716
6705    0.006102
6734    0.007466
6825    0.013854
6908    0.004449
7031    0.017991
7048    0.006726
7099    0.008926
7110    0.009518
7178    0.007553
7181    0.006003
7241    0.008573
7338    0.015167
7441    0.008640
7497    0.010864
7562    0.011827
7619    0.005641
7800    0.011827
7802    0.007155
8040    0.009114
8073    0.010864
8107    0.008228
8164    0.012645
8186    0.008926
8323    0.006481
8394    0.025291
8500    0.007912
8581    0.019946
8822    0.011029
8836    0.014427
8837    0.008445
9003    0.006601
9023    0.006759
9118    0.011368
9143    0.006997
9209    0.004102
9297    0.009615
9311    0.008708
9777    0.008322
9783    0.009615
9873    0.005600
9936    0.008708
9994    0.011029
10120    0.011827
10181    0.010422
10186    0.009003
10310    0.026770
10354    0.019270
10420    0.007221
10478    0.008445
10480    0.011207
10589    0.013388
10676    0.010045
10822    0.012989
10892    0.012068
10897    0.005251
10992    0.010864
11103    0.002041
11118    0.007466
11216    0.011207
11225    0.007509
11358    0.006077
11570    0.005620
11683    0.003389
11684    0.008383
11703    0.015167
11736    0.010422
11750    0.004819
11887    0.010708
12005    0.003618
12084    0.007340
12133    0.009821
12551    0.009369
12605    0.020780
12659    0.006077
12660    0.006481
12675    0.011117
12923    0.016209
12928    0.006570
12958    0.060359
12987    0.005165
13228    0.017313
13295    0.009335
13351    0.004221
13434    0.003267
13488    0.010164
13513    0.022414
13529    0.007598
13601    0.008205
13862    0.014846
13865    0.024446
13926    0.019433
13929    0.013385
14093    0.015286
14425    0.004233
14480    0.043799
14611    0.019433
14660    0.016209
14742    0.009182
14745    0.012377
14769    0.008383
14815    0.005419
14874    0.006481
14952    0.008508
14997    0.008205
15063    0.010289
15133    0.011827
15142    0.056264
15143    0.011827
15216    0.006858
15334    0.008640
15497    0.012054
15507    0.009335
15575    0.011827
15778    0.006726
15782    0.010561
15939    0.008926
16024    0.009615
16237    0.004944
16377    0.011207
16527    0.030136
16529    0.035892
16585    0.002092
16657    0.016079
16729    0.005864
16732    0.004476
16735    0.010708
16923    0.004993
16929    0.009931
16941    0.003363
16944    0.004850
16958    0.007643
17053    0.014520
17095    0.009248
17105    0.005215
17347    0.007466
17366    0.006858
17373    0.030870
17451    0.007466
17480    0.016298
17484    0.008997
17702    0.012989
17846    0.008093
17951    0.010164
17970    0.025977
18004    0.010164
18055    0.016411
18057    0.009821
18159    0.006892
18167    0.008305
18435    0.006367
18668    0.008093
18670    0.006257
18725    0.007260
18751    0.014427
18841    0.020885
18882    0.007761
18883    0.005518
18888    0.006027
19043    0.004977
19173    0.008573
19223    0.006511
19366    0.005001
19370    0.005727
19371    0.014427
19410    0.009985
19444    0.008573
19457    0.017852
19485    0.007340
19536    0.011207
19685    0.013388
19817    0.007033
19933    0.011207
20266    0.013385
20289    0.009931
20582    0.020276
20716    0.007106
20717    0.009170
20803    0.014283
20859    0.009248
20868    0.007934
20894    0.004960
20902    0.011862
20916    0.008926
20956    0.014288
20964    0.005498
20976    0.012343
20999    0.025291
21132    0.015973
21150    0.014360
21195    0.008445
21247    0.005216
21261    0.019433
21264    0.014846
