130
1423    0.016228
1435    0.020368
1447    0.032777
1490    0.020895
1500    0.032777
1618    0.031179
1740    0.014199
1816    0.019627
1824    0.020570
2224    0.016134
2344    0.009390
2432    0.006714
2658    0.041996
2665    0.035030
2737    0.040056
2745    0.011547
2953    0.038881
3441    0.019985
3481    0.038881
3522    0.062358
3626    0.035030
3917    0.050151
3926    0.028070
4023    0.009701
4301    0.034748
4302    0.035030
4690    0.019456
4708    0.054656
4874    0.038881
5011    0.035030
5112    0.022523
5239    0.023477
5260    0.015776
5264    0.018527
5352    0.014199
5694    0.024219
5739    0.055161
5779    0.026088
6452    0.019985
6598    0.010031
6734    0.016134
6830    0.026674
7168    0.007737
7178    0.016323
7631    0.015439
7726    0.020173
7987    0.015439
8135    0.086779
8395    0.017491
8500    0.008550
8536    0.017259
9002    0.017985
10175    0.015121
10287    0.029939
10578    0.017037
11007    0.019627
11180    0.008718
11355    0.007556
11434    0.010685
11439    0.015863
11463    0.038881
11667    0.025559
11750    0.010414
12299    0.035030
12307    0.011754
12679    0.065554
12765    0.012146
12898    0.017491
12978    0.016720
12979    0.052177
12983    0.011309
12999    0.038402
13151    0.020998
13434    0.007061
13877    0.016323
13939    0.011427
14065    0.009187
14233    0.084899
14425    0.054888
14604    0.008318
14646    0.038881
14749    0.013296
14918    0.032777
15497    0.026051
15817    0.038881
15889    0.020368
15909    0.047672
15911    0.020368
15912    0.020062
16024    0.020780
16107    0.032777
16127    0.032777
16585    0.015821
16754    0.027328
16766    0.015121
16944    0.020961
17045    0.038881
17075    0.015121
17643    0.012012
17814    0.012667
18006    0.031179
18173    0.020998
18282    0.006028
18383    0.012101
18690    0.062994
18821    0.029939
18993    0.018387
19010    0.019456
19043    0.043020
19225    0.026157
19261    0.011629
19262    0.013186
19296    0.023477
19313    0.028070
19327    0.018349
19328    0.019290
19535    0.014134
19625    0.035030
19773    0.009760
19817    0.015199
19830    0.016323
19844    0.003637
20150    0.023141
20228    0.018527
20515    0.093537
20524    0.038881
21058    0.011387
21150    0.013300
21307    0.012667
21308    0.024631
