54
469    0.034575
1712    0.039141
2173    0.033109
2747    0.051021
3029    0.048992
3096    0.051386
3485    0.047770
3615    0.050664
4179    0.054206
4206    0.113159
4492    0.080037
4774    0.052142
4926    0.080767
5096    0.029107
6576    0.073026
6681    0.059994
7099    0.055113
7330    0.033226
7549    0.100085
8068    0.044346
9118    0.035096
9645    0.111087
9783    0.059372
10074    0.031874
12071    0.040384
12084    0.045323
12605    0.085538
12932    0.047770
13296    0.067078
13862    0.045835
13865    0.100631
14480    0.135220
14742    0.011339
14745    0.050949
14815    0.033463
15142    0.043426
15400    0.048067
15575    0.073026
15939    0.055113
16529    0.031660
16532    0.101328
16732    0.027635
16734    0.022283
16944    0.029945
17053    0.044827
18570    0.074538
19410    0.020551
19485    0.045323
19664    0.055113
20260    0.009443
20582    0.041731
20716    0.043879
20841    0.029289
21247    0.016104
