38
469    0.055852
2658    0.096914
3485    0.077167
3944    0.056907
4492    0.064645
4774    0.084229
5140    0.151279
5746    0.117964
6681    0.096914
7330    0.053673
8690    0.120408
8730    0.143903
9023    0.067412
9152    0.086861
10992    0.108357
12084    0.073215
12999    0.029540
13862    0.074042
13863    0.089795
13865    0.081279
14480    0.072811
14742    0.018317
14745    0.041151
15142    0.070149
15575    0.117964
15791    0.069088
15939    0.178059
16527    0.060117
17053    0.072413
18057    0.097960
19444    0.085511
20260    0.015255
20582    0.067412
20673    0.079141
21129    0.040461
21188    0.083008
21247    0.026015
21264    0.074042
