129
1116    0.020048
1309    0.015119
1351    0.026013
1451    0.010959
1604    0.041998
1699    0.005467
1805    0.030894
2173    0.013723
2264    0.046043
2277    0.019330
2458    0.021940
2857    0.017551
2867    0.018785
2882    0.016738
3089    0.010991
3268    0.028227
3284    0.028227
3473    0.016223
3479    0.023242
4102    0.049732
4240    0.009434
4250    0.064725
4362    0.019560
4380    0.008832
4384    0.033241
4639    0.022652
4729    0.015000
5028    0.022467
5115    0.022652
5232    0.025135
5628    0.013166
5991    0.016893
6050    0.015680
6071    0.033241
6372    0.010959
6628    0.014225
6828    0.016972
6908    0.011386
7476    0.025707
7630    0.041483
7671    0.035454
8078    0.009260
8476    0.029425
8581    0.010209
8711    0.015946
9411    0.008741
9518    0.009797
9935    0.046043
10318    0.041483
10411    0.018380
11014    0.016893
11103    0.005223
11196    0.022287
11206    0.044934
11207    0.016512
11326    0.032362
11415    0.019217
11570    0.014384
11685    0.036922
11757    0.015425
11824    0.028227
12005    0.009260
12110    0.012451
12206    0.041483
12230    0.014278
12548    0.014884
12551    0.011989
12853    0.014657
12867    0.021147
12987    0.006609
13106    0.031587
13348    0.018785
13351    0.032406
13357    0.012894
13434    0.004181
13568    0.016893
13586    0.029168
13668    0.041483
13803    0.022652
14065    0.005440
14538    0.018785
14603    0.031587
14659    0.038815
15006    0.023242
15009    0.022843
15144    0.030894
15906    0.015879
16432    0.035632
16578    0.021453
16585    0.002677
16729    0.015008
16734    0.009236
16923    0.038334
16941    0.008606
17044    0.020176
17830    0.016153
17931    0.021147
18158    0.034427
18167    0.014170
18282    0.007138
18340    0.018785
18496    0.029695
18670    0.016014
18882    0.009931
18949    0.028681
19070    0.038815
19125    0.016972
19169    0.018479
19271    0.034103
19277    0.062139
19330    0.046043
19366    0.012798
19410    0.008518
19464    0.038587
19718    0.017551
19772    0.015680
19844    0.008614
20226    0.023667
20260    0.003914
20282    0.010069
20534    0.015362
20642    0.023667
20713    0.012451
20745    0.040612
20946    0.012411
21094    0.021298
21247    0.006675
21264    0.018998
21307    0.015000
