280
469    0.005658
610    0.006862
822    0.009019
1089    0.018178
1116    0.007915
1242    0.013038
1247    0.009715
1309    0.005969
1436    0.006549
1477    0.006549
1589    0.016378
1681    0.007458
1698    0.004932
1699    0.004317
1788    0.012777
1942    0.017598
1943    0.009019
2003    0.007257
2114    0.007218
2174    0.008532
2239    0.023447
2265    0.012197
2458    0.008662
2604    0.006322
2708    0.016378
2725    0.015324
2846    0.012777
2900    0.016378
2995    0.009258
3096    0.016817
3615    0.016581
3743    0.010874
3754    0.008596
3794    0.011950
3859    0.012471
3949    0.016378
4003    0.011724
4096    0.015324
4153    0.008596
4179    0.008870
4406    0.009176
4492    0.045840
4502    0.013998
4577    0.008470
4767    0.011724
4835    0.011724
4926    0.013216
5043    0.005350
5075    0.003163
5096    0.004763
5103    0.026189
5265    0.012197
5399    0.009432
5501    0.003608
5567    0.010224
5628    0.005198
5732    0.026247
5856    0.005831
6129    0.008943
6596    0.009154
6679    0.018352
6697    0.009096
6892    0.014577
7048    0.006796
7053    0.008409
7099    0.009019
7181    0.006065
7332    0.013998
7408    0.009617
7456    0.006140
7486    0.006578
7524    0.010396
7571    0.007106
7583    0.009715
7600    0.008178
7619    0.011400
7631    0.007218
7903    0.018178
8030    0.018178
8040    0.004605
8041    0.010976
8068    0.007257
8078    0.003656
8107    0.004157
8111    0.013124
8146    0.013124
8181    0.017836
8186    0.009019
8218    0.013248
8219    0.008730
8257    0.014577
8511    0.012197
8534    0.005853
8536    0.008069
8568    0.004053
8577    0.009096
8594    0.006999
8630    0.003123
8712    0.009432
9068    0.010976
9118    0.005743
9143    0.014139
9177    0.009258
9209    0.004145
9256    0.006519
9282    0.005437
9297    0.009715
9411    0.003451
9454    0.005269
9460    0.009817
9518    0.003868
9646    0.018178
9647    0.009258
9648    0.018178
9692    0.007257
9777    0.008409
9783    0.009715
9897    0.011323
10120    0.023899
10146    0.008730
10175    0.007070
10248    0.012777
10261    0.004549
10285    0.012777
10288    0.011516
10336    0.011323
10480    0.011323
10610    0.008870
10668    0.008532
10676    0.020299
10836    0.009617
10955    0.015324
11103    0.002062
11157    0.010670
11160    0.007722
11161    0.009432
11207    0.006519
11216    0.011323
11275    0.014577
11279    0.006639
11283    0.021770
11355    0.003533
11570    0.005679
11782    0.004509
11877    0.015324
11887    0.010819
12004    0.010819
12064    0.007218
12071    0.006608
12109    0.008123
12110    0.009832
12605    0.006999
12606    0.010976
12754    0.016378
12855    0.004204
12880    0.006017
12927    0.006140
12999    0.002992
13008    0.007915
13177    0.019847
13295    0.018863
13352    0.005495
13434    0.001651
13466    0.008505
13548    0.014577
13647    0.004823
13751    0.010670
13839    0.018178
13862    0.015001
13865    0.024700
13992    0.011516
14058    0.009617
14298    0.011950
14323    0.006350
14480    0.073757
14481    0.054111
14523    0.007296
14537    0.005112
14643    0.011323
14742    0.009278
14745    0.004169
14750    0.012471
14754    0.014513
14815    0.021903
14816    0.011144
14820    0.043732
14874    0.006549
14944    0.007376
14997    0.008291
15016    0.007500
15028    0.010976
15072    0.009096
15142    0.049742
15204    0.006041
15216    0.006929
15229    0.008291
15239    0.018352
15400    0.007866
15478    0.008870
15576    0.011724
15577    0.013124
15578    0.011144
15778    0.006796
15792    0.006433
15820    0.006296
15822    0.005399
15841    0.011516
16003    0.009432
16116    0.005399
16117    0.006490
16237    0.004996
16527    0.006090
16529    0.020723
16532    0.016581
16585    0.012681
16713    0.008662
16732    0.018088
16734    0.003646
16807    0.012777
16921    0.007257
16941    0.013591
16944    0.004900
16964    0.016378
17053    0.014671
17067    0.007500
17105    0.010539
17108    0.006999
17129    0.005535
17144    0.004099
17167    0.011144
17300    0.013124
17406    0.012777
17451    0.007543
17484    0.003030
17761    0.009432
17780    0.010530
17830    0.012754
17868    0.007257
17885    0.009817
17927    0.013998
18005    0.004633
18057    0.009923
18132    0.013998
18167    0.002797
18182    0.002804
18313    0.012777
18468    0.011144
18567    0.015731
18655    0.005809
18882    0.003921
19009    0.011724
19010    0.009096
19103    0.015324
19327    0.008579
19366    0.002526
19410    0.003363
19485    0.007417
19621    0.013998
19649    0.010397
19685    0.013528
19912    0.016378
20009    0.010270
20090    0.003084
20253    0.013524
20260    0.006181
20266    0.013524
20289    0.010034
20413    0.020540
20557    0.006017
20582    0.006829
20768    0.004277
20803    0.003608
20841    0.004793
20844    0.003795
20946    0.004900
20956    0.007218
20983    0.005679
21150    0.010364
21195    0.008532
21247    0.002635
