50
469    0.038897
1184    0.036987
1367    0.112596
1479    0.060982
1741    0.023420
2173    0.037247
3096    0.057809
3615    0.056997
3632    0.051275
3686    0.057809
4084    0.051565
4206    0.063652
4492    0.045021
4926    0.090863
5043    0.018389
5556    0.046948
6596    0.031465
6681    0.067493
7099    0.062003
8068    0.049890
8777    0.053742
9411    0.023726
9533    0.038897
9647    0.063652
10420    0.050158
11146    0.041698
11279    0.045640
12071    0.045431
12605    0.048115
13862    0.051565
14480    0.152123
14742    0.012757
14745    0.028659
14815    0.037646
15142    0.195416
15400    0.054075
15550    0.063652
15791    0.048115
16116    0.037117
16529    0.035617
16532    0.056997
16734    0.025068
17053    0.050431
18055    0.056997
18570    0.083856
19464    0.034912
20260    0.010624
20582    0.046948
20841    0.032950
21247    0.018117
