143
147    0.010233
469    0.010837
610    0.013143
824    0.025137
1184    0.010305
1242    0.012487
1309    0.011433
1364    0.014792
1436    0.012543
1741    0.006525
1788    0.024473
2003    0.013900
2344    0.008409
2345    0.016466
2744    0.009326
2792    0.056412
3096    0.016106
3485    0.014973
3567    0.008192
3615    0.015880
3862    0.014792
3939    0.029353
4132    0.020438
4179    0.016990
4240    0.014269
4406    0.017576
4492    0.037629
4495    0.021689
4783    0.026811
4926    0.025315
4927    0.017734
5096    0.009123
5265    0.023363
5495    0.006679
5567    0.009791
5894    0.025904
6596    0.017533
6679    0.035152
6808    0.017274
6904    0.022456
7099    0.034549
7188    0.012322
7291    0.024473
7487    0.021689
8040    0.008820
8078    0.007003
8181    0.011388
8185    0.019440
8218    0.016917
8568    0.007763
8581    0.015441
8594    0.013405
8777    0.029946
9118    0.011000
9143    0.027083
9297    0.018609
9454    0.020186
9455    0.016990
9518    0.022226
9647    0.035468
9783    0.018609
9798    0.009759
10248    0.024473
10480    0.021689
10486    0.018804
10767    0.034818
10773    0.011858
11279    0.012716
11289    0.013143
11570    0.010877
11683    0.013118
11782    0.008636
12004    0.020723
12365    0.013017
12605    0.013405
12855    0.016106
12889    0.007984
12915    0.034818
12917    0.058705
12999    0.005732
13179    0.012956
13295    0.018066
13352    0.010526
13726    0.027921
13751    0.020438
13862    0.014366
13865    0.015770
14200    0.014881
14298    0.022889
14323    0.012162
14430    0.013611
14480    0.113020
14481    0.034549
14523    0.013974
14742    0.021325
14745    0.007984
14749    0.011907
14815    0.010488
14820    0.027921
15142    0.081667
15143    0.022889
15576    0.044911
15578    0.021346
15621    0.034818
15791    0.013405
15792    0.024644
15822    0.010341
15910    0.012600
16026    0.015066
16529    0.029770
16531    0.018609
16532    0.015880
16585    0.020241
16668    0.038014
16923    0.009663
16941    0.013016
17053    0.014050
17406    0.048946
17426    0.038014
17484    0.005804
17949    0.015066
18003    0.013273
18005    0.008874
18167    0.005358
18569    0.019007
19327    0.008216
19426    0.006838
19485    0.014206
19894    0.018066
20009    0.019672
20100    0.014449
20104    0.029353
20250    0.023887
20582    0.013080
20841    0.009180
20844    0.007270
20860    0.021024
20946    0.028157
20983    0.010877
21122    0.011433
21150    0.007940
21191    0.015663
21247    0.005048
