51
469    0.036304
3485    0.050159
3944    0.036990
4084    0.048127
4179    0.056917
4240    0.023900
4492    0.042020
4926    0.084805
5043    0.017163
6596    0.029368
6681    0.125988
8078    0.023459
8218    0.028337
8638    0.048403
8777    0.050159
9411    0.022144
9518    0.024819
9647    0.059409
9783    0.062340
10074    0.033468
10215    0.039723
11181    0.032265
12880    0.038606
13295    0.060520
13352    0.035262
13355    0.027131
13529    0.049258
13862    0.048127
14480    0.094654
14742    0.023813
14815    0.035136
15142    0.045597
15578    0.071508
15791    0.089815
16529    0.132971
16585    0.006781
16734    0.023397
17037    0.036850
17053    0.047069
18003    0.044463
18005    0.029726
18057    0.063674
19037    0.048127
19485    0.047590
19844    0.010910
20251    0.047856
20260    0.019831
20582    0.043818
20841    0.030754
20946    0.031442
21247    0.016910
