190
147    0.007821
469    0.016564
476    0.018704
1184    0.015751
1361    0.019798
1413    0.027881
1458    0.012136
1698    0.007219
1699    0.009479
1741    0.009974
1762    0.006823
1916    0.033152
2134    0.020491
2286    0.015838
2440    0.013940
2486    0.019211
2609    0.020287
2706    0.007409
3485    0.011443
3743    0.007959
3943    0.011813
3944    0.008439
4448    0.017162
4492    0.047931
4887    0.019211
4926    0.009674
5096    0.020917
5227    0.014371
5331    0.012779
5567    0.022449
5575    0.019211
5628    0.015219
5732    0.019211
5745    0.010857
6323    0.012309
6372    0.012668
6532    0.012779
6596    0.006700
6673    0.034324
6681    0.028742
6908    0.006580
6922    0.023975
7078    0.016068
7168    0.010591
7199    0.008221
7242    0.023975
7509    0.014079
7531    0.006908
7964    0.013433
7985    0.013092
8019    0.006408
8069    0.014526
8181    0.008703
8417    0.008915
8533    0.017615
8581    0.005900
8630    0.004572
9111    0.026610
9297    0.014222
9460    0.014371
9657    0.021339
9798    0.007458
9947    0.006207
10170    0.020491
10186    0.026631
10291    0.016068
10363    0.016314
10437    0.047950
10773    0.009062
10868    0.023975
10892    0.005950
10898    0.013807
11103    0.003019
11146    0.017757
11161    0.013807
11271    0.018752
11355    0.010343
11358    0.008988
11386    0.009025
11407    0.053221
11418    0.022433
11519    0.021594
11570    0.008313
11683    0.010025
11812    0.022433
11916    0.133052
11973    0.013807
12003    0.015220
12110    0.014392
12133    0.014526
12245    0.007016
12283    0.005240
12356    0.015034
12605    0.030735
12675    0.008221
12684    0.016803
12919    0.018704
12927    0.008988
13007    0.053221
13228    0.008536
13232    0.015034
13434    0.002416
13621    0.021339
13862    0.043918
13865    0.012053
13939    0.007821
14319    0.014526
14355    0.018704
14425    0.006261
14430    0.010402
14480    0.043188
14729    0.015620
14742    0.010865
14745    0.006102
14815    0.008016
14867    0.019798
14913    0.017855
14994    0.030829
14997    0.024273
15140    0.007289
15142    0.041610
15204    0.008843
15229    0.012136
15241    0.026610
15497    0.008915
15503    0.010623
15507    0.027614
15556    0.022886
15705    0.017162
15776    0.021339
15778    0.009949
16023    0.015034
16024    0.014222
16268    0.015220
16527    0.035659
16529    0.045503
16532    0.024273
16585    0.001547
16729    0.008674
16743    0.011514
16753    0.021339
16929    0.014688
17008    0.018256
17035    0.022433
17052    0.011891
17053    0.021476
17111    0.011237
17144    0.012000
17366    0.010144
17810    0.016068
17863    0.016314
17867    0.027614
17916    0.009718
17922    0.009459
17932    0.017162
18055    0.012136
18057    0.014526
18182    0.004105
18308    0.016858
18352    0.022433
18652    0.006908
18670    0.009255
18733    0.016858
18841    0.010297
19087    0.017162
19097    0.010456
19169    0.010680
19225    0.008951
19226    0.012631
19261    0.015918
19262    0.009025
19410    0.004923
19485    0.010857
19535    0.009674
19708    0.018704
19744    0.021339
20090    0.004515
20260    0.004524
20266    0.019798
20359    0.014526
20582    0.009996
20716    0.010511
20760    0.011587
20768    0.006261
20824    0.010738
20844    0.005556
20901    0.008252
20925    0.022433
20927    0.006446
21247    0.007715
