228
26    0.019408
219    0.006389
333    0.005761
803    0.015447
850    0.012567
1080    0.015134
1099    0.008112
1190    0.021298
1255    0.010806
1283    0.012293
1304    0.031720
1479    0.011234
1545    0.015134
1691    0.007328
1707    0.008486
1859    0.009608
1918    0.009665
1999    0.015134
2119    0.010499
2263    0.028227
2277    0.014498
2376    0.017127
2380    0.010427
2470    0.011422
2723    0.006431
2755    0.017727
2947    0.008293
3013    0.011056
3039    0.007620
3077    0.008648
3665    0.012304
3688    0.010573
3911    0.008486
4023    0.017233
4168    0.021611
4300    0.011326
4301    0.010287
4380    0.026497
4383    0.038434
4463    0.009839
4467    0.009240
4468    0.011833
4480    0.010573
4576    0.011520
4652    0.013167
4653    0.014847
4662    0.008147
4743    0.011234
4872    0.010573
5043    0.006775
5181    0.018461
5202    0.014826
5206    0.022111
5217    0.011234
5255    0.016620
5415    0.008331
5449    0.018461
5501    0.004569
5628    0.013166
5866    0.006166
5879    0.008908
5898    0.010887
5899    0.010088
5904    0.012060
5975    0.007061
6130    0.012854
6462    0.013702
6532    0.011056
6598    0.005939
6983    0.012433
7117    0.010287
7194    0.008733
7380    0.017465
7489    0.014113
7595    0.007471
7736    0.006766
7802    0.003052
7896    0.009141
7967    0.011833
7987    0.009141
8218    0.016778
8275    0.008733
8281    0.011143
8568    0.010266
8581    0.005105
8918    0.007620
9016    0.016439
9136    0.019922
9180    0.015794
9200    0.006266
9302    0.023021
9311    0.011143
9364    0.007712
9388    0.007840
9398    0.007219
9533    0.007165
9550    0.023021
9641    0.008819
9854    0.034255
9855    0.018461
9856    0.019408
9873    0.007165
10074    0.006606
10083    0.019408
10261    0.005761
10333    0.010024
10334    0.020089
10336    0.014340
10338    0.019750
10674    0.032362
10837    0.003623
10857    0.013702
10888    0.013336
10892    0.005147
11118    0.009553
11196    0.011143
11201    0.005448
11408    0.027403
11436    0.017127
11453    0.010806
11803    0.014113
11902    0.014113
11984    0.009393
12053    0.021298
12122    0.005779
12245    0.006070
12300    0.005903
12345    0.006286
12411    0.013702
12548    0.007442
12871    0.015447
12880    0.007620
12889    0.042234
12894    0.021453
12911    0.007413
12927    0.007776
12974    0.008733
12978    0.009900
12983    0.006696
12987    0.003304
13014    0.010125
13143    0.009190
13314    0.014847
13319    0.007500
13355    0.016065
13357    0.006447
13481    0.013702
13484    0.008999
13601    0.010499
13915    0.017127
14063    0.014330
14244    0.023021
14314    0.038888
14323    0.008042
14559    0.015134
14604    0.004925
14656    0.012304
14701    0.012567
14749    0.007873
14781    0.012180
14796    0.007356
14859    0.012433
15053    0.017127
15063    0.006583
15239    0.011621
15500    0.011621
15685    0.012567
15705    0.014847
15706    0.014340
15881    0.012707
15906    0.015879
15907    0.013869
16019    0.017127
16130    0.012854
16207    0.010219
16259    0.010970
16321    0.008486
16520    0.017727
16585    0.009368
16592    0.004952
16717    0.014340
16732    0.005727
16923    0.006389
16941    0.025819
17004    0.036922
17037    0.007273
17061    0.014847
17103    0.008407
17281    0.012948
17284    0.018461
17292    0.014492
17471    0.010427
17484    0.003838
17507    0.012180
17524    0.009046
17575    0.017727
17669    0.005464
17959    0.018461
18251    0.016620
18392    0.014113
18493    0.012180
18725    0.009290
18883    0.014122
18993    0.010887
19127    0.012026
19274    0.012304
19278    0.004130
19370    0.007328
19626    0.023021
19685    0.008566
19844    0.002153
19975    0.019408
20123    0.018461
20260    0.001957
20282    0.005034
20305    0.011520
20420    0.012567
20833    0.013514
20841    0.012140
20844    0.009613
20848    0.005976
20927    0.022305
21150    0.005250
21188    0.010649
21253    0.005062
21258    0.011143
21259    0.010219
21279    0.008256
