242
251    0.011918
457    0.007633
1157    0.006687
1244    0.010384
1272    0.006871
1383    0.013223
1456    0.008580
1529    0.007243
1677    0.007676
1712    0.006629
1824    0.009953
1862    0.003834
1961    0.016950
2173    0.011214
2215    0.011719
2313    0.011719
2432    0.003249
2443    0.018813
2508    0.007992
2737    0.012921
2745    0.005587
2793    0.013223
2819    0.005966
3187    0.013223
3473    0.046402
3479    0.018993
3563    0.005921
3567    0.004426
3574    0.007633
3583    0.004125
3618    0.013031
3619    0.007317
4001    0.019164
4195    0.015214
4245    0.006434
4262    0.009256
4456    0.007719
4480    0.008641
4522    0.007992
4707    0.012623
4899    0.005568
5043    0.002768
5075    0.006547
5253    0.014487
5537    0.016082
5567    0.005291
5571    0.013223
5614    0.006461
5628    0.005380
5717    0.021950
5719    0.005344
5745    0.007676
5856    0.006035
5858    0.016950
5909    0.015860
5927    0.018813
5962    0.009180
6202    0.022720
6689    0.009761
6758    0.004103
6762    0.007280
6908    0.004652
7141    0.008407
7391    0.011719
7397    0.014487
7632    0.008830
7650    0.007034
7753    0.005137
7767    0.015087
7802    0.002494
8078    0.003784
8186    0.009334
8254    0.010898
8476    0.006012
8500    0.012411
8534    0.006058
8568    0.008389
8581    0.012514
8596    0.004992
8613    0.077625
8616    0.020769
8622    0.005647
8674    0.007676
8984    0.007393
9157    0.018813
9185    0.015087
9454    0.005453
9798    0.010546
9873    0.005855
9947    0.004389
10074    0.005398
10244    0.008965
10247    0.008407
10261    0.004708
10349    0.013223
10350    0.011360
10354    0.006717
10358    0.009582
10637    0.008702
10653    0.012133
10654    0.018813
10773    0.012814
10789    0.013997
10846    0.006303
10932    0.008463
11117    0.009332
11203    0.026515
11206    0.009180
11327    0.010055
11355    0.003656
11683    0.007088
11750    0.005039
11972    0.023067
11987    0.011533
12066    0.012623
12201    0.013582
12207    0.011043
12245    0.009921
12281    0.013223
12307    0.073936
12309    0.006967
12505    0.013616
12605    0.007243
12606    0.011360
12675    0.011625
12765    0.017632
12855    0.008702
12867    0.017281
12904    0.004929
12932    0.008090
13060    0.010898
13177    0.010270
13298    0.008521
13351    0.013241
13434    0.001708
13877    0.007898
13939    0.005529
14065    0.017781
14140    0.010760
14303    0.005416
14339    0.007243
14445    0.008041
14604    0.016099
14742    0.013443
14745    0.012943
14754    0.007510
15019    0.031779
15063    0.005380
15142    0.007354
15143    0.012367
15205    0.015087
15212    0.009334
15395    0.015087
15570    0.010055
15827    0.010504
15928    0.006572
16003    0.009761
16060    0.007354
16063    0.007431
16166    0.016950
16169    0.018813
16237    0.015511
16268    0.010760
16279    0.009761
16371    0.015704
16485    0.006105
16509    0.012976
16527    0.012605
16529    0.005362
16531    0.040219
16585    0.017498
16724    0.006543
16791    0.017405
16923    0.005221
16959    0.011334
16975    0.014487
16995    0.015087
17074    0.021101
17115    0.009334
17433    0.011918
17529    0.014414
17643    0.005812
17949    0.008140
18004    0.021258
18106    0.011197
18133    0.008244
18179    0.006717
18182    0.002902
18247    0.006967
18383    0.005855
18435    0.006658
18582    0.012623
18652    0.004884
18653    0.019164
18670    0.019630
18757    0.012907
18826    0.018813
18883    0.005770
18904    0.009180
19057    0.016950
19212    0.007676
19261    0.005627
19262    0.006380
19327    0.017757
19366    0.005229
19426    0.003695
19460    0.008727
19730    0.016950
19736    0.007592
19746    0.013997
19786    0.011043
19880    0.015860
19941    0.015087
20090    0.003192
20209    0.015860
20226    0.009670
20260    0.003199
20452    0.020151
20535    0.009670
20568    0.022394
20582    0.007067
20605    0.011043
20620    0.005607
20648    0.007393
20695    0.008192
20713    0.005088
20803    0.007468
20807    0.008090
20916    0.009334
21032    0.015087
21033    0.012133
21094    0.008702
21111    0.007852
21115    0.004414
21126    0.010160
21129    0.008484
21135    0.009761
21150    0.004290
21271    0.016950
21299    0.011197
21306    0.014785
21307    0.018387
