55
523    0.047795
1446    0.062370
2074    0.056405
2225    0.068209
3094    0.066007
3593    0.030999
3944    0.034144
4240    0.044123
4245    0.036821
4536    0.044938
4743    0.052538
4776    0.063202
4778    0.056964
4926    0.039141
5924    0.050917
6409    0.147732
7649    0.073866
7716    0.052117
7750    0.058148
7752    0.077732
8078    0.043308
8170    0.085508
8837    0.050538
9488    0.064081
9518    0.022910
10334    0.031318
10700    0.072245
10851    0.066007
11130    0.052972
11661    0.103413
12202    0.098211
12292    0.192244
12551    0.028036
12987    0.015455
13355    0.025044
13434    0.009777
13862    0.044425
13864    0.067068
14065    0.012720
14357    0.097006
14742    0.010990
15908    0.056405
16734    0.021597
16940    0.068209
17103    0.039321
18382    0.040842
18719    0.052972
19050    0.064081
19278    0.019315
19370    0.068548
20695    0.046881
20879    0.097006
20946    0.029023
20950    0.124741
21279    0.038613
