349
43    0.010626
316    0.012868
415    0.008897
469    0.004445
1097    0.004785
1128    0.007411
1148    0.012041
1157    0.005077
1240    0.004529
1242    0.005122
1244    0.007884
1360    0.009799
1438    0.008897
1664    0.013120
1680    0.006032
1699    0.006784
1707    0.005265
1741    0.005353
1788    0.020078
1942    0.006913
2003    0.005702
2058    0.007147
2062    0.009799
2092    0.006913
2101    0.010998
2113    0.005795
2114    0.005671
2130    0.012868
2198    0.010998
2225    0.009048
2226    0.007210
2236    0.008169
2239    0.018423
2281    0.005555
2366    0.013408
2427    0.042504
2432    0.002466
2653    0.010626
2669    0.009799
3029    0.006299
3096    0.006607
3249    0.009389
3286    0.007797
3615    0.006514
3632    0.005860
3686    0.006607
3743    0.029903
3745    0.006299
3842    0.004635
3881    0.006104
3912    0.006913
3942    0.006142
4003    0.009211
4084    0.005893
4096    0.012041
4114    0.011454
4137    0.003480
4179    0.006969
4206    0.014549
4240    0.002927
4260    0.005169
4378    0.006607
4450    0.003875
4480    0.006560
4486    0.007147
4492    0.025726
4495    0.008897
4608    0.010311
4635    0.012041
4666    0.006299
4729    0.004653
4776    0.008384
4846    0.012868
4863    0.009584
4899    0.004227
4927    0.014549
5043    0.002102
5064    0.012041
5075    0.002485
5100    0.011454
5212    0.004947
5227    0.007714
5273    0.012041
5298    0.009799
5523    0.005702
5524    0.007556
5567    0.004016
5666    0.012041
5677    0.009799
5756    0.009389
5769    0.004030
5881    0.007411
5889    0.019597
5988    0.005795
6050    0.004864
6313    0.006607
6340    0.008756
6487    0.008624
6598    0.003685
6679    0.007210
6949    0.008384
7097    0.005499
7099    0.021258
7199    0.004413
7330    0.004272
7357    0.010311
7393    0.006382
7456    0.004824
7526    0.011454
7531    0.003708
7571    0.005583
7736    0.008395
7802    0.001893
7989    0.004989
8019    0.003439
8068    0.005702
8078    0.002872
8181    0.009343
8218    0.013879
8327    0.008897
8446    0.003875
8594    0.005499
8688    0.007411
8711    0.004947
8777    0.012284
8970    0.008069
9015    0.012041
9019    0.010998
9118    0.004512
9160    0.006913
9185    0.011454
9297    0.007633
9358    0.010998
9454    0.004140
9455    0.006969
9533    0.008891
9631    0.005444
9647    0.014549
9692    0.005702
9777    0.006607
9811    0.006913
9873    0.008891
9878    0.008069
9945    0.006104
10074    0.020491
10095    0.006340
10099    0.010311
10175    0.005555
10214    0.012041
10215    0.004864
10261    0.003574
10336    0.008897
10354    0.005099
10668    0.006704
10794    0.005860
10846    0.004785
11100    0.012868
11103    0.004861
11112    0.003964
11146    0.004765
11160    0.012135
11161    0.022232
11178    0.010384
11180    0.003202
11213    0.004547
11225    0.011922
11233    0.012868
11258    0.012868
11683    0.010762
11703    0.012041
11708    0.012868
11812    0.024081
11877    0.012041
11889    0.006219
11892    0.012868
11899    0.009584
11973    0.014821
11984    0.005827
12003    0.008169
12045    0.006104
12071    0.005192
12109    0.012765
12110    0.007725
12171    0.012868
12605    0.032993
12644    0.008897
12880    0.004727
12904    0.007485
12928    0.005216
13014    0.003141
13050    0.003607
13228    0.004581
13242    0.012041
13255    0.010311
13311    0.006259
13348    0.011655
13352    0.004318
13357    0.002000
13434    0.003891
13466    0.003341
13488    0.008069
13506    0.012868
13507    0.012868
13548    0.011454
13862    0.035359
13864    0.008897
13992    0.009048
14049    0.009389
14058    0.007556
14065    0.003375
14221    0.010998
14346    0.012868
14406    0.004333
14415    0.012868
14480    0.086927
14481    0.049602
14604    0.003056
14717    0.005961
14742    0.004374
14745    0.006551
14752    0.008624
14820    0.011454
14857    0.005893
14872    0.009211
14988    0.010311
14997    0.006514
15016    0.005893
15033    0.006607
15063    0.004084
15070    0.007556
15142    0.039083
15143    0.018778
15204    0.004746
15210    0.005077
15323    0.012041
15334    0.006859
15400    0.006180
15503    0.005702
15542    0.010039
15548    0.012041
15551    0.005169
15576    0.027634
15778    0.010680
15791    0.005499
15792    0.010109
15822    0.004242
15827    0.007974
15917    0.008501
15939    0.007086
15944    0.006655
16014    0.009048
16116    0.004242
16338    0.009799
16417    0.012868
16527    0.009570
16529    0.024423
16530    0.012868
16585    0.008303
16611    0.010039
16705    0.007485
16732    0.003553
16772    0.005795
16803    0.009211
16805    0.010998
16806    0.010998
16921    0.011403
16929    0.007884
16941    0.002670
16950    0.006859
17052    0.006382
17053    0.005764
17105    0.004140
17117    0.003490
17136    0.011454
17300    0.010311
17301    0.012041
17369    0.005671
17484    0.004762
17761    0.007411
17868    0.005702
17885    0.007714
17886    0.010998
17889    0.008624
18004    0.008069
18055    0.019542
18064    0.012041
18167    0.004396
18182    0.002203
18186    0.005365
18247    0.005289
18282    0.002214
18524    0.010626
18567    0.012360
18580    0.006340
18705    0.008501
18841    0.016580
18882    0.003081
18987    0.010680
19000    0.008069
19008    0.010626
19010    0.007147
19043    0.003951
19103    0.012041
19136    0.008897
19143    0.008384
19179    0.010998
19261    0.004272
19327    0.006740
19366    0.005955
19410    0.002642
19460    0.003313
19485    0.005827
19608    0.009048
19685    0.026572
19844    0.001336
19913    0.011454
19982    0.010311
19997    0.006514
20009    0.008069
20041    0.011454
20090    0.002423
20100    0.011854
20245    0.012868
20250    0.009799
20260    0.001214
20336    0.009584
20413    0.008069
20488    0.008501
20557    0.004727
20560    0.008069
20582    0.005365
20624    0.007086
20717    0.003640
20742    0.006560
20768    0.003361
20841    0.003766
20844    0.005964
20881    0.009211
20983    0.004462
21039    0.007633
21065    0.006180
21129    0.006441
21142    0.010998
21150    0.008143
21184    0.010311
21185    0.010626
21195    0.006704
21247    0.002071
21266    0.003862
