56
469    0.033003
1309    0.034819
1477    0.038200
1741    0.019872
1943    0.052608
2003    0.042331
2366    0.049772
3096    0.049050
3485    0.045599
3615    0.048361
3944    0.100881
4206    0.054008
4240    0.021727
4536    0.044257
4926    0.038548
5096    0.027784
5567    0.029819
5745    0.043263
6679    0.053527
7099    0.052608
8193    0.066052
9297    0.056673
10074    0.030425
10146    0.050923
10480    0.066052
11782    0.026300
12071    0.038548
12932    0.045599
13294    0.059204
13862    0.043752
14058    0.056101
14323    0.074080
14480    0.215123
14631    0.085034
14742    0.010824
14815    0.031942
15142    0.082904
15400    0.045882
15791    0.081650
16511    0.066052
16527    0.035523
16529    0.060441
16732    0.026379
16734    0.021270
16921    0.042331
17053    0.042790
17484    0.017676
18567    0.045882
19010    0.053061
19485    0.043263
19707    0.034682
19871    0.060648
20253    0.078890
20582    0.039834
20841    0.027958
21247    0.015372
