58
523    0.047795
1446    0.062370
1699    0.012785
2074    0.056405
2225    0.068209
3593    0.030999
3944    0.034144
4240    0.044123
4245    0.036821
4536    0.044938
4743    0.052538
4778    0.056964
4926    0.039141
5924    0.050917
6409    0.073866
7649    0.073866
7716    0.052117
7750    0.058148
7752    0.077732
8078    0.043308
8170    0.085508
8837    0.050538
9488    0.064081
9518    0.022910
9947    0.025116
10334    0.031318
11130    0.052972
11415    0.044938
11661    0.051707
12005    0.021654
12202    0.049105
12292    0.064081
12293    0.077732
12551    0.028036
12817    0.036668
12987    0.015455
13355    0.025044
13434    0.009777
13836    0.061581
13862    0.088850
13864    0.067068
14065    0.012720
14350    0.058776
14742    0.010990
15550    0.109678
15912    0.027778
16734    0.021597
16940    0.068209
17103    0.039321
18719    0.052972
19050    0.064081
19278    0.019315
19370    0.068548
20696    0.107669
20879    0.097006
20946    0.029023
20950    0.124741
21279    0.038613
