357
43    0.010130
316    0.012267
415    0.008481
469    0.004238
1097    0.004561
1128    0.007065
1148    0.011478
1157    0.004840
1240    0.004318
1242    0.004883
1244    0.007516
1360    0.009341
1438    0.008481
1664    0.012507
1680    0.005750
1699    0.008084
1707    0.005019
1741    0.005103
1788    0.019140
1942    0.006591
1981    0.011478
2003    0.005435
2058    0.006813
2062    0.009341
2092    0.006591
2101    0.010485
2113    0.005525
2114    0.005407
2130    0.012267
2173    0.004058
2198    0.010485
2225    0.008626
2226    0.006873
2236    0.007788
2239    0.017563
2281    0.005295
2366    0.012782
2427    0.040519
2432    0.002351
2653    0.010130
2669    0.009341
3029    0.006005
3096    0.006298
3249    0.008951
3286    0.007433
3615    0.006210
3632    0.005586
3686    0.006298
3743    0.028507
3745    0.006005
3842    0.004419
3881    0.005819
3912    0.006591
3942    0.005855
4003    0.008781
4084    0.005618
4096    0.011478
4114    0.010919
4137    0.003318
4179    0.006644
4206    0.013870
4240    0.008370
4260    0.004927
4378    0.006298
4450    0.003694
4480    0.006254
4486    0.006813
4492    0.024525
4495    0.008481
4608    0.009830
4635    0.011478
4666    0.006005
4729    0.004436
4776    0.007992
4846    0.012267
4863    0.009136
4899    0.004030
4927    0.013870
5043    0.002004
5064    0.011478
5075    0.002369
5100    0.010919
5212    0.004716
5227    0.007353
5273    0.011478
5298    0.009341
5523    0.016306
5524    0.007204
5567    0.007658
5666    0.011478
5677    0.009341
5756    0.008951
5769    0.003842
5881    0.007065
5889    0.018682
5988    0.005525
6050    0.004637
6132    0.008951
6313    0.006298
6340    0.008347
6487    0.008222
6598    0.003513
6679    0.006873
6949    0.007992
7097    0.005242
7099    0.020265
7199    0.004207
7330    0.004072
7357    0.009830
7393    0.006084
7456    0.004599
7526    0.010919
7531    0.003534
7571    0.005323
7736    0.008003
7802    0.001805
7989    0.004756
8019    0.003279
8068    0.005435
8078    0.002738
8181    0.008907
8218    0.013231
8327    0.008481
8446    0.003694
8594    0.005242
8688    0.007065
8711    0.004716
8777    0.011710
8970    0.007693
9015    0.011478
9019    0.010485
9118    0.004302
9160    0.006591
9185    0.010919
9297    0.007277
9358    0.010485
9454    0.003947
9455    0.006644
9533    0.008476
9631    0.005190
9647    0.013870
9692    0.005435
9777    0.006298
9811    0.006591
9873    0.008476
9878    0.007693
9945    0.005819
10074    0.019534
10095    0.006044
10099    0.009830
10175    0.005295
10214    0.011478
10215    0.004637
10261    0.003408
10336    0.008481
10354    0.009723
10668    0.006391
10794    0.005586
10846    0.004561
11100    0.012267
11103    0.004634
11112    0.003779
11146    0.004543
11160    0.011569
11161    0.021194
11178    0.009899
11180    0.003053
11213    0.004334
11225    0.011366
11233    0.012267
11258    0.012267
11517    0.009341
11683    0.010259
11703    0.011478
11708    0.012267
11812    0.022957
11877    0.011478
11889    0.005929
11892    0.012267
11899    0.009136
11973    0.014129
11984    0.005555
12003    0.007788
12045    0.005819
12071    0.004950
12109    0.012169
12110    0.007364
12171    0.012267
12605    0.031453
12644    0.008481
12659    0.004599
12880    0.004507
12904    0.007135
12928    0.004972
13014    0.002994
13050    0.003439
13228    0.004368
13242    0.011478
13255    0.009830
13311    0.005966
13348    0.011110
13352    0.004116
13357    0.001906
13434    0.003709
13466    0.003185
13488    0.007693
13506    0.012267
13507    0.012267
13548    0.010919
13862    0.039326
13864    0.008481
13992    0.008626
14049    0.008951
14058    0.007204
14065    0.003217
14221    0.010485
14346    0.012267
14406    0.004131
14415    0.012267
14480    0.088393
14481    0.047286
14527    0.007065
14604    0.002913
14717    0.005683
14742    0.004170
14745    0.006245
14752    0.008222
14820    0.010919
14857    0.005618
14872    0.008781
14988    0.009830
14997    0.006210
15016    0.005618
15028    0.008222
15033    0.006298
15063    0.003894
15070    0.007204
15142    0.037258
15143    0.017901
15204    0.004525
15210    0.004840
15323    0.011478
15334    0.006539
15400    0.005891
15503    0.005435
15542    0.009570
15548    0.011478
15551    0.004927
15576    0.026344
15778    0.015271
15791    0.005242
15792    0.009637
15822    0.004044
15827    0.007602
15910    0.004927
15917    0.008104
15939    0.006755
15944    0.006344
16014    0.008626
16116    0.004044
16338    0.009341
16417    0.012267
16527    0.013684
16529    0.027163
16530    0.012267
16585    0.010290
16611    0.009570
16705    0.007135
16732    0.003387
16772    0.005525
16803    0.008781
16805    0.010485
16806    0.010485
16921    0.010871
16929    0.007516
16941    0.002545
16950    0.006539
17052    0.006084
17053    0.005494
17105    0.003947
17117    0.003327
17136    0.010919
17300    0.009830
17301    0.011478
17369    0.005407
17484    0.004539
17761    0.007065
17868    0.005435
17885    0.007353
17886    0.010485
17889    0.008222
18004    0.007693
18055    0.018629
18064    0.011478
18167    0.004190
18182    0.002100
18186    0.005115
18247    0.005042
18282    0.002111
18524    0.010130
18567    0.011783
18580    0.006044
18705    0.008104
18841    0.015806
18882    0.002937
18987    0.010181
19000    0.007693
19008    0.010130
19010    0.006813
19043    0.003766
19103    0.011478
19136    0.008481
19143    0.007992
19179    0.010485
19261    0.004072
19327    0.006426
19366    0.005677
19410    0.002519
19460    0.003158
19485    0.005555
19608    0.008626
19685    0.025331
19844    0.001274
19913    0.010919
19982    0.009830
19997    0.006210
20009    0.007693
20041    0.010919
20090    0.002310
20100    0.011300
20245    0.012267
20250    0.009341
20260    0.001157
20336    0.009136
20413    0.007693
20488    0.008104
20557    0.004507
20560    0.007693
20582    0.005115
20624    0.006755
20717    0.003470
20742    0.006254
20768    0.006407
20841    0.003590
20844    0.005686
20881    0.008781
20983    0.004254
21039    0.007277
21065    0.005891
21129    0.006140
21142    0.010485
21150    0.007763
21184    0.009830
21185    0.010130
21195    0.006391
21247    0.001974
21266    0.003682
