41
333    0.039806
1680    0.067170
2277    0.033388
2344    0.038415
2723    0.044434
2882    0.057822
3089    0.075938
4380    0.030512
4810    0.066774
5079    0.052022
7422    0.106726
10354    0.056789
10837    0.025031
11014    0.058357
11961    0.099078
12548    0.051416
13014    0.034976
13320    0.061237
13568    0.058357
14323    0.055560
14539    0.070607
14742    0.016236
16592    0.034215
16734    0.031905
16885    0.073053
17531    0.045331
17944    0.100763
18282    0.024659
18587    0.048784
18725    0.128369
18726    0.121263
19050    0.094666
19127    0.041546
19772    0.054168
20260    0.013521
20282    0.034783
20768    0.037424
21094    0.073575
21152    0.071075
21253    0.034976
21259    0.070607
