142
837    0.034993
1122    0.026034
1204    0.012119
1272    0.012779
1603    0.014044
1680    0.014777
1699    0.004155
1741    0.006558
1800    0.026034
1859    0.014605
2344    0.008451
3140    0.069443
3271    0.023480
3632    0.014357
3647    0.009873
3743    0.010466
3944    0.011097
4023    0.008731
4133    0.020541
4136    0.117398
4662    0.012384
4729    0.011400
4744    0.022568
4810    0.014690
4811    0.015141
4822    0.029499
4842    0.029499
4887    0.025263
4901    0.018898
5043    0.015447
5075    0.012178
5079    0.011445
5501    0.006945
5578    0.013274
5580    0.023003
5746    0.023003
5791    0.029499
5794    0.026945
5897    0.023003
5899    0.015333
5924    0.016548
5991    0.012838
6275    0.021452
6507    0.016805
6533    0.031527
7349    0.018332
7361    0.028061
7422    0.023480
7423    0.042905
7456    0.011819
7524    0.010006
7755    0.022168
8040    0.008864
8078    0.021113
8107    0.008002
8271    0.115505
8272    0.031273
8630    0.018037
9350    0.034993
9395    0.041081
9784    0.025263
9816    0.020541
10064    0.016072
10333    0.015236
10334    0.010178
10401    0.020270
10509    0.028554
10510    0.102450
10511    0.093918
10515    0.025263
10585    0.034993
10714    0.012119
10794    0.014357
10969    0.034993
10985    0.031527
11121    0.020541
11134    0.019770
11146    0.023351
11468    0.012276
11503    0.008163
11757    0.011723
11984    0.014277
12046    0.019537
12225    0.031527
12273    0.011014
12345    0.009555
12348    0.036312
12349    0.028061
12519    0.008353
12522    0.011490
12544    0.016425
12853    0.011139
12863    0.029499
13351    0.008210
13355    0.032557
13356    0.019102
13445    0.020541
13591    0.016805
13866    0.014521
14028    0.023480
14111    0.026945
14129    0.026945
14145    0.075238
14150    0.096430
14741    0.012493
14742    0.010716
14796    0.011182
14927    0.029499
15140    0.009586
15596    0.020826
15716    0.018513
15908    0.018332
15947    0.020270
16034    0.013082
16120    0.018898
16129    0.024595
16164    0.034993
16226    0.034993
16485    0.011356
16498    0.018702
16585    0.010171
16743    0.015141
17484    0.023333
17821    0.012330
17877    0.021130
17916    0.012779
18055    0.015959
18058    0.020270
18203    0.011628
18703    0.018156
19274    0.018702
19575    0.020826
19666    0.025263
20050    0.022168
20329    0.034993
20583    0.016304
20716    0.013822
20833    0.020541
21057    0.011868
21126    0.018898
21150    0.011970
21193    0.024595
