73
552    0.028104
1138    0.099913
1222    0.038630
1436    0.026821
1480    0.034690
2114    0.029564
2737    0.051136
2739    0.046377
3137    0.074452
3943    0.033050
3944    0.047221
4492    0.107284
4496    0.045643
4743    0.036330
5043    0.010955
5211    0.033050
5475    0.044312
5578    0.028242
5898    0.035209
6756    0.028104
6758    0.032473
6762    0.028809
6904    0.048017
7199    0.023002
7486    0.026943
7619    0.023346
7642    0.060088
7719    0.049957
7720    0.040643
7753    0.020329
7988    0.036330
8027    0.044312
8078    0.044921
8116    0.016148
8170    0.029564
9118    0.023521
9200    0.020263
10333    0.032418
10338    0.021290
10668    0.034946
10942    0.050293
10943    0.035478
11747    0.055406
12110    0.020134
12307    0.045015
12999    0.012256
13351    0.017467
13355    0.017318
13633    0.048017
14049    0.048943
14604    0.031856
14742    0.030399
14996    0.041569
14997    0.033956
15775    0.042583
15944    0.069380
16253    0.074452
16510    0.037583
16585    0.008656
16732    0.018521
17066    0.033493
17117    0.018194
17331    0.055144
17643    0.023002
18247    0.027572
18572    0.048017
18927    0.047166
19278    0.013356
19685    0.055406
19785    0.020528
20601    0.025785
20638    0.074452
20927    0.018034
