207
897    0.025449
1140    0.020408
1157    0.009046
1262    0.010441
1325    0.019597
1455    0.013602
1466    0.022023
1477    0.009168
1674    0.017459
1677    0.010383
1681    0.010441
1698    0.006904
1918    0.010684
1946    0.012846
1977    0.018373
2178    0.022929
2275    0.017459
2432    0.004395
2737    0.034958
2745    0.007558
2819    0.008070
2826    0.012319
2857    0.009701
3089    0.006075
3632    0.010441
3911    0.009381
3944    0.008070
4195    0.006860
4319    0.012626
4450    0.006904
4456    0.010441
4492    0.009168
4495    0.015853
4522    0.010811
4666    0.022447
4910    0.016413
4946    0.015853
4949    0.010877
4958    0.020408
5028    0.012418
5075    0.013285
5093    0.021001
5096    0.013336
5211    0.011297
5614    0.008740
5709    0.016413
5717    0.009898
5719    0.014457
5987    0.029484
5991    0.018674
6069    0.022929
6291    0.015147
6598    0.006566
6622    0.016413
6758    0.011100
6761    0.041828
6762    0.009847
6984    0.007585
7330    0.007612
7422    0.017076
7456    0.008596
7460    0.011081
7531    0.006606
7583    0.027203
7619    0.007980
7979    0.022929
8019    0.006128
8068    0.010159
8186    0.012626
8287    0.020408
8446    0.013808
8500    0.005596
8568    0.011349
8596    0.006752
8630    0.008745
8638    0.021121
8899    0.038204
9411    0.004831
9664    0.008526
9803    0.014209
9960    0.016730
10010    0.021454
10037    0.017076
10162    0.015853
10171    0.020408
10261    0.019107
10464    0.021454
10468    0.022929
10676    0.014209
10942    0.068765
11103    0.008661
11117    0.012624
11118    0.010561
11271    0.008967
11358    0.008596
11445    0.020652
11503    0.005936
11519    0.010326
11622    0.014556
11782    0.006312
11841    0.004200
12307    0.038467
12522    0.008356
12551    0.013254
12613    0.011607
12684    0.005357
12765    0.007950
12864    0.007921
12921    0.022929
12987    0.007306
13151    0.013744
13181    0.021454
13257    0.018934
13320    0.009798
13351    0.005971
13355    0.005920
13434    0.004622
13466    0.005954
13488    0.014378
13499    0.016122
13501    0.012932
13759    0.021454
13879    0.018934
13899    0.010214
13910    0.006994
14065    0.006013
14439    0.006128
14453    0.011297
14485    0.009381
14604    0.005445
14741    0.009086
14742    0.007793
14745    0.005836
14865    0.009847
14876    0.021454
14998    0.015602
15063    0.007277
15072    0.012735
15229    0.011607
15677    0.014378
15710    0.010747
15912    0.006566
15927    0.010622
16029    0.010052
16063    0.020105
16178    0.021454
16369    0.025449
16445    0.017888
16501    0.022439
16509    0.008777
16521    0.011607
16657    0.011372
16729    0.004148
16734    0.010209
16892    0.012521
16960    0.017459
17044    0.011152
17067    0.021001
17074    0.028543
17075    0.019795
17079    0.012521
17216    0.016122
17484    0.004242
17538    0.025449
17643    0.015725
17755    0.013602
17814    0.008291
17995    0.022929
18133    0.011152
18205    0.013744
18247    0.009425
18383    0.007921
18579    0.013893
18784    0.012127
18962    0.011945
19266    0.007377
19278    0.004565
19361    0.019597
19366    0.003537
19370    0.008101
19410    0.004708
19460    0.005903
19693    0.039996
19773    0.006388
19844    0.004761
20090    0.004318
20228    0.012127
20554    0.014378
20600    0.050898
20620    0.015170
20713    0.006882
20717    0.006486
20848    0.006606
20859    0.013081
20901    0.007892
20902    0.016779
21005    0.008132
21019    0.010214
21057    0.017262
21129    0.005738
21132    0.011297
21150    0.005804
21152    0.011372
21243    0.011541
21307    0.016582
21310    0.010326
21348    0.014556
