439
246    0.003754
428    0.015681
440    0.006478
443    0.012016
444    0.005758
447    0.009663
450    0.019454
451    0.003802
453    0.005227
457    0.004416
484    0.007467
845    0.006673
874    0.010884
1157    0.003869
1451    0.005181
1599    0.021465
1680    0.004596
1681    0.004466
1712    0.011505
1741    0.004079
1762    0.005582
1844    0.006673
1918    0.004569
1942    0.005268
1951    0.004964
2047    0.003092
2084    0.003802
2093    0.003255
2225    0.006895
2286    0.006478
2345    0.010294
2361    0.009176
2381    0.010884
2496    0.006780
2644    0.004739
2684    0.007322
2688    0.003802
2723    0.003041
2737    0.014951
2745    0.006465
2784    0.006895
2793    0.007650
2857    0.004149
2885    0.008728
2902    0.007467
2980    0.008098
2995    0.005544
3148    0.034476
3150    0.008381
3483    0.004392
3501    0.005647
3574    0.004416
3603    0.006149
3653    0.008728
3842    0.003532
3850    0.003993
4098    0.009176
4121    0.010884
4195    0.008802
4260    0.003939
4404    0.009806
4500    0.004832
4515    0.007155
4516    0.004710
4519    0.010884
4631    0.009176
4650    0.005147
4678    0.004392
4701    0.005355
4704    0.014039
4754    0.010884
4796    0.010884
4801    0.007303
4924    0.010884
4927    0.005544
4933    0.008381
5018    0.006305
5037    0.010884
5043    0.009609
5075    0.005682
5079    0.003560
5119    0.009806
5211    0.004832
5220    0.004680
5234    0.014039
5237    0.009176
5270    0.010884
5292    0.006780
5319    0.008381
5331    0.005227
5414    0.003886
5502    0.007467
5532    0.002724
5535    0.005268
5578    0.004129
5631    0.008728
5726    0.010884
5736    0.007467
5739    0.010294
5788    0.007020
5816    0.006780
5844    0.006780
5868    0.008728
5869    0.006008
5879    0.004212
5954    0.007650
5977    0.002943
6034    0.007650
6036    0.005311
6157    0.008728
6158    0.009176
6171    0.005878
6176    0.009806
6266    0.008728
6269    0.014606
6345    0.006780
6365    0.003588
6442    0.010884
6567    0.008728
6598    0.002808
6603    0.007650
6632    0.005446
6651    0.004031
6655    0.008423
6699    0.012016
6707    0.003691
6758    0.002374
6808    0.005400
6814    0.009176
6918    0.004345
6920    0.005400
6930    0.011756
6931    0.011634
6986    0.009806
7019    0.009176
7088    0.004964
7120    0.010884
7141    0.004864
7142    0.004769
7163    0.019612
7168    0.008664
7196    0.006389
7199    0.003363
7205    0.009806
7206    0.010884
7232    0.010884
7294    0.009806
7330    0.003255
7368    0.009806
7460    0.004739
7466    0.007670
7508    0.004864
7531    0.002825
7543    0.009176
7554    0.009176
7693    0.010622
7714    0.004739
7726    0.005647
7744    0.004345
7753    0.002972
7802    0.001443
7965    0.004999
7973    0.007020
8019    0.005242
8068    0.004345
8208    0.009176
8223    0.004800
8358    0.010884
8459    0.008728
8568    0.002427
8638    0.004517
8696    0.007858
8712    0.011295
8747    0.006673
8899    0.005446
9090    0.009806
9274    0.009176
9282    0.003255
9311    0.005268
9358    0.008381
9361    0.007670
9365    0.009806
9411    0.002066
9424    0.004652
9533    0.003388
9656    0.008381
9657    0.008728
9664    0.007293
9720    0.010884
9757    0.009176
9769    0.005758
9807    0.010884
9846    0.010884
9908    0.007467
9947    0.002539
9963    0.016784
9976    0.005817
9979    0.005758
9999    0.005595
10096    0.005227
10177    0.008728
10229    0.040488
10408    0.012450
10409    0.006780
10619    0.015716
10880    0.019612
10932    0.034275
10942    0.007352
11051    0.005355
11071    0.006673
11087    0.003802
11103    0.006174
11112    0.009062
11201    0.002576
11207    0.003903
11309    0.009806
11342    0.006077
11355    0.002115
11499    0.005878
11503    0.020311
11519    0.004416
11566    0.005071
11569    0.009275
11607    0.006572
11611    0.007858
11683    0.004101
11782    0.008099
11802    0.007858
11841    0.007185
12005    0.002189
12116    0.010884
12130    0.007858
12143    0.008728
12186    0.007858
12245    0.005739
12283    0.002143
12307    0.052646
12309    0.012092
12462    0.007020
12522    0.003574
12542    0.006008
12551    0.002834
12638    0.009806
12684    0.002291
12720    0.007155
12763    0.004896
12764    0.018023
12787    0.019612
12789    0.021768
12856    0.008098
12857    0.006780
12867    0.014997
12895    0.010884
12927    0.003676
12951    0.005942
12975    0.006673
12978    0.004680
12983    0.003166
13127    0.007467
13145    0.005109
13179    0.004050
13283    0.005878
13349    0.005595
13361    0.004466
13388    0.008217
13434    0.003953
13498    0.009806
13501    0.002765
13515    0.006225
13580    0.005304
13583    0.016762
13614    0.009806
13628    0.009176
13647    0.002888
13731    0.006895
13866    0.004517
13877    0.004569
13910    0.002991
13939    0.006398
14065    0.006429
14066    0.006305
14127    0.009806
14231    0.007020
14373    0.010884
14425    0.005122
14439    0.005242
14442    0.005878
14475    0.005942
14511    0.009176
14513    0.007858
14536    0.004710
14562    0.007858
14597    0.006305
14604    0.009314
14665    0.010884
14745    0.002496
14865    0.004212
14961    0.025220
14998    0.006673
15004    0.008098
15029    0.011883
15108    0.008728
15127    0.006673
15359    0.009806
15408    0.007858
15481    0.008728
15492    0.006478
15546    0.009176
15555    0.003754
15600    0.004930
15604    0.004896
15634    0.010884
15656    0.011517
15668    0.007303
15749    0.010884
15818    0.003314
15825    0.006895
15844    0.006572
15895    0.005942
15896    0.006673
15917    0.006478
15994    0.008728
15996    0.007858
16007    0.005942
16011    0.007467
16078    0.009806
16311    0.009176
16482    0.007020
16485    0.014128
16487    0.005942
16490    0.004769
16501    0.003199
16518    0.010884
16538    0.010884
16657    0.004864
16724    0.007571
16729    0.007095
16732    0.002708
16921    0.004345
16950    0.005227
16955    0.021274
16957    0.009176
16959    0.006557
16976    0.006478
17074    0.028484
17075    0.038097
17077    0.005446
17079    0.058903
17386    0.008381
17598    0.009806
17637    0.006780
17642    0.009176
17643    0.003363
17646    0.010884
17761    0.011295
17821    0.003835
17846    0.004896
17942    0.009176
17972    0.009806
18080    0.010884
18120    0.009806
18159    0.004170
18167    0.001675
18182    0.001679
18273    0.008098
18282    0.001687
18289    0.008098
18336    0.006077
18351    0.008728
18383    0.006775
18384    0.006478
18441    0.008098
18497    0.010884
18544    0.014310
18551    0.020685
18567    0.004710
18587    0.003338
18610    0.010884
18664    0.007650
18711    0.013790
18736    0.014606
18737    0.009806
18784    0.005187
18863    0.008381
18866    0.007155
18888    0.003646
18904    0.005311
19010    0.005446
19043    0.006022
19080    0.009806
19262    0.003691
19266    0.009465
19278    0.001953
19309    0.004277
19327    0.005137
19341    0.008098
19366    0.001513
19410    0.002014
19416    0.003707
19535    0.003957
19575    0.006478
19693    0.005702
19815    0.019612
19817    0.004255
19820    0.014705
19894    0.005647
19911    0.010884
19932    0.010884
19973    0.009176
20000    0.008381
20021    0.010884
20090    0.001847
20141    0.009176
20231    0.010884
20274    0.003786
20275    0.002668
20365    0.010884
20413    0.006149
20415    0.008098
20534    0.003632
20535    0.011189
20556    0.021909
20601    0.003770
20620    0.006488
20659    0.009806
20717    0.013869
20758    0.022807
20768    0.002561
20803    0.004320
20824    0.004392
20902    0.007176
20964    0.003326
21019    0.004368
21129    0.004908
21150    0.001241
21243    0.004936
21247    0.004734
21307    0.010638
21310    0.008832
