50
36    0.117998
333    0.035030
1451    0.033316
2119    0.063837
2277    0.029382
2344    0.033805
2755    0.107781
3089    0.033413
4078    0.126107
4380    0.026850
4456    0.057428
4743    0.068300
5028    0.068300
5415    0.050652
5866    0.037491
6532    0.067218
7330    0.041865
7833    0.035890
8568    0.031209
9411    0.026573
10261    0.035030
10333    0.060945
10837    0.022027
11201    0.033124
12300    0.035890
12345    0.038218
12420    0.088671
12548    0.045246
12591    0.041571
12978    0.060191
13014    0.030778
13320    0.053889
13915    0.104135
14796    0.044727
15881    0.077260
16592    0.030109
16734    0.028076
18282    0.021700
18725    0.056482
19127    0.036561
19212    0.057107
19278    0.025110
19410    0.025895
19685    0.052081
20260    0.011899
20282    0.030609
21247    0.020291
21254    0.043565
21258    0.067752
21259    0.062134
