47
15    0.090590
333    0.033047
702    0.098266
1099    0.046527
1283    0.035257
1698    0.035823
2278    0.053578
2432    0.022803
2948    0.088602
3077    0.049605
3086    0.056437
3726    0.046125
3727    0.076492
4380    0.025331
5028    0.064434
5110    0.076492
5415    0.047785
7330    0.039495
7464    0.071314
9398    0.041405
9641    0.101171
10837    0.020780
11103    0.014980
11683    0.024874
12300    0.033859
12420    0.167304
12551    0.034384
13167    0.061081
13915    0.098241
13948    0.118969
14498    0.035145
15881    0.072887
16592    0.028405
17281    0.148534
17284    0.105891
17292    0.041561
18182    0.020370
18587    0.040500
19064    0.083652
19634    0.065512
19844    0.012351
20090    0.022403
20118    0.088602
20282    0.028876
20863    0.118969
21243    0.029941
21253    0.029036
