38
333    0.042719
569    0.170695
985    0.104645
1072    0.082624
1698    0.046308
2120    0.054131
2277    0.035831
2432    0.029477
3400    0.090309
3665    0.091230
4380    0.032744
5202    0.054965
5977    0.046160
5988    0.069259
7486    0.061771
8581    0.037848
9168    0.091230
10334    0.049650
10605    0.051236
11053    0.131441
11201    0.040395
11570    0.053325
11661    0.081974
12420    0.108136
15006    0.086165
15912    0.044038
16588    0.143900
16592    0.036718
17281    0.144005
17292    0.053725
17293    0.123234
18256    0.084687
18882    0.073638
19453    0.057418
20282    0.037328
20803    0.033879
20909    0.114535
21253    0.037535
