30
1240    0.069356
1451    0.052056
1862    0.044574
2263    0.134077
2460    0.104217
3089    0.052207
3726    0.076395
4380    0.041954
4577    0.101901
5217    0.106718
5415    0.079144
5866    0.117159
11087    0.076395
11503    0.051017
12413    0.110399
12551    0.056949
13314    0.141050
15881    0.120719
16117    0.078084
17293    0.157894
17875    0.089230
18182    0.033738
19127    0.057126
19718    0.083368
19844    0.020457
20090    0.037105
20260    0.037183
20432    0.097728
20841    0.057663
21253    0.048091
