80
1240    0.023610
1403    0.033722
1451    0.035442
1762    0.019090
1862    0.015174
2263    0.045643
2277    0.031257
2460    0.035478
3089    0.017773
3400    0.039390
3726    0.026007
4380    0.042846
4450    0.020198
4497    0.042064
4536    0.031074
4577    0.034690
4729    0.024255
5057    0.051078
5217    0.036330
5415    0.026943
5769    0.021007
5866    0.019942
7600    0.033493
7833    0.019090
8019    0.017929
8116    0.016148
8622    0.022348
8918    0.024642
9118    0.023521
9276    0.046377
9663    0.042064
10556    0.051078
10837    0.011717
11090    0.037920
11218    0.015928
11431    0.074452
11434    0.020461
11503    0.017367
12110    0.020134
12202    0.033956
12551    0.019387
13232    0.042064
13314    0.048017
13355    0.017318
13768    0.074452
13886    0.018577
14065    0.017592
14131    0.035478
15878    0.044312
15881    0.041096
16585    0.004328
16592    0.016015
17140    0.044957
17236    0.074452
17281    0.062811
17293    0.053751
17506    0.053751
17875    0.030376
18167    0.011457
18182    0.011485
18845    0.049957
19125    0.027443
19127    0.019447
19278    0.013356
19426    0.014622
19464    0.020799
19718    0.028381
19844    0.006964
20090    0.012632
20260    0.025316
20432    0.066538
20760    0.032418
20841    0.039260
20910    0.033050
20960    0.067078
21115    0.034935
21121    0.059704
21122    0.024447
21247    0.010793
21253    0.032743
