268
469    0.005687
568    0.007035
702    0.006799
1097    0.018365
1116    0.007956
1242    0.006553
1245    0.007000
1436    0.013165
1514    0.008165
1691    0.005817
1698    0.004957
1699    0.002170
1740    0.006673
1741    0.006849
1762    0.004685
1859    0.007627
1924    0.020902
1942    0.008845
2092    0.008845
2102    0.004573
2172    0.008577
2174    0.008577
2224    0.007583
2239    0.035355
2396    0.004926
2432    0.003155
2561    0.014653
2756    0.012261
2846    0.012844
3096    0.008453
3483    0.007374
3485    0.007858
3567    0.004299
3615    0.008334
3733    0.007295
3734    0.016553
3743    0.005465
3859    0.012536
3903    0.006898
3944    0.011589
3950    0.009975
3978    0.011576
4003    0.011785
4106    0.016463
4128    0.011202
4201    0.012261
4206    0.009307
4296    0.018273
4367    0.018273
4406    0.009224
4662    0.019400
4708    0.012844
4925    0.014653
4926    0.019928
4927    0.018614
5043    0.002689
5096    0.009576
5206    0.008775
5230    0.008577
5298    0.012536
5495    0.003505
5894    0.013595
5983    0.015404
6036    0.008916
6310    0.012261
6532    0.008775
6598    0.004714
6679    0.009224
6680    0.018273
6719    0.006147
6795    0.026384
6828    0.006735
7048    0.006832
7094    0.014071
7099    0.018131
7157    0.014653
7166    0.007497
7236    0.010726
7393    0.008165
7464    0.009868
7524    0.005225
7583    0.009766
7600    0.008220
7602    0.009766
7607    0.009573
7623    0.010451
7802    0.007267
8040    0.004629
8041    0.011034
8068    0.007295
8094    0.013192
8163    0.025072
8186    0.009066
8254    0.010585
8261    0.013595
8404    0.012536
8489    0.007627
8500    0.012054
8505    0.007334
8534    0.005884
8568    0.004074
8596    0.009696
8630    0.003140
8691    0.014653
8777    0.007858
8786    0.008165
8970    0.010324
9006    0.014653
9126    0.008276
9143    0.014213
9177    0.009307
9200    0.004973
9256    0.006553
9282    0.005465
9296    0.013595
9411    0.010407
9454    0.005297
9468    0.013595
9533    0.005687
9647    0.009307
9812    0.012766
9881    0.008845
9891    0.030809
9991    0.008641
10120    0.012012
10248    0.012844
10261    0.004573
10955    0.015404
11103    0.004146
11146    0.006097
11160    0.007763
11216    0.011382
11283    0.007295
11289    0.006898
11334    0.011048
11355    0.003551
11569    0.005190
11729    0.006000
11887    0.010875
12005    0.003675
12071    0.006643
12142    0.013595
12505    0.006613
12524    0.018273
12551    0.004758
12605    0.014070
12606    0.022067
12618    0.007671
12684    0.003846
12889    0.004190
12932    0.007858
12999    0.006016
13057    0.014071
13125    0.008392
13141    0.011576
13145    0.008577
13283    0.009868
13296    0.011034
13298    0.008276
13353    0.007071
13355    0.004250
13466    0.004275
13529    0.007717
13537    0.014071
13677    0.018273
13751    0.010726
13862    0.022619
13863    0.018287
13906    0.008990
13921    0.008990
13939    0.005370
13992    0.011576
14131    0.017415
14217    0.011034
14303    0.005261
14316    0.005976
14323    0.012766
14425    0.004299
14475    0.009975
14480    0.118627
14481    0.054394
14592    0.011034
14604    0.003909
14734    0.013192
14742    0.003730
14745    0.004190
14749    0.006249
14815    0.038530
14857    0.007540
14952    0.008641
14957    0.012261
14992    0.012844
15017    0.012844
15072    0.009144
15111    0.013192
15140    0.005005
15142    0.042859
15210    0.012990
15334    0.008775
15400    0.007907
15778    0.006832
15791    0.021105
15792    0.006467
15910    0.013225
16064    0.011202
16117    0.006524
16527    0.012243
16529    0.026039
16532    0.008334
16585    0.012747
16724    0.006356
16732    0.009091
16921    0.007295
16941    0.013662
16944    0.004926
17051    0.005352
17053    0.007374
17105    0.015891
17108    0.014070
17345    0.008220
17780    0.010585
17821    0.006438
17868    0.007295
17916    0.006673
17927    0.014071
17954    0.014071
18005    0.004657
18167    0.002812
18182    0.008457
18347    0.010086
18468    0.011202
18567    0.007907
18702    0.009481
18883    0.005604
19009    0.011785
19010    0.009144
19029    0.016463
19223    0.006613
19226    0.004337
19261    0.005465
19327    0.012935
19349    0.007763
19366    0.002540
19426    0.010766
19460    0.004238
19466    0.013192
19471    0.011785
19485    0.007455
19648    0.009668
19773    0.004587
19830    0.007671
19844    0.003418
20090    0.009301
20260    0.003107
20557    0.006048
20582    0.006864
20672    0.009307
20682    0.014071
20695    0.007956
20768    0.008599
20803    0.003627
20844    0.007630
20894    0.005038
20983    0.022834
21028    0.011576
21090    0.012844
21150    0.006251
21247    0.005298
