357
469    0.004418
568    0.005465
822    0.007043
1184    0.008403
1245    0.005438
1309    0.004661
1435    0.007437
1483    0.010931
1686    0.006984
1699    0.001686
1725    0.006713
1741    0.013302
1788    0.009978
1845    0.006871
1941    0.004554
1949    0.004756
1956    0.009978
1967    0.009739
2003    0.005667
2058    0.007103
2114    0.005637
2122    0.007366
2173    0.004231
2222    0.017144
2344    0.003428
2394    0.008572
2427    0.021123
2492    0.010561
2653    0.010561
2706    0.003953
3025    0.014196
3094    0.008703
3096    0.006567
3315    0.006713
3343    0.008703
3479    0.007166
3483    0.011457
3485    0.012209
3564    0.028392
3567    0.003340
3583    0.003113
3588    0.008449
3615    0.006474
3701    0.011967
3743    0.004246
3761    0.009978
3790    0.005607
3831    0.008703
3842    0.004607
3912    0.006871
3958    0.011384
4003    0.009155
4118    0.007437
4179    0.013854
4202    0.006031
4240    0.005817
4371    0.011384
4378    0.006567
4406    0.007166
4486    0.007103
4543    0.009739
4586    0.008843
4660    0.008993
4694    0.011967
4836    0.009978
4855    0.010931
4870    0.008772
4877    0.008333
4926    0.005161
5047    0.006614
5074    0.009435
5096    0.003720
5103    0.006817
5209    0.006984
5298    0.009739
5331    0.006817
5424    0.014196
5567    0.007984
5591    0.012790
5642    0.011384
5647    0.010931
5695    0.008449
5769    0.004005
5924    0.006713
6046    0.008119
6171    0.007667
6313    0.006567
6319    0.006765
6372    0.006758
6468    0.019956
6583    0.009739
6596    0.003574
6679    0.007166
6719    0.004775
6758    0.006192
6795    0.010249
6920    0.007043
6991    0.012790
7097    0.005465
7099    0.007043
7168    0.005650
7236    0.008333
7330    0.004246
7350    0.009978
7491    0.010561
7508    0.006343
7571    0.005549
7633    0.009739
7686    0.011384
7856    0.008703
7902    0.014207
7909    0.006984
7948    0.006520
7996    0.006031
8040    0.003596
8068    0.005667
8078    0.002855
8182    0.014196
8323    0.005114
8476    0.004536
8489    0.017775
8496    0.008572
8538    0.018664
8581    0.003148
8596    0.003766
8630    0.002439
8641    0.012790
8689    0.008223
8690    0.009525
8691    0.011384
8837    0.006663
9055    0.010561
9118    0.004485
9143    0.005521
9179    0.006031
9257    0.012790
9311    0.006871
9411    0.002695
9484    0.005493
9494    0.009739
9517    0.003311
9777    0.006567
9798    0.015915
9812    0.004959
9883    0.008449
9891    0.035902
9945    0.006067
9950    0.009978
9991    0.006713
10026    0.010931
10074    0.012220
10215    0.004834
10263    0.008449
10290    0.004916
10420    0.005697
10461    0.011967
10491    0.006031
10622    0.014196
10645    0.009155
10892    0.006348
10994    0.009739
11064    0.008020
11117    0.003521
11127    0.011967
11157    0.008333
11160    0.012061
11169    0.012790
11218    0.003037
11271    0.005002
11283    0.005667
11415    0.005925
11569    0.004032
11630    0.014196
11782    0.003521
11824    0.008703
11841    0.002343
11857    0.007103
11882    0.007926
11891    0.008572
11973    0.007366
12005    0.002855
12071    0.005161
12074    0.008993
12085    0.004937
12156    0.012790
12245    0.003743
12283    0.002795
12455    0.008119
12551    0.007393
12560    0.016447
12605    0.021862
12618    0.005960
12660    0.005114
12666    0.014196
12880    0.014096
12987    0.004075
12999    0.007011
13014    0.003122
13050    0.007170
13175    0.006713
13182    0.014196
13300    0.009525
13302    0.009525
13352    0.008583
13353    0.005493
13355    0.003302
13388    0.005359
13434    0.001289
13537    0.010931
13688    0.010931
13702    0.007667
13746    0.010931
13751    0.008333
13862    0.035144
13863    0.007103
13877    0.005960
13886    0.003542
13921    0.006984
14058    0.007510
14065    0.001677
14252    0.014196
14316    0.004643
14320    0.004814
14430    0.005549
14480    0.086398
14481    0.042257
14527    0.007366
14559    0.009332
14592    0.008572
14727    0.006984
14734    0.010249
14742    0.004347
14745    0.006511
14815    0.008552
14817    0.007749
14865    0.005493
14897    0.014196
14934    0.018664
14997    0.006474
15113    0.014196
15142    0.027747
15143    0.009332
15204    0.004717
15239    0.007166
15299    0.005549
15400    0.006142
15470    0.007926
15478    0.006927
15484    0.006105
15551    0.005137
15554    0.016666
15633    0.012790
15713    0.006567
15775    0.008119
15778    0.021229
15782    0.008333
15791    0.010931
15906    0.004896
15910    0.005137
15912    0.010987
15958    0.008572
16094    0.010615
16237    0.003901
16339    0.014196
16340    0.011384
16396    0.006343
16397    0.014196
16527    0.023778
16528    0.014196
16529    0.040458
16532    0.006474
16562    0.008119
16585    0.007427
16732    0.003531
16807    0.009978
16921    0.011334
16944    0.003827
16952    0.005995
17037    0.004485
17053    0.005728
17104    0.008223
17366    0.010823
17373    0.008119
17445    0.006520
17533    0.014196
17555    0.010249
17669    0.006738
17685    0.008333
17696    0.014196
17830    0.004980
17867    0.007366
17868    0.005667
17885    0.007667
17922    0.005046
18055    0.012949
18057    0.007749
18167    0.006553
18179    0.005068
18182    0.010949
18282    0.002201
18286    0.014196
18411    0.005925
18463    0.011384
18570    0.009525
18766    0.012790
19000    0.016041
19012    0.012790
19029    0.012790
19037    0.005857
19043    0.019634
19226    0.003369
19231    0.014196
19278    0.002547
19279    0.008572
19306    0.011384
19327    0.016749
19366    0.001973
19433    0.005359
19460    0.006585
19485    0.005792
19586    0.009155
19620    0.010561
19649    0.008119
19707    0.004643
19773    0.003563
19844    0.002656
20082    0.006105
20090    0.012042
20100    0.011782
20105    0.011384
20108    0.006817
20188    0.014196
20416    0.014196
20464    0.004261
20557    0.004699
20582    0.010666
20648    0.005578
20713    0.003839
20714    0.004680
20717    0.003618
20727    0.011384
20752    0.011967
20797    0.008449
20803    0.002818
20805    0.010561
20824    0.005728
20841    0.003743
20901    0.004402
20927    0.003439
20983    0.008869
21083    0.005925
21087    0.004129
21118    0.005493
21150    0.004856
21188    0.006567
21247    0.002058
21290    0.005161
