68
469    0.029043
1741    0.017487
2114    0.037053
2388    0.054775
2432    0.016114
2604    0.032455
2995    0.047527
3096    0.043164
3485    0.040127
3615    0.085116
3842    0.030282
3944    0.029592
4450    0.025315
4926    0.033922
5501    0.018521
5745    0.038072
6313    0.043164
6681    0.050395
6719    0.031388
7235    0.065588
7802    0.012370
7948    0.042858
8068    0.037251
8186    0.046295
8489    0.038946
9143    0.036291
9282    0.027910
9411    0.017715
10478    0.043799
11103    0.010586
11775    0.093313
12005    0.018767
12071    0.033922
12283    0.018375
12551    0.024298
13014    0.020519
13863    0.046693
14480    0.189308
14742    0.009525
14754    0.037251
14815    0.028109
15142    0.036478
15367    0.053370
15400    0.040376
15507    0.048416
15841    0.059114
16120    0.050395
16527    0.031261
16529    0.079783
16585    0.005424
17053    0.037655
17144    0.021040
17267    0.084071
17451    0.038722
17963    0.048416
18007    0.048884
18057    0.050939
18569    0.050939
18966    0.093313
19366    0.012969
19410    0.017263
19685    0.034721
20260    0.007932
20582    0.035054
20844    0.019482
20983    0.029151
21193    0.065588
21247    0.013528
