242
469    0.005840
1262    0.007698
1309    0.018483
1381    0.012872
1382    0.008807
1438    0.011688
1451    0.004466
1458    0.008557
1529    0.007224
1691    0.005973
1698    0.005090
1699    0.002228
1707    0.006916
1741    0.003516
1943    0.009309
2048    0.015061
2092    0.009082
2102    0.004696
2432    0.006480
2618    0.011014
2622    0.011503
2819    0.005950
3152    0.022659
3473    0.033055
3483    0.015143
3485    0.008068
3745    0.008275
3862    0.007971
3944    0.005950
3976    0.013188
3977    0.011330
4178    0.013546
4206    0.009556
4240    0.003844
4450    0.005090
4480    0.008617
4637    0.009231
4727    0.039564
5010    0.010731
5043    0.002761
5074    0.006235
5495    0.003599
5501    0.003724
5526    0.027918
5527    0.013959
5569    0.018763
5575    0.013546
5628    0.010731
5718    0.007786
5988    0.007613
5993    0.011688
6036    0.009155
6130    0.010476
6365    0.006185
6681    0.020266
6758    0.004092
6761    0.005140
6809    0.016038
7099    0.009309
7168    0.003734
7188    0.006640
7196    0.011014
7241    0.008941
7321    0.031635
7355    0.011330
7531    0.004871
7618    0.011503
7631    0.014901
7632    0.035227
7693    0.009155
7802    0.002487
8078    0.003774
8181    0.006137
8476    0.011991
8496    0.022659
8500    0.004126
8568    0.004183
8581    0.029122
8602    0.030092
8613    0.015483
8622    0.011264
8712    0.009735
8873    0.010601
9009    0.009155
9361    0.006611
9411    0.003562
9454    0.010878
9460    0.010133
9518    0.003992
9755    0.018763
9812    0.006554
9873    0.005840
10140    0.005950
10145    0.010869
10265    0.016904
10295    0.011167
10410    0.018763
10420    0.022591
10422    0.024356
10478    0.008807
10771    0.016904
10846    0.006286
10881    0.008068
10892    0.008390
11103    0.004257
11282    0.017614
11355    0.003647
11358    0.012674
11413    0.011167
11528    0.006210
11571    0.012334
11744    0.016836
11782    0.004654
12042    0.008441
12045    0.008019
12162    0.008807
12245    0.004947
12413    0.018942
12605    0.050566
12622    0.013188
12675    0.005797
12684    0.015797
12855    0.008679
12867    0.017235
12919    0.013188
12958    0.037769
12983    0.005458
12987    0.002693
13014    0.008252
13031    0.012590
13175    0.017746
13351    0.004402
13356    0.010243
13382    0.013188
13434    0.006815
13474    0.011330
13484    0.007335
13601    0.008557
13862    0.007742
13863    0.018777
13910    0.010313
14018    0.016904
14065    0.002217
14343    0.007742
14406    0.005693
14430    0.007335
14480    0.038065
14537    0.005276
14624    0.016904
14645    0.015817
14693    0.037526
14742    0.017237
14743    0.054344
14769    0.008742
14794    0.018763
14826    0.011167
14874    0.006759
15063    0.005365
15142    0.044008
15466    0.006611
15478    0.009155
15492    0.011167
15556    0.008068
15706    0.011688
15928    0.013108
15931    0.029961
16003    0.009735
16190    0.015046
16217    0.013188
16237    0.005156
16371    0.007831
16527    0.018857
16529    0.010695
16531    0.010028
16532    0.008557
16724    0.006526
16729    0.003058
16732    0.009335
16900    0.030092
16955    0.007335
17051    0.005495
17052    0.008384
17053    0.015143
17059    0.008941
17129    0.005713
17438    0.008557
17486    0.018763
17496    0.009231
17527    0.010243
17810    0.011330
17830    0.006582
17846    0.033763
17913    0.009011
17916    0.006852
18004    0.010601
18020    0.011014
18159    0.007188
18182    0.008683
18254    0.011014
18256    0.009309
18416    0.009309
18436    0.011167
18653    0.019113
19048    0.010476
19087    0.012101
19169    0.007530
19177    0.005384
19199    0.033809
19200    0.011330
19223    0.013580
19228    0.010243
19309    0.007373
19327    0.004427
19410    0.010413
19415    0.016904
19536    0.023375
19568    0.011167
19569    0.010133
19741    0.008807
19773    0.009420
19844    0.003510
20090    0.009550
20260    0.003190
20582    0.007048
20648    0.007373
20714    0.006185
20716    0.007411
20717    0.004782
20768    0.013244
20803    0.003724
20844    0.003917
20868    0.041372
20916    0.009309
20930    0.015817
20946    0.005058
20956    0.014901
21115    0.008804
21129    0.012691
21132    0.016658
21150    0.006418
21247    0.002720
21307    0.012225
