362
164    0.007282
166    0.007910
552    0.005348
568    0.005454
676    0.014167
809    0.014167
927    0.007820
978    0.005748
992    0.012764
1222    0.007351
1255    0.006650
1436    0.010207
1456    0.006461
1486    0.014701
1621    0.009719
1677    0.005780
1686    0.006970
1762    0.003633
1862    0.002887
1889    0.008103
1949    0.004746
2120    0.004493
2344    0.003422
2380    0.006417
2396    0.007638
2421    0.014167
2432    0.002446
2549    0.011361
2737    0.034056
2793    0.009958
2812    0.010228
2826    0.006857
2968    0.006650
2982    0.011361
2984    0.027411
2985    0.007351
3220    0.012764
3278    0.008432
3298    0.006248
3327    0.006289
3393    0.013202
3524    0.029873
3567    0.003333
3593    0.004079
3618    0.004906
3647    0.007994
3732    0.006248
3797    0.008207
3850    0.005198
3904    0.010909
3911    0.005222
3989    0.008004
4028    0.005717
4049    0.014167
4050    0.014167
4130    0.006507
4137    0.003452
4150    0.012260
4176    0.007495
4202    0.006019
4258    0.003932
4317    0.022052
4450    0.003843
4480    0.006507
4492    0.005104
4536    0.005913
4576    0.007089
4620    0.007495
4701    0.006970
4724    0.008432
4762    0.007495
4802    0.014167
4871    0.005913
4936    0.009506
5047    0.006601
5074    0.004708
5075    0.004930
5079    0.004634
5230    0.006650
5260    0.005748
5264    0.006751
5265    0.009506
5495    0.002718
5562    0.007216
5614    0.004865
5719    0.004024
5956    0.011943
6038    0.007651
6213    0.012764
6448    0.011361
6467    0.008825
6489    0.008316
6598    0.003655
6651    0.005247
6756    0.005348
6758    0.012358
6761    0.003881
6762    0.005482
6765    0.009958
6849    0.014167
6875    0.011943
6904    0.009137
6913    0.014167
7000    0.007029
7010    0.006913
7082    0.012764
7168    0.002819
7178    0.005948
7192    0.006055
7394    0.012764
7397    0.010909
7619    0.004442
7642    0.005717
7716    0.006857
7770    0.007151
7946    0.010228
7989    0.004949
8025    0.003881
8040    0.007177
8278    0.014167
8406    0.008685
8407    0.006130
8485    0.010909
8487    0.007910
8505    0.005686
8581    0.003141
8630    0.002434
8726    0.008103
9126    0.006417
9143    0.005510
9287    0.010228
9314    0.017650
9357    0.007910
9439    0.014167
9466    0.010228
9533    0.004409
9664    0.004746
9768    0.007572
9773    0.025528
9782    0.008316
9873    0.004409
9980    0.011895
10025    0.009958
10145    0.008207
10261    0.003546
10281    0.012764
10442    0.008103
10589    0.010543
10593    0.007495
10611    0.005983
10612    0.007351
10665    0.009719
10773    0.004825
10774    0.007089
10803    0.011311
10911    0.008432
10932    0.006373
10939    0.014167
10942    0.023925
10943    0.006751
11103    0.003214
11112    0.007863
11117    0.003514
11146    0.004727
11180    0.006353
11181    0.011757
11201    0.003353
11400    0.009137
11468    0.009940
11519    0.005748
11729    0.009304
11744    0.012712
11747    0.005271
11857    0.007089
12008    0.014564
12068    0.011943
12084    0.005780
12086    0.007151
12162    0.006650
12266    0.009506
12273    0.004459
12307    0.042828
12309    0.005247
12326    0.020572
12332    0.008825
12345    0.003868
12348    0.007351
12390    0.014167
12510    0.018274
12519    0.016909
12606    0.008554
12659    0.009570
12765    0.008852
12855    0.003277
12865    0.008103
12928    0.010348
12949    0.006208
12999    0.004664
13050    0.003578
13082    0.009506
13319    0.004615
13347    0.013107
13351    0.003324
13355    0.003295
13434    0.005146
13466    0.003314
13501    0.028796
13505    0.009506
13601    0.006461
13647    0.003759
13754    0.009506
13926    0.007651
14029    0.011943
14065    0.006695
14073    0.009813
14126    0.014167
14298    0.009313
14343    0.005845
14425    0.003333
14439    0.003412
14448    0.008207
14523    0.005686
14562    0.010228
14604    0.009093
14742    0.007231
14754    0.005656
15016    0.011691
15023    0.006803
15024    0.042501
15063    0.008102
15115    0.010909
15128    0.010228
15142    0.016614
15210    0.005036
15299    0.005538
15323    0.011943
15335    0.008432
15343    0.007572
15429    0.014167
15495    0.012764
15737    0.014167
15764    0.006601
15768    0.011943
15808    0.009958
15878    0.008432
15888    0.008316
15907    0.012803
15927    0.005913
15997    0.008432
16299    0.006751
16302    0.007089
16379    0.010540
16504    0.018274
16510    0.007151
16527    0.004746
16529    0.008075
16531    0.007572
16578    0.006601
16585    0.004118
16705    0.011136
16732    0.003524
16734    0.005683
16791    0.013107
16796    0.010540
16941    0.002648
17033    0.006461
17034    0.007282
17037    0.004476
17066    0.006373
17074    0.010593
17075    0.005510
17093    0.006803
17124    0.008975
17141    0.007282
17313    0.006417
17331    0.005247
17372    0.006970
17413    0.006601
17524    0.005567
17643    0.004377
17717    0.028334
17814    0.004615
17854    0.006248
17870    0.004426
17875    0.005780
17878    0.011361
17922    0.005036
18003    0.005400
18005    0.003610
18068    0.008103
18143    0.010540
18159    0.005427
18167    0.002180
18173    0.007651
18182    0.002185
18186    0.005322
18190    0.006507
18203    0.004708
18383    0.004409
18411    0.011826
18415    0.009958
18416    0.007029
18435    0.005014
18436    0.008432
18438    0.008004
18462    0.013202
18619    0.018219
18649    0.006601
18652    0.003678
18655    0.009054
18843    0.012764
18882    0.003056
18910    0.009313
18927    0.008975
19037    0.005845
19062    0.014167
19277    0.006373
19366    0.003938
19426    0.002782
19432    0.014167
19499    0.009137
19503    0.006130
19535    0.005150
19543    0.020054
19548    0.012764
19549    0.014167
19572    0.015467
19707    0.004634
19747    0.014167
19754    0.012764
19756    0.022953
19772    0.004825
19820    0.009570
19844    0.002650
20090    0.002404
20251    0.011625
20281    0.005127
20300    0.014167
20390    0.012764
20464    0.012757
20481    0.006700
20559    0.007216
20582    0.010644
20601    0.004906
20671    0.006913
20688    0.019949
20742    0.013013
20768    0.003333
20779    0.010909
20803    0.002812
20844    0.002958
20902    0.009341
20927    0.003432
20943    0.011943
21087    0.004121
21120    0.013633
21150    0.003231
21247    0.002054
21306    0.005567
21307    0.013846
21310    0.005748
21311    0.008975
