347
348    0.007064
460    0.006107
552    0.011363
621    0.005280
1092    0.010579
1107    0.015051
1188    0.007597
1204    0.005212
1242    0.005398
1274    0.007285
1278    0.006725
1293    0.013560
1382    0.007064
1413    0.007885
1416    0.013825
1419    0.010325
1466    0.006512
1595    0.007963
1646    0.005522
1691    0.004791
1699    0.001787
1725    0.007117
1762    0.007718
1845    0.007285
1846    0.010515
1859    0.006282
1914    0.009894
2050    0.008403
2093    0.004502
2102    0.003767
2114    0.005976
2116    0.017216
2180    0.012688
2184    0.015051
2283    0.006041
2452    0.012069
2468    0.009894
2494    0.015051
2561    0.012069
2589    0.014934
2604    0.005235
2768    0.007666
3077    0.011308
3085    0.012688
3088    0.015051
3140    0.007467
3338    0.006553
3340    0.008718
3441    0.007736
3460    0.009088
3471    0.035339
3574    0.006107
3617    0.009227
3618    0.005212
3632    0.006175
3677    0.015051
4124    0.015051
4141    0.012788
4143    0.009227
4277    0.008503
4324    0.041878
4328    0.022214
4344    0.009375
4354    0.008128
4636    0.013924
4648    0.012688
4662    0.005326
4696    0.010099
4801    0.010099
4853    0.011589
4916    0.010325
5020    0.006141
5063    0.010099
5074    0.005001
5075    0.010475
5084    0.014025
5096    0.003943
5115    0.007405
5160    0.011197
5327    0.010099
5347    0.008503
5415    0.005446
5440    0.005853
5444    0.008835
5493    0.008608
5529    0.011589
5537    0.006433
5548    0.006725
5556    0.005654
5635    0.010866
5719    0.004275
5745    0.006141
5769    0.008493
5776    0.011589
5806    0.006962
5856    0.004828
5883    0.010866
5925    0.008308
5928    0.010325
5977    0.004070
6050    0.005126
6065    0.015051
6345    0.009375
6372    0.003582
6415    0.013560
6430    0.006553
6451    0.009227
6655    0.005824
6761    0.004123
6787    0.013560
6844    0.005853
6850    0.012069
7188    0.005326
7270    0.017915
7330    0.013505
7364    0.015062
7387    0.009375
7522    0.008958
7523    0.005795
7603    0.010866
7726    0.007809
7748    0.007013
7798    0.007666
7802    0.001995
7892    0.005853
7911    0.015051
7987    0.005976
8017    0.013560
8021    0.005709
8040    0.003812
8041    0.009088
8078    0.006054
8106    0.015051
8116    0.003264
8218    0.003656
8223    0.006638
8288    0.008608
8442    0.011418
8500    0.003310
8504    0.008503
8629    0.010866
8702    0.009375
8774    0.006472
8786    0.006725
8816    0.043711
8817    0.019069
8964    0.005945
8982    0.012069
8984    0.005914
9036    0.012688
9068    0.009088
9304    0.007344
9411    0.002857
9664    0.005042
9665    0.009707
9815    0.010579
9816    0.035339
9936    0.007285
9945    0.006433
9980    0.006318
10096    0.007228
10146    0.007228
10220    0.007597
10244    0.007172
10261    0.007533
10451    0.008608
10454    0.072545
10627    0.009535
10650    0.015051
10701    0.058822
10837    0.002369
10840    0.010251
10996    0.015051
11112    0.004177
11180    0.010124
11181    0.004163
11201    0.007123
11203    0.005303
11242    0.009894
11334    0.004550
11503    0.003511
11591    0.007344
11646    0.015051
11729    0.004942
11768    0.025376
11782    0.003733
11791    0.011197
11991    0.012069
12048    0.005795
12084    0.006141
12283    0.002964
12345    0.004109
12493    0.008718
12521    0.009535
12687    0.008308
12764    0.008308
12765    0.004702
12825    0.012688
12853    0.004791
12855    0.003481
12907    0.006041
12911    0.004846
12947    0.006681
12949    0.006595
13013    0.015051
13157    0.006394
13159    0.031736
13175    0.007117
13177    0.008216
13179    0.005600
13324    0.010579
13355    0.003501
13357    0.002107
13434    0.005467
13501    0.007648
13580    0.003667
13584    0.038681
13647    0.007986
13866    0.031228
13886    0.003755
13899    0.006041
13910    0.004136
14065    0.003556
14099    0.007285
14195    0.009707
14305    0.006864
14328    0.013560
14406    0.004566
14439    0.010873
14445    0.006433
14457    0.015051
14581    0.015051
14582    0.015051
14594    0.007885
14603    0.020651
14604    0.006440
14742    0.001536
14745    0.003451
14795    0.009227
14796    0.004809
14944    0.012213
15118    0.013560
15212    0.007467
15342    0.008044
15551    0.005446
15648    0.010325
15678    0.015051
15710    0.006356
15879    0.010099
15907    0.004534
15925    0.011197
16012    0.007467
16028    0.010325
16204    0.008718
16321    0.011095
16490    0.006595
16501    0.013270
16509    0.005190
16558    0.030101
16585    0.006999
16623    0.012069
16705    0.003943
16734    0.006038
16944    0.004057
16952    0.006356
16977    0.009894
17034    0.007736
17049    0.010579
17066    0.006771
17093    0.007228
17116    0.011589
17144    0.003393
17313    0.006817
17316    0.029120
17378    0.015051
17406    0.010579
17484    0.005018
17521    0.007963
17529    0.005766
17572    0.010866
17669    0.003572
17780    0.008718
17782    0.026400
17790    0.015051
17876    0.012069
18003    0.005737
18005    0.003836
18070    0.015051
18091    0.008503
18124    0.013560
18138    0.006246
18167    0.011580
18186    0.016962
18190    0.006913
18247    0.005574
18446    0.006864
18566    0.009894
18589    0.008608
18652    0.007814
18655    0.004809
18668    0.006771
18702    0.007809
18725    0.006073
18726    0.005737
18828    0.010579
18866    0.009894
18883    0.004616
18888    0.005042
18949    0.009375
19043    0.008327
19088    0.009375
19226    0.003572
19234    0.011589
19262    0.005104
19266    0.004363
19277    0.006771
19327    0.014206
19343    0.008503
19382    0.015051
19426    0.002956
19492    0.009535
19493    0.015051
19494    0.015051
19563    0.010866
19844    0.002816
19988    0.010866
20071    0.008958
20150    0.017915
20260    0.002559
20382    0.007736
20393    0.013560
20460    0.005350
20534    0.005022
20620    0.004486
20672    0.007666
20673    0.006638
20713    0.004070
20742    0.013825
20841    0.003968
20845    0.006141
20901    0.004667
21028    0.009535
21065    0.006512
21123    0.011197
21141    0.007885
21157    0.008608
21292    0.008608
