237
221    0.020767
252    0.018710
267    0.009100
469    0.006464
598    0.020767
621    0.007286
672    0.018710
689    0.010483
717    0.015450
773    0.008290
786    0.024355
793    0.017507
920    0.009100
1066    0.011337
1163    0.009821
1443    0.040955
1589    0.018710
1759    0.011595
1862    0.008465
1873    0.010987
1910    0.011099
1927    0.015991
2003    0.008290
2007    0.020767
2084    0.014508
2188    0.034010
2189    0.017507
2344    0.005016
2347    0.013652
2396    0.005598
2418    0.013652
2458    0.009896
2675    0.008668
2706    0.005782
2748    0.016653
3171    0.026787
3238    0.007619
3448    0.014597
3510    0.013156
3647    0.005859
3786    0.018710
3831    0.012731
4026    0.009606
4142    0.009748
4276    0.012360
4440    0.016653
4522    0.008822
4737    0.022673
4926    0.007549
4932    0.013156
5005    0.014247
5080    0.012731
5202    0.006687
5212    0.007192
5446    0.083068
5500    0.016653
5501    0.004122
5521    0.017972
5769    0.005859
5851    0.010879
6230    0.018710
6328    0.011463
6358    0.010217
6530    0.015450
6719    0.013971
6881    0.010134
6940    0.020966
7048    0.007764
7087    0.017137
7088    0.009471
7090    0.010879
7124    0.018710
7188    0.007349
7802    0.005506
7848    0.020767
7892    0.008077
8001    0.010577
8107    0.004749
8343    0.010775
8381    0.011463
8402    0.013652
8404    0.014247
8476    0.006636
8622    0.006233
8805    0.026467
8810    0.064651
8873    0.011733
8942    0.012731
9062    0.012030
9177    0.010577
9203    0.011878
9231    0.011733
9314    0.012936
9395    0.012190
9420    0.016653
9477    0.017507
9523    0.008520
9663    0.011733
9664    0.006957
9747    0.008426
9851    0.020767
9947    0.004844
10108    0.011878
10115    0.023466
10116    0.010217
10163    0.015450
10222    0.012360
10491    0.008822
10605    0.006233
10637    0.009606
10659    0.022431
10697    0.009748
10714    0.007192
10776    0.013652
10783    0.024060
10806    0.016653
10829    0.012190
10883    0.015991
11095    0.010303
11117    0.005151
11146    0.013858
11183    0.015991
11218    0.013329
11334    0.012556
11468    0.007286
11478    0.013393
11503    0.004844
11562    0.009896
11570    0.006488
11714    0.016653
11739    0.024060
11741    0.015991
11757    0.006957
11810    0.011216
12003    0.011878
12122    0.031278
12166    0.007727
12202    0.009471
12273    0.019609
12735    0.020267
12738    0.014597
12749    0.011733
12904    0.005441
12907    0.008335
12990    0.011733
13014    0.004567
13179    0.007727
13352    0.006278
13357    0.011631
13470    0.009606
13694    0.013652
13695    0.014597
13873    0.014993
13897    0.009748
13945    0.020767
13964    0.008876
14065    0.002453
14088    0.013934
14228    0.013934
14283    0.014993
14320    0.007043
14391    0.017540
14536    0.008986
14815    0.081324
14817    0.011337
14857    0.008569
14865    0.008036
15299    0.008118
15372    0.020767
15376    0.012030
15497    0.006957
15500    0.010483
16228    0.014247
16284    0.011463
16301    0.025872
16317    0.008876
16355    0.012540
16396    0.009280
16436    0.010987
16517    0.013156
16585    0.010865
16649    0.008520
16882    0.035633
16941    0.003882
16976    0.012360
17016    0.020767
17052    0.027840
17053    0.008380
17054    0.010987
17111    0.061389
17117    0.005075
17129    0.025293
17144    0.009365
17147    0.012360
17155    0.013156
17348    0.013393
17531    0.005919
17811    0.009280
17870    0.012975
18005    0.005293
18084    0.015450
18167    0.006391
18307    0.022431
18308    0.013156
18660    0.012360
18703    0.010775
18941    0.012360
19151    0.021762
19213    0.010303
19223    0.007515
19226    0.004929
19278    0.007451
19327    0.004900
19347    0.011337
19559    0.015450
19700    0.020767
19751    0.029243
19844    0.005828
20010    0.014247
20063    0.015991
20275    0.005090
20281    0.007515
20294    0.015991
20683    0.041534
20727    0.016653
20784    0.062301
20803    0.004122
20822    0.023755
20824    0.008380
20841    0.016426
20868    0.004579
20956    0.008246
20993    0.007448
21058    0.006082
21115    0.004872
21120    0.006661
21247    0.012042
