205
469    0.007864
552    0.009537
576    0.022763
674    0.013792
822    0.012535
851    0.011143
1008    0.019455
1116    0.011001
1160    0.013946
1664    0.011604
1698    0.006854
1924    0.014450
1949    0.008464
2120    0.016024
2174    0.011859
2224    0.010484
2286    0.015037
2609    0.009631
2781    0.025265
2920    0.011143
3096    0.011687
3244    0.018797
3473    0.008902
3485    0.010865
3583    0.005540
3615    0.011523
3842    0.008199
3944    0.008012
4003    0.032589
4206    0.012868
4240    0.005177
4354    0.013645
4406    0.012754
4492    0.009102
4536    0.010545
4576    0.012643
4732    0.011772
4926    0.009185
4927    0.038605
5043    0.003718
5052    0.018797
5321    0.017333
5495    0.004847
5501    0.005015
5548    0.011290
5550    0.012987
5745    0.010308
5746    0.016609
5894    0.018797
6313    0.011687
6679    0.012754
6758    0.005510
7166    0.010366
7234    0.016609
7351    0.008713
7583    0.013503
7802    0.016747
7989    0.008825
8068    0.010086
8116    0.005480
8163    0.017333
8186    0.012535
8212    0.014831
8218    0.006138
8390    0.025265
8476    0.008073
8487    0.014106
8489    0.042180
8568    0.005633
8596    0.033517
8777    0.010865
9126    0.011444
9143    0.009826
9146    0.017333
9209    0.005761
9256    0.009061
9296    0.018797
9459    0.011948
9460    0.013645
9484    0.029329
9517    0.011787
9647    0.012868
9692    0.010086
9783    0.013503
9812    0.008825
10026    0.019455
10175    0.009826
10259    0.013236
10478    0.011859
10545    0.011687
10605    0.007584
11064    0.042823
11103    0.002866
11146    0.008430
11180    0.005665
11216    0.015738
11279    0.009227
11283    0.010086
11439    0.010308
11530    0.012133
11683    0.004759
11774    0.025265
11876    0.021299
11882    0.014106
12071    0.027554
12074    0.016006
12245    0.006661
12273    0.007952
12286    0.015037
12591    0.007504
12606    0.015256
12659    0.017067
12889    0.005794
13050    0.006381
13060    0.014636
13295    0.013109
13357    0.003538
13434    0.002294
13530    0.010251
13538    0.016953
13751    0.014831
13863    0.037928
13865    0.011444
13866    0.010484
13939    0.007426
14058    0.013367
14166    0.016953
14316    0.008263
14323    0.008825
14480    0.112765
14481    0.050139
14734    0.018240
14742    0.005158
14744    0.025265
14745    0.011588
14749    0.008640
14780    0.012868
14815    0.022832
15059    0.021299
15111    0.018240
15142    0.049383
15400    0.010932
15578    0.015489
15764    0.011772
15778    0.018892
15791    0.019454
15792    0.017882
15874    0.011948
16039    0.018797
16040    0.025265
16119    0.012643
16527    0.016928
16529    0.043204
16585    0.010281
16732    0.006285
16921    0.010086
16949    0.013367
17051    0.007400
17053    0.010195
17144    0.005697
17226    0.021299
17484    0.004212
17616    0.014106
17780    0.014636
17830    0.017727
17877    0.015256
17923    0.021299
17945    0.016953
17963    0.013109
17984    0.035517
18005    0.006439
18007    0.039707
18055    0.011523
18057    0.013792
18167    0.003888
18182    0.003898
18567    0.010932
19010    0.012643
19012    0.022763
19145    0.016006
19327    0.023847
19366    0.003511
19389    0.014106
19426    0.004962
19466    0.018240
19485    0.010308
19975    0.021299
20011    0.019455
20090    0.004287
20260    0.008591
20413    0.014274
20464    0.007584
20557    0.008362
20563    0.013645
20582    0.009491
20648    0.009928
20768    0.005945
20844    0.005275
20860    0.015256
20868    0.005571
20964    0.007721
20983    0.015786
21041    0.019455
21057    0.008569
21247    0.003663
