74
420    0.042016
1253    0.047673
1440    0.126368
1741    0.014103
1945    0.043592
3034    0.060346
4112    0.055987
4206    0.038328
4240    0.030838
4926    0.082070
5096    0.039435
5401    0.043592
5550    0.038681
5832    0.057947
6050    0.025628
6210    0.067800
6940    0.037987
7199    0.023250
7493    0.070126
7595    0.048841
7619    0.023597
7757    0.042016
8078    0.015135
8189    0.041538
8622    0.022588
8783    0.024808
9156    0.051627
9518    0.016012
9644    0.031592
10838    0.048533
10840    0.051256
11146    0.025108
11262    0.048533
11283    0.030041
11530    0.036139
11581    0.030367
11858    0.041080
11984    0.030703
12648    0.043041
12675    0.023250
12866    0.044174
13862    0.062100
13884    0.045440
13939    0.022117
14039    0.145600
14169    0.046876
14727    0.074046
14742    0.007681
15016    0.031050
15063    0.021519
15139    0.045440
15400    0.032561
15550    0.038328
16109    0.067800
16190    0.060346
16241    0.031969
16729    0.012264
16732    0.037441
17051    0.022040
17439    0.044788
17870    0.023509
18003    0.028686
18182    0.011609
18668    0.033853
19177    0.021592
19226    0.017860
19262    0.025522
19410    0.013922
19685    0.056001
19844    0.028156
20090    0.012767
20256    0.040219
20946    0.020285
21150    0.008581
