161
103    0.021167
420    0.017924
423    0.022024
497    0.032103
568    0.012360
583    0.017720
1025    0.028924
1069    0.015069
1072    0.015539
1140    0.025744
1223    0.020705
1439    0.016064
1440    0.080864
1477    0.011565
1741    0.006016
2102    0.008034
2138    0.028924
2688    0.022428
2744    0.017198
3050    0.008909
3400    0.016985
3593    0.018485
3743    0.009602
3828    0.024721
3903    0.012118
4258    0.008909
4382    0.046354
4614    0.023177
4637    0.015794
4926    0.011670
4973    0.032103
5043    0.004724
5401    0.018597
5475    0.019107
5484    0.018845
5625    0.024721
5899    0.014067
6192    0.019997
6362    0.032103
6365    0.010583
6372    0.007641
6942    0.024721
7168    0.006389
7281    0.017338
7319    0.022024
7466    0.011312
7595    0.114598
7598    0.037193
7716    0.015539
7802    0.004256
8151    0.028924
8181    0.031500
8189    0.017720
8281    0.015539
8568    0.007158
9118    0.010142
9518    0.013662
9644    0.013477
9664    0.021510
9985    0.028884
10261    0.008034
10460    0.018597
10478    0.015069
10697    0.015069
10851    0.019681
11089    0.016205
11117    0.007962
11218    0.006868
11262    0.041409
11355    0.018718
11462    0.027064
11503    0.007489
11782    0.015925
11801    0.032103
11841    0.005298
11858    0.017525
11862    0.024721
11863    0.061012
12118    0.014541
12142    0.023884
12675    0.009918
12735    0.031330
12741    0.028924
12818    0.014642
12954    0.022565
12983    0.009338
12999    0.005285
13228    0.010298
13434    0.011660
13541    0.014067
13864    0.019997
14039    0.165637
14040    0.024721
14065    0.003793
14161    0.017158
14169    0.019997
14171    0.028924
14242    0.032103
14267    0.022565
14604    0.006868
14607    0.010888
14742    0.013108
14773    0.016351
14785    0.018597
14815    0.009670
15063    0.009180
15378    0.037193
15400    0.013891
15488    0.012360
15637    0.032103
15772    0.032103
15791    0.012360
15970    0.022024
16223    0.022565
16241    0.013638
16317    0.013721
16321    0.011833
16385    0.018361
16724    0.022332
16729    0.005232
16766    0.012486
16819    0.022565
16885    0.014745
16944    0.008654
17108    0.012360
17314    0.022024
17347    0.026644
17407    0.010338
17445    0.014745
17455    0.018845
17484    0.005352
17870    0.010029
18138    0.013322
18334    0.019107
18652    0.008334
18724    0.014158
19130    0.032103
19248    0.037689
19410    0.017817
19596    0.032103
19677    0.032103
19769    0.018845
19773    0.008059
19844    0.006006
19997    0.014642
20275    0.007868
20713    0.017363
20768    0.015107
20778    0.015069
20779    0.024721
20822    0.018361
20946    0.017308
20969    0.014745
20994    0.027610
21063    0.018138
21065    0.013891
21085    0.012615
21115    0.007532
21135    0.016657
21150    0.003661
21247    0.004654
