272
447    0.008374
448    0.009131
568    0.007263
796    0.010532
1086    0.016996
1247    0.010082
1250    0.009608
1253    0.011950
1436    0.006796
1439    0.028318
1440    0.087112
1451    0.004490
1691    0.006005
1741    0.003535
1746    0.005786
1817    0.011751
1862    0.003845
1885    0.033991
1943    0.009359
1964    0.015127
1966    0.012941
1997    0.012401
2084    0.006589
2102    0.004721
2180    0.015903
2188    0.010298
2277    0.003960
2283    0.007571
2300    0.016996
2396    0.010170
2459    0.015903
2548    0.014526
2744    0.005053
2745    0.005603
2981    0.009059
3215    0.013259
3238    0.006921
3520    0.016996
3583    0.004137
3734    0.008544
3743    0.005642
3903    0.007121
4142    0.008854
4206    0.038432
4240    0.027056
4331    0.014526
4382    0.013619
4526    0.028069
4599    0.010412
4617    0.015903
4774    0.008854
4905    0.020825
4926    0.006858
4927    0.009608
5003    0.016996
5231    0.014526
5401    0.010927
5490    0.016996
5501    0.003744
5507    0.011950
5567    0.005305
5602    0.008789
5637    0.016996
5738    0.013619
5739    0.008921
6050    0.006424
6099    0.013619
6126    0.015127
6134    0.015127
6256    0.013619
6705    0.006398
6798    0.016996
6881    0.027614
6910    0.016996
7168    0.003754
7340    0.016996
7393    0.016859
7396    0.012657
7595    0.042851
7598    0.010927
7631    0.007491
7693    0.009205
7736    0.005544
7779    0.007531
7787    0.008319
8025    0.005167
8058    0.013619
8181    0.012340
8185    0.010532
8189    0.041650
8211    0.011391
8218    0.009165
8233    0.007226
8343    0.009788
8395    0.008486
8406    0.011565
8630    0.006482
8638    0.007828
8688    0.009788
8855    0.016996
9022    0.015903
9137    0.009788
9200    0.020536
9311    0.009131
9392    0.009281
9462    0.016996
9518    0.008028
9663    0.010658
9738    0.015903
9812    0.006589
9916    0.012941
9947    0.004400
9985    0.008486
10062    0.014526
10064    0.008664
10181    0.010927
10292    0.015903
10338    0.005394
10421    0.007571
10457    0.012166
10460    0.010927
10478    0.008854
10545    0.008726
10610    0.009205
10722    0.013619
10837    0.005937
10840    0.006424
10841    0.012941
11103    0.006420
11117    0.004679
11160    0.008014
11203    0.006647
11256    0.015127
11334    0.005703
11355    0.007332
11386    0.006398
11450    0.015903
11503    0.004400
11581    0.007612
11830    0.011227
11841    0.009339
11857    0.047197
11858    0.010298
11861    0.014034
12110    0.005101
12118    0.008544
12122    0.004735
12245    0.009947
12510    0.012166
12864    0.005871
12866    0.011073
12904    0.009885
12983    0.010974
12987    0.002708
13198    0.009359
13231    0.009608
13294    0.010532
13351    0.008851
13356    0.010298
13357    0.002641
13484    0.007374
13529    0.007966
13856    0.013619
13865    0.008544
13871    0.009059
13886    0.004707
13892    0.009788
14014    0.009281
14039    0.072996
14040    0.058103
14065    0.002229
14267    0.026518
14271    0.013619
14425    0.004438
14485    0.006953
14536    0.008162
14678    0.014526
14742    0.003851
14745    0.008652
14952    0.008921
15016    0.046700
15220    0.011950
15245    0.011391
15299    0.007374
15555    0.006506
15660    0.009882
15668    0.012657
15704    0.025315
15844    0.011391
15939    0.009359
15968    0.012941
15970    0.025883
16094    0.007053
16223    0.039777
16241    0.008014
16317    0.008062
16385    0.010789
16466    0.016996
16585    0.007676
16655    0.016996
16752    0.015127
16885    0.008664
17037    0.005960
17052    0.016859
17059    0.008989
17064    0.016996
17094    0.008989
17105    0.005468
17144    0.021267
17303    0.010298
17314    0.012941
17317    0.015903
17347    0.007828
17438    0.008603
17451    0.007828
17457    0.011950
17587    0.012657
17669    0.004477
17783    0.014034
17870    0.011786
18003    0.007191
18005    0.004807
18134    0.016996
18204    0.009696
18228    0.016996
18317    0.007571
18383    0.005871
18619    0.004852
18652    0.004897
18655    0.018084
18719    0.009281
18724    0.008319
18993    0.008921
19226    0.004477
19265    0.010658
19309    0.007412
19366    0.002622
19426    0.003705
19460    0.004375
19535    0.006858
19568    0.011227
19685    0.007019
19844    0.005293
19847    0.015903
19871    0.010789
20090    0.003200
20183    0.015903
20202    0.010298
20275    0.004623
20311    0.014034
20531    0.013259
20688    0.008854
20768    0.008877
20822    0.010789
20844    0.003938
20927    0.004569
20946    0.015255
20964    0.005765
20972    0.010298
20982    0.015903
20983    0.005893
20994    0.008112
21057    0.006398
21114    0.010532
21120    0.006051
21121    0.015127
21150    0.004302
21155    0.007612
21195    0.008854
21235    0.012657
21247    0.005469
21279    0.006765
