377
25    0.010966
45    0.009391
298    0.007742
417    0.009391
457    0.005278
469    0.004049
824    0.009391
1117    0.013008
1196    0.013008
1249    0.013008
1255    0.012212
1272    0.004751
1274    0.006297
1275    0.006566
1309    0.008543
1345    0.007263
1365    0.007975
1371    0.011720
1435    0.006815
1438    0.008103
1458    0.023731
1503    0.010432
1604    0.005933
1674    0.008924
1690    0.006199
1699    0.003089
1740    0.004751
1741    0.002438
1762    0.003336
1765    0.011720
1862    0.002651
1879    0.013008
1890    0.013008
1949    0.004358
1995    0.013008
2092    0.006297
2102    0.003256
2290    0.007180
2347    0.008551
2382    0.009143
2432    0.002246
2629    0.009678
2660    0.007742
2723    0.003634
2872    0.011704
3357    0.009678
3393    0.006061
3473    0.004583
3479    0.006566
3485    0.005594
3571    0.004795
3593    0.003745
3647    0.003670
3743    0.003891
3761    0.054859
3762    0.013008
3842    0.004221
3943    0.005775
4065    0.009391
4103    0.013008
4118    0.006815
4128    0.007975
4143    0.007975
4188    0.007855
4191    0.009391
4195    0.003507
4240    0.002665
4378    0.006017
4389    0.006815
4450    0.003529
4486    0.006509
4505    0.006348
4512    0.006626
4540    0.010017
4576    0.006509
4580    0.010017
4586    0.008103
4592    0.013008
4649    0.010017
4650    0.006152
4674    0.008728
4678    0.005249
4696    0.008728
4773    0.011720
4863    0.008728
4870    0.004019
4871    0.005429
4873    0.007180
4899    0.003850
4926    0.004729
4949    0.011120
5074    0.008646
5075    0.002264
5298    0.089243
5299    0.023440
5302    0.013008
5414    0.004644
5473    0.011720
5501    0.002582
5545    0.008390
5546    0.021933
5550    0.006686
5567    0.003658
5610    0.014361
5822    0.009391
5987    0.015071
5991    0.009545
6102    0.008728
6132    0.017103
6372    0.003096
6403    0.006348
6466    0.009391
6636    0.013008
6651    0.028905
6679    0.006566
6705    0.004412
6756    0.004910
6772    0.009391
7053    0.006017
7099    0.006454
7117    0.005813
7129    0.006626
7168    0.002589
7241    0.006199
7343    0.006106
7391    0.008103
7406    0.006815
7413    0.011720
7456    0.004394
7464    0.014051
7686    0.010432
7736    0.003823
7802    0.003449
7992    0.011720
8015    0.010966
8025    0.007127
8040    0.006590
8078    0.005232
8218    0.015801
8224    0.019356
8323    0.004686
8374    0.008728
8408    0.007025
8476    0.004157
8496    0.007855
8570    0.009678
8586    0.010432
8602    0.010432
8630    0.002235
8742    0.011720
8837    0.006106
9103    0.039025
9258    0.011720
9455    0.006348
9647    0.006626
9768    0.006952
9799    0.007263
9873    0.004049
9947    0.003034
9991    0.030759
10061    0.013008
10074    0.003732
10215    0.013290
10221    0.017103
10239    0.010966
10245    0.016206
10261    0.003256
10285    0.009143
10288    0.008241
10290    0.004505
10341    0.006882
10342    0.010432
10422    0.016886
10431    0.009391
10442    0.014880
10673    0.010966
10705    0.013008
10803    0.005193
10846    0.004358
10897    0.003797
10932    0.005852
11087    0.004544
11103    0.001476
11121    0.007636
11131    0.011720
11180    0.011667
11218    0.005566
11255    0.008924
11519    0.005278
11531    0.004394
11569    0.003695
11585    0.013008
11651    0.013008
11683    0.002450
11684    0.006061
11744    0.003891
11857    0.006509
11895    0.007855
12005    0.002616
12144    0.008241
12161    0.015484
12281    0.009143
12283    0.002562
12300    0.003336
12345    0.003552
12413    0.006566
12505    0.004707
12548    0.004205
12605    0.045074
12606    0.007855
12716    0.011720
12836    0.007101
12855    0.003009
12864    0.008098
12869    0.008390
12880    0.004306
12904    0.006817
12942    0.008103
12944    0.006952
12987    0.009336
13184    0.013008
13218    0.013008
13219    0.011626
13281    0.009143
13352    0.003933
13357    0.003643
13388    0.004910
13434    0.001181
13478    0.008241
13488    0.007349
13498    0.011720
13499    0.008241
13529    0.005493
13610    0.008924
13647    0.003451
13862    0.005367
13973    0.011720
14065    0.001537
14109    0.010432
14324    0.009143
14406    0.007893
14430    0.005085
14439    0.003133
14477    0.010432
14480    0.005278
14523    0.005221
14604    0.002783
14607    0.004412
14717    0.005429
14742    0.001328
14743    0.015071
14749    0.004449
14802    0.008551
14810    0.008728
14815    0.003919
14902    0.010432
14947    0.008924
15008    0.007975
15063    0.003720
15130    0.007535
15140    0.007127
15142    0.086448
15143    0.008551
15204    0.004323
15210    0.009248
15229    0.005933
15410    0.010615
15448    0.013008
15456    0.013008
15503    0.005193
15555    0.004486
15570    0.006952
15600    0.005892
15656    0.006882
15660    0.006815
15778    0.024317
15827    0.014526
15910    0.004707
15986    0.010966
16003    0.006749
16007    0.007101
16025    0.009143
16036    0.013008
16105    0.008728
16237    0.003575
16282    0.008924
16338    0.008924
16436    0.006882
16527    0.017432
16529    0.033366
16531    0.006952
16532    0.005933
16585    0.007562
16923    0.003610
16941    0.007295
16944    0.003507
17053    0.005249
17075    0.005059
17144    0.005866
17271    0.010432
17438    0.005933
17484    0.002168
17566    0.011720
17885    0.021076
17886    0.010017
17916    0.009501
17931    0.005975
17966    0.005008
17968    0.026017
18098    0.005193
18167    0.006005
18182    0.020067
18186    0.004887
18282    0.002017
18319    0.004358
18395    0.011720
18524    0.009678
18533    0.011720
18703    0.006749
18903    0.006152
18904    0.006348
18962    0.006106
19004    0.008390
19043    0.003598
19183    0.010432
19226    0.003087
19232    0.004079
19255    0.013008
19261    0.007782
19278    0.002334
19327    0.003070
19370    0.004141
19416    0.004430
19518    0.006566
19535    0.004729
19629    0.011720
19648    0.006882
19652    0.014051
19666    0.009391
19718    0.004959
19772    0.004430
19773    0.006531
19844    0.003650
19981    0.010966
19997    0.005933
19999    0.008924
20058    0.008924
20082    0.011188
20090    0.017656
20195    0.011720
20275    0.003188
20353    0.013008
20413    0.007349
20487    0.007855
20534    0.004340
20557    0.008611
20582    0.004887
20589    0.013008
20648    0.005112
20717    0.003315
20768    0.006121
20803    0.002582
20807    0.005594
20845    0.005307
20856    0.013008
20868    0.005737
20881    0.008390
20894    0.003587
20927    0.006302
21048    0.008390
21115    0.003052
21129    0.002933
21132    0.005775
21150    0.002967
21191    0.005852
21247    0.003772
21261    0.007025
