139
796    0.026050
1142    0.030091
1439    0.023347
1440    0.058761
1780    0.026360
1863    0.026050
2084    0.016298
2102    0.011677
2504    0.046657
2867    0.019036
3416    0.034712
3647    0.013164
3745    0.020577
4056    0.031306
4141    0.019821
4142    0.021900
4206    0.023763
4240    0.019120
4245    0.015956
4258    0.012948
4456    0.019143
4500    0.020711
4738    0.034712
4778    0.024684
4926    0.016961
4931    0.031306
5000    0.034712
5207    0.032009
5209    0.022954
5238    0.046657
5331    0.022406
5501    0.009260
5735    0.035927
5769    0.013164
6192    0.029063
6372    0.011105
6891    0.023552
6908    0.011538
7199    0.014415
7460    0.020315
7486    0.016884
7595    0.045422
7598    0.027027
7619    0.014630
7714    0.020315
8062    0.046657
8078    0.009383
8229    0.034712
8349    0.046657
8457    0.035927
8630    0.008016
8881    0.025470
9118    0.014740
9209    0.010639
9282    0.013955
9284    0.046657
9292    0.034712
9304    0.022767
9518    0.009927
9619    0.046657
10222    0.027769
10338    0.013342
10411    0.018625
10478    0.021900
10626    0.030091
10714    0.016159
10786    0.026050
10842    0.035927
10986    0.032794
11051    0.022954
11086    0.046657
11103    0.005293
11207    0.016732
11259    0.046657
11271    0.016439
11570    0.014576
11735    0.027769
11862    0.035927
11863    0.029557
12031    0.046657
12202    0.021279
12229    0.030671
12291    0.046657
12877    0.046657
12889    0.010699
13087    0.028173
13151    0.025198
13351    0.010946
13355    0.010852
13357    0.006533
13434    0.004237
13501    0.011854
13640    0.032009
13862    0.019251
13865    0.021132
13896    0.023763
13922    0.037415
14168    0.046657
14448    0.027027
14604    0.009982
14742    0.023813
14745    0.010699
14817    0.025470
14906    0.027027
15063    0.013342
15140    0.012781
15210    0.016584
15378    0.027027
15400    0.020188
15697    0.025198
15973    0.037415
16094    0.017443
16241    0.019821
16944    0.012577
17347    0.019361
17458    0.033684
17484    0.007778
17966    0.017963
18057    0.025470
18156    0.046657
18382    0.017698
18383    0.014522
18719    0.022954
19097    0.018333
19225    0.015694
19226    0.011073
19366    0.006484
19518    0.023552
19564    0.030671
19823    0.024684
19844    0.008728
20275    0.011435
20688    0.021900
20695    0.020315
20833    0.027388
20946    0.012577
20950    0.027027
21155    0.037655
21247    0.006764
