296
161    0.007334
164    0.008926
420    0.019392
423    0.011914
583    0.009586
796    0.009696
834    0.010646
990    0.011200
1025    0.015646
1159    0.013372
1240    0.005507
1242    0.006228
1250    0.017690
1253    0.011001
1437    0.013372
1439    0.017380
1440    0.094776
1691    0.005528
1741    0.003254
1746    0.005326
1862    0.003539
1967    0.011914
2084    0.006066
2102    0.004346
2226    0.017532
2297    0.007468
2361    0.014640
2432    0.002999
2548    0.013372
2609    0.006620
2652    0.010817
2688    0.006066
2723    0.004851
2744    0.009303
2974    0.017366
3013    0.008340
3050    0.004820
3112    0.012206
3408    0.017366
3593    0.005000
3606    0.010817
3733    0.006933
4135    0.007334
4138    0.012206
4142    0.008151
4153    0.016425
4202    0.007378
4206    0.035380
4240    0.010675
4398    0.010060
4480    0.007976
4501    0.013240
4678    0.007008
4762    0.009188
4926    0.012626
5075    0.003022
5331    0.016680
5401    0.010060
5495    0.006663
5567    0.009767
5584    0.008926
5628    0.009932
5717    0.006754
5735    0.013372
5736    0.023828
5856    0.005571
6050    0.005914
6054    0.017366
6056    0.008690
6076    0.010486
6193    0.010817
6210    0.015646
6319    0.008275
6365    0.005725
6626    0.012537
6682    0.017366
6738    0.007008
6797    0.015646
6864    0.008766
6881    0.016948
6940    0.008766
7199    0.005365
7286    0.008474
7391    0.010817
7422    0.011652
7476    0.009696
7517    0.013372
7524    0.004966
7595    0.067626
7619    0.016336
7631    0.006896
7644    0.008340
7693    0.008474
7712    0.008690
7895    0.009480
8018    0.017366
8025    0.004757
8058    0.012537
8078    0.006985
8190    0.014640
8218    0.008438
8233    0.006653
8407    0.007514
8533    0.005748
8630    0.002984
8826    0.017366
8971    0.010486
9022    0.014640
9097    0.017366
9118    0.005486
9136    0.015028
9518    0.025866
9533    0.005405
9565    0.015646
9570    0.017366
9591    0.015646
9664    0.005818
9747    0.007046
9916    0.011914
9947    0.004051
9985    0.023437
10064    0.007976
10105    0.004949
10120    0.011416
10420    0.006970
10422    0.007514
10460    0.010060
10508    0.009696
10545    0.008033
10605    0.005213
10611    0.007334
10677    0.011200
10697    0.008151
10714    0.006014
10735    0.014640
10837    0.002733
10840    0.005914
10841    0.011914
10897    0.005069
10906    0.029280
10928    0.017366
11146    0.005794
11205    0.015646
11206    0.008474
11213    0.005528
11218    0.003715
11262    0.022400
11334    0.005250
11355    0.003375
11386    0.005890
11450    0.014640
11468    0.006092
11538    0.017366
11581    0.007008
11725    0.011200
11747    0.006462
11782    0.008614
11827    0.011416
11841    0.002866
11857    0.017380
11858    0.009480
11863    0.011001
12110    0.009392
12118    0.007866
12122    0.004359
12142    0.025840
12258    0.009696
12787    0.015646
12855    0.004016
12866    0.010194
12974    0.006587
12983    0.005051
12987    0.002493
12999    0.002859
13125    0.007976
13351    0.008149
13353    0.013439
13434    0.001577
13532    0.012920
13647    0.004608
13759    0.014640
13862    0.007165
13865    0.007866
13884    0.010486
13917    0.011652
13926    0.009379
13933    0.015646
13934    0.013926
14039    0.112000
14040    0.040117
14049    0.011416
14169    0.021635
14233    0.009480
14267    0.012206
14298    0.011416
14320    0.005890
14323    0.006066
14364    0.014640
14407    0.017366
14439    0.004182
14742    0.007091
14745    0.007965
14746    0.006933
14815    0.010462
14816    0.010646
14878    0.014640
14977    0.017366
15016    0.007165
15017    0.012206
15019    0.007334
15020    0.025075
15105    0.010060
15144    0.011652
15378    0.010060
15466    0.006119
15478    0.008474
15576    0.011200
15630    0.017366
15695    0.006493
15791    0.006686
15939    0.008616
15942    0.010817
15970    0.011914
15971    0.052098
16026    0.007514
16094    0.006493
16148    0.008406
16198    0.017366
16223    0.012206
16237    0.004773
16299    0.008275
16303    0.015646
16317    0.007422
16385    0.009932
16562    0.009932
16585    0.011105
16732    0.004320
16885    0.007976
16921    0.006933
16941    0.003246
17041    0.017366
17053    0.007008
17054    0.009188
17105    0.005034
17111    0.007334
17347    0.007206
17357    0.014640
17413    0.008091
17439    0.010336
17445    0.007976
17530    0.011416
17587    0.011652
17645    0.011416
17689    0.009811
17870    0.005425
18005    0.008851
18007    0.009098
18106    0.010336
18138    0.007206
18179    0.006200
18182    0.002679
18340    0.007085
18383    0.005405
18435    0.006146
18652    0.004508
18653    0.008845
18655    0.016648
18719    0.008544
18726    0.006620
18802    0.015646
18882    0.003746
18949    0.010817
18998    0.009379
19048    0.009696
19151    0.006066
19226    0.008243
19366    0.002414
19464    0.004851
19844    0.006498
19847    0.014640
20090    0.002946
20131    0.009188
20366    0.009696
20487    0.010486
20590    0.014640
20660    0.014640
20752    0.014640
20768    0.004086
20827    0.008926
20868    0.003829
20946    0.028087
20994    0.014936
21120    0.005571
21150    0.003960
21188    0.008033
21280    0.017366
