551
168    0.004822
219    0.002280
251    0.005204
552    0.003101
786    0.003211
831    0.005774
896    0.004960
1157    0.002920
1223    0.005298
1240    0.005210
1364    0.003490
1423    0.003428
1426    0.005400
1436    0.008877
1451    0.001955
1456    0.003746
1490    0.002207
1677    0.006703
1685    0.006325
1698    0.004457
1699    0.000975
1846    0.002869
1862    0.001674
1864    0.004698
1889    0.004698
1940    0.008427
1943    0.012226
1949    0.005504
1990    0.004484
2084    0.005739
2093    0.009827
2102    0.002056
2113    0.003333
2114    0.006523
2173    0.002448
2265    0.005512
2277    0.001724
2280    0.004586
2283    0.006594
2432    0.005674
2491    0.006325
2587    0.004041
2644    0.003577
2676    0.004184
2711    0.003469
2723    0.002295
2737    0.028209
2744    0.002200
2757    0.005930
2792    0.004436
2853    0.004075
2857    0.003131
2860    0.005774
2861    0.003914
2876    0.011547
2922    0.006925
2931    0.005036
2949    0.006325
2981    0.003945
3009    0.004698
3125    0.008214
3126    0.004041
3221    0.006587
3238    0.006027
3309    0.003490
3318    0.004758
3326    0.008759
3327    0.003646
3341    0.002635
3396    0.019263
3397    0.003333
3402    0.006925
3409    0.005512
3458    0.006587
3563    0.005171
3592    0.004484
3618    0.002845
3647    0.006953
3661    0.005930
3726    0.002869
3732    0.003623
3743    0.002457
3789    0.003409
3824    0.004960
3826    0.004960
3842    0.002666
3847    0.005298
3850    0.003014
3861    0.004008
3903    0.003101
3919    0.006325
3921    0.009778
3925    0.008083
3943    0.003646
4023    0.004099
4137    0.002001
4151    0.003554
4153    0.003885
4173    0.011318
4231    0.006111
4235    0.006925
4240    0.001683
4260    0.002973
4267    0.004146
4282    0.004960
4287    0.006111
4389    0.004303
4390    0.003279
4461    0.003056
4468    0.004222
4481    0.006325
4485    0.006325
4516    0.003554
4581    0.003885
4583    0.006925
4613    0.005512
4756    0.007401
4811    0.003554
4870    0.002538
4899    0.002431
4937    0.005774
5043    0.004835
5061    0.013174
5062    0.008214
5063    0.005512
5074    0.002730
5075    0.004288
5080    0.005036
5096    0.002152
5103    0.003945
5118    0.006925
5125    0.006925
5225    0.008016
5260    0.009999
5264    0.015657
5414    0.002933
5493    0.014094
5567    0.002310
5578    0.006232
5614    0.002821
5618    0.007401
5635    0.005930
5706    0.004346
5719    0.007000
5727    0.006587
5735    0.006325
5738    0.005930
5739    0.011654
5765    0.005204
5869    0.004534
5899    0.003599
5920    0.004889
6036    0.004008
6050    0.002797
6157    0.006587
6291    0.009778
6319    0.003914
6323    0.003800
6355    0.008214
6425    0.004262
6444    0.005774
6501    0.004758
6516    0.006925
6596    0.002068
6598    0.004238
6630    0.003885
6638    0.006925
6644    0.004698
6744    0.006925
6758    0.003583
6761    0.002250
6762    0.003178
6809    0.003511
6927    0.005774
6994    0.004262
7033    0.008214
7054    0.006587
7078    0.004960
7134    0.011861
7141    0.003671
7142    0.003599
7173    0.010110
7181    0.002741
7192    0.003511
7194    0.003116
7330    0.002457
7425    0.005298
7509    0.004346
7544    0.006325
7600    0.003695
7619    0.005151
7642    0.009944
7650    0.003071
7709    0.007493
7779    0.003279
7787    0.003623
7834    0.005512
7858    0.006587
7860    0.009282
7867    0.013850
7894    0.005117
7982    0.006587
7989    0.002869
8019    0.003956
8025    0.011251
8040    0.002081
8078    0.004956
8153    0.004222
8200    0.003333
8218    0.007982
8233    0.006293
8281    0.003976
8310    0.006111
8317    0.012650
8369    0.006111
8395    0.011086
8407    0.007108
8442    0.003116
8446    0.002228
8500    0.001806
8536    0.003646
8568    0.001831
8630    0.001411
8634    0.007401
8638    0.003409
8663    0.007401
8668    0.006925
8735    0.005512
8935    0.004960
8973    0.005298
9136    0.010663
9187    0.008214
9208    0.005512
9256    0.002946
9311    0.003976
9361    0.005789
9395    0.004822
9399    0.005298
9459    0.003885
9486    0.004889
9517    0.001916
9518    0.001748
9533    0.002557
9621    0.006325
9631    0.003131
9664    0.005504
9747    0.003333
9873    0.002557
9878    0.004641
9893    0.007401
9947    0.001916
10078    0.008214
10105    0.004682
10140    0.007815
10186    0.008221
10285    0.005774
10290    0.002845
10303    0.006925
10421    0.003297
10611    0.006938
10803    0.003279
10822    0.005930
10836    0.008692
10837    0.001293
10942    0.027744
10943    0.003914
11093    0.003101
11112    0.002280
11117    0.002037
11180    0.005525
11181    0.006817
11207    0.002946
11218    0.003515
11289    0.003101
11434    0.004515
11503    0.001916
11519    0.003333
11549    0.006325
11567    0.003577
11570    0.002566
11579    0.006587
11607    0.009920
11683    0.001547
11729    0.002697
11747    0.003056
11757    0.002752
11841    0.004067
12064    0.009785
12085    0.002857
12100    0.006925
12245    0.002166
12268    0.007401
12273    0.002585
12283    0.008087
12307    0.039732
12308    0.005930
12309    0.021294
12345    0.004486
12470    0.005204
12504    0.008214
12505    0.005945
12508    0.004146
12519    0.001961
12660    0.002959
12759    0.005204
12853    0.002615
12855    0.001900
12904    0.004305
12907    0.003297
12916    0.005036
12920    0.004222
12927    0.002774
12961    0.005930
12999    0.002704
13008    0.003577
13050    0.002074
13053    0.006925
13145    0.003856
13225    0.005774
13228    0.002635
13269    0.006925
13348    0.003351
13353    0.003178
13434    0.002238
13462    0.003623
13501    0.031306
13505    0.005512
13519    0.005635
13565    0.004889
13640    0.005635
13647    0.004359
13691    0.004436
13836    0.004698
13877    0.031036
13886    0.002050
13909    0.003245
13910    0.004515
13939    0.002414
14014    0.004041
14065    0.010675
14066    0.004758
14099    0.003976
14105    0.024643
14256    0.006111
14322    0.003746
14406    0.002492
14425    0.019327
14446    0.006325
14510    0.006925
14536    0.003554
14537    0.002310
14604    0.007029
14663    0.006587
14741    0.002933
14742    0.002515
14743    0.004758
14793    0.005930
14796    0.002625
14883    0.005635
14944    0.003333
14961    0.004758
15016    0.003389
15019    0.017344
15063    0.004698
15088    0.008214
15095    0.005774
15140    0.002250
15212    0.004075
15271    0.003028
15343    0.008780
15344    0.006000
15503    0.003279
15585    0.007401
15659    0.005400
15660    0.004303
15710    0.003469
15744    0.006925
15778    0.003071
15782    0.004822
15785    0.005930
15792    0.002907
15820    0.005690
15822    0.002440
15906    0.002833
15927    0.006857
15935    0.006925
15997    0.004889
16094    0.003071
16167    0.004303
16252    0.004436
16255    0.007401
16306    0.006587
16307    0.006325
16309    0.005635
16317    0.003511
16333    0.004075
16379    0.006111
16422    0.006925
16485    0.005331
16489    0.004110
16490    0.003599
16498    0.004390
16501    0.002414
16510    0.004146
16585    0.010028
16623    0.006587
16657    0.011012
16668    0.004484
16691    0.006925
16734    0.001648
16941    0.004606
16944    0.002214
16952    0.003469
16977    0.005400
17037    0.002595
17066    0.003695
17074    0.012284
17075    0.006389
17117    0.002007
17144    0.003704
17193    0.006925
17221    0.004184
17272    0.006587
17320    0.004586
17326    0.004960
17331    0.003042
17345    0.003695
17369    0.003262
17395    0.004390
17451    0.003409
17525    0.004960
17643    0.002538
17645    0.005400
17670    0.004436
17679    0.005512
17695    0.004436
17757    0.004041
17819    0.005117
17830    0.002882
17857    0.004390
17873    0.004041
17949    0.007108
17951    0.004641
17966    0.003162
18035    0.006325
18037    0.003827
18069    0.007401
18098    0.003279
18105    0.004303
18167    0.012640
18173    0.004436
18179    0.011731
18182    0.001267
18185    0.006111
18186    0.003086
18190    0.007545
18203    0.002730
18256    0.004075
18277    0.005512
18282    0.003820
18307    0.004436
18335    0.004960
18376    0.006587
18377    0.005930
18383    0.015340
18411    0.006857
18474    0.005930
18477    0.005117
18548    0.006325
18551    0.005204
18566    0.005400
18619    0.002113
18652    0.004265
18655    0.010499
18678    0.005635
18754    0.005400
18781    0.006925
18792    0.008214
18815    0.005512
18821    0.006325
18882    0.001772
18888    0.002752
18901    0.003800
18927    0.031222
18993    0.011654
19043    0.013633
19085    0.003945
19124    0.004390
19212    0.003351
19266    0.011905
19327    0.003877
19328    0.004075
19366    0.002283
19410    0.003039
19457    0.004075
19460    0.001905
19462    0.004960
19473    0.005635
19499    0.005298
19512    0.004534
19543    0.002907
19546    0.003976
19617    0.004390
19662    0.004586
19707    0.002687
19756    0.004436
19772    0.002797
19773    0.002062
19820    0.005549
19844    0.000768
19945    0.004346
20082    0.003532
20090    0.001394
20113    0.005117
20131    0.004346
20182    0.005298
20228    0.003914
20260    0.000698
20335    0.006325
20374    0.006587
20464    0.004931
20534    0.002741
20601    0.002845
20627    0.003297
20637    0.006325
20688    0.003856
20700    0.004390
20706    0.005930
20797    0.004889
20800    0.005298
20801    0.005298
20841    0.002166
20868    0.001811
20894    0.002265
20927    0.001990
20946    0.002214
20983    0.002566
20999    0.005774
21011    0.012667
21016    0.003116
21058    0.004812
21087    0.002389
21114    0.004586
21129    0.001852
21150    0.002810
21247    0.001191
21290    0.002986
21306    0.022594
21307    0.002676
21310    0.006666
21348    0.004698
