101
702    0.018870
1245    0.019428
1255    0.023804
1309    0.033305
1439    0.025377
1699    0.006022
1741    0.009504
2865    0.071291
3473    0.017869
3479    0.025600
3485    0.021808
3743    0.015168
3745    0.022366
4202    0.021545
4926    0.036872
5064    0.042753
5096    0.026576
5298    0.034792
5414    0.036213
5610    0.027993
5623    0.027104
5745    0.020691
5924    0.023983
6403    0.024746
6679    0.025600
7097    0.019525
7498    0.042753
7802    0.006723
7948    0.023292
8078    0.010199
8218    0.012320
8476    0.016205
8489    0.021166
8496    0.061245
8602    0.081336
8786    0.022662
8836    0.040668
8956    0.050714
9454    0.014701
9455    0.024746
9951    0.037730
10215    0.017271
10306    0.050714
10809    0.039051
10892    0.022678
11683    0.009553
11744    0.015168
12675    0.031337
12769    0.042753
12864    0.015784
12987    0.007279
13530    0.020577
13863    0.025377
14480    0.082308
14481    0.050321
14604    0.010850
14611    0.027389
14669    0.032707
14742    0.005177
14743    0.058755
14902    0.040668
15142    0.118949
15210    0.018026
15229    0.023129
15334    0.024355
15777    0.050714
15778    0.075840
15791    0.039050
15910    0.018352
16527    0.067958
16529    0.014453
16532    0.023129
16585    0.011792
16732    0.012616
16941    0.018959
17052    0.022662
17108    0.058575
17366    0.019332
17373    0.029006
18055    0.023129
18057    0.027684
18167    0.007804
18182    0.023470
18703    0.026313
18987    0.037920
19327    0.011967
19349    0.021545
19426    0.009960
19535    0.018436
19844    0.004744
20090    0.025812
20260    0.004311
20413    0.028652
20557    0.016785
20582    0.019051
20648    0.019928
20860    0.030623
20868    0.011183
21150    0.005783
21152    0.022662
21247    0.007352
