824
147    0.001530
161    0.002199
219    0.001445
272    0.004390
288    0.002079
300    0.004691
319    0.003660
348    0.002444
388    0.004691
426    0.004176
428    0.002501
451    0.003638
453    0.002501
503    0.005207
621    0.001827
632    0.003144
646    0.003572
716    0.002874
773    0.002079
786    0.002036
896    0.003144
927    0.005749
984    0.004691
1074    0.004390
1081    0.002463
1130    0.004010
1163    0.002463
1167    0.005207
1173    0.002702
1197    0.005207
1222    0.005404
1229    0.004691
1240    0.006605
1242    0.001867
1272    0.001902
1283    0.002781
1333    0.003759
1354    0.005207
1361    0.003874
1403    0.011793
1435    0.002728
1439    0.002606
1451    0.003718
1458    0.002375
1484    0.005207
1490    0.001399
1529    0.014034
1539    0.005207
1578    0.005207
1601    0.004176
1630    0.008780
1633    0.004888
1665    0.002874
1672    0.004691
1673    0.004691
1675    0.004691
1683    0.007145
1686    0.005124
1691    0.003315
1698    0.001413
1699    0.001237
1712    0.001835
1740    0.009508
1741    0.001952
1746    0.003194
1762    0.008011
1790    0.004691
1792    0.002812
1816    0.002629
1823    0.004176
1846    0.001819
1862    0.001061
1870    0.005207
1900    0.008019
1919    0.001827
1929    0.005207
1941    0.001670
1946    0.002629
1949    0.001744
1979    0.005207
2008    0.009635
2010    0.004390
2012    0.005207
2013    0.010414
2014    0.020677
2015    0.007175
2019    0.005207
2029    0.005207
2047    0.001479
2084    0.007276
2092    0.002521
2102    0.002606
2117    0.002907
2120    0.001651
2173    0.001552
2174    0.004888
2186    0.003358
2234    0.003572
2256    0.005207
2277    0.003279
2310    0.005207
2318    0.005207
2331    0.005207
2345    0.002463
2396    0.002807
2402    0.004176
2406    0.005207
2408    0.005207
2432    0.002698
2567    0.003016
2574    0.005207
2599    0.004691
2604    0.001811
2609    0.001985
2657    0.005207
2684    0.003503
2688    0.003638
2695    0.005207
2706    0.001450
2723    0.001455
2743    0.013169
2806    0.001835
2807    0.005207
2819    0.001651
2861    0.002481
2877    0.004010
2882    0.056789
2914    0.003244
2920    0.002296
3005    0.003759
3022    0.004691
3084    0.002812
3089    0.003729
3092    0.003358
3126    0.010248
3166    0.003494
3191    0.002783
3198    0.003192
3217    0.004176
3253    0.004390
3306    0.002702
3309    0.002212
3311    0.003423
3338    0.002267
3340    0.003016
3341    0.001670
3345    0.005207
3400    0.002755
3424    0.005207
3480    0.005207
3563    0.003278
3567    0.001225
3571    0.001919
3592    0.002843
3603    0.002942
3623    0.004691
3635    0.002173
3641    0.003660
3647    0.002938
3759    0.004176
3842    0.006759
3847    0.016792
3850    0.001910
3886    0.002375
3887    0.003572
3912    0.002521
3923    0.004691
3963    0.005207
3976    0.003660
4025    0.003144
4028    0.002101
4055    0.002629
4081    0.006846
4088    0.004691
4153    0.002463
4161    0.005207
4176    0.002755
4188    0.003144
4191    0.003759
4195    0.001404
4211    0.004390
4260    0.001884
4366    0.005207
4380    0.002997
4450    0.002825
4472    0.004390
4532    0.003099
4534    0.004390
4599    0.002874
4627    0.004691
4635    0.008780
4765    0.004691
4813    0.005207
4817    0.002812
4899    0.001541
4904    0.008826
4921    0.004176
4932    0.003299
4971    0.003494
5017    0.005207
5018    0.003016
5043    0.001532
5070    0.003494
5074    0.001730
5075    0.000906
5096    0.001364
5316    0.004010
5333    0.004176
5352    0.001902
5365    0.005207
5396    0.004691
5421    0.067694
5440    0.004050
5452    0.004010
5457    0.003759
5460    0.005207
5493    0.002978
5501    0.001034
5532    0.001303
5578    0.001975
5599    0.004390
5602    0.007279
5697    0.005207
5708    0.002728
5710    0.005207
5717    0.002025
5745    0.002125
5818    0.003572
5826    0.022705
5830    0.007748
5844    0.003244
5866    0.001395
5977    0.001408
5988    0.002113
6038    0.002812
6043    0.006198
6046    0.002978
6096    0.004691
6114    0.003660
6130    0.002907
6147    0.005207
6172    0.005207
6192    0.003244
6202    0.006289
6337    0.010414
6430    0.004535
6468    0.003660
6487    0.003144
6557    0.003299
6558    0.003423
6596    0.002622
6598    0.001343
6628    0.001609
6631    0.005207
6663    0.002501
6673    0.003358
6689    0.002702
6697    0.005211
6734    0.002161
6769    0.002677
6809    0.002226
6823    0.005207
6825    0.004010
6857    0.015622
6888    0.003244
6901    0.003660
6908    0.001288
6930    0.008437
6961    0.004390
6984    0.003104
7088    0.002375
7105    0.004390
7106    0.003572
7142    0.002282
7168    0.007254
7176    0.002652
7194    0.001975
7196    0.003057
7199    0.003218
7254    0.002978
7351    0.001796
7364    0.002606
7456    0.001759
7459    0.002874
7478    0.003874
7502    0.005207
7525    0.003660
7531    0.004055
7555    0.004010
7586    0.003759
7595    0.003380
7598    0.003016
7602    0.002783
7711    0.003874
7753    0.001422
7764    0.005207
7767    0.004176
7780    0.005207
7802    0.000690
7822    0.003759
7833    0.004006
7872    0.005207
7943    0.004691
7987    0.002068
7988    0.002541
7995    0.005207
8019    0.001254
8068    0.006236
8076    0.005207
8087    0.003423
8093    0.005207
8128    0.005207
8181    0.001703
8232    0.005207
8239    0.005207
8312    0.005207
8402    0.003423
8404    0.003572
8472    0.005207
8534    0.001677
8561    0.004390
8568    0.001161
8573    0.005124
8581    0.001155
8583    0.004691
8630    0.008052
8638    0.002161
8641    0.004691
8658    0.005207
8711    0.005410
8751    0.004691
8777    0.002239
8781    0.001603
8805    0.006637
8807    0.003660
8848    0.003016
8862    0.002583
8892    0.005207
9016    0.001859
9038    0.005207
9044    0.003192
9126    0.002359
9132    0.003874
9136    0.002253
9148    0.003874
9153    0.001919
9160    0.002521
9179    0.004424
9256    0.003735
9276    0.003244
9280    0.002392
9282    0.004672
9293    0.003572
9361    0.001835
9404    0.004691
9408    0.002907
9411    0.001977
9424    0.004451
9436    0.005207
9483    0.005207
9518    0.001108
9657    0.004176
9664    0.001744
9749    0.002652
9750    0.003759
9753    0.004010
9817    0.004691
9826    0.004176
9868    0.004691
9881    0.002521
9947    0.001215
9957    0.004390
9970    0.005207
10016    0.003572
10017    0.005207
10064    0.002392
10091    0.005207
10096    0.002501
10140    0.001651
10146    0.002501
10215    0.001773
10244    0.002481
10261    0.001303
10274    0.004010
10290    0.009017
10338    0.001489
10363    0.003192
10395    0.026316
10397    0.019228
10411    0.004157
10478    0.002444
10570    0.008019
10669    0.003874
10689    0.002173
10697    0.002444
10727    0.009383
10754    0.004691
10836    0.002755
10837    0.000819
10846    0.001744
10850    0.003144
10892    0.003493
10895    0.003192
10897    0.003040
10921    0.014074
11010    0.004010
11014    0.032478
11016    0.017652
11051    0.002562
11060    0.004390
11087    0.001819
11093    0.001966
11103    0.000591
11117    0.001292
11180    0.002335
11181    0.005762
11201    0.002465
11218    0.001114
11301    0.004010
11316    0.004390
11317    0.004390
11318    0.004691
11322    0.005207
11334    0.003148
11338    0.004691
11399    0.002444
11401    0.002812
11434    0.002862
11443    0.005207
11499    0.002812
11502    0.003660
11503    0.004859
11528    0.001723
11530    0.002501
11531    0.001759
11579    0.004176
11683    0.000981
11750    0.002790
11758    0.004176
11760    0.005207
11782    0.005166
11824    0.003192
11827    0.003423
11841    0.001719
12005    0.001047
12042    0.002343
12043    0.003423
12056    0.004691
12085    0.001811
12087    0.003358
12122    0.003921
12123    0.005207
12132    0.006487
12166    0.001938
12186    0.003759
12230    0.003229
12273    0.006556
12276    0.004390
12277    0.008265
12278    0.004691
12279    0.006198
12283    0.001025
12300    0.002670
12319    0.002874
12365    0.001947
12416    0.002253
12480    0.002942
12551    0.004068
12560    0.003016
12607    0.003660
12608    0.003572
12613    0.002375
12641    0.003423
12643    0.004176
12644    0.003244
12648    0.002978
12659    0.003518
12661    0.007957
12668    0.002239
12684    0.001096
12688    0.004691
12696    0.005207
12702    0.012527
12733    0.046865
12734    0.015622
12759    0.003299
12763    0.002343
12764    0.011497
12817    0.001773
12836    0.002843
12840    0.003572
12855    0.002409
12861    0.003572
12864    0.001621
12873    0.003016
12907    0.002090
12911    0.001677
12978    0.004478
12987    0.000747
13008    0.004535
13009    0.003423
13096    0.002541
13155    0.003494
13157    0.008849
13179    0.003875
13232    0.002942
13307    0.003572
13311    0.004564
13319    0.001696
13347    0.002409
13355    0.001211
13357    0.002187
13361    0.002136
13370    0.004817
13388    0.003931
13393    0.021434
13415    0.003572
13434    0.004728
13466    0.001218
13467    0.003759
13474    0.003144
13479    0.003759
13560    0.005207
13568    0.001910
13577    0.005207
13580    0.001269
13647    0.004145
13649    0.008352
13762    0.003759
13806    0.004176
13810    0.005207
13886    0.003898
13897    0.004888
13931    0.004390
13938    0.004176
13939    0.001530
13987    0.004176
14014    0.005124
14052    0.004691
14065    0.001846
14130    0.002212
14135    0.002978
14212    0.003299
14247    0.004010
14270    0.005207
14303    0.001499
14313    0.004691
14385    0.003423
14386    0.005207
14406    0.003160
14475    0.002843
14502    0.004691
14528    0.004390
14537    0.001464
14579    0.004925
14607    0.003532
14640    0.003660
14642    0.003358
14661    0.005207
14717    0.002173
14726    0.002541
14742    0.000532
14754    0.002079
14855    0.005207
14869    0.004176
14883    0.003572
14962    0.005207
14973    0.005207
14975    0.005207
15038    0.002677
15039    0.004390
15063    0.001489
15072    0.002606
15117    0.004691
15122    0.005207
15123    0.005207
15127    0.003192
15128    0.003759
15185    0.003244
15197    0.015622
15204    0.001730
15220    0.003299
15229    0.002375
15295    0.005207
15377    0.004691
15394    0.003299
15400    0.002253
15401    0.004691
15469    0.003759
15555    0.003592
15584    0.004691
15704    0.003494
15705    0.003358
15712    0.001664
15713    0.004817
15732    0.003759
15781    0.003423
15788    0.004390
15807    0.008265
15903    0.003057
15909    0.006385
15910    0.001884
15913    0.003660
15967    0.005207
16030    0.001910
16061    0.003099
16107    0.004390
16116    0.003093
16138    0.005207
16144    0.003572
16205    0.002702
16231    0.007145
16265    0.002501
16278    0.004390
16326    0.008352
16391    0.002942
16490    0.002282
16501    0.001530
16564    0.010414
16578    0.002426
16585    0.004541
16600    0.005207
16602    0.015622
16603    0.005207
16612    0.012705
16613    0.003759
16650    0.008935
16658    0.008352
16659    0.003494
16693    0.005207
16707    0.020635
16724    0.001811
16729    0.006789
16732    0.001295
16733    0.005207
16734    0.004178
16788    0.003874
16789    0.010414
16791    0.004817
16817    0.005207
16846    0.004176
16921    0.002079
16941    0.000973
16950    0.002501
16951    0.004390
16952    0.002199
16954    0.002629
16958    0.002212
17020    0.005207
17037    0.001645
17051    0.001525
17094    0.002481
17097    0.004390
17117    0.001273
17122    0.002521
17123    0.002978
17144    0.001174
17179    0.026036
17180    0.005207
17219    0.003244
17243    0.048117
17245    0.042223
17313    0.002359
17345    0.002343
17347    0.002161
17366    0.001985
17368    0.003358
17369    0.002068
17383    0.005207
17391    0.005207
17407    0.001677
17438    0.004750
17475    0.005207
17484    0.000868
17632    0.002755
17669    0.001236
17707    0.004390
17804    0.003660
17814    0.001696
17817    0.004852
17819    0.006487
17875    0.002125
17966    0.004010
17970    0.007519
18003    0.001985
18034    0.003759
18038    0.003358
18041    0.003144
18068    0.002978
18182    0.005623
18203    0.003461
18223    0.002728
18282    0.004036
18290    0.004390
18361    0.004390
18362    0.004176
18400    0.003874
18407    0.003759
18409    0.005207
18460    0.006289
18462    0.012131
18467    0.013433
18558    0.006846
18611    0.004010
18612    0.005207
18614    0.002907
18672    0.003572
18706    0.003016
18725    0.002101
18828    0.003660
18887    0.002392
18888    0.001744
18895    0.005207
18897    0.005207
18898    0.001975
18933    0.003494
18981    0.008780
18985    0.004390
18986    0.004691
18992    0.002267
19043    0.001440
19048    0.002907
19086    0.003057
19106    0.002312
19108    0.004691
19127    0.006801
19128    0.001902
19177    0.001494
19190    0.004691
19225    0.001752
19261    0.001557
19262    0.003532
19266    0.003019
19278    0.003737
19309    0.002046
19351    0.002907
19354    0.003874
19357    0.004176
19366    0.001447
19370    0.003315
19383    0.002409
19394    0.005041
19416    0.001773
19426    0.001023
19428    0.004176
19535    0.001893
19569    0.005624
19585    0.007519
19589    0.005124
19652    0.002812
19662    0.002907
19670    0.003299
19688    0.034940
19692    0.005207
19709    0.007320
19771    0.004691
19815    0.004691
19819    0.005207
19820    0.003518
19822    0.002843
19836    0.002426
19844    0.001948
19938    0.004691
20090    0.006184
20226    0.002677
20260    0.000443
20275    0.001276
20281    0.001884
20366    0.002907
20382    0.005353
20426    0.003144
20468    0.002755
20481    0.004925
20486    0.005207
20505    0.006289
20507    0.003099
20545    0.002978
20560    0.002942
20561    0.004691
20562    0.015496
20571    0.005207
20595    0.003358
20628    0.002426
20629    0.005167
20662    0.005207
20700    0.005566
20705    0.004390
20714    0.001717
20717    0.001327
20742    0.002392
20764    0.003874
20765    0.004176
20776    0.002409
20797    0.003099
20803    0.003101
20807    0.004478
20824    0.010506
20827    0.002677
20844    0.001087
20848    0.001352
20868    0.001148
20894    0.001436
20902    0.010300
20905    0.003759
20926    0.004010
20927    0.002523
20946    0.002807
21058    0.004575
21085    0.002046
21111    0.002173
21122    0.001710
21129    0.005870
21132    0.002312
21150    0.003563
21181    0.005207
21243    0.001181
21247    0.007549
21253    0.017175
21254    0.014586
21258    0.005041
21259    0.004623
21266    0.001408
21290    0.001893
21326    0.005207
