461
51    0.008339
73    0.007508
147    0.003056
251    0.006588
352    0.007134
433    0.006279
441    0.009911
481    0.004391
539    0.004500
632    0.006279
666    0.008889
773    0.008303
863    0.010407
941    0.008008
994    0.010399
1017    0.005448
1142    0.006707
1162    0.009369
1209    0.009369
1242    0.003729
1244    0.017220
1250    0.005296
1325    0.008008
1361    0.007737
1413    0.005448
1436    0.003746
1456    0.004743
1490    0.002794
1517    0.009369
1612    0.007737
1677    0.004243
1680    0.004391
1681    0.004267
1691    0.003310
1698    0.002821
1699    0.002470
1762    0.002666
1862    0.002119
1947    0.005740
1967    0.007134
1972    0.005558
2057    0.007737
2093    0.006221
2173    0.006199
2224    0.004315
2226    0.005249
2343    0.005502
2344    0.007535
2380    0.004710
2400    0.007309
2432    0.001796
2458    0.004955
2486    0.007508
2547    0.007309
2587    0.005116
2676    0.005296
2684    0.003498
2688    0.003632
2745    0.003088
2806    0.003664
2819    0.003298
2979    0.008339
3029    0.004586
3084    0.005616
3112    0.007309
3132    0.009369
3238    0.003815
3311    0.006836
3318    0.006024
3341    0.003336
3391    0.010399
3460    0.012558
3567    0.002447
3575    0.005116
3587    0.008767
3623    0.009369
3635    0.004340
3656    0.010399
3788    0.004710
3840    0.009369
3841    0.009369
3912    0.005034
3925    0.005116
3942    0.004472
3990    0.009369
4023    0.002595
4188    0.006279
4301    0.004647
4319    0.010318
4450    0.002821
4501    0.003964
4516    0.004500
4536    0.004340
4567    0.008767
4608    0.007508
4696    0.006978
4756    0.009369
4775    0.006978
4777    0.004129
4792    0.008767
4899    0.006155
5043    0.001530
5044    0.004472
5093    0.004291
5110    0.012048
5116    0.006279
5117    0.010399
5170    0.005616
5211    0.004616
5220    0.004472
5268    0.005875
5280    0.006588
5331    0.004994
5332    0.006279
5467    0.010399
5495    0.001995
5501    0.002064
5532    0.002603
5548    0.004647
5549    0.004528
5666    0.008767
5719    0.005908
5725    0.004500
5731    0.010399
5739    0.009835
5773    0.006707
5844    0.006478
5856    0.003336
5975    0.003189
6023    0.009369
6050    0.007083
6061    0.006836
6113    0.010399
6238    0.008339
6316    0.010399
6323    0.004810
6372    0.002475
6388    0.041596
6390    0.010399
6425    0.005396
6444    0.007309
6487    0.006279
6624    0.005616
6649    0.010399
6673    0.040240
6677    0.016015
6705    0.003527
6758    0.002268
6761    0.008546
6809    0.004445
6876    0.008008
6881    0.015223
6885    0.007737
6937    0.011232
6983    0.005616
6994    0.005396
7097    0.008007
7106    0.007134
7168    0.008278
7173    0.004267
7188    0.003680
7192    0.004445
7194    0.007889
7195    0.010399
7208    0.008767
7456    0.007025
7460    0.004528
7476    0.005806
7524    0.002974
7583    0.005558
7600    0.004678
7628    0.007309
7650    0.003888
7787    0.009172
7802    0.006893
7985    0.005116
7992    0.009369
8063    0.008767
8116    0.002255
8152    0.009369
8181    0.003401
8228    0.006375
8284    0.008008
8323    0.003746
8407    0.004500
8446    0.005642
8504    0.005875
8556    0.010399
8568    0.002319
8596    0.002759
8610    0.010399
8630    0.005360
8803    0.008008
8977    0.006588
8983    0.008008
9002    0.009621
9023    0.003906
9058    0.010399
9093    0.007508
9137    0.005396
9209    0.002371
9210    0.003888
9361    0.003664
9432    0.006588
9433    0.008008
9899    0.007508
9953    0.010399
9979    0.005502
9980    0.008731
10064    0.004776
10095    0.004616
10097    0.010399
10135    0.010399
10158    0.009369
10182    0.008767
10191    0.013955
10292    0.008767
10349    0.007309
10589    0.003869
10593    0.005502
10646    0.049029
10803    0.004151
10822    0.007508
10846    0.003484
10892    0.002325
10897    0.006070
10920    0.008339
10932    0.009356
10942    0.007025
11103    0.002359
11112    0.002886
11180    0.002332
11181    0.011506
11225    0.004340
11279    0.007595
11289    0.003925
11355    0.004042
11439    0.004243
11487    0.010399
11570    0.003249
11735    0.006189
11750    0.002785
11782    0.002579
11787    0.006707
11788    0.005396
11789    0.010399
11841    0.005148
11960    0.008008
12039    0.009369
12047    0.006478
12064    0.012388
12115    0.008767
12254    0.026300
12255    0.010399
12268    0.009369
12289    0.010399
12290    0.020798
12307    0.012575
12309    0.007702
12482    0.010399
12522    0.003415
12548    0.003362
12572    0.011116
12657    0.008767
12660    0.003746
12684    0.004378
12765    0.003249
12856    0.007737
12867    0.004776
12873    0.006024
12907    0.004174
12911    0.003349
12912    0.010399
12927    0.003512
12928    0.003798
12951    0.005677
12958    0.006978
12959    0.010399
12978    0.013415
12979    0.013955
12983    0.003025
12987    0.017912
12999    0.006847
13004    0.008339
13008    0.004528
13050    0.007878
13297    0.013413
13319    0.006776
13388    0.011776
13434    0.000944
13466    0.004865
13501    0.007926
13581    0.005806
13742    0.007134
13821    0.006478
13857    0.008767
13886    0.002595
13899    0.008347
13910    0.002858
13939    0.006113
13966    0.010399
13999    0.005502
14065    0.004914
14255    0.006978
14303    0.002994
14391    0.004391
14425    0.004893
14439    0.017529
14446    0.016015
14447    0.010399
14604    0.008899
14682    0.006707
14729    0.006104
14742    0.001061
14754    0.020756
14765    0.009369
14821    0.008008
14835    0.006978
14842    0.006707
14863    0.014866
14865    0.008048
14893    0.008767
14895    0.007508
14899    0.010399
14919    0.006104
14935    0.010399
14942    0.006024
15033    0.004810
15137    0.005875
15140    0.005697
15299    0.008130
15368    0.004955
15400    0.004500
15488    0.004004
15497    0.003484
15710    0.008783
15732    0.007508
15814    0.013955
15820    0.003601
15821    0.004500
15822    0.003088
15872    0.010399
15910    0.003763
15919    0.006279
15942    0.006478
15972    0.009369
16014    0.006588
16029    0.004108
16116    0.003088
16136    0.006588
16167    0.005448
16237    0.002858
16274    0.072793
16454    0.112428
16484    0.005558
16485    0.003375
16487    0.005677
16542    0.010399
16578    0.004845
16585    0.011486
16606    0.008339
16734    0.006258
16950    0.004994
16954    0.005249
16958    0.004418
16963    0.010399
16976    0.006189
16984    0.008767
16992    0.010399
17074    0.011663
17075    0.008089
17077    0.010407
17079    0.010232
17103    0.003798
17366    0.003964
17373    0.005948
17374    0.005204
17451    0.004315
17461    0.010399
17471    0.004710
17529    0.003984
17610    0.010399
17637    0.006478
17643    0.003213
17681    0.009369
17733    0.010399
17755    0.005558
17761    0.005396
17811    0.004647
18167    0.006401
18186    0.003906
18190    0.004776
18203    0.003456
18204    0.005345
18241    0.010399
18282    0.004837
18319    0.003484
18436    0.006189
18463    0.008339
18465    0.009369
18466    0.009369
18536    0.006836
18718    0.062394
18818    0.009369
18882    0.002243
18898    0.003945
18951    0.005034
18981    0.008767
19043    0.020136
19050    0.006189
19064    0.013176
19133    0.005875
19204    0.004129
19213    0.005159
19226    0.004936
19366    0.001445
19370    0.003310
19399    0.008339
19404    0.010399
19535    0.003780
19662    0.005806
19736    0.004196
19746    0.007737
19757    0.005159
19773    0.002610
19836    0.004845
19963    0.010399
20025    0.009369
20163    0.009369
20170    0.008339
20191    0.010399
20251    0.008533
20260    0.000884
20275    0.005097
20316    0.008767
20534    0.003470
20601    0.003601
20634    0.010399
20713    0.002812
20714    0.006856
20717    0.007951
20803    0.010320
20867    0.008767
20881    0.006707
20901    0.003225
20927    0.002519
20956    0.004129
21039    0.005558
21058    0.006091
21113    0.004955
21115    0.012199
21118    0.012072
21122    0.003415
21133    0.005806
21146    0.004315
21150    0.004743
21234    0.006836
21247    0.003015
21307    0.003388
21310    0.004219
21322    0.007737
