162
469    0.010472
576    0.030314
702    0.012520
822    0.016693
851    0.014839
1138    0.022577
1440    0.014125
1483    0.025909
1490    0.018082
1699    0.003995
1741    0.006305
1924    0.019244
2003    0.013432
2114    0.013361
2432    0.005810
2604    0.023405
2793    0.023649
2939    0.033647
3096    0.015564
3483    0.013578
3485    0.014469
3615    0.030691
3693    0.019010
3701    0.028365
3859    0.023083
3944    0.021340
4003    0.021700
4084    0.013883
4195    0.009070
4406    0.016984
4536    0.014043
4637    0.016554
4662    0.011907
4765    0.030314
4926    0.012232
5043    0.004951
5096    0.008816
5501    0.006678
5548    0.015035
5745    0.013728
5771    0.020025
5860    0.025909
5983    0.028365
6096    0.060628
6313    0.015564
6429    0.013578
6635    0.028365
6679    0.016984
7015    0.025909
7099    0.033386
7429    0.020317
7571    0.026306
7802    0.008921
7815    0.028365
7902    0.016837
7909    0.016554
8068    0.013432
8163    0.023083
8218    0.016348
8489    0.014043
8596    0.008927
9009    0.016418
9127    0.016554
9143    0.013086
9200    0.009157
9256    0.024133
9296    0.025032
9411    0.006388
9426    0.020317
9484    0.039058
9502    0.013652
9812    0.011753
10074    0.019308
10219    0.023649
10261    0.008421
10478    0.015793
10892    0.007523
11007    0.016984
11064    0.019010
11103    0.003817
11203    0.011855
11216    0.020959
11268    0.033647
11473    0.019010
11876    0.028365
12085    0.011703
12283    0.006626
12436    0.033647
12519    0.008032
12551    0.008761
12605    0.025908
12606    0.020317
12618    0.014125
12889    0.007716
12904    0.008816
13295    0.017458
13352    0.010172
13538    0.022577
13863    0.016837
13939    0.009889
14056    0.028365
14217    0.020317
14439    0.008102
14480    0.095564
14481    0.033386
14497    0.033647
14537    0.009462
14577    0.033647
14742    0.003434
14815    0.020271
15072    0.016837
15142    0.013153
15367    0.038488
15368    0.016033
15400    0.014559
15507    0.017458
15728    0.020959
15786    0.030314
15791    0.038862
16063    0.013290
16069    0.028365
16094    0.012579
16396    0.015035
16527    0.011272
16529    0.019178
16531    0.017983
16585    0.019559
16705    0.008816
16732    0.008370
16921    0.013432
16941    0.006289
17053    0.013578
17226    0.141824
17484    0.005609
17572    0.024291
17864    0.028365
18007    0.035253
18167    0.005178
18182    0.005190
18205    0.018171
18336    0.018786
18567    0.014559
18619    0.008654
19009    0.021700
19010    0.016837
19145    0.063946
19278    0.006036
19327    0.007939
19433    0.012701
19460    0.007804
19485    0.013728
19945    0.017801
19976    0.026982
20090    0.005709
20260    0.008581
20274    0.011703
20570    0.033647
20582    0.012640
20868    0.007419
20983    0.021022
21058    0.009855
21247    0.009756
