148
219    0.010613
333    0.009571
502    0.026880
521    0.032240
799    0.022449
1099    0.013475
1116    0.016652
1175    0.030668
1245    0.014650
1280    0.028452
1309    0.012558
1422    0.023822
1496    0.020439
1699    0.009082
1741    0.007167
1903    0.030668
2281    0.014873
2347    0.025140
2396    0.010309
2497    0.023445
2711    0.016150
2819    0.012128
2895    0.030668
3089    0.009129
3208    0.038243
3473    0.013475
3727    0.044307
3729    0.027610
3827    0.034456
3854    0.044307
3890    0.024664
3990    0.034456
3997    0.029448
4084    0.015779
4262    0.018815
4324    0.026603
4362    0.129974
4370    0.038243
4380    0.007336
4707    0.025661
5043    0.005627
5124    0.038243
5202    0.012315
5408    0.019657
5628    0.032808
5787    0.038243
5789    0.056904
6372    0.009103
6596    0.009629
6908    0.009457
7050    0.025661
7106    0.026237
7141    0.017089
7181    0.012760
7296    0.034456
7416    0.021873
7482    0.024227
7802    0.010140
7985    0.018815
8003    0.026237
8019    0.027628
8118    0.030668
8131    0.016548
8476    0.012220
8581    0.008480
8805    0.032494
8845    0.013475
8936    0.038243
8992    0.030668
9402    0.020654
9403    0.034456
9664    0.012812
9944    0.017322
10102    0.029448
10162    0.023822
10386    0.030668
10425    0.030668
10427    0.029448
10501    0.023092
10589    0.014230
10837    0.006018
11103    0.004339
11213    0.012174
11349    0.034456
11391    0.030668
12245    0.010083
12283    0.007531
12548    0.012362
12889    0.008770
12987    0.010979
13220    0.030668
13319    0.012459
13357    0.005355
13434    0.006945
13610    0.026237
13955    0.023445
14099    0.018511
14124    0.015349
14137    0.015870
14439    0.009209
14537    0.010754
14538    0.015603
14743    0.022153
15000    0.027610
15349    0.032240
15394    0.024227
16178    0.032240
16585    0.013339
16592    0.008226
16705    0.010020
16887    0.023092
16923    0.031840
16941    0.007148
16944    0.010309
17292    0.012037
17782    0.013416
18182    0.005900
18254    0.022449
18319    0.012812
18735    0.038243
19096    0.026237
19125    0.014097
19127    0.019978
19131    0.028452
19523    0.020233
19611    0.038243
19612    0.034456
19628    0.038243
19718    0.014578
19736    0.030865
19761    0.061336
19773    0.009600
20090    0.006488
20214    0.025661
20260    0.013004
20274    0.013301
20282    0.016726
20432    0.017089
20557    0.025316
20648    0.015027
20776    0.017690
20824    0.015432
20927    0.009263
20983    0.011947
20993    0.013715
21150    0.004361
21247    0.005544
21253    0.008409
