379
238    0.013106
333    0.003280
390    0.013106
398    0.010510
417    0.009462
469    0.004079
744    0.006934
901    0.007914
1129    0.011048
1272    0.009573
1309    0.004303
1364    0.005568
1384    0.007693
1451    0.003119
1479    0.006395
1480    0.006106
1689    0.004172
1691    0.008344
1695    0.013106
1698    0.003556
1712    0.004618
1762    0.003360
1776    0.013106
2134    0.020184
2156    0.011135
2174    0.006152
2396    0.003533
2400    0.009212
2432    0.002263
2553    0.010510
2684    0.004408
2691    0.007005
2914    0.008164
3023    0.013106
3062    0.026212
3110    0.007592
3140    0.006502
3212    0.011808
3256    0.013106
3338    0.005706
3396    0.004391
3450    0.008303
3451    0.004971
3483    0.005289
3532    0.013106
3563    0.004125
3574    0.005318
3583    0.005748
3622    0.011048
3654    0.006866
3713    0.110461
3715    0.006395
3719    0.009750
3736    0.008794
3821    0.007914
3851    0.009750
3891    0.008991
3911    0.004831
4026    0.006062
4028    0.015866
4075    0.006502
4099    0.006245
4137    0.003193
4262    0.006448
4376    0.011808
4398    0.007592
4406    0.006616
4412    0.011808
4450    0.003556
4577    0.006106
4662    0.004638
4687    0.010092
4730    0.006294
4828    0.010092
4959    0.013106
4962    0.010092
4965    0.008164
5043    0.001928
5086    0.006395
5089    0.017588
5152    0.016131
5207    0.008991
5225    0.006395
5321    0.008991
5381    0.011048
5454    0.010092
5480    0.006062
5495    0.002514
5501    0.005202
5515    0.003556
5532    0.009840
5548    0.005856
5563    0.010520
5578    0.004971
5602    0.006106
5718    0.016316
5975    0.020098
5976    0.006448
5977    0.010632
6055    0.013106
6270    0.007693
6452    0.006737
6556    0.011808
6598    0.003381
6689    0.006800
6692    0.009750
6756    0.004947
6758    0.008574
6908    0.003241
6984    0.003906
7173    0.005377
7175    0.010092
7188    0.004638
7343    0.006152
7446    0.008035
7466    0.004618
7524    0.003748
7542    0.009462
7571    0.005123
7631    0.005204
7632    0.006152
7650    0.004900
7725    0.014309
7802    0.005212
7833    0.003360
7899    0.011808
7918    0.011048
7964    0.006616
7969    0.007800
7989    0.004578
8078    0.002636
8079    0.008991
8116    0.005685
8220    0.006245
8323    0.004721
8476    0.004188
8568    0.005844
8577    0.006558
8581    0.002906
8596    0.003477
8622    0.003934
8624    0.005408
8639    0.010092
8659    0.013106
8660    0.011808
8683    0.010092
8741    0.008794
8781    0.004034
8822    0.016069
8828    0.007693
8870    0.013106
8915    0.013106
8964    0.005177
8970    0.007404
9003    0.004808
9004    0.015386
9023    0.004923
9025    0.013106
9160    0.006344
9175    0.013106
9200    0.003567
9282    0.007840
9630    0.010510
9633    0.010092
9660    0.011808
9685    0.011808
9692    0.036623
9694    0.040173
9719    0.009750
9971    0.007078
10290    0.004539
10525    0.029282
10538    0.008035
10581    0.008794
10589    0.004877
10605    0.011802
10693    0.008615
10784    0.014635
10846    0.004391
10881    0.011272
10892    0.002930
10898    0.006800
11042    0.011808
11117    0.003251
11161    0.006800
11223    0.007496
11279    0.004786
11282    0.006152
11286    0.008794
11334    0.007924
11355    0.005094
11385    0.013106
11420    0.008615
11434    0.003602
11503    0.006114
11567    0.017119
11570    0.004094
11581    0.005289
11583    0.009750
11661    0.006294
11697    0.008303
11731    0.008991
11912    0.010092
11915    0.011048
12095    0.026159
12166    0.009753
12230    0.004064
12394    0.013106
12421    0.021271
12480    0.007404
12505    0.004743
12618    0.005502
12621    0.008615
12659    0.004427
12668    0.005636
12684    0.002759
12765    0.004094
12987    0.003762
12988    0.013106
13014    0.002882
13050    0.003310
13183    0.010092
13210    0.013106
13356    0.007154
13361    0.005377
13366    0.008164
13394    0.008991
13407    0.011048
13434    0.003570
13529    0.005535
13586    0.008303
13833    0.013106
13910    0.003602
13940    0.013106
14065    0.013935
14231    0.008452
14296    0.010092
14316    0.017146
14323    0.004578
14332    0.009462
14439    0.003156
14453    0.005818
14509    0.011808
14520    0.008615
14537    0.003686
14562    0.009462
14563    0.009462
14639    0.010092
14726    0.006395
14909    0.013106
14946    0.007592
15127    0.008035
15140    0.007180
15210    0.004659
15229    0.005977
15271    0.004831
15273    0.009750
15376    0.007592
15450    0.007914
15478    0.012790
15540    0.008615
15551    0.004743
15556    0.011272
15598    0.011048
15649    0.013106
15799    0.011048
15928    0.009156
15931    0.005232
16120    0.007078
16323    0.026382
16362    0.006062
16373    0.008991
16585    0.009142
16692    0.006800
16729    0.002136
16732    0.003260
16734    0.002629
16791    0.012125
16794    0.007496
16890    0.024077
17025    0.005470
17027    0.008710
17030    0.009750
17032    0.007234
17044    0.005743
17093    0.006294
17095    0.006737
17103    0.004786
17117    0.006405
17144    0.002955
17145    0.007496
17209    0.008035
17216    0.008303
17303    0.007154
17331    0.004854
17427    0.007914
17484    0.004369
17495    0.010510
17527    0.007154
17737    0.011048
17785    0.010510
17811    0.011713
17814    0.012809
17817    0.006106
17821    0.013853
17855    0.010510
17950    0.008452
18027    0.010510
18082    0.005601
18138    0.005439
18159    0.005021
18182    0.002022
18203    0.004355
18204    0.006737
18247    0.004854
18282    0.004064
18317    0.005260
18362    0.010510
18391    0.008303
18411    0.005470
18464    0.008615
18670    0.004558
18679    0.009750
18702    0.006800
18712    0.007800
18719    0.006448
18777    0.011808
18778    0.013106
18842    0.013106
18883    0.004020
18903    0.006198
18910    0.008615
18980    0.008991
19043    0.003625
19046    0.005046
19173    0.006245
19225    0.013225
19226    0.006221
19278    0.007053
19366    0.005464
19416    0.004463
19543    0.009276
19546    0.006344
19583    0.007914
19767    0.008991
19820    0.004427
19844    0.001226
20100    0.010877
20251    0.005377
20620    0.007812
20673    0.005780
20713    0.021265
20714    0.004321
20768    0.006167
20776    0.006062
20803    0.007804
20848    0.003402
20868    0.002890
20889    0.013106
20894    0.003613
20910    0.005818
20926    0.010092
20927    0.003175
20938    0.011808
20957    0.013106
20978    0.006019
20983    0.004094
20998    0.006934
21001    0.006800
21087    0.003812
21115    0.003075
21118    0.005071
21129    0.002955
21150    0.008966
21154    0.008794
21195    0.012303
21247    0.005700
21290    0.004764
21297    0.008991
