241
219    0.006146
288    0.017682
333    0.005543
494    0.066442
1116    0.009643
1147    0.018671
1184    0.013109
1228    0.022147
1258    0.019954
1268    0.019954
1283    0.005913
1298    0.022147
1348    0.019954
1351    0.012513
1355    0.039907
1436    0.015957
1692    0.010554
1699    0.010519
1762    0.005679
1781    0.012513
1861    0.017760
1989    0.026363
1991    0.017760
2111    0.017054
2178    0.019954
2206    0.025334
2249    0.044294
2280    0.012365
2292    0.008986
2304    0.019954
2688    0.015472
3039    0.007330
3089    0.005287
3441    0.011384
3479    0.011180
3850    0.008126
3886    0.020202
3887    0.015194
3890    0.014284
3911    0.008164
3933    0.014030
3934    0.019954
4037    0.022560
4039    0.018671
4120    0.019954
4380    0.004248
4415    0.022147
4450    0.006008
4461    0.016481
4611    0.028567
4650    0.020947
4865    0.022147
4870    0.006842
4892    0.019954
4961    0.017760
5047    0.010319
5209    0.010896
5225    0.010807
5628    0.006333
5644    0.019954
5770    0.013373
5866    0.005932
5904    0.011602
5924    0.010474
6043    0.013181
6340    0.013577
6343    0.014861
6348    0.019954
6453    0.018671
6461    0.014284
6507    0.010636
6651    0.024606
6672    0.017054
6701    0.014284
6778    0.013181
6984    0.006601
7113    0.017054
7168    0.004407
7241    0.010554
7329    0.015989
7351    0.022913
7367    0.017760
7380    0.008401
7456    0.007480
7802    0.002936
8019    0.005333
8025    0.006067
8534    0.007132
8552    0.027591
8781    0.006817
8789    0.015567
8964    0.008748
9299    0.015567
9310    0.019954
9398    0.006945
9411    0.004205
9417    0.011961
9631    0.008442
9947    0.005166
9962    0.027155
9963    0.011384
10074    0.006355
10080    0.022147
10186    0.011082
10215    0.045254
10247    0.009897
10260    0.019954
10310    0.016477
10837    0.003485
10846    0.007419
10897    0.006464
11087    0.007736
11103    0.002513
11182    0.010988
11241    0.014559
11358    0.014961
11530    0.010636
11535    0.019954
11598    0.019954
11683    0.004172
11729    0.007272
11757    0.014839
11803    0.013577
12005    0.004454
12283    0.013083
12340    0.022147
12455    0.012667
12519    0.005287
12520    0.034108
12551    0.005767
12855    0.020489
12978    0.009524
12979    0.014861
12987    0.009537
13114    0.022147
13136    0.022147
13319    0.007215
13347    0.010245
13357    0.003101
13484    0.008658
13515    0.012667
13545    0.012090
13601    0.010101
14071    0.015194
14093    0.009409
14439    0.021333
14519    0.014284
14539    0.009831
14579    0.010474
14580    0.013796
14683    0.012090
14736    0.018671
14743    0.012829
14754    0.008841
14756    0.017760
14824    0.010474
14865    0.008570
14936    0.022147
15072    0.011082
15410    0.009036
15555    0.007638
15570    0.011837
15643    0.014030
15672    0.011837
15685    0.012090
15711    0.015194
15799    0.018671
15818    0.006744
15906    0.053465
15907    0.006671
15918    0.015567
15958    0.013373
16009    0.019954
16011    0.015194
16527    0.014839
16585    0.007725
16592    0.004764
16658    0.017760
16735    0.013181
16803    0.014284
16941    0.016559
16986    0.017760
17281    0.006228
17292    0.006971
17669    0.005256
17755    0.011837
18167    0.003408
18182    0.010250
18371    0.012829
18389    0.019954
18467    0.028567
18635    0.019954
18711    0.014030
18734    0.022147
18774    0.013796
18841    0.008570
18933    0.014861
18951    0.010720
18987    0.008280
19010    0.011082
19123    0.014861
19127    0.005785
19128    0.016176
19226    0.005256
19271    0.008202
19273    0.017054
19277    0.029890
19370    0.014100
19410    0.008194
19462    0.013373
19480    0.010395
19535    0.008051
19569    0.011961
19574    0.017760
19680    0.013796
19681    0.039907
19772    0.007542
19933    0.013796
20005    0.016477
20090    0.007515
20260    0.015062
20281    0.008015
20282    0.004843
20481    0.010474
20717    0.005644
20731    0.015194
20768    0.005211
20811    0.012667
20817    0.017054
20824    0.008937
20844    0.004624
20927    0.005365
21057    0.007511
21058    0.006487
21122    0.007272
21129    0.004994
21138    0.022147
21150    0.002525
21247    0.006421
21253    0.004870
21279    0.007943
