48
333    0.031277
686    0.050989
1283    0.033368
1552    0.124973
2277    0.052467
2385    0.112596
3039    0.041364
3086    0.053414
3191    0.066793
4380    0.023974
5043    0.018389
5820    0.056221
6598    0.032242
9200    0.034014
9687    0.061485
9699    0.124973
10338    0.035737
10803    0.049890
10837    0.039334
11130    0.061485
11531    0.042210
12548    0.040398
12855    0.028904
13014    0.027481
13320    0.048115
13357    0.034997
13434    0.011348
13580    0.030450
14049    0.082154
14207    0.079171
14498    0.033263
14537    0.035144
15792    0.044227
16574    0.096233
16592    0.026883
16729    0.040735
17531    0.035617
18158    0.046723
18282    0.038750
18587    0.038330
18726    0.095278
19212    0.050989
19685    0.046501
20260    0.021248
20275    0.030630
20282    0.027329
21253    0.027481
21254    0.077794
