57
348    0.044999
417    0.138427
568    0.036910
1496    0.051239
2093    0.028674
2281    0.037286
2658    0.051776
2813    0.191740
3089    0.022885
3092    0.247321
3647    0.027050
4084    0.079113
4137    0.023359
4195    0.025843
4245    0.032785
4500    0.042557
4697    0.035174
5994    0.095870
6130    0.053527
6251    0.046405
6497    0.101443
7753    0.026177
8107    0.021923
8996    0.137053
9179    0.040728
9209    0.021861
10422    0.041482
12332    0.059719
12904    0.025120
12999    0.015782
13088    0.095870
13345    0.073823
13357    0.026847
13434    0.008705
13534    0.095870
13739    0.147646
14137    0.039783
14742    0.019572
15555    0.033062
15912    0.024734
16034    0.035842
16729    0.031249
16885    0.044032
17531    0.027323
17888    0.095870
18182    0.014789
18535    0.056276
19844    0.008968
20042    0.153759
20090    0.016265
20260    0.008150
20475    0.123679
20477    0.043724
20507    0.057059
20557    0.031731
20713    0.025926
21247    0.013898
