240
1    0.010807
47    0.017328
48    0.017328
158    0.014793
378    0.018971
420    0.012564
423    0.015438
428    0.010807
433    0.013588
448    0.010893
451    0.007861
455    0.007539
523    0.009989
868    0.013209
908    0.018971
1242    0.016141
1253    0.014256
1272    0.008218
1309    0.007389
1440    0.018894
1461    0.018046
1741    0.004217
1746    0.006902
1762    0.011540
1780    0.012714
1919    0.007895
1942    0.010893
2039    0.017328
2074    0.035366
2110    0.017328
2173    0.026828
2174    0.010563
2287    0.010807
2440    0.023578
2769    0.020274
2872    0.010123
2875    0.015438
2903    0.016742
3094    0.013796
3286    0.012284
3457    0.017328
3483    0.018162
3559    0.011461
3745    0.019849
3927    0.020274
4084    0.009285
4142    0.010563
4206    0.034384
4209    0.020274
4240    0.018444
4245    0.023087
4319    0.022329
4526    0.016742
4849    0.015438
4872    0.010335
4926    0.073625
4956    0.017328
5401    0.013036
5501    0.004466
5621    0.016246
5628    0.006435
5831    0.018046
5924    0.010642
6319    0.010723
6372    0.005356
6507    0.032420
6596    0.005666
6908    0.011130
7099    0.011164
7103    0.016742
7114    0.027176
7199    0.006953
7286    0.010981
7325    0.019979
7330    0.006731
7486    0.008143
7517    0.017328
7595    0.014605
7619    0.014112
7622    0.018971
7647    0.018046
7750    0.012153
7753    0.006144
7760    0.015817
7833    0.005770
7997    0.018046
8078    0.009052
8116    0.004881
8170    0.008936
8172    0.018046
8220    0.010723
8536    0.009989
8581    0.004990
8688    0.011676
8781    0.006927
9518    0.009576
9692    0.008983
9771    0.015438
9985    0.020247
10064    0.010335
10288    0.014256
10354    0.008034
10355    0.012027
10411    0.008983
10413    0.011359
10418    0.013796
10460    0.013036
10486    0.012153
10491    0.009560
10626    0.014513
10671    0.027176
10697    0.010563
10700    0.015099
10840    0.015327
10846    0.007539
10906    0.018971
11146    0.007508
11157    0.013209
11201    0.010651
11225    0.009392
11262    0.014513
11283    0.008983
11334    0.006803
11358    0.007601
11415    0.009392
11457    0.043540
11527    0.012027
11569    0.006392
11596    0.016742
11683    0.004239
11800    0.016246
11841    0.003714
12028    0.029026
12029    0.018046
12202    0.010263
12258    0.012564
12292    0.013393
12293    0.016246
12490    0.017328
12551    0.005860
12817    0.015327
12889    0.005160
12983    0.006546
12987    0.003230
13014    0.004948
13139    0.034656
13341    0.032493
13434    0.004087
13553    0.014256
13580    0.010966
13743    0.013588
13775    0.011567
13862    0.009285
13865    0.010193
13884    0.013588
13906    0.011071
13910    0.006184
14003    0.016742
14039    0.014513
14267    0.015817
14304    0.010193
14430    0.008797
14449    0.033484
14742    0.006891
14745    0.010321
14749    0.007696
14815    0.013557
14817    0.012284
14859    0.012153
14874    0.008107
14971    0.014793
15488    0.017328
15551    0.008143
15775    0.012871
15791    0.008664
15792    0.023891
15876    0.020274
15903    0.013209
15939    0.022329
15942    0.014018
15944    0.010485
15970    0.015438
16042    0.017328
16148    0.010893
16150    0.014256
16223    0.015817
16237    0.006184
16317    0.009618
16377    0.014018
16385    0.025741
16585    0.003924
16718    0.017328
16769    0.017328
16815    0.012564
16885    0.010335
16923    0.012490
16940    0.014256
16952    0.009503
17044    0.009861
17052    0.020111
17053    0.027242
17054    0.011906
17055    0.015438
17103    0.016436
17127    0.017328
17426    0.024569
17616    0.012564
17870    0.007030
18055    0.010263
18382    0.008536
18637    0.016742
18641    0.017328
18719    0.011071
18726    0.008578
19085    0.010807
19097    0.017685
19185    0.020274
19209    0.020274
19226    0.010681
19262    0.007632
19266    0.006523
19327    0.005310
19466    0.016246
19685    0.008373
19772    0.007664
19773    0.005649
19844    0.002105
19882    0.034656
20103    0.018971
20260    0.001913
20275    0.005515
20405    0.015099
20695    0.009798
20844    0.004698
20927    0.005451
20946    0.012132
20950    0.026071
20994    0.009677
21152    0.010056
21247    0.003262
