172
24    0.025055
294    0.028149
552    0.011794
1244    0.017246
1382    0.014665
1477    0.022510
1699    0.003710
2092    0.015123
2170    0.016211
2208    0.025055
2396    0.008422
2522    0.040300
2872    0.014055
2980    0.023244
3089    0.007458
3309    0.013273
3357    0.023244
3593    0.008995
3743    0.009345
4075    0.015501
4118    0.016367
4488    0.015245
4494    0.019154
4532    0.018595
4586    0.019462
4639    0.015371
4697    0.011463
4774    0.014665
4790    0.022556
4939    0.018595
4949    0.013353
5043    0.004597
5047    0.014557
5131    0.020964
5211    0.013869
5578    0.011851
5615    0.013273
5678    0.018595
5707    0.017246
5991    0.011463
6165    0.024058
6372    0.014873
6598    0.008061
6600    0.031243
6620    0.018866
6651    0.011570
6669    0.031243
6758    0.006814
6761    0.008559
6778    0.018595
6819    0.032119
6918    0.012472
7019    0.026339
7134    0.157894
7142    0.027381
7145    0.031243
7168    0.006217
7330    0.028034
7410    0.019462
7524    0.008934
7748    0.014557
7910    0.019154
8040    0.031656
8191    0.026339
8196    0.028149
8218    0.007590
8223    0.013779
8500    0.006870
8568    0.006966
8899    0.015634
8976    0.023244
9533    0.019448
9803    0.017444
9878    0.017652
10261    0.007819
10290    0.010821
10646    0.016367
10932    0.014055
10942    0.042210
10943    0.014888
11103    0.007089
11180    0.007005
11340    0.045370
11398    0.019154
11439    0.012747
11501    0.031243
11649    0.026339
11790    0.026339
12084    0.025494
12085    0.010867
12307    0.037780
12309    0.034711
12346    0.055785
12519    0.007458
12520    0.024058
12522    0.010259
12548    0.010100
12867    0.014350
12975    0.019154
12999    0.005143
13014    0.013740
13351    0.007330
13357    0.008749
13370    0.014452
13501    0.023815
13976    0.079016
14109    0.025055
14340    0.012540
14604    0.006684
14742    0.003189
14944    0.012677
15038    0.016059
15045    0.031243
15695    0.011681
15710    0.013194
15848    0.015771
15922    0.023244
15997    0.018595
16001    0.019793
16026    0.013519
16058    0.020150
16327    0.025055
16510    0.015771
16585    0.005449
16624    0.031243
16657    0.069806
16818    0.024058
16923    0.008671
16938    0.022556
16941    0.005840
17066    0.014055
17072    0.016367
17074    0.081765
17075    0.012151
17129    0.009513
17529    0.011969
17582    0.019462
17643    0.009653
18105    0.016367
18133    0.013691
18158    0.011681
18160    0.017246
18203    0.010383
18392    0.019154
18547    0.017056
18882    0.006739
18887    0.014350
19043    0.017285
19213    0.015501
19226    0.007415
19314    0.017056
19426    0.006136
19693    0.016367
19736    0.012608
19906    0.031243
20082    0.013435
20228    0.014888
20550    0.025055
20601    0.010821
20620    0.009312
20627    0.012540
20713    0.008449
20717    0.007962
20844    0.006523
20845    0.012747
21115    0.007330
21146    0.012965
21150    0.003563
21247    0.009059
21306    0.012277
21307    0.020357
21310    0.012677
