88
423    0.044456
451    0.022635
1309    0.021278
1440    0.027204
1461    0.051965
1462    0.041051
1741    0.012144
1846    0.022635
1847    0.029975
1918    0.027204
2039    0.049899
2074    0.033947
2224    0.026890
3095    0.054629
3485    0.027866
3788    0.029351
4240    0.013278
4245    0.022161
4301    0.028957
4926    0.094228
5020    0.026439
5043    0.009535
5211    0.028766
5475    0.038568
6409    0.088913
7103    0.048211
7114    0.039129
7286    0.031620
7595    0.021029
7714    0.028215
7748    0.030193
7750    0.034997
7997    0.051965
8078    0.039098
8170    0.025731
9106    0.032711
9292    0.048211
9771    0.044456
9944    0.029351
10064    0.029762
10334    0.018849
10700    0.043481
11117    0.032145
11196    0.031367
11262    0.041793
11386    0.021977
11661    0.062239
11782    0.016072
11843    0.046783
12202    0.029554
12258    0.036180
12292    0.077135
12739    0.058383
12866    0.038038
13357    0.027220
13434    0.011768
13862    0.053475
13865    0.029351
13906    0.031881
14039    0.041793
14430    0.025332
14536    0.028039
14537    0.018223
14745    0.029720
14815    0.039040
15140    0.017751
15488    0.024949
15550    0.033005
15561    0.058383
15792    0.022933
16486    0.031881
16729    0.021122
16743    0.056078
16769    0.049899
16923    0.017984
16940    0.041051
17037    0.020472
17053    0.052299
17144    0.014611
18382    0.024581
18719    0.031881
19410    0.011988
19773    0.016266
19844    0.012123
19882    0.049899
20695    0.028215
20950    0.075075
21247    0.009394
