414
12    0.010928
158    0.007973
306    0.012129
449    0.005825
450    0.005420
481    0.005122
621    0.004255
702    0.004513
822    0.006018
840    0.007823
1065    0.008321
1095    0.006235
1105    0.009340
1142    0.007823
1160    0.006695
1184    0.007179
1244    0.006695
1245    0.004646
1306    0.010225
1307    0.009340
1309    0.015931
1362    0.009340
1365    0.014872
1436    0.008739
1447    0.010225
1451    0.002887
1462    0.007684
1490    0.006518
1492    0.012129
1512    0.009024
1699    0.005761
1847    0.011221
1848    0.008139
1859    0.005062
1862    0.002472
1918    0.005092
1940    0.004148
1970    0.006235
1972    0.006483
2044    0.010225
2058    0.006069
2088    0.012129
2156    0.036070
2173    0.007230
2297    0.010432
2299    0.009340
2350    0.012129
2432    0.002095
2486    0.008757
2508    0.005153
2622    0.014872
2684    0.004080
2688    0.004237
2723    0.003388
2744    0.003249
2747    0.005571
2853    0.006018
3186    0.012129
3299    0.015645
3341    0.003891
3473    0.076926
3479    0.012245
3484    0.007219
3521    0.006178
3563    0.007635
3592    0.006621
3593    0.003492
3618    0.004201
3619    0.004717
3647    0.003422
3705    0.009727
3713    0.004868
3743    0.003628
3887    0.008321
3898    0.012129
3933    0.007684
3939    0.010225
3957    0.020450
4001    0.006178
4023    0.003026
4056    0.008139
4065    0.008757
4082    0.010225
4099    0.005780
4135    0.005122
4137    0.002955
4141    0.005153
4176    0.006417
4189    0.012129
4195    0.003270
4240    0.002485
4260    0.004389
4286    0.016642
4318    0.012129
4331    0.009340
4428    0.008757
4497    0.006853
4501    0.004624
4550    0.009024
4608    0.008757
4662    0.004292
4678    0.004894
4689    0.006550
4690    0.006069
4729    0.007903
4732    0.005651
4769    0.012129
4771    0.007324
4772    0.010225
4774    0.005693
4776    0.007120
4777    0.004816
4830    0.012129
4832    0.012129
4849    0.008321
4862    0.009340
4904    0.006853
5000    0.018048
5043    0.001785
5075    0.002111
5093    0.005005
5152    0.004976
5171    0.007026
5185    0.012129
5227    0.013101
5232    0.006621
5332    0.007324
5352    0.008859
5426    0.007120
5515    0.003291
5523    0.004842
5524    0.006417
5532    0.009107
5562    0.006178
5567    0.003411
5614    0.004165
5615    0.005153
5628    0.006937
5686    0.008321
5719    0.003445
5725    0.005248
5769    0.006844
5840    0.006937
5925    0.006695
5962    0.005919
5975    0.003720
5993    0.007555
6050    0.004131
6596    0.003054
6651    0.008984
6689    0.006293
6699    0.006695
6858    0.012129
6863    0.009024
6903    0.009024
6938    0.008525
6967    0.010225
6984    0.003615
7028    0.017050
7029    0.023920
7030    0.010225
7037    0.036387
7044    0.007219
7199    0.003747
7285    0.010928
7286    0.011837
7330    0.003628
7459    0.006695
7493    0.005651
7497    0.007324
7524    0.003468
7588    0.007555
7612    0.009727
7619    0.007607
7633    0.008321
7709    0.005532
7754    0.005184
7798    0.006178
7802    0.001608
7863    0.021856
7950    0.010928
7972    0.009727
7985    0.005967
8000    0.012129
8021    0.004601
8078    0.004879
8107    0.002774
8218    0.008840
8446    0.006581
8522    0.010928
8603    0.020316
8624    0.015014
8639    0.018679
8808    0.009340
8830    0.012129
8939    0.010928
9118    0.011496
9143    0.004717
9459    0.005736
9518    0.002581
9527    0.007973
9533    0.003775
9644    0.005092
9798    0.003400
9826    0.009727
9898    0.006178
9899    0.008757
9944    0.005494
9976    0.006483
10027    0.014872
10102    0.018680
10169    0.007973
10212    0.036387
10221    0.007973
10422    0.005248
10491    0.005153
10525    0.005420
10558    0.014052
10605    0.007281
10714    0.016803
10837    0.001909
10898    0.012587
11103    0.001376
11117    0.003008
11146    0.004047
11157    0.007120
11181    0.003355
11183    0.004670
11213    0.003861
11279    0.004430
11289    0.004579
11313    0.009024
11417    0.007973
11503    0.002829
11569    0.003445
11570    0.003789
11683    0.004570
11744    0.003628
11750    0.003249
11753    0.005780
11782    0.003008
11803    0.007436
12085    0.004219
12095    0.004842
12240    0.010225
12319    0.006695
12421    0.009843
12455    0.006937
12477    0.006550
12522    0.003983
12548    0.003921
12579    0.018680
12591    0.003602
12765    0.007578
12817    0.008261
12855    0.002805
12864    0.003775
12932    0.005216
12987    0.006964
12999    0.001997
13014    0.002667
13087    0.007324
13094    0.010225
13106    0.008321
13155    0.008139
13320    0.004670
13347    0.005611
13354    0.007219
13357    0.003397
13434    0.002203
13469    0.012129
13515    0.006937
13701    0.009340
13777    0.006937
13983    0.006550
14047    0.022307
14063    0.003775
14065    0.001433
14129    0.009340
14130    0.015458
14139    0.008139
14222    0.006772
14303    0.003492
14323    0.004237
14329    0.008757
14439    0.002921
14445    0.005184
14456    0.012129
14458    0.043711
14480    0.004921
14523    0.004868
14571    0.008321
14604    0.002595
14733    0.010928
14742    0.001238
14743    0.028104
14745    0.002781
14810    0.008139
14944    0.004921
14976    0.010928
14980    0.008525
14991    0.009727
15000    0.008757
15009    0.006018
15011    0.008757
15053    0.009024
15105    0.007026
15130    0.007026
15135    0.005780
15229    0.005532
15251    0.010225
15451    0.014052
15503    0.004842
15591    0.010368
15642    0.007973
15695    0.004535
15789    0.012129
15820    0.004201
15822    0.003602
15859    0.009024
15928    0.016947
15931    0.004842
15943    0.007684
15989    0.005216
16128    0.007823
16148    0.005871
16207    0.005384
16237    0.003333
16241    0.005153
16485    0.003936
16585    0.017627
16791    0.005611
16794    0.006937
16880    0.004165
16890    0.005571
16907    0.003377
16923    0.013465
16952    0.005122
16960    0.016642
16982    0.009024
17025    0.010125
17027    0.012092
17029    0.005349
17037    0.007664
17103    0.004430
17105    0.003516
17108    0.004670
17144    0.002735
17423    0.019453
17451    0.015100
17484    0.002022
17531    0.003457
17657    0.010928
17693    0.010928
17694    0.012129
17868    0.004842
17947    0.006772
17964    0.006354
18003    0.004624
18167    0.005599
18182    0.001871
18271    0.009727
18282    0.001880
18428    0.009340
18507    0.008525
18526    0.007436
18579    0.006621
18583    0.008525
18653    0.012355
18670    0.004219
18671    0.012129
18785    0.007973
18841    0.004693
18898    0.004601
18972    0.006178
19037    0.005005
19097    0.004766
19133    0.006853
19151    0.008474
19249    0.029180
19327    0.005724
19366    0.001686
19426    0.002382
19443    0.008321
19713    0.012129
19773    0.003045
19844    0.001135
19861    0.008139
20130    0.008757
20452    0.004331
20487    0.014648
20540    0.005005
20745    0.016048
20768    0.002854
20776    0.005611
20785    0.004114
20803    0.002407
20844    0.002532
20894    0.003344
20927    0.002938
20946    0.003270
20952    0.051126
20978    0.005571
21033    0.015645
21051    0.009340
21081    0.012129
21087    0.003528
21094    0.005611
21111    0.005062
21115    0.005691
21150    0.006915
21243    0.002750
21247    0.003517
21279    0.004350
