243
1    0.010438
47    0.016736
48    0.016736
158    0.014288
378    0.018323
420    0.012135
423    0.014911
428    0.010438
433    0.013124
448    0.010520
451    0.007592
455    0.007281
469    0.006765
523    0.009648
868    0.012758
908    0.018323
1253    0.013769
1309    0.007137
1440    0.018249
1461    0.017429
1741    0.004073
1746    0.006666
1762    0.011146
1780    0.012279
1848    0.014584
1919    0.007625
1942    0.010520
2039    0.016736
2074    0.022772
2110    0.016736
2173    0.025911
2174    0.010202
2287    0.010438
2440    0.022772
2769    0.019582
2872    0.009778
2875    0.014911
2903    0.016170
3094    0.013324
3286    0.011865
3457    0.016736
3483    0.017541
3521    0.011070
3559    0.011070
3745    0.047927
3927    0.019582
4142    0.010202
4206    0.044280
4209    0.019582
4240    0.022267
4245    0.029731
4319    0.021566
4526    0.016170
4849    0.014911
4926    0.079011
4927    0.011070
4956    0.016736
5401    0.012590
5570    0.012431
5621    0.015691
5628    0.006215
5831    0.017429
5924    0.010278
5988    0.008819
6319    0.010357
6507    0.041751
6596    0.005472
7099    0.010783
7103    0.016170
7114    0.026248
7199    0.006715
7286    0.010606
7325    0.009648
7330    0.006501
7486    0.007865
7517    0.016736
7595    0.014106
7619    0.013630
7622    0.018323
7647    0.017429
7750    0.011738
7753    0.005935
7760    0.015277
7833    0.005573
7997    0.017429
8078    0.013114
8116    0.004714
8170    0.008630
8172    0.017429
8218    0.010560
8220    0.010357
8536    0.009648
8688    0.011277
8690    0.014584
8781    0.006690
9068    0.013124
9518    0.004625
9692    0.008676
9771    0.014911
9985    0.019555
10064    0.019965
10288    0.013769
10354    0.007760
10355    0.011616
10411    0.008676
10413    0.010971
10418    0.013324
10460    0.012590
10486    0.011738
10491    0.009233
10495    0.010127
10626    0.014017
10671    0.026248
10697    0.010202
10700    0.014584
10840    0.014804
10846    0.007281
10906    0.018323
11146    0.007252
11157    0.012758
11201    0.010287
11225    0.009071
11262    0.014017
11283    0.008676
11334    0.006571
11349    0.019582
11355    0.004224
11415    0.009071
11457    0.042052
11527    0.011616
11569    0.006174
11596    0.016170
11683    0.004094
11750    0.005822
11757    0.007281
11800    0.031383
12005    0.004371
12028    0.028035
12029    0.017429
12109    0.009712
12202    0.009913
12258    0.012135
12292    0.012936
12293    0.015691
12343    0.019582
12490    0.016736
12551    0.005660
12817    0.014804
12889    0.004984
12983    0.006322
12987    0.003120
13139    0.050209
13228    0.006972
13341    0.031383
13434    0.005921
13553    0.013769
13580    0.010591
13743    0.013124
13775    0.011172
13862    0.008968
13865    0.009844
13884    0.013124
13897    0.010202
13906    0.010693
13910    0.005973
14003    0.016170
14039    0.014017
14130    0.009233
14267    0.015277
14304    0.009844
14430    0.008496
14449    0.032340
14742    0.006656
14745    0.004984
14749    0.007433
14815    0.013094
14817    0.011865
14971    0.014288
15105    0.012590
15488    0.016736
15775    0.012431
15791    0.008368
15792    0.023075
15876    0.019582
15903    0.012758
15939    0.021566
15944    0.010127
15970    0.014911
16042    0.016736
16150    0.013769
16223    0.015277
16317    0.009289
16385    0.024862
16585    0.003790
16718    0.016736
16769    0.016736
16815    0.012135
16885    0.009982
16923    0.012064
16940    0.013769
16952    0.018357
17052    0.019424
17053    0.026312
17054    0.022998
17055    0.014911
17103    0.015875
17127    0.016736
17426    0.023730
17616    0.012135
17870    0.006790
18055    0.009913
18382    0.008244
18637    0.016170
18641    0.016736
18654    0.014288
18719    0.010693
18726    0.008285
19085    0.010438
19097    0.008540
19185    0.019582
19209    0.019582
19262    0.007371
19266    0.006300
19327    0.005129
19410    0.004021
19466    0.015691
19685    0.008087
19773    0.010912
19844    0.004066
19882    0.033472
20026    0.019582
20103    0.018323
20260    0.001848
20275    0.005327
20405    0.014584
20695    0.009464
20844    0.004538
20927    0.005265
20946    0.005859
20950    0.012590
20994    0.009346
21152    0.009712
21247    0.003151
