191
103    0.009694
246    0.010141
370    0.011802
568    0.011321
1440    0.012345
1451    0.020997
1462    0.018628
1686    0.014467
1690    0.014012
1699    0.003492
1741    0.005511
1805    0.039462
1862    0.005993
2039    0.022643
2074    0.015405
2396    0.007927
2723    0.008215
2857    0.011209
2861    0.014012
2867    0.011997
3094    0.018027
3197    0.023581
3243    0.029406
3457    0.022643
3473    0.010361
3563    0.009255
3745    0.012968
3881    0.012568
3943    0.013053
4028    0.011866
4084    0.012133
4198    0.016231
4240    0.018075
4245    0.010056
4258    0.008161
4337    0.020668
4501    0.011209
4529    0.029406
4694    0.024789
4739    0.018628
4891    0.024789
4905    0.032462
4926    0.042759
5081    0.034068
5093    0.012133
5130    0.019330
5209    0.014467
5426    0.017261
5563    0.011802
5725    0.025447
5915    0.016613
6197    0.020173
6372    0.006999
6387    0.024789
6507    0.014122
6748    0.029406
6864    0.014844
7103    0.043754
7168    0.011703
7181    0.009811
7199    0.009085
7293    0.022643
7595    0.019085
7634    0.017261
7996    0.012492
8078    0.023656
8170    0.023353
8209    0.020173
8223    0.012968
8299    0.029406
8341    0.029406
8344    0.024789
8581    0.006520
8837    0.027605
9488    0.017501
9518    0.018770
9618    0.020668
9947    0.006859
10064    0.013506
10411    0.011739
10423    0.020668
10478    0.013802
10626    0.018965
10700    0.019731
10773    0.010014
10840    0.010014
10851    0.018027
10879    0.026493
11103    0.003336
11117    0.007293
11146    0.009811
11180    0.006593
11206    0.014349
11218    0.012582
11262    0.018965
11355    0.005715
11358    0.009932
11415    0.012273
11444    0.010406
11527    0.015716
11704    0.024789
11725    0.018965
12028    0.018965
12045    0.012568
12202    0.013411
12258    0.016418
12292    0.017501
12304    0.016052
12447    0.042459
12548    0.009506
12551    0.007657
12687    0.016231
12855    0.006801
12866    0.017261
12898    0.013228
12900    0.012568
12983    0.008553
12999    0.004841
13096    0.014349
13139    0.022643
13341    0.042459
13351    0.013798
13357    0.008235
13434    0.002670
13862    0.012133
13863    0.029429
13865    0.039956
13886    0.007337
14039    0.018965
14114    0.024789
14217    0.017756
14350    0.032105
14449    0.021877
14607    0.009973
14611    0.015881
14742    0.015008
14745    0.006743
14992    0.020668
15016    0.012133
15344    0.010739
15400    0.012724
15792    0.010406
15906    0.010141
15936    0.016418
16385    0.016818
16418    0.023581
16562    0.016818
16729    0.009585
16923    0.008161
16940    0.018628
16941    0.005496
17054    0.015557
17103    0.010739
17111    0.012418
17171    0.029406
17304    0.018317
17325    0.017261
17531    0.016761
17669    0.006979
17868    0.011739
17989    0.029406
18055    0.013411
18159    0.011265
18282    0.013677
18493    0.015557
18654    0.019330
18719    0.014467
19046    0.022642
19065    0.013701
19261    0.008795
19278    0.010550
19410    0.016320
19411    0.014714
19453    0.009891
19464    0.008215
19773    0.007381
19844    0.005501
20116    0.015881
20434    0.026493
20716    0.011615
20765    0.023581
20768    0.013837
20807    0.012645
20837    0.020668
20844    0.006139
20946    0.007927
20950    0.017034
20964    0.008986
20983    0.009186
21155    0.011866
21247    0.017052
