331
6    0.010960
38    0.013678
48    0.011690
288    0.006060
370    0.006093
435    0.009457
447    0.013478
448    0.007348
451    0.005303
552    0.005731
595    0.008577
610    0.005731
674    0.008287
688    0.010415
731    0.009035
845    0.009307
1095    0.007803
1179    0.012798
1242    0.005444
1309    0.004985
1318    0.015181
1381    0.010415
1446    0.008794
1462    0.009617
1486    0.015754
1490    0.004079
1581    0.013678
1699    0.005408
1707    0.011192
1712    0.005349
1762    0.007785
2038    0.015181
2058    0.007597
2074    0.039765
2164    0.015181
2222    0.009167
2224    0.006300
2287    0.007291
2297    0.006528
2345    0.007179
2396    0.004092
2475    0.011294
2630    0.015181
2909    0.007126
3019    0.012798
3095    0.012798
3197    0.012174
3271    0.010186
3330    0.015181
3341    0.004870
3473    0.005349
3510    0.009617
3593    0.004371
3597    0.008911
3881    0.012977
3883    0.011690
3903    0.005731
3942    0.006528
3944    0.004814
4020    0.011294
4028    0.006126
4056    0.010186
4084    0.006264
4117    0.012174
4128    0.009307
4240    0.015553
4245    0.020767
4337    0.010670
4347    0.011690
4501    0.011574
4524    0.010960
4525    0.010415
4536    0.006336
4607    0.010670
4729    0.019783
4777    0.006028
4778    0.008032
4926    0.044150
4927    0.015464
5043    0.002234
5081    0.008794
5173    0.011690
5348    0.013678
5426    0.008911
5501    0.003013
5659    0.012798
5681    0.015181
5719    0.008624
5769    0.008567
5988    0.006160
6050    0.005170
6070    0.015181
6134    0.012174
6171    0.008199
6250    0.011294
6387    0.012798
6507    0.021872
6734    0.006300
6943    0.010670
7103    0.045178
7114    0.009167
7241    0.007234
7286    0.007408
7287    0.010960
7289    0.015181
7313    0.015181
7341    0.015181
7611    0.012798
7647    0.012174
7714    0.006610
7717    0.012174
7736    0.004462
7757    0.008476
7798    0.007732
7802    0.002013
7996    0.006449
7997    0.012174
8078    0.006106
8170    0.006028
8173    0.015181
8185    0.008476
8218    0.007376
8219    0.007291
8220    0.007234
8223    0.013390
8344    0.025596
8362    0.006449
8500    0.003338
8504    0.008577
8511    0.010186
8523    0.015181
8534    0.004888
8535    0.008794
8536    0.013478
8630    0.002608
8681    0.015181
8837    0.014251
8933    0.012174
8959    0.012174
8981    0.009617
9118    0.004796
9200    0.004132
9214    0.006972
9320    0.006336
9348    0.013678
9402    0.008199
9493    0.015181
9518    0.019381
9618    0.021341
9783    0.008114
9877    0.009980
9878    0.008577
9945    0.006488
9947    0.010624
10064    0.006972
10068    0.013678
10154    0.011294
10170    0.011690
10334    0.013247
10355    0.008114
10358    0.007732
10364    0.015181
10457    0.009791
10480    0.009457
10491    0.006449
10668    0.007126
10700    0.010186
10714    0.010515
10778    0.013678
11087    0.005303
11103    0.001722
11146    0.005065
11182    0.007532
11183    0.005845
11235    0.010670
11236    0.008911
11355    0.002950
11415    0.012672
11434    0.004172
11457    0.009791
11468    0.005326
11519    0.006160
11527    0.008114
11587    0.008380
11596    0.011294
11673    0.008577
11725    0.009791
11782    0.003765
11800    0.010960
11841    0.002505
11867    0.012174
11893    0.012798
11965    0.015181
12005    0.006106
12028    0.019582
12045    0.006488
12055    0.025596
12064    0.006028
12072    0.009617
12109    0.006784
12110    0.004105
12144    0.009617
12202    0.006924
12258    0.008476
12292    0.018071
12342    0.019959
12356    0.008577
12464    0.009980
12551    0.015812
12647    0.010186
12987    0.004358
13131    0.011294
13172    0.011690
13255    0.010960
13264    0.011690
13294    0.008476
13296    0.009167
13344    0.012174
13357    0.004251
13389    0.015181
13432    0.013678
13448    0.015181
13484    0.005935
13485    0.015181
13492    0.007348
13680    0.012798
13775    0.007803
13862    0.043847
13863    0.022790
13865    0.027504
13884    0.009167
13886    0.003788
13910    0.008344
13930    0.008683
13999    0.008032
14065    0.007174
14103    0.015181
14130    0.006449
14161    0.008114
14195    0.009791
14350    0.008287
14351    0.011294
14439    0.003656
14539    0.006739
14588    0.013678
14604    0.003248
14607    0.005149
14708    0.015181
14742    0.007748
14745    0.003481
14746    0.006060
14815    0.018292
14857    0.006264
14877    0.013678
14950    0.009035
14997    0.013847
15032    0.006739
15245    0.009167
15368    0.007234
15400    0.006569
15488    0.005845
15501    0.012798
15551    0.010987
15673    0.013678
15732    0.010960
15778    0.005676
15784    0.012798
15942    0.009457
15944    0.007073
16116    0.004509
16212    0.012798
16245    0.021341
16324    0.012798
16353    0.006829
16371    0.019008
16418    0.036522
16575    0.006652
16585    0.005295
16769    0.058450
16770    0.015181
16775    0.022589
16887    0.018334
16923    0.004213
17052    0.033919
17053    0.012252
17054    0.024095
17067    0.006264
17103    0.016632
17117    0.003710
17129    0.004623
17144    0.003423
17449    0.015181
17531    0.012980
17545    0.015181
17689    0.017154
17966    0.005845
18199    0.011690
18282    0.002354
18482    0.008683
18719    0.007469
18972    0.007732
19225    0.005107
19604    0.012798
19635    0.010186
19685    0.005649
19844    0.005680
19882    0.035070
20202    0.008287
20275    0.003721
20289    0.008380
20305    0.007597
20405    0.010186
20531    0.010670
20535    0.007803
20557    0.005025
20713    0.004105
20807    0.006528
20837    0.010670
20946    0.012277
20950    0.026382
20964    0.004639
21057    0.005149
21085    0.011931
21111    0.006336
21147    0.008114
21150    0.001731
21243    0.003442
21247    0.006602
21266    0.008211
21279    0.005444
21292    0.008683
