42
168    0.082163
333    0.035030
451    0.048893
845    0.085809
1699    0.016620
1762    0.035890
2658    0.075593
3881    0.059824
3944    0.044388
4206    0.071290
4240    0.057360
4501    0.053356
4778    0.074053
4926    0.152650
5020    0.057107
5126    0.139970
5214    0.169037
5426    0.082163
6334    0.069443
7758    0.093918
8078    0.056301
8170    0.055580
8837    0.065699
9518    0.059565
10491    0.059463
11183    0.053889
11499    0.075593
11725    0.090272
12045    0.059824
12109    0.062546
12551    0.036447
12999    0.023041
13863    0.140080
14351    0.104135
14742    0.028575
14815    0.042163
15916    0.080056
16418    0.112244
17053    0.056482
17144    0.031559
20807    0.060191
21129    0.031559
