62
688    0.058552
1311    0.057267
1752    0.037399
2116    0.048814
2281    0.132773
2882    0.031026
3089    0.020374
3090    0.036258
3826    0.051536
4023    0.021296
4168    0.120181
4240    0.017488
5060    0.085348
5866    0.022860
5879    0.033025
6734    0.035417
7304    0.054068
7486    0.030885
9945    0.036478
10274    0.065720
10397    0.035017
10508    0.095304
10629    0.057267
10630    0.071950
11014    0.031313
11103    0.019365
11199    0.076895
11401    0.046093
12046    0.047652
12295    0.085348
12302    0.053164
12675    0.052737
12720    0.112210
12763    0.038395
12889    0.019572
13276    0.085348
13320    0.032859
13355    0.019852
13357    0.011950
13568    0.031313
14303    0.024572
14314    0.036042
14320    0.057891
14539    0.037886
15349    0.071950
16207    0.037886
16707    0.030746
16734    0.068478
17281    0.024001
17507    0.045155
18182    0.013166
18544    0.056105
18725    0.034441
18882    0.018409
18951    0.041312
19128    0.093507
19332    0.076895
19426    0.016762
20090    0.014480
20260    0.036277
20768    0.020081
21253    0.037535
