310
115    0.006488
147    0.004462
246    0.010471
343    0.015181
348    0.007126
523    0.006739
552    0.011461
573    0.013678
604    0.007597
621    0.005326
670    0.009457
681    0.009457
773    0.012121
814    0.009457
863    0.007597
872    0.012798
972    0.012174
1021    0.008794
1097    0.005086
1157    0.005396
1184    0.004493
1194    0.007469
1275    0.007663
1338    0.015181
1466    0.013138
1597    0.010415
1599    0.019959
1677    0.006194
1698    0.004119
1699    0.001803
1846    0.005303
1862    0.003094
1889    0.008683
1951    0.006924
1999    0.009980
2073    0.015181
2185    0.012798
2194    0.013678
2432    0.002622
2509    0.010186
2510    0.008794
2609    0.005787
2706    0.004227
2737    0.005213
2861    0.014468
3089    0.003624
3128    0.013678
3129    0.009307
3135    0.012798
3193    0.008476
3251    0.012798
3567    0.007144
3592    0.016575
3593    0.004371
3647    0.004283
3672    0.007469
3754    0.007179
3824    0.009167
3911    0.011192
4260    0.005494
4319    0.022595
4457    0.010415
4492    0.005469
4576    0.007597
4577    0.007073
4620    0.008032
4621    0.008577
4810    0.006373
4899    0.004493
4901    0.008199
4949    0.006488
5020    0.006194
5075    0.005283
5089    0.010186
5131    0.010186
5171    0.008794
5211    0.013478
5495    0.002912
5501    0.003013
5571    0.010670
5614    0.010427
5615    0.012899
5719    0.017248
5837    0.013678
5856    0.004870
6120    0.012798
6158    0.012798
6229    0.010960
6291    0.009035
6457    0.012174
6458    0.013678
6758    0.009932
6761    0.016634
6892    0.012174
6908    0.003754
7117    0.006784
7129    0.023196
7141    0.006784
7194    0.005759
7330    0.013622
7421    0.009307
7466    0.005349
7642    0.006126
7802    0.002013
7988    0.007408
8019    0.003656
8021    0.005759
8025    0.008317
8078    0.006106
8181    0.004965
8188    0.010415
8292    0.010960
8630    0.007825
8711    0.005258
8899    0.007597
9028    0.013678
9118    0.009592
9517    0.003541
9631    0.005787
9664    0.005086
9827    0.015181
9856    0.012798
9946    0.008577
9979    0.008032
9991    0.014358
9999    0.007803
10095    0.020217
10321    0.013678
10508    0.008476
10589    0.005649
10610    0.007408
10677    0.009791
10803    0.006060
10920    0.012174
10932    0.027318
10935    0.027355
10936    0.015181
10942    0.025638
10943    0.028937
11093    0.005731
11103    0.001722
11117    0.003765
11146    0.005065
11180    0.010211
11181    0.004199
11182    0.007532
11213    0.009665
11218    0.003248
11239    0.008911
11271    0.005349
11294    0.013678
11358    0.005128
11439    0.006194
11484    0.015181
11530    0.007291
11563    0.024348
11569    0.004312
11683    0.002860
11729    0.004985
11744    0.004541
11747    0.016946
11841    0.002505
11889    0.006610
11898    0.010186
12279    0.009035
12300    0.003893
12307    0.022947
12309    0.039355
12345    0.004145
12374    0.010415
12416    0.006569
12452    0.015181
12529    0.011294
12622    0.010670
12661    0.015464
12869    0.009791
12928    0.011088
12932    0.006528
12961    0.010960
12975    0.009307
12987    0.006537
13014    0.003338
13050    0.003834
13141    0.009617
13283    0.008199
13319    0.004946
13355    0.003531
13428    0.015181
13501    0.007714
13541    0.006652
13580    0.003699
13731    0.009617
13877    0.031866
13899    0.012186
13909    0.005997
13910    0.058409
14036    0.015181
14065    0.003587
14073    0.036804
14089    0.010186
14234    0.009791
14425    0.003572
14453    0.006739
14490    0.007234
14604    0.009744
14741    0.005420
14742    0.003099
14796    0.004851
14821    0.011690
14842    0.029373
14843    0.015181
14865    0.005874
14912    0.015181
14944    0.006160
14994    0.008794
15006    0.015327
15017    0.010670
15038    0.007803
15294    0.008683
15441    0.015181
15589    0.012174
15677    0.008577
15695    0.017027
15710    0.006411
15712    0.004851
15821    0.006569
15858    0.012798
16014    0.009617
16060    0.005935
16063    0.041976
16167    0.007953
16257    0.010415
16509    0.005235
16510    0.007663
16585    0.005295
16705    0.007955
16706    0.007803
16892    0.037344
16907    0.004227
16938    0.010960
16941    0.002838
17066    0.006829
17074    0.051081
17075    0.029521
17077    0.015193
17079    0.014938
17117    0.003710
17148    0.015181
17276    0.013678
17331    0.005622
17345    0.006829
17366    0.005787
17368    0.019582
17369    0.006028
17484    0.002531
17496    0.007469
17643    0.004690
17757    0.022407
17758    0.009980
17875    0.012388
18167    0.004672
18282    0.002354
18319    0.005086
18435    0.010745
18451    0.007597
18580    0.006739
18619    0.007809
18689    0.008287
18724    0.006695
18774    0.009457
18859    0.012798
19043    0.004199
19123    0.010186
19460    0.003521
19631    0.015181
19693    0.007953
19711    0.013678
19772    0.005170
19823    0.008032
19844    0.001420
19862    0.011690
19899    0.012798
19905    0.007348
20019    0.013678
20095    0.016759
20260    0.001291
20464    0.004557
20601    0.005258
20620    0.018099
20637    0.011690
20642    0.007803
20713    0.008211
20716    0.005997
20717    0.007738
20868    0.003347
20964    0.004639
20983    0.004743
21005    0.004851
21058    0.004446
21087    0.013247
21115    0.003562
21150    0.001731
21243    0.006884
21247    0.004402
21306    0.017896
21307    0.014837
21310    0.006160
21322    0.011294
21330    0.015181
21348    0.008683
