274
103    0.011832
419    0.013818
440    0.010680
834    0.011001
1140    0.014390
1157    0.006379
1182    0.014390
1184    0.005311
1204    0.006215
1247    0.009591
1345    0.010019
1477    0.006465
1618    0.014390
1689    0.005712
1699    0.004262
1762    0.004601
1824    0.009494
1926    0.008756
1940    0.006137
2285    0.011796
2706    0.004997
2721    0.016168
2737    0.030813
2819    0.005691
3135    0.030256
3338    0.015627
3396    0.006012
3397    0.007281
3563    0.005648
3647    0.005063
3693    0.010138
3826    0.010836
4137    0.004372
4218    0.016168
4301    0.016037
4492    0.006465
4516    0.007765
4724    0.010680
4779    0.015128
4785    0.014390
4811    0.015529
4870    0.005544
4908    0.012955
5075    0.003122
5096    0.004702
5211    0.007966
5220    0.007717
5262    0.011001
5414    0.012814
5434    0.013351
5495    0.003442
5502    0.012311
5623    0.009591
5717    0.027916
5719    0.005097
5737    0.018280
5821    0.012613
5975    0.005504
5987    0.010395
6235    0.013818
6707    0.006086
6756    0.006774
6758    0.007827
6937    0.009691
6994    0.009311
7142    0.023590
7168    0.003571
7178    0.015067
7194    0.006807
7349    0.009401
7714    0.007814
7716    0.008686
7744    0.007164
7787    0.007914
7989    0.006268
8040    0.009091
8408    0.009691
8417    0.006012
8500    0.011838
8505    0.007202
8581    0.003979
8630    0.009250
8918    0.005939
9002    0.008301
9003    0.006584
9023    0.006741
9130    0.016168
9242    0.008756
9459    0.008486
9510    0.006407
9631    0.006840
9768    0.019182
9976    0.009591
10062    0.013818
10186    0.008979
10222    0.010680
10259    0.009401
10290    0.006215
10442    0.030791
10589    0.006677
10611    0.007578
10612    0.009311
10626    0.023147
10803    0.014327
10892    0.012037
10942    0.042427
11093    0.006774
11103    0.004072
11146    0.011975
11154    0.008903
11180    0.008047
11195    0.011368
11203    0.006323
11283    0.007164
11355    0.003488
11444    0.006351
11503    0.004186
11528    0.005939
11569    0.005097
11747    0.006677
11782    0.008902
11817    0.011796
11822    0.028781
11841    0.002961
11973    0.009311
12005    0.003609
12045    0.007670
12110    0.009705
12111    0.014390
12166    0.006677
12307    0.043399
12309    0.006646
12345    0.009800
12484    0.012955
12542    0.009905
12551    0.004673
12613    0.008184
12675    0.005544
12684    0.003777
12817    0.006111
12857    0.011178
12864    0.005585
12867    0.008242
12928    0.006553
12944    0.009591
12951    0.009796
12987    0.002576
13014    0.007892
13050    0.004532
13179    0.013354
13347    0.008301
13361    0.007363
13501    0.041034
13529    0.007578
13565    0.010680
13670    0.011796
13716    0.012955
13877    0.030134
13899    0.014404
13910    0.014795
13939    0.005274
14012    0.007051
14065    0.004240
14174    0.017945
14303    0.005166
14323    0.012537
14428    0.018622
14430    0.007015
14439    0.012964
14445    0.007670
14537    0.005046
14604    0.015356
14742    0.009159
14919    0.010534
14934    0.023593
14942    0.010395
14946    0.010395
15019    0.007578
15142    0.014030
15551    0.006494
15672    0.009591
15695    0.006709
15707    0.012955
15710    0.030312
15768    0.015128
15778    0.006709
15818    0.005464
15912    0.004630
16116    0.005330
16237    0.004932
16490    0.007863
16501    0.005274
16527    0.012023
16529    0.015343
16585    0.002086
16657    0.008019
16732    0.013392
16734    0.007199
16791    0.008301
16976    0.010680
17067    0.007404
17072    0.018802
17074    0.013418
17115    0.008903
17117    0.004385
17355    0.011368
17529    0.006874
17643    0.011088
17669    0.004259
17770    0.016168
17922    0.006379
17966    0.006909
18167    0.002761
18247    0.006646
18282    0.002782
18335    0.010836
18336    0.010019
18340    0.007321
18383    0.011170
18452    0.009494
18652    0.027950
18656    0.010138
18658    0.012041
18675    0.015128
18761    0.013818
18887    0.008242
18985    0.015128
19043    0.004964
19065    0.008361
19085    0.008618
19173    0.008551
19177    0.005149
19204    0.007126
19266    0.005202
19347    0.009796
19399    0.014390
19410    0.006640
19426    0.003524
19444    0.008551
19460    0.004162
19608    0.011368
19617    0.009591
19648    0.009494
19693    0.009401
19759    0.017945
19773    0.004505
19820    0.006061
19940    0.017945
20065    0.017945
20082    0.007717
20115    0.013351
20260    0.003051
20275    0.004398
20340    0.017945
20464    0.005386
20515    0.014390
20534    0.005987
20582    0.006741
20601    0.018645
20627    0.007202
20717    0.004573
20836    0.012955
20844    0.003747
20868    0.007914
20901    0.016694
20902    0.011832
20983    0.005606
21055    0.014390
21129    0.004046
21247    0.010406
21264    0.007404
21306    0.007051
21307    0.035077
21308    0.011368
