91
451    0.018951
457    0.022013
605    0.045736
621    0.019033
888    0.045736
920    0.023773
946    0.045736
978    0.022013
1808    0.069978
2102    0.013577
2120    0.017205
2312    0.041776
2344    0.013103
2432    0.009369
3396    0.018175
3563    0.034151
3734    0.024573
3749    0.054252
4084    0.022385
4260    0.039265
4711    0.037219
4980    0.030651
5209    0.026691
5350    0.045736
5408    0.027886
5487    0.023187
5495    0.010407
5769    0.015307
6596    0.013659
6880    0.031846
6881    0.079418
7166    0.022259
7374    0.045736
7753    0.014813
7892    0.021100
8028    0.035664
8500    0.011930
8601    0.025465
8622    0.032569
9114    0.029299
9136    0.023475
9183    0.034369
9240    0.054252
9411    0.010299
9747    0.022013
10105    0.015462
10837    0.008538
11112    0.015056
11207    0.019456
11531    0.018324
11575    0.054252
11613    0.023475
12122    0.027237
12365    0.020283
12591    0.016113
12599    0.048879
12999    0.008931
13050    0.013701
13320    0.020887
13352    0.032802
13353    0.041985
13434    0.009852
13572    0.040362
14391    0.022911
14425    0.127647
14920    0.028149
15207    0.027886
16024    0.057991
16316    0.034989
16317    0.046375
16585    0.018923
16959    0.016342
17144    0.012232
17347    0.045026
17484    0.009044
17821    0.019116
18005    0.013826
18017    0.027147
18159    0.020783
18308    0.034369
18331    0.212600
18619    0.027907
18901    0.025095
18941    0.032289
19278    0.029198
19366    0.007540
19426    0.010655
19790    0.039167
20946    0.014624
20964    0.016579
21135    0.028149
