154
246    0.011660
267    0.014815
550    0.027112
604    0.016918
630    0.018259
672    0.030461
896    0.020415
1204    0.011709
1336    0.033809
1426    0.022225
1451    0.008047
1664    0.015528
1759    0.037753
1910    0.018070
2217    0.021060
2284    0.017887
2312    0.026034
2356    0.022225
2432    0.005838
2851    0.028502
3238    0.024809
3245    0.018662
3627    0.028502
3647    0.009539
3862    0.014363
4023    0.016872
4084    0.027900
4260    0.012235
4737    0.018456
4929    0.049493
5212    0.046837
5440    0.013149
5487    0.014450
5532    0.008461
5548    0.015108
5769    0.038157
5851    0.017712
5975    0.010369
6376    0.017378
6429    0.013643
6598    0.008722
6881    0.032995
7087    0.027900
7088    0.046259
7166    0.013871
7374    0.028502
7509    0.017887
7720    0.018456
7832    0.048817
7895    0.018456
8028    0.022225
8107    0.015462
8446    0.009172
8596    0.008970
8601    0.015869
8805    0.014363
9106    0.017067
9114    0.036518
9153    0.012462
9210    0.012640
9239    0.027112
9396    0.023764
9442    0.015420
9577    0.026034
9605    0.026034
9749    0.017220
9936    0.016365
10156    0.021805
10338    0.009668
10389    0.055369
10390    0.028502
10581    0.022686
10605    0.010148
10714    0.035128
10783    0.039170
10892    0.007559
11087    0.023620
11095    0.016774
11103    0.003836
11218    0.014466
11453    0.031739
11599    0.028502
11683    0.012738
11714    0.027112
11754    0.020415
12015    0.027112
12118    0.015313
12122    0.016974
12273    0.010641
12519    0.008071
12735    0.016498
12911    0.010887
12974    0.012825
13050    0.008538
13175    0.015989
13352    0.020442
13572    0.025153
13647    0.008970
14065    0.003994
14080    0.028502
14283    0.024409
14329    0.024409
14425    0.031819
14585    0.033809
14815    0.030553
15281    0.030461
15478    0.016498
15507    0.017542
15623    0.012952
15820    0.023418
15830    0.016918
16197    0.030461
16228    0.023195
16316    0.043610
16317    0.014450
16436    0.017887
16585    0.013758
16649    0.013871
17129    0.020589
17201    0.019337
17316    0.021805
17348    0.021805
17484    0.011272
17873    0.016634
18005    0.017233
18017    0.016918
18018    0.017542
18214    0.020415
18307    0.018259
18331    0.044163
18620    0.015639
18725    0.013643
18726    0.025776
18883    0.010369
19151    0.035429
19271    0.012521
19416    0.011514
19460    0.015683
19539    0.024409
19785    0.009322
19790    0.024409
19844    0.006325
20088    0.015869
20108    0.016236
20202    0.018456
20260    0.002874
20382    0.017378
20754    0.027112
20822    0.019337
20824    0.013643
20848    0.008776
20946    0.009114
21191    0.015209
21266    0.009143
