166
246    0.011174
267    0.014198
450    0.014478
550    0.025982
601    0.029191
604    0.016213
630    0.017498
673    0.029191
833    0.029191
896    0.019564
1451    0.007712
1699    0.003847
1759    0.036180
1862    0.006603
1910    0.017317
2003    0.012934
2189    0.027314
2217    0.020183
2284    0.017142
2312    0.024949
2356    0.021299
2432    0.005595
2675    0.013523
3238    0.023775
3326    0.011517
3627    0.027314
3645    0.019863
3647    0.009142
3726    0.011318
3733    0.012934
3862    0.013765
4023    0.016169
4084    0.026737
4260    0.011725
4737    0.017687
4929    0.047430
5005    0.022228
5212    0.044885
5440    0.012601
5487    0.013848
5532    0.008109
5548    0.014478
5769    0.036567
5851    0.016974
5975    0.009937
6429    0.013075
6719    0.010899
6881    0.015810
7087    0.026737
7088    0.014777
7166    0.013293
7509    0.017142
7720    0.017687
7832    0.046783
7895    0.017687
8107    0.007409
8131    0.014020
8446    0.008790
8601    0.015208
9106    0.016355
9114    0.034997
9153    0.011943
9210    0.012113
9239    0.025982
9396    0.022773
9442    0.014777
9577    0.024949
9605    0.024949
9749    0.016502
10063    0.022773
10106    0.029975
10115    0.054916
10156    0.020896
10338    0.009265
10389    0.035375
10390    0.027314
10581    0.021740
10605    0.009725
10689    0.013523
10697    0.030416
10714    0.033664
10783    0.018769
10892    0.007244
11087    0.011318
11095    0.016075
11103    0.003676
11218    0.006932
11453    0.030416
11599    0.027314
11683    0.006103
11714    0.025982
11754    0.019564
11763    0.029191
12005    0.006516
12015    0.025982
12118    0.014675
12122    0.016266
12167    0.016355
12273    0.010198
12356    0.036611
12735    0.015810
12911    0.010433
12974    0.012290
13175    0.015322
13352    0.039180
13353    0.012537
13470    0.014988
13572    0.024105
14065    0.003828
14080    0.027314
14137    0.013445
14283    0.023392
14425    0.030494
14815    0.029280
14817    0.035375
14818    0.021299
15478    0.015810
15507    0.016811
15820    0.022443
15830    0.016213
16228    0.022228
16316    0.020896
16317    0.013848
16349    0.018305
16436    0.017142
16585    0.013184
16649    0.013293
16941    0.006056
17129    0.019731
17147    0.019284
17201    0.018531
17217    0.029191
17316    0.020896
17348    0.020896
17484    0.005401
17531    0.009234
17873    0.015941
18005    0.016515
18017    0.016213
18018    0.016811
18084    0.024105
18331    0.042323
18567    0.014020
18725    0.013075
18726    0.024702
18883    0.009937
19151    0.033953
19271    0.011999
19278    0.005813
19370    0.010314
19416    0.011034
19460    0.015030
19785    0.008933
19790    0.023392
19844    0.006061
20088    0.015208
20202    0.017687
20228    0.015440
20260    0.002754
20754    0.025982
20822    0.018531
20824    0.013075
20848    0.008411
21191    0.014576
21243    0.007347
21266    0.008762
