234
267    0.020445
288    0.018625
318    0.023328
455    0.007815
457    0.009465
469    0.007261
666    0.009971
1017    0.012221
1163    0.011032
1184    0.006904
1254    0.016842
1262    0.009571
1275    0.011776
1295    0.023328
1435    0.012221
1456    0.010639
1741    0.004372
1752    0.010222
1780    0.013180
1781    0.013180
1784    0.019666
1926    0.011383
2102    0.005838
2113    0.009465
2173    0.006953
2290    0.012877
2388    0.013694
2912    0.017964
3133    0.016842
3140    0.011574
3306    0.012104
3485    0.010032
3583    0.010231
3606    0.029063
3694    0.013884
3743    0.020932
3745    0.010288
3842    0.007570
3944    0.014796
4153    0.011032
4179    0.011383
4246    0.046657
4261    0.017356
4389    0.012221
4480    0.010714
4678    0.009414
5041    0.021018
5043    0.003433
5074    0.007752
5096    0.006112
5100    0.018707
5133    0.023328
5160    0.017356
5209    0.011477
5399    0.012104
5501    0.004630
5548    0.020849
5621    0.016842
5769    0.006582
5848    0.017356
5879    0.009027
6598    0.006019
6679    0.011776
6758    0.005087
6978    0.015045
7029    0.030671
7099    0.046295
7196    0.013694
7220    0.017356
7466    0.008220
7524    0.006671
7571    0.018239
7600    0.010495
7619    0.007315
7720    0.012735
7721    0.016004
7802    0.003093
7930    0.012104
7987    0.009263
8417    0.007815
8568    0.005201
8630    0.004008
8774    0.010032
9155    0.010791
9388    0.007945
9411    0.008858
9644    0.009794
9669    0.014302
9768    0.012468
9980    0.009794
10000    0.025753
10052    0.016004
10074    0.013387
10099    0.016842
10176    0.023328
10179    0.026685
10338    0.006671
10374    0.021018
10478    0.010950
10495    0.010869
10671    0.014086
10731    0.023328
10809    0.035927
10952    0.023328
11118    0.009681
11152    0.021018
11160    0.019821
11390    0.010495
11729    0.007660
11738    0.034712
11794    0.023328
11841    0.003850
12005    0.004692
12283    0.013781
12551    0.006075
12605    0.008981
12613    0.010639
12889    0.005350
13008    0.020315
13320    0.008981
13355    0.005426
13466    0.005457
13470    0.010791
13863    0.011673
13923    0.019666
14102    0.046657
14238    0.017964
14303    0.006716
14458    0.021018
14480    0.028396
14604    0.004991
14611    0.025198
14742    0.002381
14815    0.007027
14872    0.015045
14889    0.015045
15038    0.011991
15066    0.023328
15142    0.027358
15482    0.015653
15551    0.008442
15556    0.010032
15566    0.018707
15623    0.008937
15713    0.010791
15911    0.012221
15959    0.019666
15960    0.042036
16014    0.014779
16117    0.008329
16148    0.011292
16158    0.018707
16237    0.006411
16241    0.009911
16502    0.018707
16527    0.007815
16529    0.033243
16532    0.031918
16585    0.005424
16729    0.007604
16734    0.014038
16805    0.017964
16815    0.013025
16882    0.013343
16921    0.009313
16929    0.012877
16941    0.008721
16955    0.018239
17053    0.009414
17059    0.011116
17103    0.008520
17105    0.013525
17108    0.017963
17144    0.005260
17439    0.013884
17443    0.016397
17484    0.003889
17814    0.007600
17868    0.009313
17877    0.014086
17885    0.012599
17912    0.019666
17922    0.008292
17966    0.008981
17970    0.016842
18037    0.010869
18055    0.010639
18158    0.008722
18159    0.008937
18167    0.003590
18182    0.007197
18464    0.015335
18467    0.015045
18514    0.023328
18515    0.023328
18553    0.011383
18733    0.014779
18739    0.116642
18740    0.093313
18928    0.016397
19059    0.023328
19226    0.005537
19227    0.023328
19278    0.004185
19366    0.006484
19416    0.007945
19460    0.005411
19658    0.021018
19685    0.034721
19686    0.015335
19707    0.007630
19716    0.023328
19785    0.012864
19786    0.013694
19844    0.002182
19979    0.023328
20090    0.007916
20260    0.001983
20271    0.037415
20364    0.023328
20366    0.013025
20439    0.012104
20582    0.017527
20644    0.018707
20803    0.004630
20848    0.006056
20964    0.007129
20983    0.007288
21046    0.023328
21118    0.009027
21150    0.010640
21247    0.003382
21251    0.019666
21354    0.023328
