218
246    0.007736
267    0.009829
539    0.009706
604    0.011224
621    0.007869
786    0.008769
793    0.037820
851    0.009893
888    0.018910
896    0.013545
1066    0.012245
1184    0.013277
1240    0.007113
1440    0.009417
1443    0.044237
1587    0.015766
1608    0.017273
1699    0.002663
1759    0.012524
1873    0.011868
1910    0.011989
1941    0.007195
2080    0.015766
2084    0.007835
2102    0.016841
2119    0.010230
2188    0.036735
2312    0.017273
2344    0.010835
2418    0.014746
2432    0.003874
2475    0.050065
2723    0.006266
3068    0.020209
3223    0.020209
3246    0.015389
3396    0.007515
3441    0.011530
3448    0.015766
3510    0.014210
3567    0.005278
3647    0.012658
3747    0.012524
3944    0.007113
4026    0.010376
4084    0.009255
4142    0.010529
4619    0.022431
4737    0.012245
4777    0.008907
4929    0.054727
4980    0.012673
4981    0.017988
5202    0.007223
5408    0.023060
5440    0.017448
5521    0.019412
5532    0.005614
5548    0.010023
5769    0.006329
5770    0.013545
5975    0.006880
6323    0.010376
6358    0.011036
6372    0.005339
6596    0.005648
6881    0.010945
6940    0.011323
7000    0.011129
7087    0.009255
7088    0.030691
7090    0.035253
7124    0.020209
7166    0.009203
7262    0.016688
7374    0.018910
7514    0.011751
7595    0.021838
7782    0.014746
7787    0.009893
7802    0.002974
7833    0.005752
7892    0.008724
8028    0.014746
8107    0.005129
8233    0.008593
8381    0.012381
8476    0.007168
8601    0.010529
8810    0.011639
8853    0.015389
8942    0.013751
8969    0.018910
9062    0.012994
9106    0.011323
9114    0.036343
9153    0.008268
9231    0.012673
9239    0.017988
9311    0.010858
9664    0.007515
9747    0.018203
9850    0.022431
9996    0.018910
10108    0.012829
10333    0.009767
10389    0.036735
10491    0.009529
10605    0.006733
10611    0.009473
10637    0.010376
10659    0.024228
10776    0.014746
10829    0.013167
10837    0.003530
10840    0.007639
10892    0.010031
11095    0.011129
11103    0.002545
11117    0.005564
11146    0.007484
11218    0.004799
11249    0.016688
11334    0.013562
11399    0.010529
11468    0.007869
11528    0.007424
11557    0.022431
11788    0.011639
11810    0.012114
12003    0.012829
12122    0.016892
12202    0.010230
12233    0.012994
12273    0.007060
12415    0.006905
12519    0.005355
12548    0.007251
12615    0.015766
12735    0.032836
12749    0.012673
12990    0.012673
13050    0.005665
13154    0.008467
13175    0.010608
13351    0.005263
13352    0.020343
13357    0.018845
13572    0.033377
13647    0.005951
13694    0.014746
13742    0.015389
13891    0.015389
13964    0.009587
14391    0.018945
14425    0.026389
14426    0.013973
14815    0.020271
15063    0.006414
15376    0.012994
16237    0.006165
16284    0.012381
16316    0.028933
16317    0.038348
16355    0.013545
16436    0.011868
16578    0.010451
16585    0.013040
16649    0.009203
16732    0.005580
16766    0.008724
16941    0.004193
16944    0.006047
17052    0.040094
17053    0.009052
17111    0.056836
17129    0.034150
17155    0.014210
17264    0.015051
17347    0.009308
17811    0.010023
17854    0.009893
17873    0.011036
18007    0.011751
18017    0.011224
18167    0.003452
18214    0.013545
18282    0.003478
18308    0.014210
18331    0.048834
18333    0.014210
18619    0.005769
18690    0.012114
18702    0.011639
18784    0.010689
19151    0.031341
19177    0.012872
19225    0.007545
19262    0.007607
19347    0.012245
19408    0.018910
19416    0.007639
19557    0.011639
19773    0.005631
19785    0.018554
19820    0.007576
20202    0.012245
20260    0.001907
20382    0.011530
20742    0.010302
20822    0.038488
20824    0.018103
20901    0.006956
20927    0.010867
21065    0.009706
21115    0.005263
21247    0.009756
21266    0.012132
