152
147    0.010284
883    0.023003
1202    0.025263
1240    0.011097
1364    0.014866
1441    0.024595
1603    0.014044
1699    0.008310
1752    0.015333
1812    0.025263
1846    0.012223
2050    0.019537
2134    0.053891
2284    0.018513
2343    0.018513
2344    0.008451
2380    0.015849
2688    0.012223
2905    0.034993
3327    0.015533
3593    0.010075
3944    0.022194
4023    0.008731
4071    0.022168
4136    0.023480
4452    0.021452
4729    0.011400
4744    0.022568
5020    0.028554
5043    0.025745
5075    0.006089
5567    0.009840
5578    0.013274
5745    0.014277
5899    0.015333
6596    0.008810
6821    0.031527
6930    0.018898
7303    0.036663
7456    0.011819
7602    0.018702
7712    0.017510
7802    0.004639
8078    0.007038
8116    0.007589
8233    0.013405
8269    0.015849
8271    0.129944
8272    0.015637
8314    0.029499
8323    0.012606
8630    0.012025
8711    0.012119
8776    0.029499
8839    0.029499
8964    0.013822
9200    0.009524
9280    0.016072
9417    0.018898
9816    0.020541
9944    0.015849
9978    0.021797
10065    0.031527
10127    0.031527
10131    0.031527
10168    0.031527
10251    0.018898
10333    0.015236
10358    0.017823
10509    0.042831
10510    0.051225
11290    0.024006
11334    0.010579
11364    0.017664
11683    0.006592
11750    0.009373
12230    0.010851
12523    0.026034
12544    0.032849
12548    0.011312
12641    0.023003
12648    0.020014
12938    0.031527
12987    0.010045
13008    0.015236
13198    0.017361
13311    0.015333
13351    0.008210
13445    0.020541
13591    0.016805
13639    0.024006
13770    0.021452
13823    0.017216
13866    0.014521
14121    0.078101
14145    0.060191
14148    0.015533
14150    0.016072
14359    0.016805
14439    0.050559
14579    0.016548
14741    0.012493
14742    0.007144
14917    0.034432
15029    0.019102
15072    0.017510
15818    0.010655
15991    0.016425
16116    0.031178
16117    0.012493
16120    0.018898
16158    0.028061
16486    0.017216
16497    0.028061
16578    0.016304
16585    0.010171
16729    0.005703
16732    0.008705
16744    0.019102
16999    0.024595
17117    0.008551
17480    0.015849
17484    0.005833
17821    0.012330
17830    0.012276
18055    0.015959
18058    0.020270
18158    0.013082
18203    0.011628
18553    0.017075
18655    0.011182
19200    0.021130
19425    0.031527
19464    0.009775
19760    0.021130
20004    0.028061
20050    0.022168
20152    0.029499
20323    0.017987
20396    0.029499
20458    0.022568
20534    0.023351
20583    0.016304
20629    0.017361
20714    0.011536
20841    0.018452
20927    0.008476
21150    0.011970
21193    0.024595
21195    0.049274
21247    0.005073
21275    0.031527
