151
147    0.010388
883    0.023235
1202    0.025518
1208    0.027218
1240    0.011209
1364    0.015016
1441    0.024844
1603    0.014186
1699    0.008394
1752    0.015488
1812    0.025518
1846    0.012347
2050    0.019735
2134    0.054435
2284    0.018700
2343    0.018700
2344    0.008537
2380    0.016009
2688    0.012347
3327    0.015690
3593    0.010176
3944    0.022418
4023    0.008819
4071    0.022392
4136    0.023717
4452    0.021669
4729    0.011515
4744    0.022796
5020    0.028842
5043    0.026005
5075    0.012301
5567    0.009940
5578    0.013408
5745    0.014421
5899    0.015488
6596    0.008899
6821    0.031845
6930    0.019089
7303    0.037033
7456    0.011938
7602    0.018891
7712    0.017687
7802    0.004686
8078    0.007109
8116    0.007666
8233    0.013541
8269    0.016009
8271    0.131256
8272    0.015794
8314    0.029797
8323    0.012733
8630    0.012146
8711    0.012241
8776    0.029797
8839    0.029797
8964    0.013962
9200    0.009620
9280    0.016234
9417    0.019089
9816    0.020748
9944    0.016009
9978    0.022017
10065    0.031845
10127    0.031845
10131    0.031845
10168    0.031845
10251    0.019089
10333    0.015390
10358    0.018003
10509    0.028842
10510    0.034495
11290    0.024249
11334    0.010685
11364    0.017842
11683    0.006658
11750    0.009467
12230    0.010961
12523    0.026297
12544    0.033181
12548    0.011426
12641    0.023235
12648    0.020216
12938    0.031845
12987    0.010147
13008    0.015390
13198    0.017536
13311    0.015488
13351    0.008293
13445    0.020748
13591    0.016974
13639    0.024249
13770    0.021669
13823    0.017390
14121    0.078890
14145    0.060798
14148    0.015690
14150    0.016234
14359    0.016974
14439    0.051070
14579    0.016715
14741    0.012620
14742    0.007216
14917    0.034779
15029    0.019295
15072    0.017687
15818    0.010763
15991    0.016591
16116    0.031493
16117    0.012620
16120    0.019089
16158    0.028345
16486    0.017390
16497    0.028345
16578    0.016469
16585    0.010274
16729    0.005760
16744    0.019295
16999    0.024844
17117    0.008638
17480    0.016009
17484    0.005892
17821    0.012454
17830    0.012400
18055    0.016120
18058    0.020475
18158    0.013215
18203    0.011746
18553    0.017247
18655    0.011295
19200    0.021343
19424    0.019295
19425    0.031845
19464    0.009874
19760    0.021343
20004    0.028345
20050    0.022392
20152    0.029797
20323    0.018168
20396    0.029797
20458    0.022796
20534    0.023587
20583    0.016469
20629    0.017536
20714    0.011652
20841    0.018639
20927    0.008562
21150    0.012091
21193    0.024844
21195    0.049772
21247    0.005124
21275    0.031845
