300
404    0.013158
443    0.010060
457    0.007395
1045    0.014034
1182    0.014615
1272    0.006656
1299    0.015364
1333    0.013158
1346    0.008752
1364    0.007743
1415    0.007607
1423    0.007607
1449    0.015364
1451    0.004338
1477    0.006566
1482    0.015364
1587    0.012810
1689    0.005802
1690    0.008685
1691    0.005802
1740    0.019968
1747    0.007936
1762    0.009346
2042    0.014615
2060    0.013559
2061    0.012229
2092    0.008822
2167    0.011353
2173    0.005432
2432    0.003147
2451    0.015364
2617    0.009741
2726    0.016420
2857    0.006947
3297    0.013895
3393    0.008492
3583    0.007993
3648    0.016420
3743    0.005451
3912    0.008822
3915    0.010060
4017    0.009949
4037    0.018565
4109    0.011754
4137    0.004441
4195    0.004913
4240    0.033609
4245    0.018698
4389    0.009548
4390    0.007276
4411    0.016420
4516    0.015772
4562    0.012229
4611    0.011754
4681    0.013158
4697    0.006687
4899    0.005394
5043    0.005364
5074    0.018169
5079    0.005961
5173    0.014034
5220    0.015675
5264    0.008685
5296    0.018225
5545    0.011754
5717    0.021264
5806    0.008430
5843    0.015364
5923    0.035263
5993    0.011353
6372    0.013014
6437    0.014615
6461    0.011754
6466    0.013158
6598    0.004702
6651    0.006749
6705    0.012362
6809    0.007790
6835    0.012503
6908    0.004507
6944    0.012229
7029    0.011981
7068    0.014615
7168    0.007254
7180    0.017238
7241    0.017370
7281    0.009843
7325    0.008090
7441    0.008752
7479    0.015364
7528    0.018225
7531    0.009462
7569    0.009456
7583    0.009741
7636    0.007520
7748    0.025475
8078    0.003665
8105    0.008312
8184    0.016420
8186    0.018084
8233    0.006982
8275    0.006913
8288    0.010424
8362    0.007743
8447    0.018225
8500    0.004008
8552    0.034058
8553    0.025620
8596    0.004836
8622    0.005470
8638    0.007563
8675    0.016420
8774    0.007837
8821    0.012229
8996    0.008685
9023    0.006847
9152    0.008822
9375    0.009843
9510    0.013014
9526    0.009368
9533    0.005672
9631    0.013895
9824    0.009200
9837    0.018225
9847    0.016420
9861    0.016420
10006    0.018225
10037    0.024458
10074    0.005229
10182    0.015364
10263    0.010847
10290    0.012624
10343    0.011005
10491    0.007743
10589    0.006781
10593    0.009642
10774    0.009120
10810    0.013158
10992    0.011005
11103    0.004135
11112    0.005058
11117    0.009041
11177    0.012810
11180    0.004086
11181    0.010083
11251    0.013559
11355    0.003542
11358    0.006156
11370    0.014615
11517    0.012503
11569    0.005177
11570    0.011387
11594    0.016420
11680    0.014615
11683    0.003433
11841    0.012031
11863    0.011546
11895    0.011005
12008    0.009368
12139    0.014034
12162    0.017109
12166    0.006781
12337    0.009949
12342    0.011981
12455    0.010424
12505    0.006595
12521    0.011546
12522    0.005984
12548    0.005891
12684    0.003836
12686    0.018225
12765    0.005694
12853    0.005802
12855    0.004215
12864    0.017017
12983    0.010602
13014    0.004008
13198    0.009042
13219    0.008144
13355    0.004239
13434    0.004965
13472    0.008371
13475    0.012503
13912    0.021694
13933    0.016420
13939    0.005356
14065    0.002153
14183    0.012810
14187    0.013158
14285    0.014034
14436    0.014615
14475    0.019898
14604    0.003899
14619    0.013158
14741    0.006507
14742    0.001860
14770    0.011546
14838    0.014034
14857    0.015040
14982    0.011173
15008    0.011173
15010    0.018225
15029    0.009949
15216    0.006947
15217    0.018225
15234    0.018225
15485    0.014615
15571    0.010424
15633    0.016420
15635    0.018225
15677    0.020594
15779    0.008893
15853    0.012810
16060    0.007125
16115    0.014034
16129    0.012810
16205    0.009456
16234    0.011981
16237    0.010017
16268    0.010424
16364    0.015364
16371    0.007607
16464    0.013158
16489    0.009120
16527    0.024422
16585    0.006357
16692    0.009456
16705    0.004775
16724    0.006339
16734    0.003656
16893    0.012229
16941    0.003407
16944    0.004913
16959    0.005490
17037    0.005758
17201    0.010424
17407    0.005869
17473    0.014034
17496    0.008967
17756    0.013559
17966    0.014034
18136    0.012229
18140    0.012810
18159    0.006982
18160    0.010060
18182    0.005623
18236    0.018225
18282    0.002826
18326    0.014474
18384    0.010847
18446    0.008312
18548    0.014034
18607    0.010176
18695    0.010847
18725    0.007354
18841    0.014104
18901    0.016861
18903    0.008619
18904    0.008893
19177    0.005229
19204    0.007237
19223    0.006595
19226    0.012976
19262    0.006181
19426    0.003579
19510    0.018225
19535    0.006625
19562    0.008090
19567    0.010698
19612    0.016420
19718    0.006947
19727    0.013158
19728    0.011981
19974    0.016420
20090    0.003092
20177    0.018225
20208    0.012229
20260    0.003099
20274    0.006339
20284    0.016420
20439    0.009456
20474    0.018225
20475    0.031349
20477    0.008312
20480    0.010297
20714    0.012016
20745    0.008038
20803    0.007235
20848    0.004731
20910    0.008090
20915    0.009642
20927    0.008829
21111    0.007607
21129    0.012328
21132    0.008090
21141    0.009548
21147    0.009741
21150    0.002078
21243    0.004132
21266    0.004929
