183
1097    0.009935
1451    0.007058
1466    0.012831
1603    0.011902
1621    0.040689
1634    0.026718
1664    0.013620
1698    0.008045
1740    0.010830
1741    0.011115
1762    0.007604
1863    0.049671
1947    0.016369
2113    0.012032
2120    0.009404
2144    0.026718
2248    0.015386
2344    0.007162
2670    0.022063
3013    0.014241
3273    0.015535
3493    0.019494
3647    0.008367
3678    0.026718
3699    0.026718
3788    0.013432
3850    0.010880
3911    0.010931
3946    0.026718
4023    0.014799
4137    0.007225
4150    0.012831
4346    0.026718
4732    0.013817
5029    0.023781
5093    0.024471
5202    0.009549
5515    0.008045
5765    0.018786
5970    0.022063
5988    0.012032
6073    0.018180
6141    0.019898
6144    0.021409
6471    0.029655
6658    0.029655
6668    0.029655
6734    0.012306
6811    0.020344
6992    0.021409
7000    0.014712
7168    0.011803
7181    0.009894
7466    0.010449
7508    0.013251
7531    0.007698
7588    0.018472
7757    0.016557
7802    0.007862
7892    0.023066
7964    0.014969
8271    0.012236
8272    0.013251
8350    0.053435
8468    0.059309
8786    0.013251
8964    0.011714
9256    0.010635
9306    0.049999
9502    0.012032
9798    0.008312
10261    0.007422
10401    0.017178
10402    0.042819
10411    0.011838
10725    0.023781
11093    0.011194
11103    0.003364
11108    0.021409
11121    0.034815
11156    0.039796
11213    0.009440
11218    0.006344
11356    0.020844
11531    0.010016
11566    0.013817
11782    0.007355
11836    0.045670
11955    0.029655
12064    0.011775
12439    0.022063
12544    0.167031
12548    0.009586
12759    0.018786
12765    0.009264
12818    0.013525
12853    0.009440
12983    0.017251
12987    0.008513
13320    0.022834
13434    0.002693
13501    0.007535
13554    0.017650
13815    0.016188
13837    0.023781
13841    0.018180
13937    0.022063
14083    0.037573
14130    0.012598
14131    0.014131
14145    0.038257
14148    0.039492
14150    0.027240
14208    0.020844
14213    0.018786
14224    0.015386
14303    0.025613
14331    0.015386
14742    0.003027
14749    0.010141
14760    0.018786
14863    0.014131
14888    0.022835
15072    0.014839
15223    0.059309
15232    0.053435
15724    0.029655
15844    0.017906
15906    0.020454
15907    0.008933
16007    0.016188
16117    0.010588
16203    0.029655
16237    0.008150
16355    0.035813
16497    0.047561
16498    0.031698
16585    0.001724
16590    0.026718
16743    0.012831
16907    0.008257
16923    0.008230
17407    0.009549
17436    0.018786
17496    0.014590
17875    0.012099
17947    0.016557
18021    0.018472
18023    0.018786
18055    0.027050
18203    0.009855
18205    0.016015
18282    0.004597
18493    0.031379
18670    0.010314
18681    0.018786
18903    0.014024
19115    0.026718
19411    0.014839
19457    0.014712
19708    0.020844
20011    0.022835
20126    0.022835
20397    0.080153
20448    0.022063
20468    0.015689
20582    0.033420
20751    0.020844
20844    0.006191
20855    0.018472
20894    0.008176
20914    0.026718
20924    0.016369
21083    0.024754
21129    0.013373
21132    0.013164
21150    0.006763
21222    0.025000
21243    0.006724
21247    0.004299
21266    0.008019
21278    0.029655
21290    0.010780
