311
54    0.014942
103    0.021869
246    0.005719
484    0.011377
966    0.013299
1116    0.007221
1190    0.007671
1204    0.005744
1240    0.005259
1250    0.008447
1451    0.003947
1699    0.001969
1803    0.016584
1805    0.022256
1827    0.016584
1862    0.003380
1950    0.011128
1951    0.007564
2093    0.004960
2243    0.012770
2270    0.011657
2287    0.007964
2345    0.007843
2432    0.002864
2539    0.006843
2644    0.007221
2711    0.007003
2723    0.004633
2737    0.022781
2857    0.006322
2967    0.013299
3148    0.010506
3298    0.007314
3338    0.014442
3574    0.006729
3745    0.007314
3820    0.009370
3824    0.010014
3858    0.007362
4099    0.007903
4109    0.010696
4133    0.009735
4174    0.016584
4452    0.010167
4486    0.008299
4615    0.013981
4623    0.013981
4640    0.013299
4643    0.010506
4698    0.011128
4725    0.016584
4726    0.013981
4811    0.007176
5043    0.007321
5075    0.002886
5096    0.004345
5186    0.016584
5211    0.007362
5212    0.005744
5309    0.014942
5440    0.006450
5495    0.006363
5515    0.004499
5578    0.006291
5614    0.011390
5694    0.010330
5717    0.006450
5769    0.004679
5773    0.010696
5856    0.005320
5988    0.006729
6365    0.005467
6598    0.008557
6628    0.010248
6632    0.008299
6651    0.006142
6719    0.005578
6758    0.003617
6762    0.006417
6908    0.004101
7034    0.011973
7142    0.007267
7168    0.006601
7173    0.006804
7192    0.007088
7194    0.006291
7295    0.010167
7429    0.010014
7514    0.008688
7524    0.004742
7714    0.007221
7744    0.019861
7802    0.006596
7833    0.004252
7894    0.010330
7987    0.006585
8019    0.003994
8040    0.004201
8078    0.003335
8181    0.010848
8233    0.006353
8323    0.005974
8424    0.010014
8446    0.004499
8459    0.013299
8500    0.003647
8536    0.007362
8573    0.008159
8596    0.008800
8626    0.013981
8630    0.002849
8899    0.008299
9009    0.032370
9044    0.010167
9045    0.013299
9200    0.004514
9210    0.006200
9256    0.005948
9411    0.003148
9454    0.004807
9460    0.008956
9523    0.006804
9768    0.008864
9873    0.005162
9919    0.009485
9999    0.017049
10175    0.006450
10413    0.008372
10442    0.018971
10578    0.014534
10660    0.033168
10665    0.011377
10714    0.011487
10742    0.013981
10803    0.006620
10837    0.002610
10932    0.007461
10942    0.028007
10943    0.007903
11051    0.008159
11103    0.003763
11180    0.007437
11181    0.004587
11218    0.003548
11334    0.015041
11340    0.008027
11341    0.008159
11355    0.006446
11390    0.007461
11444    0.005869
11667    0.021804
11782    0.004113
11958    0.006692
12085    0.005768
12230    0.010285
12300    0.004252
12307    0.070189
12309    0.012283
12345    0.004528
12432    0.010696
12447    0.023946
12457    0.014942
12505    0.006001
12519    0.003959
12551    0.004318
12605    0.006385
12675    0.005124
12763    0.007461
12765    0.005181
12790    0.012770
12853    0.005279
12855    0.003836
12898    0.014921
12900    0.007088
12904    0.004345
12987    0.004761
12999    0.008190
13014    0.007293
13145    0.007784
13252    0.011657
13355    0.003858
13357    0.002322
13434    0.001506
13474    0.010014
13501    0.008427
13505    0.011128
13535    0.010014
13565    0.009870
13580    0.004041
13601    0.007564
13886    0.004138
14065    0.001959
14093    0.007045
14226    0.011973
14237    0.008524
14305    0.007564
14358    0.008524
14425    0.007804
14439    0.011981
14445    0.007088
14568    0.011973
14604    0.003548
14717    0.006922
14742    0.003386
14743    0.009607
14754    0.006620
14810    0.011128
14945    0.011128
14996    0.009259
15019    0.014007
15204    0.005511
15304    0.013981
15312    0.012338
15423    0.014942
15484    0.007132
15550    0.008447
15696    0.013299
15768    0.013981
15818    0.010099
15822    0.004925
15910    0.006001
15912    0.004279
15978    0.010014
16167    0.017376
16333    0.008228
16371    0.006922
16486    0.008159
16527    0.005556
16529    0.009453
16657    0.014821
16729    0.005406
16732    0.008251
16734    0.013306
16757    0.013299
16767    0.009607
17072    0.008688
17075    0.006450
17079    0.032637
17269    0.009870
17366    0.012643
17438    0.007564
17484    0.002765
17529    0.006353
17643    0.010248
17868    0.006620
17963    0.008605
17966    0.006385
17993    0.016584
18133    0.007267
18167    0.002552
18203    0.011022
18282    0.007713
18307    0.008956
18383    0.005162
18435    0.005869
18582    0.011128
18584    0.010902
18652    0.008610
18656    0.009370
18885    0.010167
18887    0.007617
18903    0.007843
18904    0.008092
19112    0.008956
19169    0.006656
19226    0.003936
19261    0.004960
19366    0.006915
19410    0.018408
19453    0.011157
19503    0.007176
19608    0.010506
19644    0.012770
19736    0.006692
19741    0.007784
19742    0.010014
19817    0.006483
19830    0.006962
19844    0.004654
20116    0.008956
20194    0.013981
20219    0.013299
20228    0.007903
20260    0.002820
20383    0.009607
20464    0.024889
20560    0.009370
20596    0.012770
20601    0.005744
20624    0.008228
20716    0.006551
20717    0.008453
20758    0.008688
20768    0.003902
20803    0.003292
20807    0.007132
20844    0.003463
20901    0.010285
20927    0.004017
20956    0.006585
21132    0.007362
21139    0.009870
21141    0.008688
21150    0.005673
21155    0.006692
21247    0.007213
21264    0.006843
21265    0.022256
21306    0.013033
21307    0.027014
21310    0.006729
