186
147    0.007590
191    0.020842
258    0.021771
267    0.011316
297    0.016360
298    0.015370
305    0.023267
307    0.025825
346    0.025825
364    0.025825
409    0.025825
415    0.016087
428    0.012402
443    0.014255
457    0.020957
469    0.008038
481    0.043623
530    0.019213
568    0.009943
604    0.012923
744    0.013663
753    0.017717
806    0.015159
1166    0.023267
1168    0.087083
1243    0.015832
1496    0.013802
1699    0.003066
1853    0.015370
2311    0.014960
2358    0.043542
2375    0.016087
2676    0.013153
2851    0.021771
3415    0.021771
3464    0.015594
3559    0.013153
3734    0.011697
3789    0.010716
3797    0.014960
3881    0.011038
4084    0.010655
4118    0.013529
4541    0.014960
4639    0.025411
4929    0.012601
5142    0.016360
5277    0.023267
5287    0.015370
5440    0.010044
5515    0.007006
5532    0.019389
5535    0.037501
5977    0.062853
6198    0.023267
6372    0.006147
6489    0.015159
6492    0.014960
6503    0.021771
6562    0.014960
6719    0.008687
6940    0.052144
7088    0.011778
7093    0.021771
7166    0.010595
7188    0.009139
7254    0.014770
7291    0.018152
7364    0.012923
7510    0.014960
7512    0.018644
7531    0.013408
7642    0.010421
7754    0.011038
7782    0.016976
7796    0.019886
7853    0.016087
7950    0.093068
7987    0.010255
8116    0.005601
8288    0.044311
8359    0.025825
8478    0.017717
8601    0.012122
8715    0.023267
8890    0.025825
9114    0.013947
9214    0.011861
9282    0.007724
9396    0.018152
9476    0.020709
9533    0.008038
9585    0.025825
9590    0.025825
9787    0.020709
9960    0.016976
10290    0.008944
10333    0.011245
10389    0.014098
10491    0.010971
10590    0.025825
10605    0.007752
10735    0.021771
10837    0.016256
10862    0.025825
11103    0.008789
11146    0.034466
11183    0.009943
11289    0.019497
11334    0.007807
11386    0.008758
11444    0.009139
11605    0.020709
11613    0.022348
12006    0.012306
12118    0.035091
12633    0.019213
12855    0.011945
12885    0.025825
12927    0.008722
12974    0.009796
13188    0.018152
13228    0.024852
13352    0.015614
13353    0.109921
13388    0.009748
13434    0.004690
13543    0.016655
13647    0.006852
14002    0.015159
14073    0.008944
14425    0.042533
14580    0.016087
14592    0.015594
14785    0.014960
14815    0.007779
15245    0.015594
15409    0.019213
15555    0.008906
15643    0.016360
15782    0.015159
15820    0.008944
16220    0.017717
16225    0.017717
16265    0.012402
16299    0.012306
16304    0.025825
16409    0.012923
16576    0.019886
16585    0.012010
16944    0.006961
17129    0.015727
17316    0.033311
17317    0.021771
17347    0.021433
17407    0.008316
17484    0.008610
17529    0.009893
17530    0.016976
17531    0.007360
17951    0.014590
18017    0.012923
18084    0.019213
18091    0.014590
18326    0.010255
18331    0.011245
18446    0.011778
18717    0.018862
19083    0.016976
19151    0.027062
19212    0.010536
19275    0.016655
19278    0.009266
19327    0.006094
19580    0.014770
19589    0.025411
19844    0.002416
20274    0.008982
20438    0.019886
20648    0.010148
20714    0.008514
20967    0.025825
20977    0.015159
21243    0.029278
21247    0.007488
21296    0.012923
