203
288    0.010464
479    0.011954
604    0.013116
884    0.026212
1142    0.016905
1149    0.022097
1177    0.022097
1204    0.018156
1364    0.011135
1603    0.010520
1615    0.023616
1683    0.017982
1699    0.012449
1720    0.026212
1752    0.011486
1883    0.023616
1941    0.008408
1949    0.008781
1970    0.013473
1999    0.017231
2084    0.009156
2092    0.025375
2113    0.010635
2114    0.031225
2222    0.015827
2297    0.011272
2344    0.006330
2570    0.021020
2826    0.012688
3056    0.018423
3126    0.012896
3273    0.013731
3315    0.012396
3341    0.008408
3483    0.010577
3647    0.007396
3944    0.024937
4023    0.019621
4137    0.006387
4180    0.026212
4195    0.007066
4258    0.007274
4325    0.017588
4467    0.010520
4468    0.013473
4514    0.021020
4729    0.017079
4732    0.012213
4777    0.010408
4783    0.020184
4899    0.007758
5020    0.010694
5075    0.022805
5084    0.012213
5212    0.018156
5501    0.005202
5524    0.027735
5526    0.019501
5532    0.006560
5549    0.011413
5601    0.018924
5745    0.010694
5840    0.014992
5880    0.022097
5881    0.013600
6045    0.017982
6507    0.012588
6596    0.006600
6657    0.017982
7087    0.010815
7199    0.016196
7223    0.016905
7261    0.016328
7524    0.007495
7714    0.011413
7722    0.021020
7892    0.020388
7895    0.014309
8025    0.007180
8078    0.015815
8218    0.006368
8269    0.011872
8271    0.043260
8417    0.008781
8442    0.009943
8446    0.007111
8536    0.011636
8630    0.004504
8810    0.013600
9214    0.012039
9276    0.016328
9305    0.026212
9502    0.010635
9517    0.006114
9518    0.005577
9644    0.011004
9782    0.015386
9785    0.035175
10064    0.024077
10295    0.031201
10331    0.014156
10335    0.029618
10355    0.014009
10509    0.010694
10636    0.031655
10676    0.014635
11134    0.014809
11203    0.009236
11207    0.009400
11235    0.036847
11364    0.013231
11468    0.009196
11750    0.007021
11782    0.006501
11841    0.004326
12045    0.011203
12110    0.007088
12144    0.016605
12245    0.006911
12273    0.008250
12283    0.020646
12544    0.135335
12904    0.006868
12999    0.004315
13162    0.015600
13209    0.022097
13319    0.008539
13320    0.020183
13529    0.011069
13591    0.012588
14028    0.035175
14145    0.022543
14148    0.011636
14348    0.017588
14371    0.022097
14425    0.012334
14604    0.005608
14607    0.008890
14742    0.002676
14773    0.026701
14913    0.017588
14971    0.017231
14997    0.023909
15140    0.014360
15299    0.010247
15556    0.011272
15791    0.010092
15908    0.013731
15912    0.006762
15937    0.018924
15991    0.024606
15997    0.015600
16047    0.014309
16241    0.011135
16475    0.022097
16485    0.008506
16498    0.014009
16585    0.006095
16607    0.023616
16743    0.011342
16934    0.022097
16941    0.004899
17067    0.010815
17372    0.012896
18055    0.023909
18063    0.015386
18158    0.009800
18167    0.004033
18190    0.012039
18572    0.016905
18652    0.006804
18703    0.013600
18725    0.010577
18726    0.009992
19043    0.014501
19143    0.015386
19314    0.014309
19426    0.005148
19464    0.007322
19773    0.006580
19791    0.026212
19816    0.015827
19830    0.011004
19844    0.002452
19888    0.022097
19945    0.013868
20050    0.016605
20126    0.020184
20230    0.020184
20311    0.019501
20465    0.013116
20510    0.154679
20511    0.052423
20583    0.012213
20714    0.008641
20771    0.011203
20818    0.018423
20833    0.015386
20848    0.006804
20924    0.014468
20927    0.006349
20983    0.008188
21058    0.007677
