534
46    0.007981
72    0.005713
148    0.008859
219    0.002459
224    0.008859
288    0.003536
333    0.002217
347    0.008859
388    0.007981
402    0.007981
404    0.006396
411    0.005349
451    0.003094
455    0.002968
479    0.004040
482    0.007981
584    0.008859
629    0.006078
632    0.005349
670    0.005518
786    0.003463
806    0.005200
927    0.004890
930    0.005349
984    0.007981
1081    0.008379
1204    0.003068
1240    0.002809
1283    0.002365
1386    0.008859
1403    0.012037
1415    0.003697
1440    0.003719
1442    0.008859
1451    0.002109
1471    0.005431
1490    0.002380
1529    0.003411
1537    0.008859
1565    0.026577
1571    0.088589
1572    0.017718
1633    0.012474
1664    0.004069
1673    0.007981
1691    0.008460
1709    0.007104
1712    0.006243
1740    0.006471
1746    0.002717
1762    0.002272
1792    0.004784
1863    0.004946
1916    0.005518
1922    0.005200
1926    0.004323
2008    0.004098
2014    0.021106
2015    0.016275
2018    0.005431
2037    0.008859
2173    0.002640
2277    0.001860
2278    0.003594
2281    0.006891
2285    0.005824
2292    0.003594
2295    0.006227
2321    0.004472
2344    0.002140
2358    0.007468
2464    0.008859
2465    0.017718
2597    0.006591
2682    0.008859
2684    0.002980
2723    0.002475
2743    0.007468
2753    0.006591
2755    0.006822
2757    0.006396
2875    0.006078
2882    0.096614
3089    0.006344
3090    0.007527
3127    0.007981
3140    0.004395
3171    0.005713
3188    0.007981
3253    0.007468
3290    0.008859
3297    0.003377
3306    0.004596
3340    0.010263
3395    0.007104
3396    0.005936
3397    0.003594
3483    0.003575
3567    0.002084
3584    0.007981
3624    0.008859
3686    0.004098
3727    0.010263
3842    0.002875
3853    0.006822
4028    0.007150
4128    0.005431
4137    0.002158
4141    0.003763
4211    0.007468
4267    0.004472
4294    0.008859
4380    0.003399
4422    0.005349
4448    0.005713
4450    0.004807
4522    0.003763
4536    0.007395
4744    0.005713
4766    0.006396
4771    0.010699
4817    0.019137
4965    0.005518
5043    0.001304
5075    0.001541
5106    0.007468
5285    0.008859
5306    0.008859
5495    0.001699
5550    0.004554
5556    0.003328
5607    0.008859
5610    0.009780
5631    0.007104
5703    0.008859
5826    0.005518
5830    0.006591
5860    0.006822
5866    0.002373
5937    0.008859
5977    0.002396
6042    0.004395
6056    0.004433
6112    0.008859
6129    0.004358
6149    0.008859
6302    0.017718
6334    0.004395
6340    0.005431
6367    0.017718
6389    0.008859
6393    0.007981
6401    0.005200
6462    0.010545
6475    0.017718
6487    0.005349
6492    0.005132
6558    0.011647
6626    0.006396
6628    0.002737
6630    0.004189
6644    0.005067
6663    0.004254
6687    0.006822
6707    0.003004
6809    0.003786
6827    0.003719
6828    0.003265
6888    0.005518
6908    0.002191
6953    0.006591
7110    0.004687
7117    0.007917
7254    0.005067
7345    0.007104
7358    0.007104
7389    0.006591
7425    0.005713
7428    0.006822
7486    0.003206
7500    0.012791
7524    0.005067
7525    0.006227
7571    0.006926
7595    0.005750
7598    0.005132
7713    0.006822
7747    0.005713
7802    0.001174
7833    0.002272
8017    0.007981
8040    0.002244
8082    0.012155
8095    0.006396
8110    0.011888
8211    0.005349
8212    0.005200
8405    0.007981
8486    0.017718
8511    0.005944
8576    0.007981
8678    0.007981
8763    0.007981
8781    0.008181
8810    0.004596
8828    0.005200
8891    0.019772
8944    0.006591
8984    0.006962
9016    0.003163
9055    0.006591
9059    0.017718
9118    0.002799
9133    0.008859
9179    0.003763
9210    0.003312
9221    0.008859
9256    0.003177
9282    0.005299
9341    0.015963
9359    0.007468
9392    0.004358
9404    0.007981
9408    0.009892
9411    0.008409
9424    0.003786
9454    0.002568
9517    0.002066
9518    0.003770
9736    0.004784
9777    0.004098
9947    0.002066
9967    0.008859
10000    0.004890
10067    0.008859
10088    0.008859
10148    0.014936
10261    0.002217
10302    0.008859
10395    0.006396
10397    0.010904
10400    0.007981
10570    0.006822
10573    0.017718
10575    0.005067
10669    0.006591
10674    0.006227
10772    0.008859
10773    0.006034
10813    0.007104
10837    0.001394
10892    0.003961
10897    0.010343
10921    0.007981
11014    0.081256
11016    0.025025
11087    0.003094
11089    0.004472
11117    0.002197
11180    0.001986
11192    0.006822
11195    0.005612
11201    0.006289
11203    0.003121
11207    0.003177
11218    0.001895
11271    0.003121
11279    0.003235
11289    0.003344
11305    0.008859
11330    0.005273
11355    0.005165
11401    0.004784
11416    0.004946
11444    0.009405
11445    0.003594
11567    0.003857
11570    0.002768
11587    0.009780
11683    0.006675
11690    0.026577
11729    0.002909
11733    0.010545
11827    0.005824
11841    0.001462
11915    0.007468
11957    0.008859
11984    0.003614
12043    0.005824
12049    0.005518
12056    0.007981
12057    0.007468
12109    0.003959
12122    0.004448
12166    0.003296
12247    0.008859
12250    0.015963
12273    0.005577
12300    0.004543
12607    0.006227
12608    0.006078
12613    0.004040
12618    0.003719
12623    0.008859
12644    0.011037
12647    0.005944
12684    0.007459
12687    0.004890
12688    0.015963
12702    0.014208
12704    0.008859
12707    0.008859
12763    0.003985
12785    0.005713
12817    0.003017
12818    0.004040
12841    0.008859
12904    0.002321
12907    0.003556
12911    0.002853
13033    0.008859
13125    0.004069
13154    0.003344
13161    0.008859
13297    0.005713
13319    0.002886
13320    0.003411
13348    0.010843
13351    0.002078
13355    0.002061
13361    0.003635
13434    0.004022
13441    0.008859
13480    0.006591
13530    0.003594
13568    0.032502
13569    0.017718
13647    0.007051
13649    0.007104
13704    0.005612
13795    0.008859
13812    0.007468
13886    0.004421
13909    0.003499
13939    0.002604
13973    0.007981
13986    0.007104
13991    0.007468
14012    0.003481
14054    0.008196
14065    0.001047
14128    0.007981
14278    0.017718
14303    0.005101
14304    0.004012
14305    0.004040
14406    0.002688
14425    0.002084
14490    0.004221
14498    0.002358
14502    0.007981
14503    0.026577
14520    0.005824
14537    0.002491
14597    0.005132
14604    0.001895
14796    0.002831
14823    0.007104
14857    0.003655
14859    0.004784
14928    0.012453
15001    0.008859
15009    0.004395
15027    0.007981
15038    0.004554
15081    0.003163
15128    0.006396
15156    0.007468
15185    0.005518
15204    0.002944
15205    0.007104
15327    0.008859
15366    0.008859
15401    0.007981
15466    0.003121
15467    0.007104
15469    0.006396
15555    0.006110
15556    0.003810
15655    0.008859
15667    0.006396
15712    0.002831
15821    0.003833
15822    0.002631
15844    0.016048
15845    0.008859
15864    0.008859
15909    0.005431
15910    0.006412
15936    0.004946
16026    0.003833
16054    0.008859
16117    0.003163
16176    0.004512
16237    0.002435
16286    0.005713
16288    0.008859
16299    0.008443
16302    0.004433
16333    0.004395
16348    0.006396
16371    0.003697
16403    0.006822
16427    0.007104
16449    0.006396
16490    0.003882
16501    0.002604
16509    0.003055
16511    0.011037
16574    0.006822
16585    0.004635
16592    0.001906
16619    0.007981
16658    0.014208
16692    0.004596
16695    0.005612
16707    0.028722
16729    0.001444
16791    0.008196
16907    0.002467
16921    0.003536
16937    0.005200
16952    0.007482
16958    0.003763
17181    0.011427
17209    0.005431
17397    0.007981
17484    0.002953
17525    0.005349
17669    0.004205
17686    0.006227
17688    0.005944
17819    0.005518
17821    0.003121
17830    0.003108
17875    0.003614
17877    0.005349
17913    0.008509
17916    0.003235
17925    0.008859
18068    0.005067
18182    0.001367
18203    0.002944
18209    0.008859
18256    0.004395
18282    0.001373
18331    0.007715
18382    0.006721
18408    0.008859
18418    0.005824
18422    0.005824
18459    0.006078
18468    0.005431
18587    0.002717
18607    0.004946
18705    0.005273
18724    0.007814
18726    0.003377
18836    0.006822
18883    0.002717
19043    0.002451
19046    0.003411
19097    0.003481
19125    0.003265
19127    0.004628
19177    0.002542
19225    0.002980
19226    0.002102
19278    0.003178
19287    0.007468
19349    0.003763
19366    0.001231
19416    0.003017
19523    0.009374
19535    0.003220
19557    0.004596
19562    0.003933
19570    0.007104
19617    0.004735
19751    0.004158
19773    0.002224
19844    0.000829
19875    0.007468
19877    0.008859
19938    0.007981
19944    0.006078
20090    0.001503
20100    0.003676
20260    0.001506
20281    0.003206
20332    0.007468
20366    0.004946
20448    0.006591
20481    0.004189
20487    0.005349
20505    0.042794
20506    0.039545
20507    0.021090
20557    0.002932
20562    0.013182
20654    0.017718
20700    0.014204
20714    0.005841
20716    0.003499
20717    0.002258
20756    0.007104
20764    0.006591
20785    0.003004
20803    0.001758
20868    0.005860
20983    0.002768
20998    0.009374
21014    0.006396
21038    0.007981
21083    0.007395
21085    0.003481
21098    0.005944
21129    0.001997
21247    0.003853
21253    0.009740
21254    0.008272
21258    0.004288
21259    0.007865
21266    0.002396
