336
16    0.013678
94    0.015181
246    0.005235
504    0.008476
591    0.011294
604    0.007597
834    0.009307
1099    0.016047
1142    0.009791
1194    0.007469
1203    0.011294
1281    0.011294
1364    0.006449
1451    0.003613
1479    0.007408
1514    0.006784
1603    0.006093
1621    0.020830
1701    0.011690
1740    0.005544
1910    0.008114
1941    0.009739
1947    0.008380
1949    0.005086
2109    0.009980
2120    0.004814
2144    0.013678
2225    0.009617
2248    0.007877
2326    0.012174
2344    0.003666
2416    0.015181
2432    0.002622
2462    0.013678
2493    0.015181
2503    0.015181
2539    0.006264
2609    0.005787
2661    0.015181
2670    0.011294
2688    0.005303
2745    0.004509
3013    0.007291
3030    0.011690
3056    0.021341
3171    0.009791
3269    0.011294
3271    0.010186
3315    0.007179
3344    0.015181
3519    0.015181
3567    0.007144
3670    0.012174
3678    0.027355
3699    0.013678
3711    0.012174
3788    0.006876
3789    0.006300
3958    0.012174
4023    0.003788
4084    0.006264
4092    0.013678
4237    0.010960
4258    0.004213
4265    0.007877
4289    0.008032
4346    0.013678
4461    0.005649
4678    0.006126
4714    0.015181
4729    0.004946
4730    0.007291
5020    0.006194
5029    0.024348
5043    0.002234
5074    0.010090
5075    0.002642
5220    0.006528
5232    0.008287
5304    0.011294
5501    0.003013
5511    0.009167
5548    0.006784
5549    0.006610
5806    0.007022
5820    0.006829
5823    0.011690
5949    0.015181
6050    0.010340
6074    0.015181
6129    0.007469
6145    0.015181
6171    0.016398
6310    0.010186
6382    0.015181
6497    0.008032
6507    0.007291
6559    0.012798
6657    0.010415
6662    0.015181
6758    0.003311
6811    0.010415
6918    0.006060
6951    0.020373
7000    0.007532
7078    0.009167
7117    0.006784
7141    0.006784
7168    0.006042
7180    0.007179
7199    0.004690
7303    0.007953
7415    0.012798
7422    0.010186
7440    0.015181
7456    0.005128
7494    0.015181
7504    0.010960
7514    0.007953
7534    0.013678
7714    0.006610
7802    0.002013
7902    0.007597
7909    0.007469
7943    0.013678
8040    0.003845
8078    0.006106
8170    0.006028
8271    0.012528
8350    0.027355
8546    0.010670
8630    0.005217
8781    0.014019
8787    0.009167
8791    0.030362
8874    0.013678
9044    0.009307
9112    0.015181
9126    0.006876
9209    0.003462
9280    0.006972
9502    0.012319
9503    0.010415
9671    0.015181
10027    0.009307
10187    0.015181
10215    0.005170
10338    0.013024
10354    0.005420
10391    0.030362
10401    0.026382
10402    0.010960
10406    0.009167
10421    0.006093
10509    0.006194
10515    0.010960
10636    0.009167
10646    0.015906
10749    0.015181
10803    0.006060
11103    0.003444
11112    0.004213
11117    0.007531
11121    0.008911
11134    0.008577
11213    0.004833
11218    0.016239
11231    0.012798
11271    0.005349
11364    0.007663
11473    0.008577
11503    0.003541
11683    0.005719
11738    0.011294
11782    0.018827
11786    0.007469
11810    0.016398
11836    0.035070
11969    0.012174
12005    0.006106
12006    0.014468
12041    0.012798
12109    0.006784
12110    0.008211
12225    0.013678
12300    0.003893
12319    0.008380
12345    0.008290
12432    0.009791
12522    0.004985
12544    0.142514
12548    0.009815
12594    0.011294
12659    0.005128
12675    0.004690
12690    0.013678
12817    0.005170
12818    0.013847
12978    0.006528
12983    0.017663
12999    0.002499
13170    0.012798
13195    0.007291
13319    0.004946
13320    0.005845
13357    0.004251
13434    0.001378
13482    0.005816
13744    0.012174
13756    0.009307
13815    0.008287
13848    0.012798
13887    0.015181
13937    0.022589
13938    0.012174
13939    0.004462
13959    0.011294
14002    0.008911
14083    0.038469
14090    0.011294
14145    0.052226
14148    0.013478
14150    0.027890
14212    0.009617
14305    0.006924
14316    0.004965
14331    0.007877
14360    0.011294
14406    0.004606
14533    0.021341
14607    0.005149
14742    0.001550
14746    0.006060
14796    0.004851
14824    0.014358
14889    0.009791
14987    0.015181
15069    0.013678
15076    0.027355
15380    0.015181
15382    0.008683
15540    0.009980
15596    0.009035
15687    0.010960
15712    0.004851
15780    0.011294
15814    0.010186
15822    0.004509
15906    0.005235
15912    0.015666
15970    0.010415
16116    0.004509
16117    0.010840
16201    0.027355
16241    0.006449
16355    0.036667
16430    0.009167
16496    0.011690
16585    0.008825
16589    0.020373
16662    0.015181
16729    0.009897
16732    0.003777
16743    0.006569
16905    0.015181
16921    0.006060
16928    0.011690
16941    0.005675
16999    0.010670
17012    0.015181
17067    0.006264
17117    0.007420
17366    0.005787
17369    0.012056
17433    0.009617
17436    0.009617
17484    0.002531
17854    0.006695
17947    0.008476
17966    0.005845
17986    0.011690
18098    0.006060
18165    0.015181
18167    0.002336
18205    0.008199
18282    0.002354
18323    0.015181
18660    0.009035
18670    0.005280
18681    0.019235
18883    0.004656
18898    0.005759
18905    0.010670
18936    0.015181
19043    0.004199
19123    0.010186
19177    0.004356
19192    0.010415
19262    0.005149
19278    0.002723
19366    0.002110
19426    0.008945
19460    0.003521
19474    0.009617
19575    0.009035
19580    0.008683
19773    0.003811
19785    0.004186
19817    0.005935
19844    0.001420
20011    0.011690
20281    0.010987
20311    0.011294
20396    0.051192
20397    0.041033
20398    0.015181
20432    0.006784
20455    0.015181
20468    0.008032
20509    0.030362
20583    0.021220
20685    0.015181
20803    0.003013
20807    0.006528
20828    0.012798
20844    0.003170
20914    0.013678
20924    0.008380
20964    0.004639
20972    0.008287
21083    0.006336
21129    0.003423
21150    0.001731
21151    0.015181
21222    0.025596
21290    0.005519
