269
6    0.024951
246    0.005959
267    0.007572
288    0.006898
438    0.017280
540    0.011855
550    0.013857
604    0.008647
621    0.018187
677    0.009236
681    0.032292
786    0.020265
863    0.008647
1052    0.024292
1333    0.012476
1413    0.009053
1435    0.009053
1443    0.056798
1451    0.004113
1665    0.009538
1699    0.002052
1759    0.009648
1862    0.003522
1910    0.027707
1990    0.009433
2070    0.012476
2084    0.006036
2113    0.007011
2126    0.011595
2188    0.018866
2221    0.011855
2311    0.010010
2344    0.004173
2432    0.002984
2723    0.004827
2744    0.004629
2745    0.010264
3448    0.024292
3451    0.006555
3567    0.004066
3647    0.004876
3671    0.009332
3741    0.017280
3788    0.007827
3944    0.010960
4026    0.007993
4028    0.006973
4084    0.014260
4202    0.007341
4276    0.010285
4426    0.014568
4737    0.009433
4743    0.008432
4929    0.008432
5086    0.008432
5350    0.014568
5408    0.044411
5412    0.017280
5440    0.006721
5458    0.009883
5521    0.007477
5548    0.015443
5769    0.009751
6129    0.008502
6181    0.014568
6358    0.017003
6429    0.013946
6596    0.004351
6738    0.013946
6881    0.033728
6940    0.008723
7009    0.013857
7087    0.021390
7088    0.007881
7090    0.009053
7092    0.014568
7166    0.014180
7524    0.004941
7561    0.034561
7619    0.005418
7720    0.018866
7744    0.006898
7833    0.008862
7892    0.006721
8218    0.004198
8228    0.010594
8247    0.017280
8252    0.010594
8270    0.051439
8381    0.009538
8384    0.015569
8476    0.005522
8555    0.017280
8581    0.003832
8594    0.006653
8596    0.004585
8601    0.008111
8781    0.005319
8810    0.008966
8930    0.017280
8942    0.021187
9062    0.010010
9106    0.008723
9114    0.009332
9153    0.006370
9198    0.013857
9210    0.006460
9231    0.009763
9280    0.007937
9282    0.005168
9411    0.003281
9454    0.005009
9527    0.022719
10000    0.009538
10074    0.004958
10108    0.009883
10354    0.012339
10389    0.028300
10637    0.007993
10659    0.009332
10776    0.011360
10783    0.010010
10829    0.010144
10837    0.002719
10840    0.005885
10892    0.003864
10960    0.017280
11095    0.017146
11103    0.001960
11146    0.011531
11183    0.006653
11184    0.023980
11218    0.007394
11334    0.010448
11453    0.024333
11468    0.006062
11548    0.013857
11683    0.003255
11739    0.010010
11750    0.004629
11810    0.009332
12004    0.010285
12053    0.007993
12109    0.007722
12122    0.008675
12127    0.008573
12191    0.008573
12202    0.007881
12245    0.004556
12273    0.005439
12522    0.005674
12548    0.005586
12735    0.016864
12749    0.019526
12750    0.017280
12904    0.013583
12987    0.004961
12990    0.019526
13050    0.004364
13175    0.008172
13211    0.012146
13349    0.008882
13352    0.010448
13353    0.013373
13357    0.004839
13434    0.003138
13572    0.012856
13777    0.009883
13917    0.023190
13964    0.014771
14024    0.031138
14065    0.004083
14283    0.012476
14351    0.012856
14353    0.010764
14398    0.014568
14425    0.016263
14522    0.015569
14559    0.011360
14764    0.017280
14815    0.031232
14997    0.015762
15028    0.010434
15133    0.011360
15299    0.006755
15334    0.008299
15376    0.010010
15382    0.009883
15551    0.006253
15783    0.015342
16030    0.006340
16037    0.025712
16116    0.005132
16176    0.026404
16228    0.011855
16246    0.011145
16284    0.028615
16314    0.012146
16315    0.014568
16316    0.011145
16317    0.044314
16318    0.012146
16355    0.010434
16363    0.012856
16436    0.009142
16585    0.007032
16649    0.021269
16705    0.004528
16941    0.003230
17052    0.007722
17053    0.006973
17054    0.009142
17111    0.051082
17129    0.015785
17144    0.003896
17155    0.021894
17163    0.012856
17348    0.011145
17471    0.007827
17484    0.002881
17613    0.011145
17873    0.008502
18005    0.004404
18017    0.008647
18018    0.008966
18023    0.010947
18025    0.017280
18140    0.012146
18167    0.010636
18214    0.010434
18319    0.011578
18331    0.037621
18516    0.013306
18535    0.020287
18695    0.010285
18725    0.006973
18888    0.005789
18995    0.013306
19043    0.004780
19151    0.024145
19283    0.013857
19327    0.016310
19347    0.018866
19412    0.019526
19416    0.011770
19652    0.009332
19772    0.005885
19817    0.006755
19844    0.004849
19869    0.013857
20088    0.008111
20260    0.001469
20294    0.013306
20382    0.008882
20460    0.018427
20534    0.005766
20745    0.007621
20822    0.009883
20824    0.006973
20894    0.004764
20899    0.009433
20910    0.007671
20924    0.009538
20926    0.013306
21094    0.007993
21118    0.006687
21120    0.005543
21247    0.020041
21292    0.009883
