47
457    0.055679
645    0.137226
1244    0.075745
1278    0.061320
1844    0.084127
1949    0.045972
2684    0.046159
3133    0.099071
3976    0.096452
4382    0.099071
5075    0.023878
5079    0.044882
5487    0.058651
5556    0.051550
5856    0.044018
6778    0.081672
7802    0.018192
7989    0.047934
9165    0.123635
10975    0.058651
11890    0.078486
12675    0.084793
12987    0.019697
12999    0.022590
13219    0.061320
13351    0.032195
14742    0.028015
14920    0.071200
15142    0.160931
15989    0.059010
16527    0.045972
16531    0.073341
16585    0.007977
17507    0.072601
18086    0.072601
18179    0.048994
18499    0.056301
18619    0.035294
18689    0.074911
19042    0.086933
20256    0.073341
20582    0.051550
20587    0.057950
20717    0.034972
21113    0.065391
21243    0.031115
21252    0.137226
