45
1283    0.038929
1496    0.077925
1970    0.074944
2278    0.059159
3089    0.034805
4362    0.061941
4380    0.055938
4468    0.074944
4492    0.052524
4650    0.068951
5532    0.036489
5628    0.041694
5866    0.039053
6628    0.045046
7965    0.066965
8107    0.033341
11082    0.092366
11103    0.016541
12053    0.067444
12230    0.045212
12668    0.062698
12765    0.045548
13320    0.056134
13580    0.035525
13821    0.090822
14063    0.045380
14498    0.038806
15580    0.131362
15712    0.046590
15908    0.076381
16061    0.086777
16578    0.067934
16592    0.031364
16923    0.040464
16941    0.054506
17140    0.088040
17292    0.045890
18587    0.044718
19245    0.108474
19309    0.057292
19355    0.122915
20260    0.024789
20993    0.052289
21156    0.112272
21254    0.045380
