167
13    0.031811
443    0.017559
1194    0.015651
1364    0.013514
1437    0.024496
1514    0.014215
1603    0.012768
1662    0.016058
1699    0.003777
1862    0.006483
1941    0.020408
2084    0.011112
2113    0.025815
2222    0.019209
2344    0.007683
2539    0.013126
2985    0.016506
3032    0.026818
3126    0.015651
3273    0.016665
3315    0.015044
3803    0.026818
3944    0.020176
3970    0.025510
4023    0.015875
4467    0.012768
4488    0.015523
4492    0.034380
4514    0.025510
4729    0.010364
4730    0.030554
4732    0.029644
4777    0.012632
4899    0.009415
5001    0.026818
5020    0.012979
5075    0.016606
5212    0.011017
5487    0.013596
5511    0.019209
5532    0.007961
5549    0.013851
5601    0.022966
5628    0.018194
5745    0.012979
5881    0.033011
5978    0.024496
6043    0.018933
6115    0.016506
6657    0.021824
6743    0.018194
7223    0.020516
7456    0.010744
7471    0.028661
7489    0.019502
7892    0.037116
7894    0.019816
7909    0.015651
7985    0.015651
8025    0.008714
8078    0.012796
8218    0.007728
8269    0.014408
8271    0.052502
8381    0.052677
8417    0.010657
8442    0.036201
8446    0.008630
8505    0.012768
9118    0.010050
9126    0.014408
9454    0.009221
9518    0.013537
9785    0.021345
10064    0.014611
10215    0.010834
10261    0.007961
10333    0.013851
10334    0.009253
10355    0.017002
10402    0.022966
10509    0.012979
10633    0.026818
10636    0.019209
10688    0.025510
10714    0.033052
10718    0.023667
11117    0.007890
11134    0.017973
11207    0.011409
11358    0.010744
11365    0.025510
11761    0.031811
11782    0.007890
11841    0.005250
12144    0.020153
12194    0.020516
12283    0.006264
12300    0.008157
12345    0.034744
12348    0.016506
12522    0.010446
12544    0.134384
12684    0.006696
12855    0.007357
12904    0.008335
13205    0.031811
13209    0.026818
13356    0.017366
13445    0.018673
13462    0.014029
13533    0.016058
14028    0.021345
14145    0.068398
14148    0.014121
14150    0.014611
14304    0.028817
14316    0.010404
14425    0.007485
14607    0.010789
14742    0.003247
14774    0.018194
15299    0.012436
15791    0.012247
15910    0.011512
15937    0.022966
16094    0.047572
16437    0.013277
16475    0.026818
16485    0.010323
16585    0.007397
16610    0.127246
16729    0.005184
16731    0.095434
16732    0.007914
16743    0.013765
17067    0.013126
17105    0.009221
17372    0.015651
17439    0.018933
17471    0.014408
18063    0.018673
18179    0.011358
18242    0.021345
18652    0.008258
19143    0.018673
19314    0.017366
19426    0.006248
19460    0.007378
19464    0.017773
19707    0.010404
19785    0.008771
19816    0.019209
20041    0.025510
20050    0.020153
20126    0.024496
20230    0.024496
20461    0.019816
20465    0.015918
20510    0.026818
20583    0.014822
20669    0.031811
20714    0.010487
20818    0.022359
20833    0.018673
20848    0.008258
21150    0.003627
