186
103    0.048066
187    0.026272
502    0.020496
786    0.022799
795    0.029160
1241    0.029160
1383    0.020496
1529    0.011227
1689    0.009283
1699    0.006925
1766    0.021695
1830    0.019169
1862    0.005943
2432    0.005036
2567    0.016892
2684    0.009809
2857    0.011116
2867    0.011897
2917    0.026272
3268    0.035754
3327    0.012945
3473    0.010275
3647    0.008228
3654    0.015276
3713    0.023407
3892    0.017608
3903    0.022015
3942    0.012540
3943    0.012945
4001    0.014852
4258    0.008093
4607    0.020496
4727    0.020496
4729    0.019000
4899    0.008630
5055    0.014115
5081    0.016892
5087    0.022454
5152    0.011964
5352    0.031948
5355    0.017355
5469    0.019169
5495    0.016781
5515    0.007911
5519    0.029160
5523    0.011641
5718    0.012101
5725    0.050470
5962    0.014229
5993    0.018164
6270    0.034234
6275    0.017877
6577    0.026272
6655    0.011284
6689    0.015130
6756    0.011008
6975    0.026272
7114    0.017608
7168    0.005803
7175    0.044909
7181    0.019459
7523    0.011227
7744    0.011641
7802    0.007731
7812    0.029160
7904    0.029160
8019    0.007022
8031    0.023384
8078    0.005865
8223    0.012860
8500    0.006412
8505    0.011704
8594    0.011227
8596    0.007737
8613    0.012032
8622    0.008753
8639    0.011227
8740    0.052545
8781    0.008976
9005    0.015428
9311    0.014115
9319    0.015585
9357    0.016281
9361    0.010275
9372    0.029160
9518    0.012409
9523    0.011964
9692    0.011641
9798    0.008173
9824    0.014720
9918    0.022454
10140    0.009247
10181    0.016892
10422    0.025235
10508    0.016281
10525    0.013030
10611    0.012314
10699    0.020005
10803    0.011641
10837    0.004589
10850    0.017608
11018    0.015276
11154    0.014467
11180    0.006538
11201    0.006901
11355    0.005667
11394    0.018164
11413    0.052066
11503    0.006802
11528    0.009652
11531    0.009849
11747    0.010850
11782    0.007233
11841    0.014437
11869    0.015919
11912    0.022454
12006    0.013896
12045    0.012463
12095    0.011641
12425    0.017877
12484    0.021052
12505    0.010553
12684    0.006138
12782    0.049166
12864    0.009076
12900    0.012463
12927    0.009849
12987    0.025114
13179    0.010850
13434    0.002648
13580    0.007105
13899    0.023407
13961    0.018807
14093    0.012388
14316    0.009537
14342    0.016281
14439    0.007022
14615    0.021052
14681    0.018473
14742    0.005953
14769    0.013587
14826    0.017355
14827    0.026272
14865    0.011284
15026    0.017877
15409    0.021695
15443    0.029160
15466    0.010275
15493    0.017355
15571    0.016678
15645    0.026272
15672    0.015585
15931    0.046564
16155    0.024583
16241    0.012388
16729    0.004752
16890    0.013393
16941    0.005451
16944    0.015721
17027    0.038761
17029    0.038581
17443    0.020496
17657    0.026272
17755    0.015585
17798    0.024583
18021    0.018164
18146    0.015585
18282    0.009042
18688    0.024583
18887    0.013393
18972    0.059409
18976    0.018473
19173    0.013896
19343    0.016475
19410    0.016184
19416    0.009931
19453    0.019618
19464    0.008146
19714    0.029160
20260    0.002479
20452    0.020822
20716    0.011518
20768    0.013722
21085    0.011458
21115    0.006841
21279    0.010458
