159
103    0.010986
1072    0.016131
1157    0.011846
1326    0.018607
1699    0.003957
1816    0.033645
1824    0.017632
1919    0.011691
2224    0.013829
2396    0.008983
2675    0.013909
2688    0.011641
2690    0.019835
2705    0.033326
2723    0.009310
2724    0.030026
2737    0.034334
2819    0.010569
2857    0.012704
2909    0.015643
3044    0.036385
3142    0.025662
3327    0.014794
3396    0.011165
3460    0.020123
3726    0.023282
3821    0.020123
4450    0.009041
4621    0.018829
4724    0.019835
4889    0.021112
5075    0.023196
5264    0.015881
5455    0.028095
5495    0.012786
5501    0.006614
5532    0.008340
5549    0.014511
5562    0.016974
5614    0.011445
5636    0.024794
5865    0.014992
5971    0.022362
6042    0.016534
6050    0.011349
6134    0.026725
6924    0.030026
6983    0.017998
7173    0.013673
7188    0.011794
7524    0.009530
7744    0.013304
7967    0.017130
7987    0.013233
8019    0.008025
8040    0.016883
8323    0.060028
8342    0.016534
8596    0.008842
8652    0.033326
8786    0.014892
9136    0.014420
9209    0.007599
9664    0.011165
10074    0.009562
10149    0.019835
10175    0.012961
10222    0.019835
10942    0.022512
11180    0.007472
11203    0.011742
11439    0.013597
11468    0.011691
11519    0.027044
11567    0.014511
12085    0.011591
12166    0.012400
12307    0.090673
12309    0.037026
12345    0.018199
12462    0.021493
12613    0.015199
12684    0.007015
12855    0.007708
12943    0.025662
12983    0.009694
12987    0.009567
13434    0.003026
13490    0.033326
13742    0.022863
13910    0.027476
14065    0.019686
14314    0.014074
14445    0.014244
14492    0.024060
14643    0.020759
14742    0.013607
14946    0.019305
15020    0.024060
15210    0.011846
15216    0.012704
15499    0.030026
15551    0.012060
15710    0.014074
15804    0.023424
16029    0.013164
16034    0.012459
16167    0.017459
16531    0.035623
16532    0.030399
16585    0.001937
16722    0.030026
16729    0.010863
16907    0.009279
16944    0.008983
16954    0.016823
16958    0.028316
17499    0.028095
17643    0.041185
17814    0.010857
17821    0.011742
17868    0.013304
17949    0.014420
17963    0.017291
18186    0.012519
18190    0.015306
18203    0.011075
18331    0.014511
18383    0.010373
18560    0.019305
18689    0.018193
18784    0.015881
18882    0.007188
18949    0.020759
19043    0.009219
19046    0.012831
19266    0.009660
19366    0.004632
19410    0.006165
19453    0.056050
19460    0.007730
19644    0.025662
19822    0.018193
19830    0.013991
20228    0.015881
20464    0.010003
20469    0.030026
20484    0.024794
20595    0.021493
20601    0.011542
20894    0.009189
20956    0.013233
20983    0.010411
21009    0.020431
21058    0.009761
21105    0.046848
21113    0.015881
21265    0.022362
21307    0.032572
