139
0    0.037425
333    0.009366
557    0.037425
709    0.025675
882    0.021680
1184    0.022152
1256    0.021680
1283    0.009993
1614    0.015620
1689    0.011914
1691    0.011914
1699    0.004444
1862    0.007628
2277    0.031424
2396    0.010088
2617    0.020002
2873    0.028819
3043    0.033672
3084    0.040424
3129    0.022944
3230    0.030012
3283    0.025675
3285    0.030012
3689    0.037425
3726    0.013073
4301    0.050171
4380    0.043075
4383    0.015620
4467    0.030041
4469    0.025675
4576    0.018727
4636    0.017312
4662    0.013244
5028    0.018262
5043    0.005507
5137    0.022274
5202    0.036154
5495    0.007179
5540    0.031550
5866    0.010024
5879    0.014482
6099    0.027019
6734    0.015530
6994    0.019418
7000    0.018568
7486    0.027087
7569    0.019418
7720    0.020430
7779    0.014940
8534    0.012051
8805    0.015899
8918    0.012387
9016    0.013362
9398    0.011735
9481    0.027019
9740    0.028819
9749    0.019062
9854    0.027844
9961    0.021144
10132    0.037425
10151    0.030012
10169    0.024602
10220    0.018892
10317    0.067437
10492    0.067437
10669    0.055687
10773    0.012745
10837    0.005890
11082    0.047418
11196    0.018115
11218    0.008007
11289    0.014127
11408    0.044549
11661    0.035946
11841    0.006176
12053    0.034624
12300    0.009596
12420    0.023709
12889    0.008582
13320    0.014409
13352    0.011314
13353    0.014482
13357    0.005240
13481    0.022274
13580    0.009119
13949    0.037425
14063    0.046593
14239    0.027019
14314    0.015805
14335    0.021969
14498    0.009961
14537    0.010524
14656    0.020002
14682    0.024137
14716    0.019418
15006    0.037784
15009    0.018568
15040    0.033719
15686    0.013303
15881    0.020658
15891    0.031550
15943    0.023709
15944    0.017438
16592    0.008051
16729    0.012199
16941    0.013991
17037    0.011824
17096    0.037425
17101    0.013795
17144    0.008438
17281    0.021049
17407    0.012051
17447    0.018262
17669    0.008882
17868    0.074701
17922    0.013303
17932    0.024137
18282    0.005802
18362    0.030012
18493    0.019800
18511    0.037425
18660    0.022274
18733    0.023709
18882    0.008073
18883    0.011478
19046    0.014409
19125    0.013795
19127    0.039102
19128    0.013668
19271    0.041580
19919    0.031550
20282    0.040921
20642    0.019237
20742    0.051567
20747    0.028819
20760    0.048887
21115    0.008780
21243    0.008486
21253    0.008230
