34
288    0.071636
1699    0.021308
1834    0.161676
2334    0.210448
2713    0.102635
3902    0.179449
6401    0.105337
7802    0.023789
8674    0.073215
9032    0.179449
9620    0.323352
10108    0.102635
10495    0.083611
11103    0.020358
11966    0.077167
13466    0.125940
14268    0.179449
14340    0.072022
15081    0.064069
16237    0.049316
16449    0.129554
17067    0.074042
17484    0.029914
17588    0.078633
18032    0.138181
19084    0.085511
19529    0.081842
20214    0.120408
20260    0.015255
20844    0.037466
21052    0.108357
21086    0.084229
21179    0.179449
21243    0.040689
