323
103    0.014727
191    0.012018
264    0.010216
288    0.005944
621    0.005224
629    0.010216
644    0.013416
702    0.005541
1034    0.014890
1041    0.014890
1204    0.005157
1240    0.004722
1413    0.007801
1436    0.005364
1451    0.007088
1646    0.005463
1698    0.004040
1699    0.001768
1757    0.014890
1862    0.003035
1925    0.007517
2084    0.005201
2173    0.004438
2216    0.007042
2311    0.008626
2344    0.003596
2363    0.014890
2375    0.009275
2458    0.007096
2710    0.011029
2723    0.004160
2744    0.007977
2790    0.014890
2819    0.004722
2826    0.007208
2857    0.005676
2861    0.007096
3003    0.010216
3130    0.029781
3238    0.010926
3297    0.005676
3326    0.005293
3491    0.012553
3505    0.014890
3671    0.016084
3745    0.006567
3747    0.008314
3774    0.009603
3776    0.011941
3842    0.004832
3905    0.007878
3928    0.011941
3944    0.004722
4084    0.006144
4127    0.011941
4450    0.004040
4463    0.006364
4497    0.008413
4870    0.004600
4926    0.005413
4929    0.014532
5130    0.009789
5170    0.008042
5211    0.006610
5214    0.008991
5408    0.015308
5440    0.011582
5457    0.010750
5458    0.008517
5476    0.011466
5501    0.005911
5556    0.005594
5803    0.029366
5820    0.006699
5919    0.009603
5998    0.007878
6328    0.008219
6372    0.007088
6492    0.008626
6586    0.013416
6705    0.005050
6738    0.006009
6908    0.003682
6918    0.005944
6940    0.007517
7087    0.030720
7088    0.013582
7090    0.023402
7092    0.012553
7166    0.006109
7168    0.002963
7180    0.007042
7188    0.005270
7265    0.011941
7351    0.005135
7522    0.008862
7551    0.013416
7595    0.019329
7598    0.008626
7619    0.014007
7716    0.007208
7721    0.010216
7753    0.008132
7833    0.007636
7935    0.006989
8078    0.002995
8107    0.003405
8142    0.014890
8181    0.004870
8270    0.036938
8367    0.028810
8450    0.011941
8476    0.004758
8500    0.003274
8503    0.010750
8504    0.008413
8505    0.011953
8577    0.007451
8581    0.013207
8594    0.005733
8601    0.013978
8781    0.013751
8783    0.004909
8848    0.008626
8862    0.014775
8873    0.016825
9037    0.009991
9101    0.012553
9106    0.007517
9114    0.016084
9118    0.004704
9153    0.005489
9209    0.010186
9210    0.005567
9242    0.007266
9276    0.009275
9280    0.006839
9292    0.011078
9366    0.009991
9398    0.004669
9454    0.008633
9517    0.003473
9631    0.005676
9664    0.004988
9798    0.004174
9887    0.011466
10050    0.012553
10074    0.004273
10116    0.007326
10140    0.004722
10227    0.011078
10290    0.005157
10338    0.004258
10840    0.005071
10846    0.004988
11103    0.005068
11110    0.014890
11118    0.012358
11146    0.004968
11184    0.006888
11218    0.003186
11334    0.004502
11415    0.018645
11439    0.006075
11503    0.010420
11528    0.004928
11531    0.005029
11570    0.004652
11683    0.002805
11757    0.004988
11810    0.040209
11839    0.014890
11841    0.002457
11922    0.011941
11958    0.006009
12000    0.014890
12003    0.008517
12005    0.002995
12122    0.007476
12191    0.007388
12273    0.004687
12324    0.010466
12350    0.014890
12548    0.004813
12699    0.026831
12818    0.006791
12853    0.009480
12855    0.010332
12865    0.008517
12898    0.020096
12900    0.012728
12911    0.004795
12949    0.006525
12983    0.004331
12987    0.004275
12999    0.009805
13144    0.013416
13154    0.005621
13175    0.014084
13231    0.007584
13287    0.020431
13352    0.009003
13353    0.005762
13357    0.002085
13388    0.005621
13418    0.013416
13434    0.002704
13647    0.003951
13917    0.009991
14015    0.008413
14065    0.003518
14160    0.014302
14203    0.012553
14213    0.009433
14314    0.006288
14322    0.006791
14425    0.038539
14485    0.005489
14527    0.007726
14538    0.006075
14559    0.009789
14640    0.010466
14716    0.007726
14754    0.017833
14815    0.026913
14816    0.009129
14817    0.008129
14826    0.008862
14908    0.014890
14965    0.011941
15030    0.009603
15068    0.011078
15070    0.007878
15147    0.008314
15368    0.007096
15382    0.008517
15497    0.004988
15623    0.005704
15706    0.009275
15906    0.005135
16044    0.014890
16237    0.004092
16246    0.009603
16284    0.016438
16317    0.006364
16436    0.007878
16478    0.014890
16729    0.012134
16734    0.008960
16781    0.014890
16880    0.010227
16941    0.002783
16950    0.007151
16958    0.006326
17054    0.007878
17094    0.007096
17105    0.004316
17129    0.018136
17249    0.011941
17251    0.014890
17305    0.012553
17314    0.010216
17347    0.006179
17351    0.016628
17372    0.007326
17435    0.012553
17531    0.008488
17689    0.016825
17814    0.009702
17830    0.005224
18017    0.014902
18106    0.008862
18167    0.004583
18182    0.004594
18214    0.008991
18282    0.004617
18308    0.009433
18331    0.012967
18477    0.009275
18535    0.008741
18736    0.009991
18883    0.009134
19050    0.008862
19065    0.013876
19151    0.041611
19177    0.004273
19204    0.005913
19212    0.024301
19213    0.007388
19223    0.005389
19266    0.008633
19278    0.010685
19366    0.004139
19370    0.004740
19386    0.008862
19453    0.020035
19460    0.006907
19558    0.010466
19803    0.012553
19844    0.002786
19893    0.012553
20139    0.012553
20260    0.002532
20334    0.012553
20714    0.009818
20742    0.006839
20768    0.003504
20771    0.006364
20824    0.012018
20836    0.010750
20844    0.003109
20848    0.007731
20868    0.003283
20883    0.010750
20924    0.008219
20994    0.012806
21057    0.015150
21058    0.004361
21129    0.003357
21139    0.008862
21146    0.006179
21247    0.008635
21266    0.004027
