189
103    0.057202
744    0.015300
906    0.028919
1097    0.009688
1157    0.010280
1165    0.015005
1180    0.026055
1698    0.007846
1712    0.020379
1921    0.018320
1972    0.015456
2156    0.024572
2297    0.012436
2432    0.004994
2747    0.013282
2806    0.020379
2857    0.011024
3110    0.016752
3654    0.015150
3688    0.026565
3713    0.069641
3842    0.009385
4028    0.011670
4088    0.026055
4905    0.015963
5152    0.011865
5495    0.011095
5501    0.005740
5515    0.007846
5615    0.012286
6028    0.020879
6042    0.014348
6372    0.006883
6465    0.018320
6756    0.010917
6864    0.014598
6866    0.020327
7393    0.025846
7402    0.016976
7531    0.007507
7588    0.018014
7650    0.032436
7756    0.021515
7779    0.011545
7802    0.007668
7869    0.023191
8021    0.010970
8078    0.005816
8252    0.017729
8433    0.057839
8446    0.007846
8533    0.009572
8568    0.006448
8581    0.019237
8639    0.011134
8741    0.019405
9152    0.013998
9160    0.013998
9183    0.018320
9460    0.015618
9518    0.006153
9692    0.046179
9694    0.017729
9798    0.008106
10142    0.028919
10277    0.018651
10290    0.010016
10422    0.012513
10525    0.038768
10589    0.010761
10605    0.008680
10647    0.016752
10653    0.018651
10774    0.014471
10832    0.021515
10837    0.004551
10892    0.006466
10895    0.017729
11007    0.014598
11103    0.003281
11271    0.010190
11279    0.010561
11282    0.013574
11355    0.011241
11413    0.034424
11444    0.010234
11569    0.008214
11570    0.009034
11683    0.005448
11782    0.007173
12095    0.023089
12105    0.028919
12109    0.012923
12120    0.041757
12245    0.015250
12357    0.023191
12421    0.011734
12425    0.035458
12551    0.007530
12684    0.006087
12782    0.048759
12898    0.013010
12900    0.012360
12980    0.024380
12983    0.008412
12987    0.004151
12993    0.021515
12999    0.004761
13107    0.041757
13320    0.011134
13351    0.006785
13356    0.015787
13434    0.007878
13580    0.014093
14227    0.022269
14303    0.008326
14316    0.009459
14406    0.008774
14413    0.028919
14439    0.006964
14445    0.012360
14780    0.014729
14945    0.019405
15210    0.020559
15376    0.016752
15704    0.019405
16396    0.012923
16585    0.001681
16692    0.015005
16723    0.023191
16729    0.014139
16732    0.007194
16734    0.017402
16890    0.013282
16950    0.013888
17027    0.028831
17029    0.038262
17032    0.015963
17044    0.012672
17048    0.026055
17117    0.007067
17234    0.019405
17269    0.017212
17275    0.043031
17374    0.014471
17445    0.013282
17484    0.009642
17669    0.006864
17821    0.010190
17829    0.014471
17846    0.013010
18561    0.017212
18692    0.020327
18763    0.044538
18820    0.028919
18848    0.018651
18947    0.028919
18998    0.015618
19112    0.015618
19133    0.016339
19226    0.006864
19262    0.009808
19265    0.016339
19278    0.005188
19366    0.004019
19410    0.005350
19453    0.009728
19477    0.048759
19507    0.016976
19579    0.023191
19817    0.011305
19844    0.005410
20134    0.026055
20260    0.004917
20275    0.007088
20626    0.011865
20688    0.013574
20713    0.007821
20803    0.005740
20868    0.006377
20978    0.013282
20983    0.009034
21083    0.012070
21085    0.011364
21114    0.016147
21247    0.004192
21264    0.011932
21266    0.007821
21296    0.014471
