55
164    0.058972
191    0.046297
749    0.065619
1204    0.039734
1451    0.027308
1719    0.096720
1759    0.064057
2126    0.076982
2396    0.030927
2539    0.047338
2744    0.092191
2826    0.055534
3129    0.070335
3850    0.042093
4929    0.055983
5975    0.035188
6940    0.057914
6983    0.061961
7088    0.052325
7595    0.037232
7989    0.040076
8270    0.056920
8594    0.044171
8622    0.034437
8973    0.073993
9669    0.070335
9947    0.026763
10840    0.039072
11146    0.038280
11184    0.053071
11571    0.075420
11683    0.021612
11782    0.028456
11841    0.018934
11865    0.082829
12005    0.023074
12122    0.028799
12855    0.026535
13353    0.044394
13357    0.016064
14065    0.013554
14426    0.071466
16501    0.067438
16649    0.047072
16880    0.039400
17129    0.034934
17347    0.047609
17870    0.035841
18023    0.072681
19151    0.160304
19153    0.085357
19278    0.020582
19370    0.036522
19844    0.010732
20848    0.029782
