96
103    0.019889
164    0.031011
1204    0.020895
1699    0.007164
1747    0.026270
1919    0.021166
1989    0.035908
2047    0.017137
2084    0.042149
2344    0.014571
2539    0.024893
3190    0.043557
3326    0.021445
3574    0.024480
4084    0.024893
4135    0.025478
4450    0.016368
4929    0.058879
5214    0.036430
5408    0.031011
5409    0.046458
5440    0.023464
5556    0.022664
5646    0.032245
5769    0.017023
5803    0.039660
6357    0.060332
6372    0.028721
7088    0.027516
7090    0.031606
7166    0.024753
7228    0.029203
7989    0.021074
8116    0.013085
8446    0.016368
8568    0.013452
8581    0.026755
8601    0.028318
9177    0.030729
9209    0.013757
9798    0.016910
9800    0.043557
9947    0.028147
10074    0.017311
10389    0.032935
10840    0.020546
11865    0.043557
12122    0.015145
12987    0.008660
13232    0.034086
13352    0.018239
13886    0.015054
14065    0.014255
14213    0.038220
14233    0.065870
14297    0.108713
14425    0.056781
14564    0.048381
14815    0.036348
15063    0.017253
15147    0.033685
15791    0.023228
15794    0.046458
16317    0.025786
16649    0.024753
16729    0.019665
16880    0.041438
17129    0.018370
17366    0.022998
17436    0.038220
17482    0.048381
17559    0.042406
18017    0.030190
18023    0.038220
18167    0.009284
18182    0.009307
18331    0.026270
18333    0.038220
18391    0.038220
18883    0.018504
19043    0.016689
19151    0.063223
19177    0.017311
19386    0.071815
19444    0.028750
19844    0.005643
19871    0.034507
20026    0.054357
20467    0.042406
20713    0.048946
20714    0.019889
20824    0.048692
20836    0.043557
20975    0.050861
21203    0.050861
21264    0.024893
