162
191    0.012441
231    0.017859
246    0.010632
666    0.013177
1141    0.027777
1199    0.019205
1204    0.021355
1362    0.023740
1614    0.012868
1699    0.003661
1784    0.025991
1910    0.016478
1919    0.010816
1948    0.021151
2084    0.010769
2311    0.017859
2332    0.018098
2344    0.007446
2539    0.050883
2609    0.011752
2742    0.019205
2744    0.016516
2995    0.031405
3019    0.025991
3326    0.010959
3447    0.022258
3586    0.021151
3588    0.018349
3675    0.012943
3750    0.027777
3862    0.013098
4023    0.007693
4026    0.014261
4084    0.012721
4137    0.007512
4277    0.017418
4429    0.016830
4695    0.017859
4929    0.015044
5212    0.010678
5439    0.016311
5487    0.013177
5548    0.013777
5769    0.017398
6553    0.027777
7087    0.038163
7088    0.014061
7166    0.012649
7766    0.024723
8002    0.025991
8107    0.014100
8218    0.014980
8270    0.045887
8367    0.019884
8369    0.022937
8402    0.020267
8581    0.006836
8601    0.028942
8746    0.061661
8781    0.009490
9114    0.016650
9118    0.009740
9282    0.009221
9396    0.021670
9533    0.009596
9746    0.017018
9747    0.012509
9947    0.007192
10105    0.008787
10332    0.019531
10338    0.008816
10389    0.050491
10714    0.010678
10783    0.017859
10839    0.021151
10840    0.010500
11095    0.015296
11178    0.011208
11184    0.014261
11468    0.010816
11583    0.022937
11865    0.089033
12110    0.016675
12273    0.009704
12765    0.009631
13155    0.020687
13352    0.037281
13353    0.011930
13386    0.019531
13825    0.018901
14213    0.019531
14406    0.009354
14425    0.058032
14537    0.008670
14579    0.014580
14815    0.018574
15063    0.008816
15082    0.019884
15396    0.020267
15500    0.015563
15503    0.012308
15551    0.011157
15666    0.022258
15792    0.010911
15910    0.011157
16316    0.019884
16501    0.009061
16585    0.019715
16649    0.063246
16729    0.005025
16941    0.011526
17092    0.023740
17122    0.014923
17129    0.009388
17347    0.012794
17369    0.012242
17435    0.077972
17436    0.019531
17482    0.024723
17484    0.005139
17531    0.008787
17559    0.021670
17587    0.041374
17669    0.007317
17813    0.030830
17868    0.012308
17875    0.012579
18005    0.015714
18017    0.030855
18023    0.019531
18098    0.012308
18137    0.030830
18167    0.009488
18214    0.018616
18251    0.022258
18331    0.026848
18726    0.011752
18733    0.019531
18756    0.022258
18992    0.013424
19145    0.019531
19151    0.021539
19278    0.005531
19366    0.008570
19370    0.019628
19412    0.069674
19426    0.006055
19543    0.010911
19773    0.007739
19790    0.022258
19836    0.014365
19844    0.017303
19954    0.025991
20216    0.024723
20275    0.007556
20382    0.015847
20803    0.006119
20910    0.013686
21063    0.017418
21065    0.013340
21150    0.003515
21152    0.013777
