259
95    0.019280
1069    0.009049
1072    0.009332
1097    0.006459
1240    0.006114
1413    0.020200
1455    0.010304
1699    0.002289
1701    0.014846
1947    0.021284
2084    0.020204
2126    0.012936
2311    0.011168
2332    0.011317
2344    0.009313
2432    0.009988
2539    0.023865
2609    0.007349
2660    0.011475
2710    0.007140
2742    0.012010
2744    0.010328
2819    0.012228
2909    0.009049
2995    0.009820
3003    0.026453
3361    0.016253
3675    0.008094
3734    0.008732
3747    0.010764
3750    0.017370
3774    0.012434
3797    0.022336
3862    0.008191
3905    0.010200
3912    0.009332
4114    0.015461
4202    0.008191
4378    0.008918
4429    0.010525
4450    0.005230
4737    0.010525
4929    0.018815
4932    0.012214
5212    0.006677
5319    0.014846
5408    0.009910
5563    0.007738
5769    0.005440
5824    0.016253
5991    0.007074
6143    0.019280
6372    0.009178
6378    0.011317
6492    0.011168
6553    0.017370
6596    0.004854
6663    0.009259
6697    0.009647
6705    0.006539
6908    0.004768
6926    0.011168
6940    0.029196
6983    0.010412
7088    0.008793
7089    0.017370
7090    0.010100
7091    0.012936
7241    0.009187
7429    0.011642
7443    0.013919
7461    0.019280
7531    0.010010
7595    0.006257
7600    0.008673
7632    0.009049
7779    0.007696
7935    0.009049
8107    0.004409
8164    0.013551
8198    0.029692
8228    0.011819
8229    0.014344
8305    0.017370
8367    0.024868
8446    0.005230
8500    0.008479
8568    0.004299
8581    0.004275
8596    0.025576
8601    0.009049
8622    0.011574
8714    0.011475
8781    0.005935
8783    0.006356
8787    0.011642
8858    0.016253
8907    0.011819
9062    0.011168
9077    0.010764
9114    0.010412
9177    0.019639
9454    0.005589
9518    0.004102
10046    0.015461
10074    0.011064
10105    0.005495
10106    0.008918
10140    0.006114
10338    0.005513
10394    0.019280
10714    0.006677
10892    0.008621
11095    0.019130
11146    0.019298
11168    0.013919
11184    0.017836
11203    0.006793
11218    0.008249
11320    0.011642
11355    0.003747
11371    0.011642
11405    0.017370
11434    0.010597
11481    0.019280
11502    0.013551
11503    0.004497
11519    0.007823
11540    0.010893
11591    0.009408
11750    0.010328
11810    0.010412
11841    0.003182
11865    0.027838
11958    0.007780
12122    0.029037
12245    0.010166
12258    0.021529
12319    0.010642
12573    0.014344
12659    0.019535
12675    0.005957
12684    0.012174
12720    0.012674
12785    0.012434
12924    0.014344
12927    0.019535
12987    0.002767
12999    0.003174
13050    0.004869
13231    0.009820
13297    0.012434
13352    0.011657
13357    0.002699
13369    0.019280
13434    0.001751
13806    0.015461
13813    0.016253
13958    0.029692
13959    0.014344
14065    0.009111
14233    0.010525
14323    0.006735
14332    0.013919
14406    0.005849
14425    0.022681
14538    0.015732
14641    0.019280
14656    0.010304
14769    0.008983
14815    0.005808
15030    0.012434
15063    0.011026
15204    0.006407
15229    0.017586
15237    0.014846
15410    0.007866
15503    0.015393
15601    0.007041
15792    0.006823
15816    0.016253
15907    0.005808
16060    0.007537
16117    0.006883
16150    0.012214
16313    0.013227
16501    0.005666
16585    0.001121
16649    0.015820
16724    0.006706
16729    0.009426
16754    0.013551
16959    0.005808
17094    0.009187
17129    0.029352
17144    0.004347
17436    0.024427
17484    0.003214
17514    0.015461
17559    0.027102
17788    0.011819
17840    0.013919
17870    0.006023
17877    0.011642
17994    0.010893
18017    0.009647
18146    0.010304
18167    0.002967
18182    0.002974
18203    0.006407
18282    0.005978
18331    0.008395
18383    0.006001
18670    0.006706
18705    0.011475
18726    0.014698
18882    0.008317
18888    0.006459
18901    0.008918
18941    0.011475
18951    0.009332
18962    0.009049
19151    0.074080
19173    0.018374
19177    0.005532
19212    0.015732
19213    0.038261
19226    0.018303
19262    0.006539
19278    0.003459
19366    0.010718
19410    0.010700
19412    0.021785
19416    0.006566
19426    0.003786
19453    0.012970
19460    0.004472
19844    0.003607
20216    0.015461
20275    0.004725
20281    0.006977
20535    0.009910
20573    0.014846
20618    0.029692
20686    0.010893
20822    0.022054
20824    0.007780
20830    0.008673
20845    0.015732
20848    0.005005
20897    0.019280
20910    0.008558
20924    0.010642
21058    0.005647
21065    0.008342
21150    0.002198
21242    0.012214
21261    0.010412
21264    0.007955
