39
333    0.044910
1821    0.143903
1862    0.036573
2277    0.037669
3077    0.067412
3086    0.076697
3790    0.070882
3942    0.077167
4383    0.074897
5495    0.034424
5573    0.084229
6808    0.089029
7802    0.023789
8504    0.101384
9398    0.056269
9687    0.088286
10837    0.028240
11841    0.029614
12889    0.041151
13211    0.126130
13320    0.069088
13434    0.016294
14231    0.115733
14233    0.097960
14607    0.060860
16041    0.143903
16592    0.038601
16959    0.054055
17044    0.078633
17117    0.043852
17288    0.113681
17616    0.100191
18403    0.117964
18587    0.055038
19261    0.053673
19410    0.033198
20282    0.039242
20359    0.097960
20910    0.079659
