239
103    0.007278
191    0.008909
264    0.015146
303    0.012789
609    0.018612
1188    0.011144
1262    0.009058
1587    0.031035
1664    0.010140
1862    0.004500
1866    0.017000
1919    0.007745
1951    0.010069
1991    0.017704
2080    0.015518
2084    0.007712
2102    0.005525
2175    0.019891
2311    0.012789
2332    0.012959
2530    0.022077
2539    0.009109
2723    0.006167
2744    0.005913
2819    0.007001
2857    0.008416
2933    0.011455
2995    0.011245
3190    0.015939
3326    0.015695
3447    0.015939
3559    0.011245
3563    0.013897
3734    0.010000
3788    0.010000
3798    0.019891
3977    0.013331
4046    0.019891
4084    0.009109
4142    0.010363
4276    0.013140
4429    0.012052
4873    0.012186
4929    0.010773
4957    0.022077
5043    0.003249
5075    0.003842
5212    0.007646
5231    0.017000
5408    0.034044
5440    0.008586
5495    0.004235
5532    0.011050
5556    0.008294
5708    0.011566
5769    0.006229
5803    0.029026
6030    0.015146
6372    0.015765
6462    0.013140
6486    0.020881
6808    0.010953
6881    0.021546
7004    0.017704
7087    0.009109
7090    0.023131
7091    0.029627
7166    0.009058
7168    0.004393
7188    0.007813
7196    0.012959
7279    0.022077
7281    0.011923
7508    0.009865
7514    0.011566
7614    0.018612
7766    0.017704
8019    0.005316
8043    0.013535
8107    0.005048
8270    0.010953
8275    0.008374
8367    0.014238
8381    0.012186
8476    0.007055
8546    0.015518
8596    0.017573
8601    0.010363
8711    0.007646
8745    0.015939
8862    0.010953
9003    0.008100
9023    0.008294
9062    0.025578
9114    0.035769
9242    0.010773
9309    0.018612
9490    0.013535
9517    0.005150
9687    0.010862
9739    0.010862
9749    0.011245
10013    0.013331
10046    0.017704
10074    0.006335
10105    0.006292
10116    0.010862
10334    0.006422
10519    0.017000
10637    0.010212
10714    0.007646
10837    0.003474
10892    0.009872
10988    0.016425
11087    0.007712
11093    0.008334
11095    0.010953
11103    0.005009
11118    0.018323
11162    0.031878
11184    0.010212
11206    0.010773
11279    0.008063
11283    0.008813
11405    0.019891
11528    0.007307
11531    0.014913
11583    0.016425
11588    0.011923
11782    0.005476
11865    0.015939
12003    0.025254
12005    0.013320
12122    0.005542
12319    0.012186
12500    0.022077
12508    0.011144
12548    0.007137
12591    0.006557
12618    0.018537
12648    0.012627
12736    0.015146
12898    0.019863
12900    0.009436
12904    0.005785
12939    0.017704
12987    0.006338
12999    0.010903
13014    0.004855
13050    0.005575
13179    0.008215
13352    0.013348
13386    0.013986
13434    0.004009
13472    0.010140
14212    0.013986
14297    0.019891
14406    0.013396
14425    0.015583
14490    0.010520
14754    0.008813
14815    0.053203
14892    0.017000
14959    0.014513
15026    0.013535
15063    0.006313
15072    0.011047
15204    0.007337
15216    0.008416
15442    0.019891
15474    0.013140
15503    0.008813
15591    0.009436
15791    0.017000
15801    0.008958
16246    0.014238
16284    0.024372
16317    0.009436
16440    0.013331
16649    0.009058
16729    0.003598
16734    0.004428
16750    0.019891
16761    0.018612
16766    0.008586
16880    0.015163
16941    0.020633
17129    0.047056
17144    0.009956
17249    0.035408
17347    0.009161
17366    0.025247
17432    0.018612
17435    0.018612
17436    0.013986
17451    0.009161
17478    0.012789
17559    0.015518
17689    0.024946
17821    0.015558
17829    0.011047
18017    0.011047
18167    0.006795
18184    0.017000
18307    0.011923
18331    0.009613
18418    0.014513
18726    0.008416
18733    0.013986
18756    0.015939
18841    0.017085
18887    0.010140
18987    0.008254
19043    0.006107
19086    0.012959
19145    0.013986
19151    0.069406
19177    0.006335
19226    0.005240
19278    0.003961
19319    0.017000
19370    0.007028
19410    0.008169
19453    0.029705
19460    0.005121
19751    0.010363
19844    0.004130
20260    0.001877
20713    0.011940
20714    0.007278
20771    0.009436
20825    0.015939
20844    0.004609
20916    0.010953
21028    0.013986
21065    0.009553
21195    0.010363
21243    0.005006
21261    0.011923
