372
58    0.011281
294    0.012056
457    0.005429
552    0.005051
1097    0.004483
1240    0.008487
1272    0.004887
1384    0.007855
1456    0.006103
1466    0.005790
1698    0.007261
1699    0.003178
1712    0.004715
1764    0.007305
1846    0.004674
1862    0.002727
1940    0.004576
1946    0.006755
1949    0.004483
1997    0.008797
2216    0.006328
2225    0.008477
2287    0.006426
2496    0.008335
2497    0.008204
2522    0.017260
2599    0.012056
2710    0.009911
2723    0.007476
2844    0.011281
2872    0.006020
2931    0.024611
2990    0.013381
3073    0.010731
3129    0.008204
3148    0.008477
3282    0.006477
3306    0.006943
3360    0.011281
3567    0.003148
3611    0.007471
3850    0.004910
3886    0.006103
3892    0.008080
3904    0.010304
3915    0.007386
3944    0.004244
3974    0.010731
4047    0.039822
4075    0.006639
4130    0.006146
4195    0.003607
4232    0.013381
4258    0.003714
4450    0.007261
4461    0.004979
4492    0.004821
4494    0.008204
4505    0.006530
4516    0.005790
4532    0.007964
4585    0.010304
4606    0.013381
4695    0.007752
4701    0.006583
4724    0.015928
4764    0.009405
4778    0.007080
4785    0.010731
4864    0.009956
4866    0.013381
4892    0.012056
4946    0.008335
4962    0.010304
5043    0.003938
5074    0.022234
5075    0.002328
5079    0.004377
5177    0.008080
5211    0.005940
5234    0.008630
5331    0.006426
5549    0.005827
5563    0.005371
5567    0.003763
5606    0.010731
5642    0.010731
5717    0.010409
5925    0.007386
5991    0.004910
5993    0.008335
6049    0.006328
6071    0.009661
6275    0.008204
6421    0.007752
6429    0.005400
6644    0.007653
6651    0.009911
6654    0.011281
6699    0.007386
6707    0.004538
6734    0.005553
6756    0.005051
6761    0.007331
6819    0.006878
6871    0.011281
6945    0.013381
6976    0.026763
7032    0.013381
7117    0.005980
7141    0.059796
7142    0.070364
7144    0.009661
7178    0.005618
7286    0.006530
7330    0.004002
7410    0.008335
7459    0.007386
7524    0.003827
7531    0.006947
7623    0.007653
7676    0.013381
7748    0.006235
7802    0.001774
7814    0.012056
7909    0.006583
7985    0.006583
8040    0.013558
8055    0.013381
8153    0.020635
8218    0.016254
8323    0.019282
8446    0.003630
8485    0.010304
8489    0.005585
8491    0.010304
8596    0.003550
8628    0.020608
8708    0.013381
8711    0.004634
8712    0.006943
8837    0.012562
8918    0.004429
8964    0.005286
8978    0.008477
9003    0.004910
9200    0.003642
9395    0.015710
9664    0.004483
9812    0.004674
9873    0.004165
9878    0.007560
9883    0.007964
9994    0.008204
10000    0.007386
10162    0.008335
10209    0.013381
10211    0.012056
10245    0.008335
10310    0.009956
10350    0.008080
10353    0.009956
10408    0.007653
10472    0.009956
10610    0.006530
10635    0.012056
10932    0.006020
10942    0.022598
10943    0.006377
11022    0.013381
11090    0.006816
11103    0.003036
11112    0.003714
11117    0.003319
11180    0.009001
11181    0.007403
11236    0.007855
11289    0.005051
11309    0.012056
11340    0.006477
11341    0.006583
11342    0.014943
11344    0.006328
11445    0.005429
11546    0.012056
11547    0.012056
11569    0.003801
11747    0.004979
11750    0.003584
11841    0.006625
11947    0.006639
11987    0.008204
12005    0.005382
12084    0.005460
12085    0.004654
12110    0.003619
12245    0.007056
12251    0.012056
12307    0.024272
12309    0.014867
12345    0.007308
12346    0.015928
12475    0.008797
12519    0.003194
12542    0.007386
12548    0.004326
12659    0.004520
12668    0.005754
12684    0.005633
12855    0.003095
12862    0.009956
12911    0.004309
12928    0.004887
12932    0.005754
12987    0.005762
13014    0.002942
13050    0.003379
13096    0.006530
13348    0.005460
13349    0.006878
13356    0.007305
13357    0.001874
13370    0.006190
13501    0.010200
13591    0.006426
13703    0.008630
13877    0.011235
13880    0.011281
13886    0.003339
13908    0.010304
13976    0.022562
14054    0.006190
14065    0.004743
14381    0.010731
14421    0.010731
14428    0.006943
14430    0.005231
14439    0.006445
14445    0.005719
14611    0.007227
14741    0.004778
14742    0.008196
14745    0.003069
14796    0.004276
14803    0.008979
14857    0.011043
14943    0.007855
15033    0.006190
15179    0.013381
15210    0.004757
15216    0.005101
15410    0.005460
15484    0.005754
15488    0.010304
15492    0.007964
15530    0.008204
15555    0.004615
15571    0.007653
15672    0.007152
15690    0.012056
15712    0.004276
15743    0.009661
15778    0.005003
15801    0.005429
15818    0.004075
15916    0.007653
15917    0.007964
15927    0.005585
16034    0.005003
16058    0.008630
16116    0.003974
16176    0.006816
16371    0.005585
16422    0.011281
16485    0.004342
16585    0.006223
16626    0.010304
16657    0.017939
16732    0.003329
16772    0.005429
16796    0.009956
16824    0.013381
16869    0.013381
16907    0.003726
16941    0.002501
16955    0.010462
17066    0.006020
17067    0.005521
17074    0.005003
17075    0.005204
17129    0.004075
17201    0.007653
17213    0.010731
17366    0.005101
17483    0.010731
17529    0.005126
17643    0.004134
17669    0.003176
17670    0.007227
17830    0.004694
17832    0.010304
17874    0.008979
17916    0.004887
17951    0.007560
17990    0.013381
18005    0.003410
18135    0.009405
18179    0.009555
18182    0.004129
18282    0.002075
18308    0.008477
18382    0.005076
18449    0.009956
18454    0.008204
18493    0.007080
18560    0.007752
18580    0.017820
18609    0.006755
18652    0.006947
18786    0.010304
18861    0.013381
18882    0.005773
18901    0.006190
19043    0.003702
19266    0.003879
19271    0.004956
19366    0.001860
19410    0.002476
19430    0.009956
19457    0.006639
19460    0.003104
19535    0.004865
19617    0.007152
19773    0.003359
19817    0.005231
19844    0.002503
20082    0.063298
20090    0.004541
20178    0.009180
20260    0.001138
20464    0.004017
20482    0.008797
20551    0.010731
20601    0.004634
20620    0.003988
20678    0.007152
20713    0.003619
20717    0.003410
20734    0.008797
20758    0.007010
20815    0.009180
20819    0.013381
20829    0.009956
20844    0.002794
20860    0.008080
20901    0.004150
20902    0.017646
20927    0.003241
20975    0.011281
21019    0.005371
21057    0.004538
21058    0.007838
21122    0.004394
21129    0.003017
21150    0.013732
21247    0.005820
21266    0.003619
21306    0.015774
21307    0.043595
21308    0.008477
21310    0.010859
21311    0.008477
