78
164    0.033937
1699    0.007840
2344    0.031891
2396    0.017797
2744    0.017684
2936    0.046406
2995    0.033628
3238    0.072671
3571    0.048673
3574    0.026789
3734    0.029904
4084    0.054484
4929    0.032217
5408    0.101811
5532    0.016523
6907    0.041127
7088    0.090335
7090    0.034588
7166    0.054177
8107    0.015098
8386    0.066024
8500    0.014518
8601    0.030990
9156    0.045295
9454    0.019139
9798    0.018505
10074    0.018944
10105    0.018817
10116    0.097448
10286    0.050840
10773    0.022485
10795    0.066024
10837    0.010390
10840    0.022485
11118    0.027398
11162    0.047666
11178    0.048003
11184    0.030541
12109    0.029503
12415    0.020324
12618    0.027718
12904    0.017299
12999    0.010869
13125    0.030324
13213    0.045295
13351    0.015490
13352    0.039919
14425    0.031069
14527    0.034257
14537    0.018567
14594    0.034588
14815    0.059665
14889    0.042581
15063    0.037760
15912    0.017034
16317    0.084656
16318    0.046406
16643    0.050840
16880    0.045347
16941    0.012341
17029    0.029118
17129    0.040207
17829    0.033038
17870    0.020626
18017    0.033038
18030    0.132047
18167    0.020319
18186    0.024802
18319    0.022118
18331    0.028748
18579    0.036042
18720    0.132047
18725    0.026643
18726    0.025168
19151    0.069188
19844    0.012351
19907    0.036042
21155    0.026643
