40
1746    0.047700
3089    0.037125
3567    0.036592
3793    0.119757
3796    0.140119
4260    0.056280
4380    0.029834
5043    0.022884
5521    0.067294
5769    0.043881
5866    0.041657
6598    0.040123
6828    0.114652
7989    0.054325
8218    0.037782
10421    0.124838
10422    0.067294
11103    0.017643
12519    0.037125
12889    0.035664
13320    0.059877
13357    0.021776
13434    0.014122
14101    0.131109
14537    0.043735
15507    0.080694
15870    0.140119
16383    0.140119
16941    0.029070
17934    0.115706
18167    0.023932
18182    0.023991
19127    0.081246
19277    0.139927
20090    0.026386
20260    0.013221
20282    0.034010
20745    0.068589
21133    0.173665
21253    0.034198
