223
219    0.005336
333    0.004812
686    0.007844
710    0.017322
1099    0.006774
1189    0.011610
1190    0.008894
1245    0.007365
1247    0.041103
1278    0.008592
1283    0.005134
1304    0.017661
1919    0.006745
2093    0.011501
2150    0.019227
2212    0.016209
2277    0.012108
2278    0.007801
2306    0.016209
2345    0.009092
2382    0.013514
2383    0.013881
2826    0.009307
2933    0.019952
3089    0.018359
3479    0.009705
3571    0.007087
3583    0.004216
3654    0.010072
3665    0.020552
3850    0.007054
3881    0.008218
4023    0.004797
4025    0.011610
4055    0.009705
4168    0.018049
4202    0.008168
4300    0.009459
4362    0.008168
4363    0.042913
4380    0.018441
4383    0.032099
4463    0.008218
4468    0.059296
4492    0.027705
4495    0.011977
4576    0.009621
4639    0.009459
4649    0.014805
4650    0.018185
4777    0.007635
4890    0.011977
5043    0.008487
5202    0.012382
5256    0.037917
5495    0.007376
5567    0.016220
5584    0.009883
5628    0.021992
5769    0.010850
5866    0.015450
5867    0.025802
5898    0.018185
5991    0.007054
6098    0.014304
6358    0.009459
6365    0.006338
6700    0.012180
6872    0.014805
6984    0.017191
7168    0.003826
7181    0.006415
7380    0.007293
7486    0.006958
7579    0.023953
7736    0.011301
7754    0.008218
7755    0.048720
7965    0.008831
7967    0.009883
7969    0.011443
7985    0.009459
8025    0.010534
8068    0.007675
8218    0.009342
8438    0.038703
8442    0.014586
8476    0.006144
8845    0.020323
9060    0.011977
9200    0.005233
9231    0.010863
9293    0.013190
9319    0.010276
9398    0.006029
9748    0.019227
9749    0.009793
9901    0.011787
9944    0.008708
10011    0.010997
10130    0.041983
10175    0.007478
10215    0.013096
10222    0.011443
10334    0.005592
10337    0.013514
10614    0.009883
10840    0.006548
10857    0.011443
11081    0.015418
11082    0.024360
11103    0.004362
11154    0.009539
11203    0.006774
11213    0.024482
11218    0.004113
11355    0.007473
11408    0.011443
11434    0.005284
11750    0.005150
12005    0.007734
12150    0.015418
12188    0.015418
12245    0.005069
12283    0.007572
12548    0.006215
12880    0.006364
12889    0.013227
12894    0.017917
12987    0.016558
13014    0.008456
13125    0.008831
13319    0.006264
13320    0.007402
13352    0.005812
13353    0.022319
13355    0.008944
13357    0.016152
13434    0.005237
13484    0.015032
13529    0.024358
13580    0.009369
13703    0.012400
13760    0.010997
13897    0.009025
14063    0.017952
14124    0.023150
14320    0.006521
14323    0.013432
14498    0.010235
14536    0.008319
14698    0.017322
14743    0.011138
14754    0.007675
14773    0.009793
14774    0.010997
14865    0.007440
14868    0.010384
14952    0.009092
14998    0.011787
15008    0.011787
15063    0.005498
15105    0.011138
15140    0.005267
15210    0.013668
15314    0.014304
15334    0.018467
15335    0.022886
15468    0.007595
15503    0.007675
15684    0.018467
15686    0.013668
15712    0.030719
15906    0.019892
15912    0.004960
16062    0.014805
16094    0.007188
16148    0.074453
16150    0.012180
16153    0.017322
16500    0.013881
16585    0.005588
16592    0.004136
16732    0.004783
16923    0.010672
16941    0.014375
17037    0.006074
17059    0.009162
17093    0.009233
17209    0.011787
17255    0.014304
17331    0.007120
17339    0.015418
17407    0.006191
17447    0.009382
17484    0.003205
17563    0.012901
17931    0.008831
18098    0.007675
18319    0.006441
18326    0.015269
18405    0.014805
18572    0.012400
18587    0.005897
18605    0.019227
19480    0.009025
19844    0.001798
20260    0.004903
20420    0.010496
20642    0.009883
20648    0.007555
20746    0.011977
20751    0.013514
20844    0.004014
20845    0.007844
20927    0.018629
20964    0.005876
20993    0.013791
21150    0.008769
21156    0.014805
21191    0.008649
21253    0.016911
21254    0.005984
