148
219    0.010012
333    0.009028
630    0.019483
1116    0.015708
1243    0.022116
1272    0.026349
1569    0.036075
1698    0.009787
1699    0.004283
1741    0.013521
1756    0.032502
1940    0.012337
2224    0.029940
2277    0.007573
2882    0.013114
3006    0.036075
3583    0.007911
3794    0.023715
4132    0.021176
4135    0.015234
4137    0.008790
4258    0.010012
4260    0.026109
4271    0.019086
4380    0.006920
4456    0.014801
4639    0.017748
4823    0.027779
5075    0.006277
5179    0.018374
5495    0.013840
5562    0.018374
5563    0.014479
5769    0.020357
5819    0.020381
5866    0.009663
6697    0.018052
6828    0.093081
6881    0.017603
6885    0.026839
7141    0.016120
7401    0.024206
7405    0.026839
7802    0.004782
8218    0.017528
8446    0.009787
8630    0.006198
8845    0.012711
9160    0.017462
9411    0.006849
9724    0.028929
9961    0.020381
10074    0.020702
10146    0.017324
10215    0.012286
10247    0.016120
10397    0.029602
10421    0.014479
10424    0.036075
10425    0.028929
10427    0.027779
10629    0.024206
10716    0.027779
10777    0.032502
10794    0.014801
10837    0.005677
11016    0.020381
11201    0.008537
11218    0.007718
11478    0.023266
11530    0.017324
11591    0.017603
11683    0.013591
11725    0.023266
11735    0.021471
12053    0.016687
12144    0.022853
12519    0.008612
12876    0.019280
12999    0.005939
13319    0.011753
13354    0.021471
13355    0.008391
13357    0.015153
13434    0.003276
13466    0.008439
13541    0.015808
13568    0.013236
14065    0.004262
14124    0.014479
14537    0.010145
14654    0.024749
14655    0.026839
14749    0.012337
14906    0.020897
15006    0.018210
15063    0.010316
15461    0.036075
15507    0.037435
15556    0.031026
15820    0.012494
15917    0.021471
16383    0.097506
16439    0.028929
16585    0.012583
16592    0.007760
16941    0.020229
17051    0.010566
17331    0.013360
17484    0.006014
17868    0.014401
17931    0.016569
18005    0.027581
18098    0.014401
18167    0.011102
18182    0.005565
18572    0.023266
18587    0.011064
18731    0.019483
18882    0.007781
19127    0.009423
19128    0.013175
19226    0.008562
19271    0.066799
19277    0.016229
19309    0.014175
19366    0.010027
19370    0.034451
19426    0.021255
19648    0.019086
19650    0.036075
19652    0.019483
19661    0.024206
19813    0.021471
19918    0.036075
20045    0.028929
20090    0.006120
20260    0.015333
20362    0.030412
20383    0.020897
20717    0.009194
20745    0.031819
20768    0.008488
20845    0.014718
20927    0.008738
21120    0.011572
21150    0.004113
21253    0.007933
