76
191    0.031034
1188    0.038822
1759    0.042939
2047    0.043690
2091    0.064834
2292    0.031205
2301    0.064834
2396    0.020731
3298    0.033917
4142    0.072196
4268    0.076907
4277    0.043450
4480    0.035322
4491    0.069290
4872    0.035322
5202    0.024765
5212    0.026635
5556    0.028891
5586    0.061673
5769    0.021699
5878    0.061673
6501    0.044550
6881    0.037527
7048    0.028753
7087    0.031732
7088    0.035075
7090    0.040289
7802    0.010195
7996    0.032672
8581    0.017052
8622    0.046169
8805    0.065344
8862    0.038155
9388    0.026191
9527    0.050556
10115    0.043450
10116    0.151348
10163    0.057217
10259    0.040289
10611    0.032478
10714    0.026635
10806    0.061673
10817    0.076907
11453    0.036098
11478    0.049600
11636    0.099200
11739    0.044550
12113    0.118441
12122    0.019305
13295    0.039903
13357    0.010768
13434    0.006983
13694    0.050556
14230    0.076907
14537    0.021627
14815    0.046333
16117    0.027458
16734    0.046279
16880    0.026411
17034    0.039531
17129    0.023417
17141    0.039531
17531    0.043837
18037    0.035833
18186    0.028891
18425    0.051604
18645    0.057217
18646    0.069290
18705    0.045772
19151    0.053728
19426    0.030209
19751    0.036098
19830    0.032286
20894    0.021204
21058    0.022525
21115    0.018043
