163
219    0.008992
469    0.010084
1099    0.011416
1189    0.058693
1190    0.029975
1242    0.011620
1245    0.012412
1247    0.017317
1276    0.015096
1283    0.008651
1304    0.014881
1314    0.016811
1846    0.011318
1859    0.013523
1865    0.027314
1993    0.020526
2093    0.009691
2172    0.015208
2203    0.018090
2206    0.018531
2224    0.013445
2277    0.006801
2278    0.013146
2826    0.031367
3086    0.013848
3089    0.007734
3322    0.022228
3563    0.010198
3665    0.017317
3877    0.022228
3881    0.013848
4023    0.008084
4025    0.019564
4168    0.015208
4195    0.008734
4300    0.015941
4362    0.096352
4380    0.024861
4383    0.013523
4463    0.013848
4467    0.013004
4468    0.016654
4492    0.023344
4662    0.011466
4743    0.015810
5043    0.009535
5170    0.017498
5202    0.020866
5501    0.012861
5563    0.013004
5628    0.027796
5866    0.008678
5876    0.020896
5879    0.012537
5898    0.015322
6098    0.024105
6130    0.018090
6358    0.015941
6365    0.010681
6532    0.015560
7110    0.017142
7192    0.013848
7236    0.019019
7330    0.009691
7736    0.009523
8068    0.012934
8442    0.012290
8446    0.008790
8568    0.007224
8845    0.011416
8881    0.017687
9016    0.011568
9200    0.017637
9231    0.018305
9293    0.022228
9936    0.015683
9947    0.007558
10130    0.053062
10334    0.009424
10420    0.013004
10495    0.015096
10614    0.016654
10837    0.005099
10857    0.019284
11082    0.020526
11103    0.003676
11178    0.023557
11196    0.015683
11213    0.020628
11277    0.022228
11408    0.038568
11503    0.007558
11984    0.013219
12005    0.006516
12060    0.024949
12283    0.006380
12880    0.010724
12889    0.022290
12894    0.015096
12987    0.013952
13319    0.010556
13351    0.007601
13353    0.012537
13355    0.022609
13357    0.004537
13434    0.005884
13484    0.012666
13580    0.015789
13647    0.008597
14093    0.013765
14124    0.013004
14314    0.013683
14320    0.010989
14538    0.013219
14749    0.011080
14760    0.020526
15070    0.017142
15103    0.017884
15204    0.021534
15468    0.012798
15686    0.011517
15792    0.011466
15906    0.022348
15907    0.009760
16029    0.012798
16094    0.024227
16148    0.078416
16500    0.023392
16585    0.009417
16592    0.006970
16705    0.025468
16923    0.008992
16924    0.025982
16941    0.012113
16944    0.017468
17004    0.025982
17037    0.010236
17117    0.007918
17140    0.019564
17255    0.024105
17292    0.010198
17345    0.014576
17922    0.011517
18098    0.012934
18587    0.009937
18882    0.020966
19127    0.008463
19370    0.010314
19426    0.006363
19817    0.012666
20282    0.007085
20420    0.017687
20716    0.038394
20844    0.006765
20927    0.007848
20964    0.009901
20993    0.011620
21006    0.021740
21118    0.012537
21150    0.007389
21253    0.007125
21266    0.008762
21279    0.011620
