159
191    0.013014
267    0.014132
479    0.014709
1069    0.030276
1071    0.027188
1072    0.015611
1188    0.016280
1324    0.020800
1451    0.007676
1665    0.017802
1682    0.016895
1689    0.010266
1698    0.008750
1712    0.011364
1735    0.032251
1759    0.018007
1817    0.020090
2311    0.018682
2706    0.008980
3937    0.032251
4084    0.013307
4276    0.019195
4491    0.029057
4691    0.032251
4891    0.027188
5105    0.023994
5112    0.018682
5408    0.016577
5440    0.012543
5457    0.023284
5495    0.006187
5532    0.008071
5839    0.032251
5879    0.024959
5923    0.020800
6372    0.007676
6635    0.027188
6824    0.025863
6973    0.025863
7048    0.012058
7087    0.066535
7090    0.016895
7166    0.013232
7181    0.010761
7753    0.008806
7880    0.032251
7999    0.032251
8198    0.049669
8275    0.012234
8306    0.020800
8534    0.010385
8601    0.015138
8696    0.023284
8781    0.009928
8805    0.013701
8810    0.066935
9002    0.014918
9003    0.011833
9023    0.012115
9114    0.034835
9242    0.015737
9490    0.019772
9492    0.019474
10031    0.032251
10116    0.095203
10163    0.023994
10337    0.022669
10338    0.009223
10384    0.032251
10846    0.010804
10850    0.019474
11117    0.007999
11207    0.011566
11453    0.015138
11636    0.041600
11739    0.074729
12005    0.012973
12080    0.027188
12113    0.099338
12258    0.036014
12618    0.013539
12684    0.006788
12785    0.020800
12999    0.010618
13014    0.007092
13352    0.019500
13355    0.007502
13357    0.022579
13434    0.005857
13640    0.022126
13651    0.027188
13694    0.021201
14229    0.087171
14314    0.013620
14815    0.097150
15081    0.011515
15111    0.023284
15503    0.012875
15791    0.012417
15818    0.009820
15821    0.013955
16117    0.011515
16172    0.029057
16228    0.022126
16317    0.013784
16436    0.017063
16440    0.019474
16729    0.005256
16734    0.025876
16941    0.012057
17117    0.007881
17129    0.029460
17320    0.036014
17348    0.020800
17480    0.014608
17649    0.024834
17709    0.032251
17821    0.011364
17849    0.024834
17960    0.032251
18005    0.008219
18017    0.016138
18098    0.012875
18105    0.016895
18167    0.004963
18307    0.034835
18331    0.014043
18340    0.013158
18644    0.064502
18645    0.023994
18705    0.019195
18888    0.010804
19151    0.022531
19204    0.012806
19225    0.010848
19228    0.017606
19278    0.005786
19410    0.005966
19453    0.021697
19460    0.007480
19507    0.018932
19751    0.030276
19825    0.023284
19930    0.032251
19997    0.014709
20184    0.058114
20211    0.029057
20275    0.007905
20465    0.016138
20618    0.049669
20836    0.023284
20844    0.006734
20848    0.008372
20868    0.007111
20894    0.017784
20924    0.017802
21120    0.010345
21188    0.014918
21191    0.014509
