218
147    0.006122
191    0.008405
231    0.012066
246    0.007183
267    0.009127
479    0.009500
539    0.009013
604    0.010423
621    0.014614
677    0.011132
681    0.025949
786    0.024427
1052    0.014640
1066    0.011370
1097    0.006978
1184    0.006164
1240    0.006605
1443    0.054769
1690    0.019851
1759    0.011629
1910    0.022264
2047    0.005916
2091    0.017559
2102    0.005213
2188    0.022741
2311    0.012066
2344    0.005030
2396    0.005615
2745    0.006186
2995    0.010609
3448    0.014640
3567    0.004901
3647    0.011754
3760    0.083515
3944    0.006605
4026    0.009635
4084    0.008594
4142    0.029330
4276    0.012397
4737    0.011370
4871    0.008693
4899    0.006164
5202    0.006707
5212    0.014427
5408    0.021413
5521    0.009013
5548    0.009307
5769    0.023507
5822    0.015037
5861    0.016039
5878    0.016703
6028    0.015037
6102    0.013976
6299    0.016039
6315    0.015496
6358    0.010248
6468    0.014640
6633    0.013433
6738    0.016810
7048    0.007787
7087    0.025782
7166    0.008546
7189    0.012066
7199    0.006435
7466    0.007339
7989    0.007276
8107    0.004763
8218    0.005060
8270    0.031001
8367    0.013433
8381    0.011497
8404    0.014290
8476    0.006656
8548    0.016703
8581    0.004618
8601    0.009777
8805    0.035395
8942    0.012769
8984    0.016369
9062    0.012066
9114    0.022498
9118    0.006580
9231    0.011768
9490    0.012769
9510    0.007437
9527    0.013692
9606    0.020829
9669    0.012769
9739    0.010248
9911    0.020829
9991    0.019700
10105    0.005936
10108    0.011913
10115    0.047071
10116    0.081980
10140    0.006605
10334    0.006059
10354    0.007437
10389    0.034111
10611    0.008796
10637    0.009635
10659    0.011249
10714    0.014427
10818    0.020829
10829    0.012227
11095    0.010334
11117    0.005166
11188    0.013976
11203    0.007339
11218    0.017824
11286    0.013976
11334    0.012593
11355    0.004048
11453    0.009777
11636    0.040300
11739    0.036197
12064    0.016542
12082    0.018766
12113    0.128311
12202    0.009500
12230    0.006459
12385    0.020829
12735    0.030491
12749    0.011768
12974    0.007901
12983    0.006059
12990    0.011768
13295    0.010807
13352    0.006297
13355    0.004845
13381    0.012769
13434    0.005674
13580    0.010150
13694    0.027385
13695    0.014640
13886    0.005197
13917    0.027952
13964    0.008902
14065    0.004921
14229    0.018766
14283    0.015037
14320    0.007064
14425    0.014702
14657    0.018766
14766    0.018766
14815    0.025097
14857    0.017188
15042    0.016039
15376    0.012066
15551    0.007538
15792    0.007371
15821    0.009013
15906    0.007183
15907    0.006274
15912    0.005374
16117    0.007437
16228    0.014290
16246    0.013433
16284    0.011497
16317    0.035609
16355    0.012577
16396    0.018615
16436    0.011020
16585    0.016951
16649    0.017092
16705    0.010915
16729    0.003395
16766    0.008101
16880    0.007153
17034    0.010706
17052    0.009307
17111    0.026388
17117    0.005090
17129    0.012684
17141    0.010706
17155    0.026390
17347    0.008643
17348    0.013433
17531    0.011872
18005    0.005308
18017    0.010423
18167    0.006410
18203    0.006922
18204    0.010706
18308    0.026390
18331    0.009069
18535    0.012227
18645    0.046489
18646    0.093830
18705    0.012397
18882    0.004493
19151    0.021827
19278    0.003737
19366    0.002895
19370    0.013261
19386    0.012397
19426    0.004091
19460    0.004831
19539    0.045112
19699    0.018766
19751    0.009777
19844    0.003897
20088    0.009777
20382    0.010706
20688    0.009777
20714    0.006867
20771    0.008902
20822    0.011913
20844    0.004349
20894    0.005743
20899    0.011370
21115    0.004887
21120    0.006681
21122    0.006839
21150    0.002375
21188    0.009635
21203    0.017559
21247    0.015098
