202
219    0.006839
469    0.007670
1099    0.008683
1189    0.044640
1190    0.022798
1242    0.008838
1245    0.009440
1247    0.026341
1276    0.011482
1283    0.006580
1304    0.022636
1314    0.012786
1846    0.008608
1859    0.010285
1865    0.020774
1918    0.010345
1940    0.008427
1993    0.015611
2093    0.007371
2172    0.011567
2203    0.013759
2206    0.014094
2224    0.010226
2277    0.010346
2278    0.009999
2747    0.011318
2826    0.023856
3086    0.010532
3089    0.005883
3322    0.016906
3563    0.007756
3665    0.026341
3877    0.016906
3881    0.010532
4023    0.006149
4025    0.014880
4168    0.023133
4195    0.006643
4300    0.012124
4362    0.073282
4380    0.018909
4383    0.010285
4463    0.010532
4467    0.009890
4468    0.012667
4492    0.017755
4650    0.011654
4652    0.014094
4662    0.008721
4743    0.012025
5043    0.010878
5170    0.013309
5202    0.015870
5225    0.012025
5501    0.009782
5563    0.009890
5628    0.021140
5866    0.006601
5876    0.015893
5879    0.009535
5898    0.011654
6098    0.018334
6099    0.017791
6130    0.013759
6358    0.012124
6365    0.008124
6532    0.011834
6672    0.018976
6701    0.015893
7110    0.013038
7192    0.010532
7236    0.014465
7330    0.007371
7377    0.006907
7522    0.014667
7736    0.007242
8068    0.009837
8442    0.009348
8446    0.006685
8568    0.005494
8845    0.008683
8881    0.013452
9016    0.008798
9200    0.013414
9231    0.013922
9248    0.017791
9293    0.016906
9936    0.011928
9942    0.022202
9947    0.005748
10130    0.040357
10333    0.010730
10334    0.014336
10420    0.009890
10457    0.015893
10495    0.011482
10614    0.012667
10837    0.003878
10857    0.014667
11082    0.015611
11103    0.002796
11178    0.017917
11196    0.011928
11213    0.015689
11277    0.016906
11408    0.044000
11503    0.005748
11602    0.024643
11984    0.010054
12005    0.004956
12060    0.018976
12283    0.004852
12450    0.019761
12871    0.033070
12872    0.020774
12880    0.008156
12889    0.028255
12894    0.022964
12987    0.010611
13127    0.016906
13319    0.008028
13351    0.005781
13352    0.014899
13353    0.019071
13355    0.028660
13357    0.003450
13434    0.011188
13484    0.009633
13580    0.012008
13647    0.006538
13836    0.014094
14063    0.007670
14093    0.010469
14124    0.009890
14314    0.010407
14320    0.008358
14538    0.010054
14539    0.032817
14656    0.013170
14717    0.010285
14749    0.008427
14760    0.015611
15070    0.013038
15103    0.027204
15204    0.016378
15239    0.012439
15468    0.009734
15503    0.009837
15576    0.015893
15686    0.008759
15764    0.011482
15792    0.008721
15906    0.025495
15907    0.014846
16029    0.009734
16094    0.018426
16148    0.059641
16321    0.009083
16500    0.017791
16585    0.010028
16592    0.005301
16705    0.019370
16713    0.011743
16714    0.013922
16732    0.006130
16923    0.006839
16924    0.019761
16941    0.013818
16944    0.013285
17004    0.019761
17037    0.015571
17117    0.006022
17140    0.014880
17255    0.018334
17281    0.013860
17292    0.007756
17345    0.011086
17507    0.013038
17922    0.008759
18098    0.009837
18587    0.007558
18620    0.011399
18882    0.015946
18883    0.007558
19127    0.006437
19370    0.007844
19426    0.004840
19817    0.009633
20282    0.005389
20420    0.013452
20716    0.029201
20768    0.005798
20844    0.005145
20927    0.005969
20964    0.007531
20993    0.008838
21006    0.016535
21118    0.009535
21150    0.005620
21253    0.005419
21266    0.006664
21279    0.008838
