45
333    0.035030
1184    0.041425
1190    0.064746
2172    0.065699
2277    0.029382
3089    0.033413
3322    0.096026
3665    0.074808
3877    0.096026
3942    0.060191
4362    0.059463
4380    0.026850
4463    0.059824
5628    0.040026
9200    0.038095
10130    0.152818
10892    0.031296
11082    0.177342
11444    0.049534
11531    0.047276
11569    0.039757
12005    0.028150
12889    0.032098
13352    0.042314
13353    0.054161
13355    0.032557
13434    0.012710
14063    0.043565
14314    0.059109
14539    0.062134
15103    0.077260
16148    0.067752
16592    0.030109
16734    0.056152
16923    0.038845
16941    0.052326
17004    0.112244
17292    0.088109
17932    0.090272
18587    0.042930
20282    0.030609
20716    0.055288
20768    0.032933
20803    0.027781
20993    0.050197
