38
1066    0.088848
1699    0.019325
1847    0.075286
2232    0.146636
2737    0.055893
2981    0.078161
4622    0.121087
4724    0.096867
5614    0.055893
6707    0.055199
6758    0.070988
8342    0.080748
9209    0.037112
10942    0.054972
11180    0.036492
12307    0.147608
12987    0.023362
13501    0.082705
13910    0.044729
14065    0.019228
14323    0.056852
14604    0.034820
14745    0.037323
15769    0.137207
16486    0.080074
16734    0.032646
17051    0.047669
17440    0.121087
17643    0.050284
17757    0.080074
17949    0.140847
18167    0.025045
18383    0.050656
18384    0.096867
19830    0.068327
20461    0.101383
20601    0.056367
21310    0.066038
