49
28    0.097165
901    0.081268
1747    0.058601
2047    0.038228
2084    0.047012
2113    0.054608
2344    0.032505
3647    0.037974
3944    0.042681
4084    0.055531
5043    0.019804
5209    0.066215
5408    0.138358
5440    0.052343
5532    0.033682
5556    0.050559
6400    0.103636
7088    0.061382
7166    0.055219
7989    0.094024
8258    0.134587
8270    0.066772
10074    0.038617
10116    0.066215
11183    0.051816
12122    0.033784
12508    0.067938
12522    0.044193
12735    0.065673
13352    0.040687
13357    0.018845
14425    0.031666
14815    0.040542
15551    0.048704
15906    0.046414
16061    0.080102
16176    0.068549
16317    0.057523
16729    0.021934
17129    0.040980
17316    0.086800
17366    0.051303
18282    0.020866
19151    0.047012
19212    0.054911
19386    0.080102
19830    0.056501
20714    0.088737
21147    0.071931
