40
161    0.067170
231    0.092138
1503    0.127550
1747    0.069256
1918    0.066774
2113    0.064537
3341    0.051021
4927    0.081012
6400    0.122479
7009    0.127550
7088    0.072542
7090    0.083325
7615    0.143304
8270    0.157825
8781    0.048962
9214    0.073053
9454    0.046107
9517    0.037103
10074    0.045638
11103    0.036089
11183    0.061237
12522    0.052228
12548    0.051416
12911    0.051218
12987    0.022831
13060    0.092138
13204    0.159057
13357    0.022271
14815    0.047913
15907    0.047913
16176    0.162024
16501    0.046747
17129    0.048431
17484    0.026514
18340    0.064895
19151    0.055560
19386    0.189332
19817    0.062178
19844    0.014878
20714    0.052435
