52
333    0.030198
1158    0.108713
1245    0.046225
1247    0.128980
1314    0.187821
1999    0.079321
2278    0.048959
3039    0.039938
3086    0.051572
3665    0.064490
4301    0.053919
4380    0.046294
4467    0.096857
4469    0.082781
4650    0.057063
4672    0.070830
5202    0.038855
5567    0.033932
6098    0.089772
7456    0.040755
7642    0.048692
10837    0.018989
10857    0.071815
11409    0.108713
11753    0.057499
12765    0.037695
12872    0.101722
12889    0.027670
13320    0.046456
13352    0.036478
13357    0.016895
14063    0.037556
14085    0.077821
15105    0.069898
15378    0.069898
15576    0.077821
15579    0.101722
16150    0.076441
16321    0.044477
16592    0.025956
17292    0.075956
17669    0.028637
17868    0.048169
18282    0.018707
18587    0.037008
19046    0.046456
19464    0.033708
19844    0.011287
20116    0.065166
20282    0.026387
21057    0.040923
21253    0.026533
