143
219    0.010499
333    0.009467
398    0.030336
441    0.018027
449    0.036334
457    0.015349
686    0.015434
882    0.021914
1079    0.029130
1204    0.013102
1264    0.075660
1272    0.027631
1283    0.040402
1286    0.022515
1436    0.013628
1471    0.023192
1550    0.037830
1577    0.037830
1691    0.012042
1699    0.008984
1741    0.007089
1859    0.015789
1925    0.019096
1949    0.012673
2344    0.009136
2947    0.027256
3089    0.009030
3092    0.024398
3193    0.021121
3396    0.012673
3766    0.022206
3790    0.014943
4099    0.018027
4141    0.016071
4195    0.010197
4283    0.030336
4380    0.007257
4662    0.013388
4701    0.018612
4771    0.022843
5414    0.013506
5865    0.017018
5866    0.010133
5881    0.039256
5889    0.025953
6598    0.009760
6761    0.031088
7303    0.019818
7330    0.011315
7377    0.021206
7833    0.009700
7988    0.018459
8110    0.025383
8630    0.006500
9016    0.013506
9179    0.016071
9364    0.012673
9502    0.015349
9947    0.008825
10837    0.005953
11103    0.004292
11180    0.016964
11201    0.008952
11303    0.030336
11315    0.031891
11399    0.035513
11434    0.010396
11444    0.013388
11499    0.020430
11636    0.024398
11729    0.012422
12110    0.010230
12245    0.009974
12273    0.011907
12496    0.031891
12551    0.009851
12729    0.022843
12904    0.009912
12911    0.012182
12999    0.006227
13014    0.008319
13154    0.028560
13319    0.012324
13351    0.008875
13355    0.008799
13357    0.031781
13361    0.015521
13501    0.019223
13886    0.018878
13910    0.051982
13912    0.045030
14303    0.010891
14412    0.015102
14425    0.008901
14619    0.027311
14645    0.031891
14745    0.008675
15038    0.019445
15209    0.020014
15269    0.075660
15316    0.034083
15468    0.014943
15503    0.015102
15603    0.021121
15775    0.043273
16299    0.018027
16483    0.037830
16486    0.037223
16585    0.008796
16592    0.008138
16903    0.037830
16941    0.014142
16966    0.034083
16967    0.037830
17669    0.008978
17757    0.055835
17758    0.024868
17870    0.035454
17907    0.023965
17916    0.013815
18282    0.005865
18587    0.011603
18619    0.019460
18726    0.014420
18882    0.008160
18949    0.023565
19278    0.006787
19460    0.008774
19480    0.017756
19543    0.013388
19844    0.003539
19967    0.031891
20082    0.016268
20095    0.020881
20260    0.003216
20534    0.012622
20717    0.009641
20844    0.007898
21111    0.015789
21155    0.015266
21253    0.033274
21254    0.011774
21259    0.016793
