30
28    0.153109
1244    0.117061
2113    0.086049
2344    0.102439
3583    0.046505
3647    0.059837
3944    0.067254
4084    0.087504
4872    0.097404
6888    0.132105
7166    0.087011
7989    0.074080
8197    0.191072
8270    0.210433
12191    0.105217
12735    0.103485
12987    0.030441
13691    0.114534
14559    0.139413
16176    0.108016
16317    0.090642
16880    0.072830
16882    0.121296
17129    0.064575
18038    0.136776
19151    0.148160
19383    0.098100
19585    0.153109
19757    0.105217
20714    0.069914
