47
244    0.082509
1099    0.047421
1283    0.035935
1314    0.139662
2263    0.082509
3089    0.064255
4380    0.025818
4467    0.054016
4653    0.086800
5856    0.043172
5899    0.058975
7199    0.041581
7896    0.053442
10333    0.058601
10837    0.021180
11082    0.085261
11600    0.077963
12797    0.086800
12889    0.030863
13008    0.058601
13320    0.051816
13352    0.040687
13434    0.012221
13580    0.032792
13704    0.085261
14498    0.035821
14539    0.059744
14656    0.071931
14859    0.072685
15103    0.074289
15385    0.100130
15579    0.113460
15764    0.062708
16321    0.049609
16592    0.028951
16734    0.053992
16941    0.050313
17140    0.081268
17281    0.037848
18883    0.041278
19127    0.035154
19245    0.100130
20260    0.022882
20282    0.029432
20768    0.031666
21155    0.054310
21253    0.029595
