43
244    0.093271
1283    0.040622
1314    0.078939
2819    0.048248
3089    0.072636
4380    0.029185
4650    0.071948
4652    0.087017
5043    0.022387
5866    0.040751
6701    0.098122
7377    0.042643
10333    0.066245
10837    0.023943
11600    0.088132
12450    0.122005
12797    0.098122
12889    0.069777
13008    0.066245
13320    0.058575
13352    0.091987
13434    0.013815
13704    0.096382
14498    0.040494
14539    0.067537
14656    0.081313
14859    0.082166
15103    0.083979
15385    0.113190
15764    0.070888
15907    0.045830
15908    0.079702
16321    0.056080
16592    0.032727
16941    0.028438
17140    0.091868
18619    0.039131
19127    0.039740
19245    0.113190
20260    0.012933
20768    0.035797
21155    0.061394
21254    0.047353
