510
3    0.007024
20    0.008759
45    0.006324
66    0.006745
87    0.007892
90    0.007892
93    0.007384
161    0.003699
191    0.003535
228    0.007892
298    0.005213
490    0.007384
493    0.017518
646    0.006009
649    0.008759
655    0.008759
705    0.008759
783    0.008759
1042    0.006745
1097    0.008803
1099    0.003086
1148    0.007384
1231    0.008759
1261    0.006517
1309    0.002876
1314    0.009089
1345    0.004890
1365    0.005370
1374    0.012018
1449    0.014768
1451    0.002085
1458    0.003995
1466    0.007580
1490    0.002354
1494    0.008759
1496    0.004681
1680    0.003699
1689    0.005577
1698    0.002376
1699    0.007280
1740    0.003199
1781    0.004949
1940    0.002995
2056    0.007892
2057    0.006517
2084    0.006119
2102    0.002192
2126    0.005877
2202    0.008759
2277    0.001839
2281    0.003407
2380    0.003967
2486    0.006324
2631    0.007384
2651    0.006517
2819    0.002778
2857    0.003339
2859    0.008759
2860    0.006157
2872    0.011821
3013    0.004206
3034    0.007024
3322    0.006009
3377    0.012018
3393    0.008162
3400    0.004634
3416    0.006517
3433    0.008759
3473    0.018517
3479    0.008843
3563    0.002757
3567    0.004122
3571    0.009686
3593    0.002522
3610    0.006157
3611    0.004890
3613    0.006745
3644    0.005074
3730    0.007892
3732    0.007726
3842    0.002842
3881    0.003744
3890    0.005649
3897    0.003888
4001    0.004461
4055    0.004421
4070    0.008759
4176    0.004634
4195    0.002361
4258    0.002431
4265    0.004545
4362    0.003721
4378    0.004052
4380    0.001680
4441    0.004949
4461    0.003259
4501    0.003339
4560    0.006517
4577    0.004081
4678    0.003535
4707    0.005877
4729    0.002854
4730    0.004206
4795    0.008759
4848    0.021072
4853    0.006745
4870    0.002706
4877    0.005142
4995    0.012018
5028    0.008548
5032    0.007892
5035    0.006517
5043    0.002578
5145    0.007024
5154    0.007384
5202    0.008461
5232    0.019126
5274    0.010740
5331    0.004206
5353    0.008759
5449    0.035120
5509    0.131386
5510    0.008759
5549    0.007628
5562    0.004461
5570    0.005010
5625    0.006745
5628    0.012524
5680    0.006157
5768    0.006517
5836    0.006157
5840    0.025049
5866    0.009384
5867    0.035264
5886    0.007892
5920    0.005213
5924    0.004142
5950    0.008759
5962    0.004274
6034    0.006157
6358    0.004309
6372    0.002085
6461    0.005649
6486    0.004142
6560    0.006324
6578    0.023675
6596    0.002205
6703    0.008759
6765    0.024626
6766    0.008759
6834    0.008759
6908    0.004332
6912    0.007892
6930    0.009461
6931    0.004681
6957    0.013490
6999    0.005074
7048    0.003275
7053    0.004052
7136    0.007024
7168    0.001743
7307    0.006745
7309    0.021072
7310    0.006324
7325    0.003888
7342    0.005142
7351    0.003021
7356    0.005877
7449    0.026277
7450    0.008759
7456    0.002958
7460    0.007628
7466    0.003086
7531    0.004547
7565    0.006745
7632    0.004111
7634    0.005142
7656    0.008759
7679    0.010426
7709    0.003995
7710    0.024626
7779    0.003497
7792    0.007892
7802    0.006967
7827    0.007024
7896    0.006956
7964    0.004421
7965    0.004023
8025    0.002399
8078    0.001762
8116    0.003799
8260    0.009363
8315    0.008759
8325    0.008759
8373    0.008759
8446    0.007129
8453    0.006324
8476    0.002799
8533    0.005798
8568    0.001953
8569    0.005549
8581    0.003884
8596    0.004648
8719    0.005213
8781    0.002696
8785    0.005549
8862    0.017382
8881    0.004782
8918    0.002899
8951    0.007024
9098    0.007384
9127    0.004309
9209    0.001997
9282    0.005240
9361    0.003086
9364    0.002934
9411    0.001663
9452    0.008759
9641    0.010066
9664    0.002934
9739    0.004309
9873    0.008179
9919    0.005010
9944    0.003967
9962    0.005370
9980    0.003677
10026    0.006745
10040    0.008759
10074    0.002513
10083    0.007384
10113    0.017518
10124    0.007892
10150    0.005456
10175    0.006813
10327    0.008759
10376    0.005456
10420    0.003515
10421    0.003515
10564    0.005142
10605    0.002629
10769    0.006324
10782    0.008759
10836    0.004634
10897    0.002557
11026    0.005289
11090    0.004461
11103    0.001987
11178    0.003184
11180    0.001964
11183    0.006745
11194    0.008759
11201    0.002073
11203    0.003086
11271    0.012345
11330    0.005213
11355    0.010214
11358    0.002958
11415    0.003656
11436    0.006517
11445    0.003554
11503    0.004086
11519    0.003554
11572    0.013033
11598    0.007892
11600    0.005074
11683    0.003300
11731    0.006009
11733    0.005213
11735    0.005213
11739    0.005074
11744    0.002620
11747    0.003259
11757    0.002934
11841    0.004337
11882    0.009781
12041    0.007384
12042    0.003940
12045    0.003744
12084    0.003574
12110    0.002369
12245    0.002309
12273    0.005514
12283    0.006899
12300    0.008984
12327    0.008759
12411    0.005213
12414    0.014044
12416    0.015160
12420    0.005549
12483    0.008759
12522    0.005752
12548    0.002831
12668    0.007533
12684    0.005531
12727    0.007892
12765    0.008209
12838    0.006324
12880    0.002899
12889    0.030129
12911    0.002820
12927    0.011834
12983    0.002548
12987    0.003772
13014    0.001926
13133    0.007384
13219    0.003914
13288    0.006745
13315    0.008759
13320    0.003372
13351    0.004110
13357    0.002453
13451    0.003888
13466    0.002049
13478    0.011098
13481    0.005213
13575    0.017518
13580    0.002134
13644    0.004949
13647    0.002324
13700    0.008759
13742    0.012018
13783    0.014048
13821    0.005456
13909    0.006920
13915    0.006517
13999    0.009268
14002    0.005142
14026    0.007384
14063    0.016357
14064    0.006324
14088    0.005877
14094    0.008759
14308    0.006157
14314    0.003699
14316    0.005730
14319    0.004782
14323    0.003060
14537    0.002463
14539    0.003888
14550    0.008759
14567    0.014768
14569    0.007384
14576    0.008759
14579    0.004142
14604    0.001874
14607    0.002971
14683    0.004782
14717    0.003656
14742    0.001788
14743    0.010148
14865    0.006779
14895    0.012647
14917    0.043093
14919    0.015425
14928    0.006157
14950    0.005213
14964    0.008759
14965    0.007024
14988    0.012647
15031    0.007384
15063    0.002505
15193    0.005549
15210    0.003113
15219    0.007892
15229    0.003995
15287    0.006009
15288    0.008759
15333    0.004681
15410    0.003574
15497    0.002934
15500    0.008843
15530    0.005370
15571    0.005010
15591    0.003744
15611    0.007384
15645    0.007892
15664    0.007892
15686    0.003113
15791    0.003372
15797    0.006517
15823    0.008759
15877    0.008759
15895    0.009563
15928    0.003060
15943    0.005549
16064    0.005370
16094    0.003275
16096    0.014048
16117    0.003127
16148    0.008480
16207    0.003888
16279    0.004545
16457    0.008759
16500    0.006324
16533    0.008759
16534    0.007892
16585    0.002037
16588    0.014768
16592    0.005652
16676    0.004274
16713    0.008348
16729    0.008565
16734    0.001757
16772    0.010662
16835    0.008759
16862    0.012291
16886    0.012647
16907    0.002439
16923    0.012154
16952    0.003699
16958    0.003721
17027    0.005821
17032    0.004835
17037    0.002767
17101    0.003229
17108    0.013489
17144    0.003950
17216    0.005549
17259    0.008759
17281    0.019705
17283    0.007892
17285    0.008759
17292    0.008271
17327    0.017274
17343    0.007892
17480    0.003967
17532    0.008759
17669    0.002079
17670    0.014191
17823    0.007892
17830    0.006146
17863    0.005370
17865    0.008759
17891    0.008759
17905    0.006517
17932    0.005649
17964    0.009177
17966    0.003372
18041    0.010578
18049    0.008759
18063    0.005142
18181    0.008759
18182    0.001351
18203    0.002911
18215    0.017518
18216    0.008759
18219    0.007892
18282    0.001358
18382    0.003323
18451    0.004383
18454    0.005370
18502    0.004890
18567    0.003790
18638    0.007892
18652    0.002274
18672    0.006009
18736    0.005877
18841    0.006779
18845    0.005877
18951    0.004240
19010    0.008766
19128    0.003199
19144    0.006517
19201    0.008759
19225    0.002946
19232    0.002747
19261    0.002620
19362    0.008759
19366    0.002435
19370    0.002788
19438    0.013033
19682    0.006324
19706    0.008759
19757    0.004346
19844    0.003277
20090    0.001486
20116    0.004730
20225    0.008759
20302    0.017518
20303    0.008759
20426    0.005289
20433    0.005074
20452    0.009382
20460    0.003113
20540    0.003614
20642    0.004502
20648    0.006884
20678    0.004681
20716    0.006920
20717    0.002232
20743    0.013490
20768    0.002061
20777    0.007892
20791    0.010019
20807    0.003767
20824    0.007069
20844    0.003658
20868    0.003863
20927    0.002122
20969    0.004023
20993    0.003141
21058    0.002565
21126    0.004730
21132    0.003888
21150    0.019975
21235    0.005877
21243    0.007944
21247    0.001270
21253    0.001926
21266    0.007106
