316
147    0.004017
219    0.003793
333    0.003421
686    0.005577
773    0.005457
882    0.007918
1099    0.009632
1188    0.006900
1189    0.016508
1247    0.014611
1283    0.007299
1290    0.011523
1304    0.025112
1315    0.011523
1614    0.005705
1699    0.001623
1741    0.005123
1919    0.004795
2018    0.008380
2058    0.006840
2093    0.004088
2120    0.004335
2210    0.027338
2212    0.011523
2263    0.016760
2277    0.017216
2279    0.007382
2281    0.005316
2292    0.005546
2470    0.006782
2515    0.011523
2617    0.014611
2745    0.004060
2826    0.006616
2933    0.007092
3029    0.006028
3039    0.009048
3043    0.006149
3086    0.005842
3089    0.003263
3110    0.007918
3278    0.016271
3322    0.009378
3665    0.036527
3666    0.012315
3732    0.006028
3733    0.005457
3850    0.005015
3861    0.006670
3912    0.006616
3950    0.007462
4023    0.003411
4025    0.016508
4168    0.012832
4195    0.003685
4260    0.004946
4300    0.006725
4362    0.011614
4380    0.023599
4383    0.028525
4463    0.005842
4467    0.021944
4468    0.063234
4577    0.006369
4650    0.032321
4652    0.007818
4653    0.017631
4777    0.005428
4809    0.010169
5043    0.008045
5075    0.002378
5202    0.026409
5225    0.006670
5256    0.008986
5495    0.002622
5523    0.005457
5563    0.010972
5570    0.015636
5601    0.009868
5628    0.003909
5630    0.021923
5686    0.009378
5866    0.003661
5905    0.013669
5975    0.004192
5986    0.007545
6126    0.010961
6365    0.009012
6701    0.008816
6828    0.005038
6923    0.009608
6984    0.004074
7010    0.006670
7112    0.010169
7168    0.008160
7194    0.010370
7330    0.008177
7380    0.005185
7486    0.009893
7489    0.008380
7642    0.005516
7755    0.025978
7779    0.005457
7802    0.005436
7896    0.016283
7939    0.008986
7965    0.006278
7967    0.007026
7985    0.013450
8102    0.011523
8107    0.006251
8218    0.003321
8438    0.009172
8442    0.005185
8446    0.007417
8578    0.013669
8622    0.004103
8712    0.007092
8831    0.036687
8845    0.014449
8918    0.004524
9005    0.007232
9016    0.004880
9060    0.008515
9105    0.008135
9200    0.003720
9330    0.011523
9392    0.006725
9481    0.009868
9494    0.009378
9533    0.004254
9947    0.003189
9991    0.006464
10074    0.003922
10095    0.012136
10130    0.007462
10136    0.013669
10169    0.008986
10175    0.015948
10333    0.005952
10334    0.019880
10336    0.008515
10338    0.007818
10383    0.012315
10421    0.005486
10457    0.008816
10614    0.014052
10674    0.009608
10837    0.002151
10846    0.004579
10857    0.008135
10897    0.003990
11082    0.017319
11103    0.003101
11163    0.012315
11213    0.008702
11218    0.002924
11289    0.005160
11408    0.032541
11427    0.008986
11570    0.004270
11683    0.010300
11841    0.002256
12005    0.002749
12053    0.018969
12060    0.010526
12110    0.003696
12245    0.003604
12450    0.010961
12477    0.007382
12548    0.004419
12566    0.009868
12591    0.004060
12840    0.009378
12871    0.018343
12880    0.013573
12889    0.015673
12894    0.012738
12911    0.008803
12952    0.006564
12987    0.003924
13051    0.013669
13125    0.006278
13319    0.004453
13320    0.005263
13352    0.024793
13353    0.005289
13355    0.006359
13357    0.022967
13434    0.004965
13484    0.005343
13529    0.011545
13530    0.005546
13580    0.009991
13601    0.012468
13623    0.010526
13698    0.013669
13704    0.008659
13727    0.008986
13760    0.007818
13886    0.003411
14089    0.027515
14124    0.005486
14303    0.003935
14320    0.004636
14498    0.003638
14524    0.012315
14525    0.013669
14607    0.004636
14654    0.009378
14656    0.007305
14716    0.007092
15006    0.006900
15008    0.008380
15037    0.007818
15081    0.004880
15103    0.007545
15105    0.007918
15189    0.024630
15204    0.004542
15207    0.007026
15335    0.008135
15378    0.007918
15504    0.010961
15576    0.017631
15577    0.009868
15578    0.008380
15660    0.007161
15666    0.009868
15684    0.019693
15712    0.008736
15713    0.006323
15891    0.011523
15907    0.004118
15944    0.012738
16029    0.005399
16030    0.010030
16061    0.008135
16094    0.005110
16143    0.009608
16148    0.013233
16150    0.025978
16153    0.012315
16157    0.013669
16321    0.005038
16430    0.008254
16585    0.011124
16592    0.005881
16676    0.006670
16705    0.003581
16923    0.003793
16941    0.020440
17037    0.025910
17108    0.010525
17117    0.003340
17281    0.003844
17292    0.012907
17339    0.010961
17407    0.004402
17447    0.006670
17484    0.002279
17563    0.018343
17573    0.010961
17669    0.003244
17914    0.008024
17931    0.006278
18098    0.010913
18133    0.005990
18138    0.005672
18231    0.012315
18256    0.006782
18319    0.004579
18326    0.010855
18328    0.008816
18587    0.012577
18614    0.007632
18619    0.003516
18845    0.009172
19127    0.007141
19128    0.004992
19204    0.005428
19261    0.004088
19271    0.005062
19309    0.005371
19329    0.008024
19410    0.002529
19460    0.003170
19535    0.004969
19570    0.010961
19844    0.002557
19894    0.007092
20260    0.001162
20275    0.003350
20420    0.007462
20452    0.004880
20481    0.012928
20492    0.009608
20642    0.007026
20648    0.016113
20745    0.006028
20746    0.008515
20751    0.009608
20762    0.006725
20776    0.018969
20844    0.002854
20852    0.010961
20927    0.006622
20993    0.009804
21057    0.004636
21132    0.006068
21150    0.004676
21155    0.005516
21253    0.006011
21254    0.004254
21266    0.003696
21299    0.008135
