611
246    0.002364
567    0.004818
621    0.002405
702    0.002550
1157    0.004873
1178    0.005497
1182    0.005497
1184    0.002029
1189    0.004139
1222    0.003557
1245    0.002626
1256    0.003971
1262    0.005625
1275    0.003460
1307    0.005278
1368    0.004818
1415    0.002861
1423    0.002861
1604    0.006252
1674    0.004703
1686    0.003372
1698    0.003719
1699    0.001628
1712    0.002415
1723    0.004703
1741    0.002569
1846    0.002394
1914    0.004506
1917    0.009405
1919    0.002405
1943    0.003401
1951    0.003126
1956    0.004818
1978    0.006176
2093    0.008201
2102    0.001715
2112    0.006855
2173    0.002043
2176    0.006855
2216    0.003242
2232    0.006176
2295    0.004818
2396    0.001848
2432    0.003551
2497    0.004202
2539    0.002828
2617    0.007327
2618    0.004024
2681    0.005278
2688    0.002394
2710    0.005077
2711    0.002895
2714    0.003491
2737    0.028247
2744    0.003672
2757    0.004949
2789    0.020564
2857    0.002613
3053    0.002895
3089    0.001636
3140    0.003401
3146    0.006855
3148    0.017369
3151    0.004599
3224    0.005497
3297    0.002613
3327    0.003043
3396    0.004593
3401    0.004949
3483    0.002766
3521    0.003491
3567    0.001613
3593    0.005920
3635    0.002861
3647    0.005802
3797    0.003971
3821    0.004139
3842    0.006673
3862    0.002912
3911    0.005053
3944    0.002174
4023    0.001710
4063    0.004818
4099    0.003266
4137    0.003340
4195    0.005543
4265    0.003557
4292    0.006176
4390    0.008209
4406    0.006920
4450    0.001860
4492    0.004939
4666    0.003023
4790    0.004949
4810    0.005755
4811    0.008898
4870    0.002118
4909    0.005497
4915    0.006176
4972    0.006855
5043    0.002017
5047    0.003194
5074    0.002278
5075    0.003578
5093    0.002828
5171    0.003971
5173    0.005278
5183    0.005779
5209    0.003372
5220    0.002948
5225    0.003345
5230    0.003217
5260    0.002781
5316    0.005278
5440    0.002666
5495    0.001315
5501    0.002721
5515    0.001860
5523    0.005473
5544    0.003084
5545    0.004421
5562    0.003491
5563    0.002751
5614    0.002354
5619    0.011557
5717    0.002666
5719    0.007788
5737    0.003491
5745    0.002797
5756    0.004506
5757    0.005497
5806    0.003171
5864    0.004342
5933    0.004506
5975    0.002102
5986    0.007567
5991    0.002515
5992    0.009636
5993    0.004270
6042    0.003401
6158    0.005779
6365    0.002260
6372    0.008158
6375    0.004818
6596    0.001726
6598    0.001768
6630    0.003242
6651    0.002538
6655    0.002652
6656    0.006855
6734    0.002844
6755    0.008540
6756    0.002587
6758    0.008969
6761    0.001878
6763    0.006176
6809    0.002930
6870    0.004949
6874    0.006176
6901    0.004818
6908    0.006780
6918    0.002736
6927    0.004818
7008    0.004949
7053    0.006341
7097    0.002639
7134    0.004949
7141    0.003063
7142    0.003004
7168    0.004092
7173    0.002812
7188    0.002426
7254    0.007841
7305    0.005100
7325    0.006086
7394    0.006176
7485    0.004139
7486    0.002481
7508    0.003063
7523    0.002639
7531    0.001779
7569    0.003557
7619    0.004299
7628    0.004818
7631    0.002722
7634    0.008047
7644    0.003292
7696    0.004270
7709    0.009379
7720    0.003742
7736    0.004029
7744    0.005473
7748    0.003194
7753    0.005615
7802    0.002726
7985    0.003372
8019    0.003301
8040    0.006945
8068    0.002736
8069    0.003742
8077    0.004080
8078    0.006893
8105    0.003126
8114    0.005497
8220    0.003266
8288    0.003920
8323    0.002469
8378    0.004139
8446    0.005579
8500    0.001507
8505    0.002751
8538    0.004506
8568    0.004585
8596    0.005456
8630    0.005889
8711    0.002374
8899    0.003430
8918    0.002269
9046    0.006176
9118    0.002166
9153    0.005053
9155    0.003171
9200    0.003731
9255    0.006855
9275    0.005278
9311    0.003318
9361    0.002415
9388    0.002334
9411    0.002603
9510    0.002447
9517    0.003198
9518    0.002917
9664    0.002296
9768    0.003663
9798    0.001921
9799    0.011481
9803    0.003827
9808    0.006176
9812    0.002394
9866    0.006176
9872    0.004342
9873    0.012801
9919    0.003920
9944    0.003105
9947    0.001599
9957    0.005779
9976    0.003663
10149    0.004080
10186    0.003430
10220    0.003460
10261    0.003431
10304    0.005779
10406    0.004139
10442    0.011761
10589    0.002550
10610    0.003345
10676    0.003827
10846    0.009185
10853    0.011557
10892    0.007663
10932    0.027752
10942    0.039358
10943    0.003266
11012    0.006855
11087    0.004789
11103    0.001555
11146    0.011435
11160    0.002912
11178    0.002492
11180    0.003074
11181    0.005688
11225    0.002861
11243    0.006855
11271    0.002415
11283    0.002736
11334    0.002072
11340    0.003318
11355    0.002664
11358    0.002315
11413    0.004080
11458    0.004421
11499    0.011106
11503    0.001599
11548    0.005497
11569    0.001947
11570    0.004283
11609    0.004270
11683    0.002582
11684    0.003194
11729    0.004502
11747    0.002550
11750    0.003672
11753    0.003266
11782    0.010201
11802    0.004949
11816    0.010556
11841    0.001131
11947    0.003401
11984    0.002797
12005    0.002757
12042    0.009251
12045    0.005859
12085    0.002384
12087    0.004421
12134    0.006176
12166    0.005101
12245    0.001807
12283    0.002700
12307    0.051805
12309    0.005077
12345    0.005615
12416    0.005932
12419    0.005497
12442    0.006176
12477    0.003702
12481    0.006855
12484    0.004949
12507    0.006176
12519    0.001636
12521    0.004342
12522    0.009003
12539    0.006855
12554    0.006855
12591    0.002036
12675    0.004236
12684    0.007214
12711    0.004703
12765    0.002141
12819    0.006176
12855    0.001585
12857    0.008540
12864    0.002133
12867    0.009445
12869    0.004421
12927    0.011576
12942    0.004270
12958    0.009199
12983    0.003988
12987    0.005903
13014    0.001507
13050    0.001731
13096    0.003345
13125    0.003148
13145    0.012869
13179    0.002550
13189    0.005497
13228    0.002199
13231    0.003491
13286    0.006855
13355    0.001594
13388    0.002587
13434    0.002490
13471    0.005497
13496    0.005100
13499    0.004342
13501    0.008708
13515    0.003920
13529    0.005789
13533    0.003460
13565    0.004080
13580    0.003340
13644    0.003873
13877    0.014388
13889    0.005497
13892    0.003557
13909    0.002708
13910    0.003768
13939    0.004029
14012    0.002693
14065    0.008908
14071    0.004703
14251    0.004818
14303    0.001973
14406    0.004159
14428    0.003557
14429    0.005779
14430    0.005359
14439    0.001651
14445    0.005859
14485    0.002527
14523    0.008253
14539    0.003043
14597    0.003971
14604    0.007332
14681    0.004342
14688    0.006855
14739    0.005278
14741    0.002447
14742    0.003498
14745    0.001572
14821    0.005278
14857    0.005656
14865    0.002652
14874    0.004939
14876    0.005779
14934    0.004506
14944    0.002781
15007    0.004703
15019    0.002895
15026    0.004202
15032    0.003043
15038    0.003523
15070    0.003627
15147    0.003827
15204    0.002278
15229    0.006252
15298    0.006855
15410    0.002797
15471    0.005100
15484    0.002948
15488    0.005278
15492    0.008159
15493    0.004080
15503    0.002736
15571    0.003920
15583    0.003971
15589    0.010994
15605    0.006855
15642    0.004506
15694    0.004599
15710    0.002895
15712    0.004381
15764    0.003194
15771    0.006855
15821    0.002966
15889    0.003591
15906    0.002364
15919    0.004139
15947    0.007941
15958    0.004139
16003    0.003557
16004    0.005278
16005    0.005779
16050    0.004949
16060    0.002680
16065    0.004202
16076    0.004703
16117    0.002447
16132    0.006176
16136    0.004342
16237    0.001884
16299    0.003266
16485    0.008898
16501    0.002015
16509    0.002364
16529    0.003907
16532    0.006252
16585    0.001594
16657    0.006126
16687    0.005497
16724    0.002384
16729    0.002234
16734    0.009624
16767    0.003971
16866    0.004599
16892    0.003372
16900    0.005497
16923    0.003805
16944    0.003695
16950    0.003292
16958    0.002912
16959    0.002065
17033    0.003126
17037    0.002166
17044    0.003004
17067    0.002828
17072    0.010773
17074    0.015376
17075    0.005332
17077    0.003430
17079    0.023606
17106    0.003784
17108    0.002639
17115    0.003401
17117    0.003350
17144    0.003091
17233    0.006855
17326    0.004139
17369    0.002722
17372    0.003372
17467    0.006855
17484    0.001143
17643    0.008471
17814    0.002233
17816    0.004818
17830    0.002405
17832    0.005278
17854    0.003023
17870    0.002141
17932    0.004421
18087    0.005779
18098    0.002736
18133    0.003004
18159    0.002626
18167    0.004219
18175    0.004818
18182    0.006344
18190    0.003148
18198    0.004139
18203    0.002278
18212    0.004421
18262    0.013709
18282    0.002125
18336    0.007654
18340    0.002797
18383    0.002133
18411    0.002861
18435    0.002426
18440    0.008404
18464    0.009012
18543    0.003920
18550    0.004599
18553    0.003345
18582    0.004599
18656    0.003873
18670    0.002384
18719    0.006745
18841    0.010609
18888    0.002296
18962    0.003217
18987    0.005125
19043    0.001896
19046    0.002639
19065    0.003194
19085    0.003292
19174    0.006176
19223    0.007442
19225    0.004611
19226    0.014641
19261    0.002050
19262    0.004649
19266    0.003974
19271    0.005077
19309    0.002693
19366    0.001905
19410    0.007609
19416    0.002334
19426    0.001346
19460    0.001590
19464    0.001915
19512    0.007567
19535    0.002492
19536    0.004270
19617    0.003663
19685    0.002550
19697    0.006855
19705    0.006855
19707    0.002242
19736    0.008298
19741    0.003217
19769    0.004024
19772    0.004669
19773    0.003441
19795    0.005278
19820    0.002315
19822    0.003742
19830    0.002878
19905    0.006636
19908    0.004949
19982    0.004949
19997    0.003126
20001    0.006855
20082    0.002948
20090    0.006978
20228    0.003266
20274    0.004768
20313    0.005278
20464    0.006172
20504    0.005497
20585    0.006855
20601    0.009496
20620    0.002043
20713    0.003707
20714    0.004519
20716    0.005415
20717    0.003494
20747    0.005278
20758    0.003591
20768    0.006451
20803    0.004081
20807    0.002948
20844    0.004293
20848    0.001779
20868    0.004534
20901    0.002126
20902    0.004519
20925    0.005779
20946    0.003695
20964    0.002095
20998    0.003627
21011    0.003523
21057    0.004649
21076    0.005278
21085    0.002693
21087    0.005981
21094    0.003171
21106    0.013709
21122    0.002251
21129    0.004637
21132    0.003043
21135    0.003557
21150    0.006253
21191    0.003084
21243    0.001554
21247    0.003975
21264    0.005656
21299    0.004080
21306    0.008080
21307    0.006699
21310    0.008344
21316    0.006855
