195
6    0.018995
28    0.018995
246    0.009073
257    0.026310
267    0.011529
479    0.011999
1691    0.008375
1699    0.003124
1719    0.022180
1747    0.011456
1759    0.014690
1910    0.014062
1916    0.016389
1946    0.013281
2047    0.007473
2084    0.009190
2221    0.018050
2311    0.015241
2344    0.031771
2380    0.011917
2396    0.007092
2677    0.022180
2744    0.021141
2933    0.013651
3029    0.023207
3094    0.032259
3238    0.019306
3245    0.014523
3315    0.012442
3447    0.018995
3528    0.052620
3574    0.010675
3632    0.010795
3671    0.014209
3789    0.010918
3862    0.011177
3881    0.011245
3943    0.011679
4026    0.012170
4084    0.010856
4536    0.010981
4569    0.022180
4737    0.028725
4872    0.012084
4926    0.009565
5043    0.003871
5096    0.006894
5209    0.025888
5212    0.036448
5215    0.026310
5411    0.023704
5532    0.019754
5548    0.011757
5769    0.022270
5898    0.012442
6372    0.006262
6400    0.020260
6430    0.011456
6672    0.020260
7009    0.021099
7087    0.065135
7090    0.041349
7166    0.010795
7392    0.026310
7485    0.015887
7615    0.023704
7985    0.012944
7987    0.020895
8270    0.026106
8500    0.011571
8596    0.006981
8601    0.012349
8781    0.016198
8810    0.027302
9114    0.014209
9209    0.017998
9210    0.009836
9280    0.024168
9282    0.007869
9454    0.015253
9543    0.026310
9577    0.020260
9605    0.020260
10116    0.012944
10389    0.028725
10694    0.052620
10714    0.027336
11082    0.033335
11095    0.013053
11117    0.006526
11162    0.018995
11528    0.008708
11531    0.008886
11664    0.021099
11683    0.004956
11750    0.007047
11810    0.014209
12005    0.010583
12082    0.023704
12084    0.010734
12085    0.009151
12245    0.006937
12519    0.006281
12522    0.008639
12738    0.018493
12974    0.009980
13050    0.006644
13154    0.009932
13228    0.008440
13298    0.011917
13310    0.016130
13347    0.012170
13348    0.010734
13352    0.007954
13353    0.010181
13357    0.003684
13434    0.002389
13456    0.026310
13482    0.010079
13695    0.018493
14047    0.016130
14065    0.009325
14425    0.024762
14428    0.013651
14536    0.011384
14537    0.007399
14717    0.010981
14727    0.012944
14815    0.039627
14818    0.017296
14863    0.012537
14868    0.028418
14903    0.013281
14985    0.018995
15052    0.023704
15387    0.016389
15396    0.017296
15544    0.021099
15827    0.014690
15906    0.009073
15947    0.015241
16060    0.010285
16172    0.023704
16176    0.040201
16228    0.018050
16273    0.016668
16316    0.016968
16317    0.011245
16436    0.013920
16501    0.007733
16585    0.009177
16649    0.010795
16705    0.013787
16734    0.005277
16772    0.010675
16941    0.004918
16953    0.020260
17092    0.020260
17117    0.006429
17129    0.024034
17347    0.010918
17348    0.016968
17366    0.010029
17374    0.013165
17436    0.016668
17484    0.004386
18005    0.006705
18017    0.013165
18105    0.013783
18331    0.011456
18340    0.010734
18420    0.081039
18844    0.022180
18882    0.005675
19151    0.036761
19204    0.010447
19327    0.006208
19386    0.015659
19412    0.029729
19426    0.005167
19434    0.023704
19460    0.006102
19496    0.026310
19652    0.014209
19741    0.012349
19772    0.008960
19830    0.011045
19844    0.004922
20088    0.024699
20100    0.010918
20714    0.017347
20824    0.010617
21122    0.008639
21147    0.014062
21272    0.018493
