58
243    0.104455
288    0.041699
1619    0.071661
1715    0.062169
1840    0.104455
1846    0.072974
2165    0.059015
2334    0.040833
2335    0.094110
2713    0.059743
2798    0.104455
3363    0.104455
3685    0.198518
4083    0.088058
5029    0.167529
5501    0.020732
6352    0.083764
6426    0.104455
6460    0.106404
6801    0.104455
6985    0.208911
7176    0.053202
7204    0.083764
7330    0.031242
8001    0.053202
8153    0.053691
8219    0.050163
8666    0.104455
8674    0.042618
10105    0.029770
10106    0.048318
10495    0.048669
11183    0.040216
12101    0.077713
12127    0.051823
12411    0.062169
12519    0.024935
13014    0.022969
13106    0.071661
13434    0.009485
13466    0.024436
15550    0.053202
15554    0.061315
17144    0.023552
17352    0.150824
17500    0.067367
17531    0.029770
17588    0.045771
18272    0.094110
18681    0.066173
18771    0.088058
19248    0.061315
19844    0.009771
20841    0.027541
20922    0.088058
20986    0.181526
21085    0.041045
21086    0.049029
