104
1069    0.026071
1072    0.026886
1283    0.014830
1315    0.093649
1862    0.011320
1919    0.019486
2018    0.034051
2277    0.023319
2316    0.055544
2396    0.014972
2669    0.038105
3039    0.036768
3043    0.024987
3278    0.033058
3665    0.059372
3877    0.038105
4362    0.023596
4380    0.010655
4383    0.023182
4463    0.023739
4467    0.044585
4479    0.055544
4650    0.052534
4952    0.039040
5202    0.017886
5628    0.015883
6100    0.041323
6266    0.044541
6429    0.022414
7168    0.011053
7486    0.020100
7770    0.028038
8107    0.012701
9242    0.027103
9723    0.055544
9749    0.028290
10130    0.030321
10333    0.024185
10334    0.032312
10338    0.015883
10605    0.033344
10773    0.018916
10857    0.033058
10892    0.012419
11103    0.006301
11358    0.018760
11408    0.066116
11533    0.055544
11661    0.053348
11683    0.010463
12005    0.011171
12049    0.034599
12079    0.041323
12245    0.014645
12450    0.044541
12889    0.025474
12894    0.025880
12904    0.014553
12999    0.009143
13320    0.021384
13352    0.033583
13500    0.046825
13530    0.022537
13533    0.028038
13580    0.013533
13981    0.055544
14063    0.017288
14498    0.029567
14774    0.031768
14857    0.022918
15006    0.028038
15944    0.025880
16028    0.038105
16063    0.043879
16149    0.044541
16923    0.015415
16944    0.014972
16955    0.043426
16958    0.023596
17281    0.046859
17669    0.026365
18220    0.055544
18247    0.020570
18256    0.055113
18282    0.008611
18326    0.022056
18733    0.035187
18882    0.011981
18883    0.034071
19128    0.020285
19444    0.026468
19453    0.018683
19557    0.028819
19741    0.026071
20282    0.012146
20359    0.030321
20490    0.085541
20563    0.029997
20741    0.040100
20909    0.074538
21087    0.016156
21150    0.006333
21253    0.012214
21259    0.024656
