260
115    0.006588
147    0.004531
219    0.008556
288    0.006154
333    0.003858
428    0.014806
469    0.004798
686    0.006289
1184    0.018249
1243    0.009450
1255    0.007236
1283    0.008232
1400    0.029297
1403    0.034910
1405    0.023740
1533    0.030830
1542    0.013888
1543    0.015415
1664    0.007080
1665    0.017018
1681    0.012649
1699    0.001830
1741    0.005778
1746    0.004728
1762    0.007905
1859    0.006434
1862    0.006284
1886    0.012995
2008    0.028523
2014    0.012242
2020    0.035719
2047    0.004379
2172    0.007236
2225    0.009766
2229    0.008415
2277    0.016179
2281    0.005995
2344    0.029784
2744    0.012387
2745    0.004578
2747    0.007080
2882    0.056039
2947    0.005553
3039    0.005102
3086    0.046119
3089    0.011039
3126    0.007584
3286    0.008415
3338    0.020136
3340    0.026789
3514    0.012362
3583    0.006761
3726    0.005385
3743    0.004611
4023    0.003846
4109    0.009942
4119    0.013888
4195    0.004155
4258    0.012834
4380    0.008871
4450    0.004182
4480    0.007080
4486    0.007714
4662    0.005455
4681    0.011129
4682    0.046246
4743    0.007522
4774    0.007236
4777    0.006121
5347    0.026128
5521    0.006670
5578    0.005847
5818    0.010576
5820    0.020804
5866    0.004129
5879    0.005965
6049    0.007290
6460    0.007851
6497    0.008156
6499    0.013888
6598    0.003977
6716    0.011469
6734    0.006397
6809    0.006588
6856    0.011129
6940    0.007781
7109    0.010343
7168    0.006135
7303    0.008076
7330    0.004611
7379    0.008076
7381    0.012995
7644    0.007403
7711    0.011469
7752    0.011129
7798    0.007851
7816    0.027777
8025    0.004223
8552    0.009602
8594    0.005935
8781    0.009490
8918    0.005102
9016    0.016511
9200    0.004196
9210    0.011526
9280    0.007080
9411    0.002926
9442    0.007031
9518    0.019680
9523    0.006325
9747    0.012509
9749    0.007851
9750    0.011129
9751    0.009308
10119    0.009049
10191    0.010343
10334    0.004484
10338    0.022041
10397    0.012649
10480    0.009602
10489    0.011469
10803    0.006154
10837    0.002426
10897    0.008999
11014    0.039590
11016    0.026128
11103    0.001749
11146    0.005143
11213    0.004907
11398    0.009450
11401    0.008325
11439    0.006289
11445    0.006255
11475    0.009766
11782    0.022940
11824    0.009450
11827    0.010134
12084    0.006289
12109    0.006888
12166    0.005736
12277    0.008156
12345    0.004209
12348    0.007998
12415    0.004745
12493    0.008930
12519    0.003680
12548    0.004983
12668    0.006629
12873    0.008930
12904    0.008078
12978    0.013258
12983    0.004484
13096    0.007522
13319    0.005022
13357    0.008634
13415    0.010576
13434    0.004199
13480    0.011469
13533    0.015563
13541    0.006755
13568    0.005656
13580    0.003756
14093    0.006549
14212    0.009766
14303    0.004438
14320    0.005228
14322    0.007031
14331    0.007998
14425    0.007254
14669    0.009942
14719    0.008156
14781    0.008156
14796    0.004926
14942    0.008930
14997    0.007031
15032    0.006843
15033    0.007131
15038    0.015847
15135    0.007346
15140    0.004223
15210    0.005479
15550    0.007851
15551    0.005578
15554    0.009049
15610    0.012995
15686    0.005479
15695    0.005763
15792    0.005455
16501    0.004531
16563    0.030830
16575    0.047284
16585    0.013442
16592    0.003316
16705    0.004039
16707    0.022213
16708    0.010576
16729    0.002512
16732    0.003835
16885    0.007080
16907    0.004292
16959    0.004644
16960    0.010576
17093    0.007403
17129    0.004694
17144    0.003476
17433    0.009766
17445    0.007080
17814    0.005022
17868    0.073845
17885    0.008325
17916    0.005630
18003    0.005876
18182    0.002378
18319    0.005164
18587    0.014184
18642    0.015415
18652    0.004002
18724    0.074783
18726    0.023505
18836    0.047481
18838    0.011870
18948    0.008509
19037    0.006360
19124    0.008239
19125    0.005682
19261    0.004611
19270    0.012995
19278    0.002765
19426    0.024220
19448    0.009308
19460    0.007151
19585    0.011129
19589    0.007584
19707    0.005042
19767    0.010576
19844    0.008651
19945    0.008156
20068    0.009450
20090    0.005231
20260    0.005242
20275    0.007556
20281    0.005578
20282    0.003371
20545    0.008817
20557    0.005102
20559    0.015703
20560    0.008709
20717    0.011786
20760    0.006712
20927    0.003734
21057    0.005228
21118    0.005965
21150    0.003515
21155    0.006221
21243    0.003495
21253    0.010169
21254    0.023989
21258    0.014923
21259    0.006843
21266    0.004169
