50
103    0.079557
1097    0.040423
1141    0.108713
1681    0.049506
3029    0.053215
3881    0.051572
3943    0.053564
3977    0.072861
4026    0.055816
4079    0.120664
4926    0.043865
4998    0.120664
5212    0.041790
6144    0.087114
7087    0.099574
7489    0.073973
8810    0.062607
9746    0.066604
9914    0.087114
10115    0.068172
10116    0.118730
10714    0.041790
10827    0.101722
10839    0.082781
11081    0.096762
11103    0.013689
11683    0.022730
12548    0.039005
13353    0.046691
13647    0.032015
13999    0.063839
14475    0.065870
14519    0.077821
14537    0.033932
14815    0.109043
15397    0.101722
15792    0.042702
15906    0.041613
16314    0.084812
16501    0.035463
16734    0.048407
17129    0.036741
17337    0.082781
17484    0.020114
18098    0.048169
19151    0.084298
19327    0.028472
19589    0.059365
19844    0.022573
21119    0.058879
