212
155    0.022846
219    0.014074
262    0.022846
333    0.006346
1099    0.008934
1190    0.011729
1278    0.011331
1283    0.013541
1290    0.021376
1309    0.008326
1423    0.031750
1862    0.005168
1907    0.025357
2018    0.015545
2173    0.015115
2277    0.031937
2279    0.027389
2281    0.009862
2669    0.017396
2933    0.013157
3278    0.015092
3314    0.025357
3912    0.012274
4137    0.006178
4179    0.012373
4240    0.005196
4300    0.012475
4362    0.032317
4363    0.018865
4380    0.014593
4441    0.028652
4480    0.011646
4492    0.009135
4557    0.022846
4637    0.012475
4650    0.011991
4678    0.010232
4776    0.014885
5043    0.003731
5137    0.015092
5202    0.024495
5311    0.025357
5563    0.010177
5584    0.013034
5628    0.007251
5687    0.021376
5733    0.017823
5866    0.006792
5867    0.017014
5874    0.022846
5899    0.011111
5932    0.022846
5986    0.013996
5993    0.015795
6087    0.018307
6365    0.016719
6429    0.010232
6707    0.008600
7077    0.013034
7168    0.010092
7194    0.019237
7241    0.012083
7280    0.021376
7281    0.013694
7330    0.007584
7454    0.019526
7487    0.015795
7754    0.010838
7755    0.080318
7779    0.020245
7939    0.016669
8019    0.006106
8025    0.006946
8446    0.006879
8534    0.008165
8581    0.005622
8622    0.007611
8831    0.017014
9016    0.009053
9200    0.006901
9330    0.021376
9481    0.036613
9811    0.012274
9849    0.025357
9874    0.022846
9945    0.010838
9976    0.013552
9994    0.015545
10011    0.014503
10037    0.017014
10096    0.012177
10105    0.007227
10129    0.018307
10144    0.025357
10175    0.009862
10333    0.022082
10334    0.007376
10420    0.010177
10837    0.003990
10857    0.015092
10897    0.007401
11218    0.005425
11289    0.019143
11408    0.060367
11444    0.008974
11683    0.004777
11750    0.006792
11786    0.012475
12110    0.006857
12122    0.006365
12245    0.013371
12283    0.004993
12522    0.008326
12591    0.007531
12684    0.005337
12765    0.007921
12932    0.010904
12952    0.012177
12999    0.004174
13177    0.013842
13319    0.016522
13351    0.005949
13352    0.015331
13353    0.019624
13419    0.025357
13434    0.002302
13529    0.010708
13580    0.012357
13601    0.023129
13704    0.016064
13922    0.020334
14063    0.015784
14089    0.017014
14093    0.010772
14214    0.019526
14406    0.007693
14498    0.013498
14539    0.011256
14698    0.022846
14716    0.013157
14773    0.012915
14775    0.018307
14795    0.015545
15006    0.025600
15009    0.012580
15063    0.007251
15081    0.009053
15103    0.013996
15189    0.022846
15484    0.010904
15578    0.015545
15666    0.018307
15761    0.018307
15792    0.026921
15827    0.014157
15891    0.021376
15906    0.026234
16029    0.020032
16560    0.017823
16585    0.005896
16592    0.005455
16870    0.020334
16923    0.014074
16941    0.004740
16955    0.009912
17037    0.008011
17059    0.024166
17144    0.005717
17282    0.025357
17438    0.011565
17484    0.008454
17524    0.009964
17563    0.017014
17569    0.018865
17575    0.058577
17914    0.014885
18133    0.011111
18189    0.020334
18282    0.003931
18407    0.018307
18606    0.020334
19127    0.006623
19226    0.006018
19262    0.008600
19271    0.009391
19366    0.003524
19448    0.015311
19785    0.055931
19893    0.021376
19894    0.013157
19933    0.015795
19943    0.021376
20094    0.016064
20260    0.002156
20275    0.006215
20432    0.011331
20554    0.014326
20713    0.006857
20776    0.011729
20803    0.005033
20833    0.014885
20844    0.005294
20852    0.020334
20927    0.006142
20948    0.025357
20993    0.009094
20998    0.013415
21150    0.011565
21189    0.025357
21202    0.025357
21254    0.007892
21299    0.015092
