167
28    0.023500
246    0.011226
314    0.013586
479    0.014846
1184    0.009634
1244    0.017968
1681    0.013355
1719    0.027441
1741    0.006100
1759    0.018174
1762    0.008347
1910    0.017397
2047    0.018492
2311    0.018856
2344    0.007862
2680    0.032551
2744    0.008719
2867    0.013281
2937    0.032551
3029    0.028712
3583    0.007138
3671    0.017580
3791    0.021842
3881    0.013912
3977    0.019655
4084    0.013431
4089    0.029327
4129    0.032551
4148    0.032551
4276    0.038747
4501    0.012408
4693    0.027441
4737    0.017770
4929    0.015884
5005    0.022332
5082    0.016288
5212    0.022547
5411    0.029327
5532    0.008146
5548    0.014546
5991    0.011943
6323    0.015057
6430    0.014173
6672    0.025065
6881    0.015884
6984    0.009702
7087    0.067154
7090    0.017053
7166    0.013355
7409    0.027441
7472    0.019108
7476    0.018174
7485    0.019655
7489    0.039911
7623    0.018618
7693    0.015884
7767    0.052207
7985    0.032029
7987    0.012926
8191    0.027441
8402    0.021398
8601    0.015279
8624    0.013431
8805    0.069143
8810    0.067557
8831    0.021842
9002    0.015057
9023    0.012228
9114    0.017580
9155    0.015057
9210    0.012170
9280    0.014950
9282    0.009736
9527    0.021398
9746    0.017968
10115    0.073563
10116    0.032029
10389    0.017770
10589    0.012112
10714    0.022547
11087    0.011370
11095    0.016150
11178    0.011833
11218    0.006964
11236    0.019108
11330    0.019373
11528    0.010774
11613    0.014085
11636    0.020994
11664    0.026103
11739    0.018856
12004    0.019373
12053    0.015057
12519    0.007770
12729    0.019655
12904    0.008529
12927    0.010994
13255    0.023500
13348    0.013281
13352    0.009841
13353    0.012596
13470    0.015057
13694    0.042796
13695    0.022879
14303    0.018743
14408    0.019108
14412    0.012994
14425    0.007659
14815    0.039222
14817    0.035539
14863    0.015511
14867    0.048435
14868    0.017580
15126    0.032551
15424    0.032551
15555    0.011226
15792    0.011520
15818    0.009912
15820    0.011273
15906    0.056129
15915    0.021842
15917    0.019373
15919    0.019655
16176    0.016579
16317    0.013912
16333    0.016150
16436    0.017222
16585    0.013246
16649    0.013355
16941    0.006084
17027    0.010817
17117    0.007955
17129    0.009912
17337    0.022332
17347    0.013508
17447    0.015884
17531    0.009277
17846    0.014644
18017    0.016288
18098    0.012994
18167    0.005009
18331    0.014173
18382    0.024695
18420    0.075196
18452    0.017222
18572    0.020994
18577    0.032551
18703    0.016889
18841    0.012596
19151    0.022741
19177    0.009340
19223    0.011780
19327    0.007681
19426    0.006393
19460    0.007550
19539    0.023500
19786    0.019108
19824    0.023500
20082    0.013998
20088    0.015279
20251    0.013355
20824    0.026271
21119    0.047651
21147    0.017397
21150    0.007423
21234    0.021398
21247    0.004719
