334
155    0.012173
262    0.012173
333    0.003381
469    0.004205
702    0.010054
803    0.009065
863    0.006761
1099    0.014281
1116    0.005883
1189    0.008158
1190    0.006250
1243    0.008283
1247    0.014442
1270    0.013511
1283    0.014429
1304    0.018616
1435    0.007078
1496    0.007221
1689    0.004301
1699    0.004813
1707    0.004980
1741    0.002532
1845    0.006540
1859    0.005639
1861    0.010834
1862    0.005507
1896    0.010052
1941    0.004334
1970    0.006945
1989    0.008041
1990    0.014751
2002    0.008714
2015    0.006205
2026    0.013511
2047    0.003838
2093    0.004041
2203    0.007543
2230    0.008714
2263    0.008283
2277    0.017016
2280    0.007543
2281    0.005255
2283    0.005422
2284    0.007148
2744    0.003619
2745    0.008025
2933    0.007010
3031    0.010404
3039    0.017887
3043    0.006078
3089    0.009675
3283    0.009269
3571    0.004980
3665    0.028883
3688    0.006205
3726    0.004719
3732    0.005958
3887    0.009269
3915    0.007458
4023    0.003371
4118    0.014156
4168    0.044391
4169    0.012173
4179    0.006593
4258    0.003750
4300    0.006647
4362    0.011479
4380    0.041468
4383    0.011278
4467    0.005422
4492    0.014601
4577    0.006295
4636    0.006250
4650    0.006389
4662    0.004781
4673    0.007221
4955    0.009496
5043    0.007952
5137    0.032164
5202    0.017402
5256    0.008881
5417    0.009269
5449    0.021669
5563    0.010845
5567    0.007599
5628    0.015454
5629    0.009496
5631    0.010834
5689    0.012173
5832    0.010404
5866    0.003619
5884    0.010834
5891    0.016565
5897    0.017763
5898    0.012778
5899    0.005920
5904    0.014156
6067    0.010404
6102    0.009065
6129    0.006647
6130    0.007543
6197    0.009269
6365    0.004454
6707    0.004582
6844    0.005255
6923    0.018993
6929    0.010834
6994    0.007010
6995    0.012173
7168    0.002689
7330    0.004041
7362    0.010052
7380    0.010250
7389    0.010052
7454    0.010404
7487    0.008416
7580    0.022780
7636    0.011149
7719    0.009065
7736    0.003971
7779    0.016180
7896    0.005365
7965    0.006205
7969    0.008041
8019    0.003253
8025    0.003701
8107    0.006179
8260    0.007221
8342    0.006703
8438    0.009065
8442    0.005125
8448    0.007543
8500    0.002971
8534    0.004351
8781    0.004159
8831    0.018131
8845    0.004760
9003    0.004957
9016    0.028942
9060    0.008416
9126    0.006119
9200    0.003677
9250    0.013511
9282    0.004041
9301    0.012683
9398    0.004236
9481    0.029262
9533    0.004205
9571    0.013511
9601    0.011390
9740    0.010404
9897    0.008416
9898    0.006881
9914    0.009754
9947    0.003152
10074    0.003877
10101    0.011390
10175    0.005255
10215    0.009202
10259    0.007078
10290    0.004679
10334    0.011790
10420    0.005422
10495    0.006295
10837    0.002126
10857    0.008041
10897    0.003943
11103    0.001533
11206    0.006593
11291    0.008416
11408    0.048247
11409    0.012173
11452    0.010052
11683    0.005090
11744    0.004041
11984    0.022049
12053    0.012499
12110    0.003654
12245    0.003562
12283    0.007981
12286    0.016082
12341    0.013511
12449    0.013511
12474    0.010834
12519    0.003225
12613    0.006162
12765    0.008441
12817    0.004601
12871    0.036262
12872    0.022780
12876    0.007221
12880    0.004472
12889    0.027884
12920    0.006945
12936    0.009065
12952    0.006488
12974    0.005125
13014    0.002971
13311    0.005920
13351    0.003170
13352    0.004084
13353    0.005228
13354    0.008041
13355    0.015713
13357    0.005675
13434    0.002454
13484    0.010563
13529    0.011411
13530    0.005482
13542    0.012173
13580    0.003292
13821    0.033664
13959    0.010052
14054    0.006250
14063    0.004205
14064    0.009754
14124    0.005422
14129    0.010404
14137    0.011213
14153    0.013511
14303    0.003890
14304    0.006119
14320    0.009164
14323    0.004719
14335    0.007931
14354    0.008416
14498    0.003596
14629    0.007826
14716    0.007010
14724    0.011390
14774    0.015455
14777    0.027021
14859    0.007297
14889    0.008714
15009    0.013406
15037    0.007727
15063    0.003864
15070    0.014296
15103    0.014915
15105    0.007826
15117    0.012173
15383    0.011390
15410    0.005512
15471    0.010052
15484    0.005810
15505    0.011390
15686    0.009605
15710    0.005706
15775    0.007727
15792    0.009563
15892    0.010052
15906    0.013978
15907    0.004070
15910    0.004889
15943    0.008559
16030    0.004957
16060    0.005282
16094    0.010102
16148    0.006540
16207    0.005997
16259    0.006438
16321    0.004980
16482    0.008714
16585    0.010210
16592    0.002906
16676    0.006593
16713    0.006438
16724    0.004699
16729    0.002202
16870    0.010834
16923    0.007499
16941    0.002525
16959    0.004070
17037    0.012805
17059    0.006438
17093    0.006488
17101    0.004980
17108    0.010403
17147    0.008041
17281    0.003799
17292    0.008505
17339    0.010834
17418    0.020807
17484    0.002252
17524    0.010618
17669    0.012826
17846    0.006078
17854    0.005958
17875    0.005512
17916    0.004934
17922    0.004802
17959    0.010834
18167    0.002079
18319    0.013578
18385    0.008041
18386    0.010404
18653    0.006881
18882    0.002914
18883    0.004144
19068    0.013511
19124    0.007221
19125    0.009960
19127    0.014116
19128    0.009868
19271    0.015010
19277    0.018234
19383    0.006250
19460    0.003134
19589    0.006647
19643    0.009496
19760    0.008158
19785    0.007450
19897    0.011390
20077    0.011390
20131    0.007148
20260    0.002297
20274    0.004699
20281    0.009778
20282    0.002955
20359    0.007375
20420    0.007375
20426    0.008158
20481    0.006389
20746    0.008416
20776    0.006250
20844    0.005642
20927    0.003273
20964    0.004129
20969    0.006205
20993    0.009691
21150    0.006162
21188    0.012499
21259    0.005997
21266    0.007307
