36
1699    0.021868
1897    0.129449
2281    0.071627
3574    0.074727
4362    0.078241
4380    0.035329
4493    0.147690
5628    0.052666
6705    0.062461
6845    0.129449
8408    0.099464
9898    0.093803
10215    0.062721
11103    0.020893
12987    0.026435
13320    0.070906
13434    0.016723
14063    0.057322
14773    0.093803
14983    0.155260
15216    0.070205
15471    0.137020
15580    0.165931
15792    0.065177
15906    0.127029
15912    0.047515
16923    0.051112
19127    0.096212
19277    0.082852
19410    0.034072
19589    0.090610
19736    0.074319
20260    0.015656
20282    0.040275
20993    0.066049
21253    0.040498
