47
1278    0.056860
1314    0.066022
1515    0.127246
1741    0.023846
2277    0.026711
2292    0.051630
2380    0.057634
3089    0.060750
3665    0.068008
4380    0.073228
4492    0.137519
5202    0.040974
6984    0.037925
7097    0.048990
8025    0.034856
8298    0.080610
8408    0.068721
8446    0.034521
8534    0.040974
9019    0.097983
9126    0.057634
10215    0.043334
10331    0.068721
10420    0.051070
12889    0.029180
12927    0.085956
13822    0.114643
14322    0.058034
15009    0.063130
15204    0.042285
15791    0.048990
15906    0.043883
15912    0.032828
16094    0.095145
16585    0.014794
16734    0.025524
17117    0.031095
17374    0.063673
17830    0.044640
18282    0.019727
19128    0.046470
19615    0.087296
19736    0.051348
20260    0.010817
20282    0.027826
20642    0.065406
20927    0.030822
