66
1299    0.072838
1604    0.078811
1681    0.035449
1699    0.010259
2093    0.025842
2658    0.046662
3802    0.072838
3912    0.041822
4621    0.048815
4724    0.051423
5614    0.029671
6130    0.048240
6596    0.043508
6755    0.053820
7159    0.086401
7802    0.011454
8040    0.021886
8078    0.017377
8534    0.027822
8594    0.033265
9401    0.086401
9510    0.030848
10261    0.021623
10491    0.036706
10942    0.058365
11180    0.019372
11341    0.042508
11342    0.048240
11499    0.046662
11503    0.020155
11684    0.040257
11735    0.051423
11841    0.014259
12085    0.060103
12307    0.156719
12345    0.023592
12765    0.026992
12987    0.012402
12999    0.014223
13591    0.041493
14065    0.010208
14485    0.031848
14523    0.034677
14604    0.018485
14742    0.017639
15571    0.049417
15710    0.072974
16165    0.053820
16527    0.028945
16657    0.115826
16734    0.034662
16923    0.023979
17074    0.064605
17484    0.014403
17643    0.026694
18167    0.013295
18553    0.042160
18652    0.022429
19366    0.012008
19426    0.016969
20560    0.048815
20601    0.029923
20807    0.037155
21129    0.019481
21306    0.033951
21310    0.035057
