78
1242    0.027581
1446    0.044550
1699    0.009132
1896    0.057217
2048    0.030867
2281    0.029910
3567    0.036190
4362    0.065344
4380    0.014753
4468    0.039531
4493    0.061673
4652    0.043987
4870    0.023761
5628    0.043985
5866    0.020599
6365    0.050707
6930    0.041534
6944    0.051604
7850    0.061673
7967    0.039531
8019    0.037040
8116    0.016680
8275    0.029173
8408    0.041534
8533    0.025455
8581    0.017052
8596    0.020405
8622    0.023084
8711    0.026635
9898    0.039171
9901    0.047148
10165    0.054056
10215    0.026191
10305    0.076907
10589    0.057232
11103    0.017449
11355    0.014947
11744    0.023003
12053    0.035575
12130    0.055523
12283    0.015144
12684    0.016187
12765    0.024026
13320    0.029609
13434    0.006983
13551    0.076907
14063    0.023937
14430    0.030064
14519    0.049600
14773    0.039171
14840    0.076907
15009    0.076311
15713    0.035575
15796    0.061673
15906    0.079567
15912    0.019841
16269    0.036648
16585    0.004471
16592    0.016543
16923    0.042687
17033    0.035075
17108    0.029609
17292    0.024206
17480    0.034834
17924    0.045144
18132    0.059221
18882    0.033177
19106    0.068279
19127    0.020088
19128    0.028086
19366    0.010688
19785    0.021204
20251    0.031554
20260    0.006538
20482    0.050556
20993    0.027581
21247    0.011149
21253    0.016911
