224
28    0.018576
147    0.007562
246    0.008873
288    0.010271
304    0.025730
314    0.010739
433    0.015536
450    0.022995
481    0.010866
604    0.012875
739    0.016914
1435    0.013479
1712    0.009066
2047    0.007308
2190    0.023181
2224    0.010677
2344    0.006214
2396    0.006936
2432    0.004443
2670    0.019142
2745    0.007642
2806    0.009066
2822    0.180109
2823    0.025730
2857    0.009808
2970    0.019142
3112    0.018085
3166    0.017264
3174    0.025730
3238    0.009440
3567    0.006054
3571    0.009484
3671    0.013896
3672    0.012659
3682    0.016914
3693    0.014537
3694    0.015314
3747    0.014366
3941    0.025730
4026    0.011902
4084    0.010616
4137    0.006269
4358    0.025730
4689    0.013896
4737    0.014046
4742    0.025730
4926    0.018707
5075    0.004477
5212    0.008911
5332    0.015536
5374    0.016594
5408    0.013225
5495    0.009871
5548    0.011497
5549    0.011203
5769    0.014519
5975    0.007891
5977    0.006958
6100    0.019142
6235    0.019813
6372    0.012248
6628    0.007949
6940    0.012988
7011    0.017652
7090    0.013479
7091    0.017264
7110    0.013613
7139    0.019142
7166    0.010557
7168    0.010240
7180    0.012168
7188    0.009106
7189    0.014905
7241    0.012261
7343    0.012077
7595    0.008350
7616    0.023181
7619    0.008068
7717    0.020633
7744    0.010271
7766    0.020633
7894    0.016027
8025    0.007048
8078    0.005175
8269    0.034962
8342    0.012765
8500    0.005658
8507    0.021691
8568    0.005737
8737    0.014905
8785    0.016300
8872    0.016027
8907    0.015774
8929    0.025730
9137    0.013350
9183    0.016300
9411    0.004885
9460    0.013896
9518    0.005475
9577    0.019813
9605    0.019813
9674    0.018085
9675    0.023181
9736    0.013896
9872    0.016300
10115    0.014537
10116    0.012659
10215    0.008762
10290    0.008911
10337    0.018085
10338    0.007358
10389    0.014046
10561    0.023181
10611    0.010866
10714    0.008911
10775    0.017264
10840    0.008762
10881    0.022129
10892    0.011506
10893    0.016300
11103    0.002919
11146    0.008585
11196    0.012454
11197    0.016914
11279    0.009397
11355    0.015002
11390    0.011575
11434    0.007071
11445    0.010440
11468    0.009027
11478    0.033188
11522    0.025730
11540    0.014537
11737    0.018576
11782    0.006382
11786    0.012659
11967    0.019813
12048    0.009906
12191    0.012765
12351    0.021691
12354    0.016594
12415    0.007920
12530    0.019142
12591    0.007642
12618    0.010802
12865    0.014716
12904    0.006742
12974    0.009760
12978    0.011064
12983    0.007484
13070    0.012454
13347    0.011902
13378    0.025730
13434    0.004673
13576    0.025730
13647    0.006827
13799    0.016914
13825    0.015774
14206    0.023181
14425    0.006054
14426    0.016027
14749    0.008799
14815    0.031002
14817    0.014046
15396    0.016914
15497    0.008620
15540    0.016914
15555    0.008873
15751    0.018085
15783    0.011422
15821    0.011133
15833    0.021691
15936    0.014366
16030    0.009440
16448    0.018576
16501    0.007562
16509    0.017747
16585    0.007479
16880    0.008836
17066    0.011575
17105    0.007458
17129    0.023503
17156    0.023181
17206    0.023181
17352    0.018576
17484    0.004289
17497    0.025730
17637    0.016027
17811    0.011497
17854    0.011347
17870    0.008038
18158    0.009619
18167    0.011878
18186    0.009666
18282    0.003989
18336    0.014366
18382    0.009760
18496    0.016594
18690    0.013896
18702    0.013350
18705    0.015314
18841    0.009956
18962    0.012077
19037    0.010616
19151    0.062913
19177    0.007383
19223    0.009311
19366    0.007152
19725    0.023181
19773    0.012917
20088    0.024154
20534    0.008585
20664    0.051460
20771    0.021994
20805    0.019142
20844    0.005372
20894    0.014188
20916    0.012765
21115    0.012073
21119    0.012555
21150    0.005868
21243    0.005834
21247    0.011190
21296    0.012875
