125
147    0.013622
314    0.019344
434    0.041757
447    0.020574
978    0.018805
1160    0.025583
1245    0.017755
1309    0.015219
1586    0.035689
1603    0.018602
1610    0.028871
1752    0.040618
1762    0.011884
1792    0.025031
1862    0.009446
1941    0.014867
2003    0.055506
2004    0.037167
2113    0.018805
2343    0.024521
3029    0.020440
3273    0.024280
3567    0.010905
3619    0.054076
3944    0.014698
4023    0.011564
4188    0.027986
4418    0.031099
4664    0.041757
4732    0.021595
5020    0.056729
5103    0.022258
5358    0.024048
5518    0.029361
6141    0.031099
6653    0.031797
6758    0.020215
6761    0.025392
6992    0.033461
6999    0.026848
7110    0.024521
7223    0.029891
7304    0.058723
7460    0.020181
7700    0.039072
7847    0.025301
7892    0.036051
8078    0.027964
8238    0.041757
8269    0.020993
8271    0.057370
8272    0.020711
8381    0.051166
8630    0.007963
8820    0.031797
8943    0.028871
9388    0.015784
9417    0.025031
9458    0.041757
9717    0.033461
10251    0.025031
10509    0.018910
10689    0.019344
10823    0.041757
11117    0.011495
11180    0.010392
11219    0.034482
11225    0.019344
11797    0.033461
11909    0.026508
12048    0.017844
12233    0.026848
12519    0.011064
12544    0.021755
12855    0.010719
12987    0.013305
13014    0.010192
13357    0.006490
13434    0.004208
13501    0.011776
13522    0.041757
13580    0.011293
13823    0.022802
13899    0.055805
13910    0.012737
14148    0.020574
14152    0.025877
14439    0.022322
14492    0.033461
14604    0.009916
14607    0.015719
14742    0.018924
14745    0.010628
14757    0.039072
15016    0.019123
15271    0.017084
15342    0.024771
15715    0.034482
15716    0.049042
15791    0.017844
15895    0.025301
15896    0.028414
16485    0.015041
16521    0.021138
16744    0.025301
17067    0.019123
17129    0.014112
17331    0.017164
17372    0.022802
17950    0.029891
18282    0.007185
19085    0.022258
19097    0.018212
19232    0.014533
19266    0.013435
19427    0.028414
19817    0.018118
20267    0.037167
20323    0.023823
20465    0.023192
20534    0.015464
20583    0.021595
20620    0.013814
20964    0.042491
21243    0.010509
