64
469    0.031118
610    0.037740
822    0.049602
851    0.044093
1439    0.050029
2003    0.039912
2114    0.039700
3110    0.057915
3325    0.099979
3343    0.061292
3485    0.042993
3503    0.059504
3944    0.031706
4084    0.041252
4132    0.058688
4303    0.072180
4877    0.058688
4926    0.072690
5475    0.059504
5523    0.039912
5548    0.044676
5844    0.062278
6679    0.050468
8078    0.020107
8596    0.026526
9143    0.038883
9297    0.053434
11434    0.027476
11735    0.059504
12114    0.099979
12605    0.038492
12880    0.033091
13152    0.057915
13352    0.030224
13528    0.076987
13863    0.100057
14323    0.034923
14480    0.121698
14481    0.049602
14742    0.010205
14815    0.030117
14865    0.038686
15065    0.074382
15072    0.050029
15142    0.039083
15216    0.038111
15778    0.037378
15792    0.035382
16527    0.033494
16529    0.056988
16532    0.045598
16585    0.011624
17053    0.040345
18055    0.045598
18057    0.054578
18182    0.015423
19106    0.044381
19485    0.040791
19785    0.027566
20090    0.016962
20582    0.037558
21150    0.011400
21182    0.065723
21247    0.014494
