144
348    0.016760
460    0.014488
477    0.023959
481    0.015079
853    0.018354
855    0.064691
858    0.015547
1094    0.032170
1245    0.013679
1272    0.013040
1413    0.018706
1430    0.016063
1451    0.008499
1699    0.004240
1804    0.015956
1924    0.020422
1941    0.011454
2333    0.020684
2334    0.041875
2675    0.014903
2676    0.018186
3169    0.035707
3238    0.013100
3693    0.020173
3706    0.037053
3897    0.031701
3911    0.013162
4178    0.025779
4230    0.027495
4313    0.023029
4422    0.021561
4561    0.023029
4870    0.011032
5086    0.017423
5096    0.009356
5321    0.024496
5492    0.028634
5562    0.018186
5615    0.015169
5991    0.013100
6162    0.035707
6310    0.047918
6372    0.008499
6721    0.035707
6751    0.051557
7077    0.018354
7096    0.030102
7299    0.032170
7459    0.019709
7508    0.015956
7666    0.046057
7758    0.023959
7802    0.009467
7806    0.021561
7849    0.023029
7871    0.032170
8155    0.028634
8209    0.024496
8254    0.020684
8585    0.022242
8674    0.014568
8778    0.035707
9247    0.025779
9798    0.010008
9991    0.016886
10662    0.042503
10723    0.018527
10794    0.014650
10833    0.028634
11103    0.012152
11117    0.017712
11334    0.010794
11567    0.015547
11683    0.006726
11757    0.011962
11848    0.018891
11968    0.054559
12062    0.027495
12098    0.018706
12519    0.008524
12548    0.011542
12551    0.027893
12928    0.013040
13014    0.007852
13040    0.051557
13302    0.023959
13409    0.025097
13466    0.033413
13964    0.015261
14085    0.023029
14099    0.017284
14160    0.034295
14320    0.012110
14339    0.054989
14713    0.024496
14863    0.034030
15282    0.021890
15309    0.018891
15386    0.025097
15618    0.035707
16432    0.013817
16529    0.010176
16579    0.113347
16585    0.018681
16645    0.055061
16734    0.007162
16944    0.009625
17366    0.013611
17471    0.016173
17478    0.020684
17531    0.020353
17588    0.015646
17658    0.025779
17814    0.011633
17840    0.051557
17842    0.035707
17899    0.022620
18158    0.026699
18159    0.013679
18163    0.025097
18432    0.023959
18681    0.022620
18887    0.016400
19177    0.010245
19225    0.012011
19226    0.008474
19366    0.004962
19460    0.008282
19529    0.032570
19757    0.017715
19773    0.008963
19799    0.032170
19863    0.025097
20260    0.006071
20713    0.009656
20716    0.014104
20841    0.018829
20844    0.014910
20927    0.008649
21141    0.018706
21150    0.008143
21191    0.016063
21247    0.010353
21269    0.019084
