127
523    0.021574
1184    0.014384
1222    0.025217
1278    0.021717
1665    0.026826
1689    0.015471
1741    0.009108
1990    0.026531
2084    0.016977
2292    0.019720
2432    0.008393
2742    0.030274
2744    0.013018
2933    0.025217
3246    0.033342
3268    0.029795
3654    0.025460
3671    0.026247
3760    0.038974
4084    0.020053
4500    0.021574
4621    0.027458
4737    0.026531
5082    0.024319
5212    0.033664
5228    0.043787
5230    0.022812
5408    0.024981
5495    0.009323
5769    0.027425
5806    0.022481
6050    0.016551
6131    0.038974
6372    0.011568
6429    0.019612
6881    0.023715
7087    0.040106
7088    0.022166
7091    0.032611
7166    0.019940
7193    0.043787
7472    0.028529
7487    0.030274
7489    0.029795
7623    0.027797
8164    0.034160
8548    0.038974
8601    0.022812
8805    0.020647
8810    0.075650
9177    0.024754
9746    0.026826
9747    0.019720
9778    0.048601
9947    0.011337
10013    0.029347
10115    0.027458
10116    0.047822
10224    0.036158
10605    0.014588
10714    0.016832
10715    0.037424
10783    0.028153
10837    0.007648
11007    0.024533
11103    0.005514
11162    0.035087
11239    0.028529
11357    0.040972
11683    0.009155
11810    0.026247
11841    0.008021
12245    0.012814
12434    0.027135
12548    0.015710
12591    0.014434
12729    0.029347
12999    0.008000
13352    0.014692
13353    0.018806
13355    0.011305
13357    0.006805
13404    0.122915
13405    0.048601
13434    0.004413
14306    0.034160
14425    0.011435
14815    0.058560
14817    0.026531
14863    0.023159
14968    0.031344
15229    0.022166
15555    0.016761
15939    0.024112
16029    0.019197
16317    0.041544
16401    0.038974
16585    0.011301
16941    0.009084
17025    0.020285
17129    0.014798
17331    0.017999
17334    0.048601
17337    0.033342
17447    0.023715
17811    0.021717
18005    0.012386
18017    0.024319
18098    0.019402
18101    0.040972
18167    0.022436
18282    0.007535
18331    0.021162
18882    0.010483
19151    0.016977
19226    0.011535
19366    0.006754
19426    0.009545
19539    0.035087
19844    0.004546
20082    0.020899
20088    0.022812
20185    0.036158
20306    0.035087
20678    0.025975
20848    0.012616
20953    0.048601
