398
4    0.008283
21    0.009672
28    0.008283
43    0.008536
115    0.009807
210    0.010337
246    0.003957
301    0.007542
323    0.010337
348    0.005385
450    0.005127
451    0.004008
457    0.004655
481    0.009690
490    0.009672
523    0.005093
537    0.011473
547    0.011473
563    0.010337
574    0.007268
717    0.008536
738    0.008283
773    0.004580
959    0.011473
1033    0.011473
1083    0.011473
1138    0.007698
1262    0.009414
1278    0.005127
1312    0.010337
1455    0.006132
1456    0.005233
1699    0.001362
1712    0.004042
1741    0.002150
1853    0.006828
1862    0.002338
1866    0.008835
1919    0.008050
1946    0.005791
2083    0.045892
2084    0.004008
2113    0.004655
2173    0.003419
2174    0.005385
2190    0.010337
2191    0.011473
2281    0.004462
2307    0.008064
2309    0.011473
2688    0.004008
2697    0.008283
2718    0.009672
2745    0.003407
2806    0.004042
2875    0.007871
2933    0.005953
3029    0.010120
3231    0.011473
3238    0.004209
3242    0.009672
3268    0.007034
3286    0.006263
3322    0.015742
3341    0.003680
3396    0.011531
3448    0.008064
3473    0.008085
3559    0.005843
3563    0.007222
3645    0.007034
3672    0.005645
3760    0.009200
3788    0.005197
3862    0.004874
3881    0.014711
3903    0.004331
3943    0.010186
3950    0.006263
4026    0.005307
4084    0.004734
4276    0.006828
4429    0.006263
4501    0.004373
4639    0.005645
4666    0.010120
4737    0.031315
4817    0.006196
4870    0.003545
4890    0.007147
4926    0.004171
4933    0.008835
5005    0.023613
5043    0.001688
5075    0.001996
5082    0.005741
5202    0.003694
5209    0.011289
5212    0.019867
5214    0.006928
5220    0.004934
5331    0.005510
5332    0.006928
5440    0.004462
5444    0.006735
5532    0.002871
5537    0.004904
5548    0.005127
5549    0.004996
5556    0.004310
5765    0.007268
5806    0.005307
5840    0.006562
5856    0.007360
6050    0.003907
6129    0.005645
6171    0.006196
6372    0.002731
6402    0.011473
6497    0.006070
6502    0.009672
6772    0.008283
6814    0.009672
6881    0.016795
6920    0.005692
7087    0.028403
7088    0.020930
7090    0.018031
7091    0.007698
7117    0.005127
7166    0.004707
7168    0.002283
7176    0.005843
7228    0.005553
7255    0.008536
7357    0.008283
7373    0.009672
7465    0.012666
7466    0.004042
7623    0.006562
7833    0.005884
7985    0.005645
8078    0.002307
8087    0.007542
8107    0.002624
8270    0.005692
8402    0.007542
8476    0.003666
8548    0.009200
8622    0.006887
8624    0.004734
8786    0.010253
8805    0.014622
8810    0.059528
8971    0.006928
9002    0.005307
9003    0.008419
9035    0.011473
9036    0.019344
9155    0.005307
9200    0.006245
9361    0.004042
9484    0.004439
9490    0.007034
9518    0.002441
9631    0.008747
9766    0.010337
9798    0.003216
9929    0.009672
9936    0.005553
9939    0.007698
9947    0.005353
9962    0.007034
9963    0.005897
10011    0.006562
10074    0.003292
10115    0.025928
10116    0.056445
10140    0.007277
10220    0.005791
10224    0.008536
10338    0.006562
10354    0.004096
10408    0.006562
10593    0.006070
10689    0.004788
10714    0.019867
10773    0.003907
10780    0.008283
10839    0.007871
10897    0.003349
11087    0.004008
11090    0.005843
11093    0.008662
11103    0.003905
11117    0.005691
11154    0.011384
11183    0.008834
11207    0.004115
11218    0.002455
11236    0.006735
11271    0.008085
11502    0.008064
11503    0.002676
11519    0.009310
11520    0.010337
11562    0.005467
11583    0.008536
11591    0.005598
11615    0.011473
11664    0.009200
11739    0.013292
11786    0.005645
11810    0.006196
11841    0.001893
12003    0.006562
12004    0.006828
12122    0.002880
12186    0.008283
12191    0.011384
12215    0.007698
12245    0.003025
12325    0.011473
12530    0.008536
12548    0.003709
12551    0.002987
12591    0.003407
12641    0.007542
12729    0.006928
12802    0.011473
12819    0.010337
12855    0.002653
12904    0.003006
12927    0.003875
12987    0.003294
13014    0.002523
13125    0.005269
13175    0.005426
13177    0.006263
13211    0.008064
13228    0.014721
13236    0.008536
13341    0.016566
13348    0.004681
13352    0.003468
13353    0.017758
13357    0.009639
13386    0.007268
13404    0.019344
13434    0.002084
13445    0.006735
13470    0.005307
13471    0.009200
13580    0.002795
13623    0.008835
13705    0.009200
13714    0.010337
13884    0.006928
13939    0.006744
13999    0.012140
14305    0.005233
14306    0.008064
14322    0.005233
14425    0.002699
14430    0.004485
14439    0.002763
14490    0.016401
14523    0.004605
14524    0.010337
14667    0.011473
14683    0.006263
14727    0.005645
14815    0.076032
14818    0.030168
14857    0.004734
14865    0.008879
14867    0.008536
14917    0.005645
14952    0.005426
15016    0.004734
15023    0.005510
15204    0.003813
15210    0.004078
15216    0.004373
15228    0.006928
15333    0.006132
15391    0.008283
15409    0.008536
15466    0.004042
15555    0.007913
15818    0.003493
15820    0.003973
15822    0.003407
15906    0.007913
15907    0.010368
15918    0.008064
15919    0.006928
16023    0.006482
16030    0.004209
16061    0.006828
16176    0.005843
16266    0.016566
16316    0.007399
16430    0.006928
16585    0.006669
16606    0.027601
16729    0.007479
16734    0.002301
16755    0.011473
16772    0.004655
16937    0.006735
16941    0.002145
17027    0.003813
17054    0.012140
17111    0.009690
17115    0.011384
17129    0.003493
17144    0.005174
17156    0.010337
17219    0.007147
17336    0.008283
17366    0.017494
17436    0.007268
17484    0.005738
17529    0.004395
17613    0.007399
17673    0.010337
17784    0.009672
17788    0.007034
17870    0.003584
17922    0.008156
17966    0.004417
18005    0.002924
18084    0.008536
18098    0.004580
18105    0.006010
18148    0.011473
18158    0.004289
18167    0.003531
18182    0.003540
18193    0.035338
18256    0.005692
18282    0.001779
18352    0.009672
18353    0.011473
18420    0.035338
18467    0.007399
18469    0.008536
18490    0.010337
18746    0.011473
18830    0.011473
18841    0.048834
18844    0.009672
18882    0.002475
18883    0.003519
19110    0.022946
19151    0.044084
19223    0.004152
19226    0.005446
19278    0.002058
19299    0.011473
19309    0.009016
19327    0.002707
19366    0.001594
19386    0.013657
19416    0.003907
19460    0.005322
19518    0.005791
19578    0.007399
19722    0.011473
19766    0.006828
19844    0.003219
19954    0.009672
19957    0.011473
19996    0.011473
20082    0.019735
20088    0.021541
20094    0.007268
20274    0.003990
20534    0.007656
20535    0.011794
20648    0.004508
20742    0.005269
20844    0.007186
20848    0.002978
20910    0.005093
20964    0.003506
20976    0.007871
21085    0.004508
21115    0.005383
21120    0.003680
21122    0.003767
21147    0.006132
21150    0.003925
21243    0.005203
21247    0.003326
21266    0.003103
21299    0.006828
