158
244    0.020238
246    0.011385
616    0.018222
773    0.013178
778    0.021701
853    0.016968
858    0.014374
923    0.017128
924    0.016968
1210    0.020563
1272    0.012056
1430    0.059403
1699    0.003920
1804    0.014751
2334    0.038715
2336    0.024560
2432    0.005701
2499    0.017828
2760    0.026473
2819    0.010469
3204    0.033012
3238    0.012112
3248    0.026473
3393    0.030763
3706    0.017128
3790    0.013040
3897    0.029308
4178    0.023833
4258    0.009162
4422    0.019934
4637    0.016241
4689    0.017828
4762    0.017465
5563    0.013249
5626    0.014024
5856    0.010589
6146    0.033012
6372    0.015715
6891    0.016664
6908    0.008163
7096    0.027830
7510    0.019123
7579    0.020563
7631    0.026217
7632    0.015495
7636    0.013621
7666    0.042581
7679    0.019648
7736    0.009702
7740    0.025420
7807    0.026473
8001    0.016814
8036    0.020913
8155    0.026473
8218    0.008020
8219    0.015853
8343    0.017128
8362    0.028049
8505    0.013249
8568    0.007361
8596    0.008759
8622    0.009909
8674    0.013469
8977    0.020913
9364    0.011059
9368    0.022151
9388    0.011242
9455    0.016108
9798    0.018505
10662    0.019648
10723    0.017128
10846    0.011059
11103    0.007490
11503    0.007701
11562    0.015731
11564    0.027830
11566    0.015381
11568    0.020563
11569    0.037507
11750    0.008842
11757    0.011059
11786    0.016241
11966    0.070979
11968    0.016814
12084    0.013469
12230    0.010237
12434    0.018431
12519    0.007880
13040    0.023833
13434    0.002998
13466    0.038614
13690    0.029742
13964    0.014109
14160    0.015853
14339    0.012710
14406    0.010016
14412    0.026357
14756    0.026473
14857    0.027242
15309    0.104793
15591    0.014109
15801    0.013394
16093    0.021291
16116    0.009804
16437    0.013778
16585    0.009595
16645    0.135748
16732    0.016425
16907    0.027575
16946    0.015979
17017    0.019123
17019    0.018431
17101    0.024337
17103    0.012056
17104    0.019123
17111    0.013941
17117    0.016134
17141    0.016968
17500    0.021291
17547    0.016664
17588    0.014465
17893    0.023203
18159    0.012646
18163    0.023203
18288    0.025420
18713    0.013778
18715    0.019378
19223    0.011946
19225    0.011104
19226    0.007835
19232    0.010351
19278    0.011844
19327    0.007790
19346    0.023203
19397    0.017643
19410    0.006107
19529    0.015056
19563    0.023833
19844    0.006176
19863    0.023203
20260    0.002806
20464    0.019818
20713    0.008927
20740    0.026473
20841    0.008704
20845    0.013469
20868    0.014558
20956    0.013108
20969    0.015162
21003    0.018222
21005    0.021098
21016    0.012522
21087    0.009602
21115    0.007745
21150    0.003764
21243    0.022456
21264    0.013621
21269    0.017643
