256
333    0.004346
1097    0.017453
1128    0.009010
1134    0.015646
1262    0.007125
1689    0.011056
1712    0.024476
1830    0.011416
2047    0.004933
2102    0.013038
2265    0.011652
2396    0.004681
2496    0.010817
2595    0.011001
2681    0.013372
2723    0.019405
2737    0.017891
2744    0.004651
2861    0.008275
3127    0.015646
3297    0.006620
3327    0.007709
3341    0.005571
3396    0.052360
3422    0.014640
3686    0.008033
3733    0.006933
3820    0.009811
3824    0.010486
3825    0.010194
3862    0.022133
3911    0.025605
4028    0.007008
4461    0.006462
4508    0.017366
4515    0.011416
4708    0.012206
5086    0.008474
5093    0.007165
5260    0.007046
5264    0.024826
5439    0.009188
5458    0.009932
5475    0.010336
5501    0.003447
5549    0.007561
5732    0.012537
5736    0.011914
5819    0.019623
5828    0.011416
6269    0.011652
6372    0.008267
6376    0.008926
6596    0.004372
6700    0.011001
6761    0.009514
6808    0.008616
7034    0.012537
7168    0.003456
7188    0.006146
7192    0.007422
7264    0.026745
7265    0.027852
7266    0.015646
7460    0.007561
7531    0.004508
7631    0.006896
7632    0.032605
7673    0.014640
7787    0.007659
7796    0.026745
7802    0.009209
7860    0.009811
7866    0.012920
7948    0.007976
8019    0.004182
8021    0.006587
8040    0.008798
8052    0.011914
8181    0.011360
8186    0.034463
8218    0.004219
8233    0.019958
8275    0.013175
8323    0.006256
8505    0.006970
8545    0.023828
8568    0.007744
8581    0.011552
8596    0.004608
8848    0.010060
8862    0.008616
9004    0.020388
9005    0.009188
9009    0.050844
9093    0.012537
9153    0.006401
9155    0.024099
9205    0.012920
9343    0.014640
9357    0.009696
9392    0.017088
9454    0.005034
9664    0.005818
9798    0.004867
9947    0.004051
9963    0.008926
10056    0.015646
10169    0.011416
10219    0.012206
10261    0.004346
10545    0.040165
10655    0.013926
10665    0.011914
10714    0.006014
10846    0.005818
10942    0.023462
11103    0.005910
11180    0.007787
11181    0.004804
11271    0.006119
11334    0.005250
11355    0.006750
11413    0.010336
11570    0.021700
11782    0.004307
11841    0.002866
12006    0.008275
12042    0.007812
12162    0.008151
12245    0.009157
12307    0.036749
12345    0.009483
12659    0.005865
12684    0.003655
12983    0.005051
12987    0.002493
13050    0.017542
13100    0.013926
13298    0.007866
13351    0.004074
13501    0.008825
13510    0.011914
13728    0.017366
13877    0.036452
13899    0.006970
13910    0.004773
13911    0.014640
14065    0.026671
14066    0.010060
14233    0.009480
14300    0.034732
14355    0.012206
14425    0.008172
14426    0.010817
14429    0.014640
14439    0.004182
14441    0.010336
14445    0.014845
14484    0.017366
14538    0.007085
14604    0.011146
14745    0.003982
14775    0.012537
14863    0.008275
15022    0.012206
15147    0.009696
15229    0.007920
15299    0.006789
15488    0.026744
15497    0.029089
15571    0.009932
15818    0.010576
15825    0.022003
15927    0.014496
16076    0.011914
16136    0.011001
16167    0.009098
16237    0.004773
16307    0.013372
16529    0.014848
16724    0.012080
16729    0.008491
16732    0.004320
16734    0.003483
16944    0.004681
16949    0.009188
16954    0.008766
16958    0.007378
16959    0.010462
17044    0.007610
17075    0.013508
17210    0.009932
17351    0.009696
17366    0.006620
17438    0.007920
17480    0.007866
17643    0.016096
17688    0.011652
17695    0.009379
17814    0.011315
17846    0.007812
17863    0.010646
17916    0.006342
17982    0.011652
18003    0.006620
18004    0.019623
18068    0.019865
18274    0.015646
18334    0.010336
18336    0.009696
18382    0.006587
18383    0.005405
18435    0.006146
18767    0.017366
18814    0.022400
18846    0.011914
18996    0.013926
19043    0.004804
19046    0.013372
19169    0.006970
19177    0.004983
19225    0.011683
19226    0.016486
19262    0.005890
19266    0.005034
19298    0.013926
19366    0.002414
19410    0.009638
19411    0.008690
19426    0.003411
19464    0.004851
19633    0.017366
19772    0.005914
19820    0.005865
19925    0.025840
20090    0.002946
20215    0.011200
20260    0.004429
20274    0.006040
20521    0.017366
20534    0.005794
20560    0.009811
20601    0.006014
20715    0.011652
20716    0.006860
20803    0.003447
20827    0.008926
20868    0.011488
20916    0.017232
21011    0.008926
21132    0.015418
21242    0.011001
21247    0.002518
21264    0.014331
21307    0.011315
