87
1189    0.080494
1190    0.030832
2080    0.046848
2745    0.019796
2933    0.069166
3162    0.035264
3911    0.024568
4026    0.030832
4084    0.027501
4711    0.045727
4737    0.036385
4926    0.024230
5440    0.025922
5523    0.026608
5556    0.025039
5986    0.036791
6050    0.022699
6429    0.026896
6824    0.053450
6937    0.035997
7087    0.082504
7166    0.027346
7579    0.083037
8101    0.057324
8270    0.066136
8394    0.046848
8500    0.014656
8601    0.031285
8711    0.023084
8810    0.034583
9361    0.023485
9420    0.053450
9432    0.042224
9454    0.019321
9944    0.030189
10116    0.065584
10609    0.041519
10783    0.038610
10828    0.056189
10837    0.010489
11087    0.023282
11282    0.031285
11958    0.026896
12501    0.066652
12548    0.021546
12618    0.027982
12659    0.045024
12738    0.046848
12904    0.017464
12911    0.021463
13352    0.020150
13353    0.025791
13357    0.018665
13497    0.035997
14425    0.015682
14527    0.034583
14815    0.040155
15397    0.056189
15410    0.027194
15792    0.023588
15906    0.022986
16029    0.052655
16030    0.024454
16317    0.028487
16729    0.010863
16734    0.013370
16880    0.022889
17129    0.020295
17587    0.044723
17986    0.051324
18017    0.033352
18167    0.010256
18282    0.010333
18331    0.029022
18490    0.060051
19114    0.066652
19151    0.093129
19204    0.026467
19410    0.012331
19462    0.040247
19464    0.018620
20088    0.031285
20274    0.046365
20275    0.016336
20824    0.026896
21113    0.095284
21150    0.007600
