219
21    0.018971
43    0.016742
52    0.020274
62    0.020274
144    0.022503
191    0.009081
246    0.007761
460    0.009131
738    0.016246
1097    0.007539
1184    0.006660
1276    0.010485
1587    0.031634
1614    0.009392
1699    0.005344
1707    0.008295
1741    0.004217
1762    0.005770
1846    0.007861
1864    0.012871
1910    0.012027
1918    0.009447
1919    0.007895
2047    0.012784
2375    0.014018
2723    0.012573
2885    0.018046
3117    0.018046
3246    0.046315
3268    0.013796
3377    0.015438
3567    0.010589
3616    0.020274
3943    0.009989
4084    0.009285
4277    0.012714
4571    0.011359
4574    0.013796
4737    0.012284
4929    0.032942
5047    0.010485
5075    0.003916
5082    0.011260
5212    0.015587
5408    0.011567
5548    0.010056
5769    0.019048
5975    0.006902
6050    0.015327
6251    0.010893
6275    0.013796
6323    0.010409
6372    0.005356
6492    0.013036
6530    0.016742
6880    0.013209
6881    0.032942
6984    0.006707
7087    0.018570
7088    0.020526
7092    0.018971
7166    0.009233
7178    0.028341
7180    0.010642
7286    0.010981
7311    0.012564
7406    0.011789
7559    0.012564
7623    0.012871
7779    0.017967
7782    0.014793
7824    0.026786
8181    0.007360
8297    0.018971
8367    0.014513
8394    0.015817
8805    0.047800
8810    0.011676
8917    0.045006
9003    0.016512
9106    0.011359
9153    0.008295
9200    0.006125
9280    0.010335
9420    0.018046
9490    0.027591
9512    0.020274
9533    0.007004
9604    0.016246
9944    0.010193
9946    0.012714
9960    0.014793
10116    0.022143
10182    0.018971
10331    0.012153
10389    0.012284
10609    0.028035
10680    0.018971
10714    0.015587
10773    0.007664
10783    0.013036
10840    0.007664
11093    0.008495
11095    0.011164
11103    0.007659
11154    0.011164
11183    0.017328
11218    0.009629
11238    0.014793
11285    0.014513
11355    0.008747
11473    0.012714
11540    0.012714
11739    0.052142
11786    0.011071
11810    0.012153
12300    0.005770
12522    0.007389
12591    0.006683
12729    0.013588
12855    0.005205
12864    0.007004
12904    0.005896
12927    0.007601
12974    0.008536
12987    0.003230
12999    0.003704
13175    0.010642
13177    0.012284
13179    0.008373
13341    0.016246
13352    0.013606
13353    0.017415
13392    0.045006
13623    0.017328
13694    0.014793
13999    0.059529
14099    0.010893
14200    0.009618
14228    0.015099
14331    0.011676
14425    0.005295
14538    0.009181
14815    0.067787
14817    0.012284
14818    0.029586
14944    0.009131
14982    0.013796
15080    0.010642
15148    0.017328
15335    0.026786
15500    0.011359
15792    0.015927
15874    0.010642
15888    0.013209
15906    0.054324
15907    0.006779
15919    0.013588
16025    0.015817
16030    0.008256
16115    0.017328
16167    0.011789
16317    0.009618
16396    0.020111
16585    0.013082
16649    0.009233
16732    0.005598
16929    0.012421
16941    0.012619
16959    0.006779
17129    0.006852
17144    0.005074
17337    0.015438
17484    0.003751
17613    0.014513
17632    0.011906
17814    0.007331
17873    0.011071
18005    0.005735
18098    0.026950
18160    0.012421
18167    0.013851
18253    0.012421
18282    0.006978
18307    0.012153
18330    0.018971
18573    0.020274
18607    0.012564
18841    0.017415
18843    0.020274
18882    0.004854
18941    0.013393
19151    0.031442
19275    0.014513
19278    0.008074
19327    0.010620
19349    0.009560
19412    0.025428
19416    0.015327
19514    0.016246
19589    0.011071
19710    0.014018
19751    0.010563
19880    0.018971
19936    0.018971
20088    0.010563
20184    0.020274
20202    0.012284
20260    0.001913
20382    0.011567
20439    0.011676
20713    0.012171
20824    0.009081
20841    0.005933
21057    0.007632
21115    0.005279
21150    0.005132
21243    0.005102
21266    0.006085
