194
21    0.022692
43    0.020026
52    0.024251
62    0.024251
147    0.007911
246    0.009283
523    0.011949
549    0.026917
581    0.026917
738    0.019433
1276    0.012542
1707    0.009922
1741    0.005044
1762    0.006902
1846    0.009402
1910    0.014386
1919    0.009443
2375    0.016767
2723    0.007520
2933    0.013966
3117    0.021585
3246    0.055399
3268    0.016502
3326    0.009568
3377    0.018466
3567    0.006333
3616    0.024251
3726    0.009402
3862    0.011435
3943    0.011949
4084    0.011106
4142    0.012634
4277    0.015208
4456    0.011044
4512    0.013710
4541    0.015593
4571    0.013588
4574    0.016502
4737    0.029388
4929    0.026269
5001    0.022692
5047    0.012542
5075    0.004684
5082    0.013469
5212    0.018645
5408    0.013836
5495    0.005164
5532    0.006736
5548    0.012028
5769    0.022784
5878    0.021585
6050    0.009167
6251    0.013029
6323    0.012451
6372    0.006407
6880    0.015801
6881    0.013135
7075    0.015208
7087    0.044425
7166    0.011044
7178    0.011300
7286    0.013135
7330    0.008051
7406    0.014101
7579    0.016767
7623    0.015395
7782    0.017695
7890    0.022692
8107    0.006155
8297    0.022692
8367    0.017360
8503    0.019433
8601    0.012634
8781    0.008286
8805    0.068611
8810    0.013966
8848    0.015593
9003    0.009876
9106    0.013588
9115    0.053835
9153    0.009922
9280    0.012363
9396    0.018919
9604    0.019433
9644    0.011300
9749    0.013710
9944    0.012192
9946    0.015208
9960    0.017695
10389    0.014694
10680    0.022692
10714    0.018645
10783    0.015593
11093    0.010161
11095    0.013354
11103    0.009161
11154    0.013354
11183    0.010363
11218    0.011517
11238    0.017695
11285    0.017360
11355    0.005231
11473    0.015208
11739    0.015593
11810    0.014537
12004    0.016020
12300    0.006902
12522    0.008839
12591    0.007994
12729    0.016254
12855    0.006225
12864    0.008378
12904    0.007053
12927    0.009091
12974    0.010210
12987    0.003864
12999    0.004431
13175    0.012729
13311    0.011795
13352    0.008137
13353    0.020831
13404    0.068076
13466    0.006297
13695    0.018919
13999    0.071205
14228    0.018061
14412    0.010745
14425    0.012667
14526    0.017360
14538    0.010982
14815    0.089191
14818    0.035389
14944    0.010922
14982    0.016502
15335    0.032041
15791    0.010363
15874    0.012729
15888    0.015801
15906    0.018566
15907    0.008108
15919    0.016254
16167    0.014101
16317    0.011505
16585    0.012518
16649    0.011044
16732    0.006696
16855    0.019433
16929    0.014858
16941    0.010063
17129    0.008196
17316    0.017360
17320    0.015029
17331    0.009968
17337    0.018466
17484    0.004487
17632    0.014241
17814    0.008769
17873    0.013243
18005    0.006860
18017    0.013469
18098    0.021491
18160    0.014858
18167    0.020710
18253    0.014858
18307    0.014537
18331    0.023441
18573    0.024251
18607    0.015029
18645    0.020026
18841    0.031247
18883    0.008256
19151    0.047012
19278    0.004829
19327    0.012703
19412    0.030415
19503    0.011647
19514    0.019433
19589    0.013243
19710    0.016767
19751    0.012634
19880    0.022692
20088    0.025269
20202    0.014694
20260    0.002288
20439    0.013966
20713    0.014558
20841    0.007097
21057    0.009129
21115    0.006315
21118    0.010416
21120    0.008634
21150    0.006138
21243    0.006103
21266    0.007279
