253
11    0.019996
41    0.019996
103    0.013184
202    0.018015
206    0.015397
210    0.018015
264    0.013718
323    0.018015
523    0.008876
1097    0.006699
1240    0.006341
1287    0.016035
1451    0.004759
1587    0.014054
1619    0.013718
1646    0.007336
1654    0.019996
1665    0.011037
1689    0.006365
1690    0.009528
1699    0.002374
1846    0.006985
1862    0.004075
1916    0.012456
2047    0.005680
2211    0.011437
2295    0.014054
2311    0.011583
2332    0.023475
2375    0.012456
2432    0.003453
2706    0.005568
2936    0.014054
3171    0.012896
3238    0.007336
3326    0.007108
3411    0.018015
3559    0.010184
3745    0.008819
3943    0.008876
4023    0.004989
4026    0.009249
4063    0.014054
4084    0.008250
4142    0.009386
4333    0.019996
4678    0.008069
4737    0.010916
4837    0.012074
4929    0.009757
5075    0.003479
5151    0.019996
5212    0.013850
5214    0.012074
5347    0.011297
5440    0.007777
5457    0.014436
5495    0.003836
5556    0.007512
5578    0.007585
5579    0.019996
5769    0.005642
5803    0.026289
5879    0.023212
5975    0.018398
5976    0.009838
6050    0.006810
6256    0.014436
6365    0.006592
6530    0.014876
6608    0.015397
6633    0.012896
6734    0.008298
6865    0.014876
6880    0.011738
6881    0.009757
6984    0.005960
7087    0.033002
7088    0.009120
7166    0.008204
7168    0.007958
7176    0.010184
7178    0.008394
7191    0.013417
7281    0.010799
7365    0.019996
7441    0.009603
7466    0.007045
7486    0.014472
7524    0.005718
7559    0.011164
7579    0.024911
7631    0.007940
7709    0.009120
7754    0.008546
7755    0.012667
7779    0.015965
7802    0.002651
7824    0.011901
7894    0.012456
7931    0.014054
7985    0.009838
8181    0.006540
8229    0.014876
8500    0.004397
8505    0.008025
8581    0.004434
8595    0.030795
8596    0.005305
8622    0.006002
8805    0.033979
8810    0.062249
9002    0.009249
9003    0.007336
9114    0.021598
9118    0.006317
9137    0.010375
9242    0.019514
9256    0.007171
9364    0.006699
9490    0.024517
9492    0.012074
9510    0.007139
9736    0.010799
9798    0.016813
9924    0.018015
9988    0.014876
10115    0.011297
10116    0.039350
10145    0.011583
10519    0.015397
10589    0.007440
10714    0.013850
10803    0.007982
10836    0.010579
10881    0.008599
10883    0.015397
11087    0.006985
11093    0.007548
11162    0.014436
11182    0.009920
11203    0.007045
11355    0.003886
11386    0.006782
11444    0.007076
11528    0.006618
11531    0.006754
11532    0.018015
11540    0.011297
11591    0.009757
11636    0.025792
11739    0.011583
11785    0.014436
12003    0.011437
12085    0.006955
12122    0.005019
12202    0.009120
12548    0.006464
12573    0.014876
12684    0.004209
12736    0.027436
12898    0.017991
12900    0.008546
12928    0.007302
12999    0.009875
13170    0.016857
13179    0.014880
13183    0.015397
13341    0.028872
13347    0.009249
13352    0.018135
13353    0.007737
13357    0.005600
13406    0.019996
13434    0.005447
13445    0.011738
13466    0.004678
13495    0.011297
13999    0.010579
14222    0.011164
14237    0.010278
14258    0.019996
14277    0.019996
14304    0.009057
14425    0.014114
14815    0.072280
14818    0.013145
14863    0.009528
15080    0.009456
15140    0.016432
15148    0.015397
15670    0.016857
15906    0.013792
16119    0.010006
16130    0.011164
16317    0.017092
16357    0.018015
16489    0.010006
16585    0.002325
16729    0.006518
16734    0.016043
16750    0.018015
16761    0.016857
16937    0.011738
16941    0.007475
17060    0.015397
17129    0.024354
17249    0.032070
17320    0.022328
17331    0.007405
17352    0.014436
17531    0.005699
17689    0.022594
17821    0.007045
18098    0.007982
18101    0.016857
18102    0.019996
18104    0.019996
18167    0.003077
18282    0.003100
18319    0.006699
18687    0.018015
18841    0.046424
18844    0.016857
18882    0.004313
18883    0.012266
18888    0.006699
18941    0.011901
19050    0.011901
19065    0.009317
19151    0.055877
19261    0.005981
19304    0.018015
19315    0.019996
19410    0.007398
19416    0.013619
19453    0.020178
19578    0.012896
19579    0.016035
19643    0.014054
20082    0.008599
20260    0.001700
20460    0.007108
20631    0.015397
20728    0.018015
20802    0.019996
20803    0.015875
20964    0.006111
21085    0.007857
21094    0.009249
21120    0.006414
21150    0.009120
21296    0.010006
