193
103    0.017747
333    0.006736
621    0.009443
1069    0.012634
1072    0.013029
1190    0.012451
1324    0.017360
1451    0.006407
1587    0.018919
1610    0.016767
1665    0.014858
1919    0.009443
1922    0.015801
2311    0.015593
2432    0.004648
2458    0.012827
2933    0.013966
3151    0.018061
3567    0.006333
3575    0.013243
3635    0.011235
3774    0.017360
3862    0.011435
3870    0.026917
3946    0.024251
4084    0.011106
4212    0.045384
4216    0.021585
4260    0.009741
4265    0.013966
4450    0.007302
4678    0.010862
4731    0.026917
4746    0.053835
4901    0.014537
4945    0.026917
5097    0.024251
5212    0.027967
5319    0.020727
5408    0.013836
5495    0.005164
5501    0.005342
5769    0.007595
5975    0.008256
5976    0.039729
5991    0.009876
6372    0.006407
6432    0.018919
6881    0.026269
7087    0.033319
7088    0.012276
7090    0.028202
7121    0.022692
7166    0.011044
7192    0.011505
7228    0.013029
7441    0.025853
7642    0.010862
7762    0.020026
7779    0.010745
8198    0.041454
8306    0.017360
8367    0.052080
8476    0.043006
8568    0.006002
8573    0.013243
8577    0.013469
8581    0.017905
8596    0.007142
8601    0.012634
8639    0.010363
8711    0.009322
8805    0.022870
8810    0.055865
8848    0.015593
8864    0.021585
9114    0.014537
9118    0.008504
9153    0.019844
9189    0.026917
9200    0.021978
9242    0.013135
9301    0.012634
9361    0.009484
9490    0.066007
9752    0.017360
10116    0.013243
10140    0.008536
10332    0.017052
10589    0.010016
10593    0.014241
10714    0.009322
10773    0.009167
10837    0.004236
10881    0.011575
10892    0.006018
11180    0.006035
11181    0.007446
11218    0.005759
11282    0.012634
11334    0.008137
11355    0.005231
11439    0.010982
11528    0.044546
11531    0.009091
11540    0.015208
11562    0.012827
11739    0.015593
11757    0.009017
11786    0.013243
11821    0.026917
11913    0.026917
12005    0.005414
12110    0.014558
12122    0.006757
12182    0.021585
12258    0.030057
12412    0.018061
12548    0.008701
12618    0.011300
12684    0.005666
12818    0.012276
12927    0.009091
12999    0.008862
13145    0.012634
13180    0.018061
13352    0.016275
13357    0.007538
13434    0.012221
13494    0.018061
13647    0.007142
13651    0.022692
13886    0.006716
13926    0.014537
14130    0.011435
14213    0.017052
14410    0.018466
14425    0.006333
14643    0.016767
14668    0.020026
14815    0.040542
14874    0.009697
15056    0.026917
15080    0.012729
15792    0.009526
15833    0.022692
15906    0.018566
15936    0.015029
16207    0.011949
16284    0.104004
16317    0.011505
16482    0.017360
16501    0.007911
16585    0.004694
16729    0.008774
16734    0.010798
16921    0.010745
16941    0.005031
17054    0.014241
17111    0.011367
17129    0.016392
17144    0.012138
17314    0.018466
17316    0.017360
17320    0.015029
17322    0.024251
17587    0.018061
17811    0.012028
17899    0.017052
18017    0.026938
18163    0.018919
18167    0.004142
18282    0.004173
18331    0.023441
18336    0.015029
18882    0.005806
18883    0.016511
19117    0.026917
19151    0.018805
19226    0.006388
19410    0.009959
19464    0.007520
19894    0.013966
20260    0.002288
20618    0.041454
20678    0.014386
20688    0.012634
20695    0.011720
20716    0.010632
20927    0.006520
20963    0.016767
21152    0.012028
21191    0.012109
