77
246    0.025406
610    0.027808
920    0.064562
1017    0.038593
1184    0.021803
1681    0.030225
1910    0.039373
2047    0.020925
2102    0.018437
2172    0.034578
2332    0.086487
2432    0.025443
2934    0.043244
3171    0.047512
4752    0.073669
5556    0.027674
6416    0.073669
6881    0.035947
7087    0.060792
7090    0.038593
7486    0.026659
7989    0.025733
8193    0.045889
8338    0.073669
8402    0.096855
8503    0.053185
8622    0.022112
8805    0.031296
8810    0.038223
9210    0.027542
9519    0.062104
9712    0.147337
9758    0.073669
10116    0.072488
10421    0.029567
10501    0.088967
11089    0.037187
11638    0.066372
11683    0.013877
11739    0.042674
11750    0.019732
12004    0.043845
12122    0.055477
12659    0.024882
12904    0.019302
12999    0.012127
13213    0.050540
13352    0.044541
13353    0.028506
13357    0.030945
13694    0.048428
13722    0.073669
14656    0.039373
14769    0.034325
14815    0.088765
14968    0.047512
15006    0.037187
15140    0.020180
15906    0.050811
15912    0.019006
16501    0.021651
16578    0.034325
16649    0.030225
16729    0.024012
16751    0.073669
16941    0.013770
17484    0.012280
18212    0.047512
18645    0.054808
18883    0.022595
19151    0.025733
19539    0.053185
19751    0.034578
20073    0.053185
20088    0.034578
20686    0.041621
21122    0.024190
