152
103    0.013035
143    0.024630
191    0.015955
317    0.039540
460    0.016043
481    0.016698
610    0.014925
1189    0.023875
1620    0.071247
1698    0.010727
1699    0.009390
1762    0.010138
1862    0.008059
2311    0.022904
2344    0.009549
2432    0.006828
2933    0.020515
3126    0.019453
3171    0.025501
3238    0.014507
3242    0.033333
3246    0.054252
3327    0.017552
3567    0.009303
3571    0.014574
3588    0.023533
3674    0.030447
4084    0.016314
4112    0.029417
4128    0.024240
4276    0.023533
4737    0.021584
4777    0.015701
4872    0.018160
4929    0.038587
5005    0.027126
5212    0.013694
5440    0.015378
5532    0.009895
5556    0.029707
5769    0.011156
5878    0.031707
5975    0.012127
5988    0.016043
6492    0.022904
6767    0.027791
6881    0.019294
6984    0.011784
7087    0.016314
7088    0.036066
7166    0.016222
7178    0.016599
7181    0.013192
7199    0.012216
7429    0.023875
7489    0.024240
7559    0.022076
7763    0.033333
7824    0.023533
8270    0.019617
8402    0.025992
8404    0.027126
8500    0.017389
8595    0.030447
8777    0.017003
8805    0.050393
8810    0.020515
9003    0.014507
9114    0.021354
9129    0.023210
9160    0.019139
9361    0.013932
9490    0.048480
9517    0.009223
9687    0.019453
9746    0.021825
9747    0.016043
9945    0.016899
9946    0.022339
10116    0.058359
10163    0.029417
10307    0.035624
10714    0.013694
10783    0.022904
10892    0.008841
11214    0.050097
11282    0.018559
11286    0.026531
11355    0.007684
11358    0.013355
11474    0.027791
12048    0.015223
12190    0.031707
12618    0.016599
12904    0.010360
12999    0.006509
13232    0.022339
13311    0.017326
13352    0.023906
13357    0.011073
13434    0.003590
13435    0.039540
13470    0.018290
13695    0.027791
14065    0.009342
14237    0.020324
14323    0.013811
14331    0.020515
14425    0.009303
14564    0.031707
14766    0.035624
14815    0.011911
14817    0.021584
14968    0.025501
15140    0.010831
15148    0.030447
15410    0.016132
15588    0.039540
15792    0.013993
15906    0.027272
15912    0.010201
16029    0.015618
16115    0.030447
16301    0.024630
16396    0.017668
16729    0.012888
16880    0.013578
16941    0.014781
17129    0.024079
17316    0.025501
17336    0.028546
17587    0.026531
17894    0.033333
18098    0.031569
18167    0.006084
18214    0.023875
18371    0.022904
18425    0.026531
18883    0.012127
18941    0.023533
19151    0.055246
19349    0.016798
19366    0.005495
19416    0.026931
19460    0.009171
19539    0.028546
20088    0.018559
20714    0.013035
20773    0.033333
20824    0.015955
20894    0.010902
21191    0.017787
