266
118    0.013372
219    0.004820
333    0.004346
583    0.038343
1080    0.011416
1098    0.017366
1099    0.018357
1163    0.008212
1182    0.013926
1184    0.005140
1257    0.015646
1276    0.008091
1283    0.023184
1286    0.020671
1436    0.006256
1446    0.010060
1458    0.007920
1542    0.015646
1545    0.011416
1553    0.046938
1681    0.021375
1682    0.009098
1691    0.005528
1692    0.008275
1699    0.006186
1741    0.003254
1746    0.015979
1762    0.004453
1822    0.017366
1949    0.005818
2008    0.008033
2114    0.006896
2122    0.009010
2173    0.010352
2224    0.007206
2277    0.010936
2278    0.007046
2283    0.013940
2344    0.008388
2498    0.014640
2719    0.014640
2745    0.005158
2947    0.012512
2950    0.022832
3029    0.007659
3039    0.005748
3077    0.006524
3086    0.007422
3089    0.008291
3090    0.007378
3166    0.011652
3393    0.008091
3571    0.006401
3574    0.007046
3607    0.020119
3647    0.004900
3745    0.007659
3930    0.017366
3953    0.015646
4099    0.008275
4258    0.004820
4265    0.009010
4284    0.017366
4380    0.029982
4383    0.014496
4460    0.017366
4480    0.007976
4577    0.008091
4599    0.009586
4650    0.008212
4683    0.014640
4697    0.006371
4743    0.016948
4870    0.005365
4919    0.013926
4949    0.007422
5043    0.005111
5329    0.011914
5475    0.010336
5806    0.008033
5866    0.009303
5877    0.010486
5879    0.020159
5881    0.009010
5904    0.009098
6211    0.015646
6460    0.008845
6596    0.004372
6719    0.005841
6819    0.008926
6856    0.012537
6891    0.008766
6959    0.011001
7330    0.010388
7351    0.005989
7377    0.004867
7378    0.008926
7380    0.013175
7802    0.002302
7833    0.008906
8025    0.004757
8107    0.003971
8417    0.005818
8845    0.006119
8918    0.005748
8951    0.013926
9003    0.006371
9016    0.018601
9200    0.014179
9214    0.007976
9287    0.012537
9364    0.005818
9502    0.007046
9749    0.008845
9812    0.006066
10096    0.008340
10108    0.009932
10130    0.018960
10252    0.009696
10259    0.009098
10334    0.005051
10338    0.014898
10355    0.009281
10369    0.009480
10421    0.006970
10495    0.008091
10508    0.009696
10647    0.010060
10837    0.002733
10881    0.007468
10988    0.012920
11082    0.011001
11103    0.005910
11112    0.004820
11201    0.004110
11277    0.011914
11355    0.003375
11452    0.012920
11531    0.005865
11683    0.006543
11744    0.005194
11782    0.004307
11803    0.010646
11841    0.002866
11975    0.022003
11984    0.007085
12085    0.006040
12283    0.006839
12345    0.009483
12356    0.009811
12493    0.010060
12548    0.011227
12614    0.017366
12684    0.003655
12765    0.005425
12889    0.003982
12904    0.004550
12999    0.002859
13008    0.015123
13009    0.011416
13011    0.017366
13228    0.005571
13319    0.005658
13355    0.004039
13357    0.004863
13415    0.011914
13434    0.001577
13533    0.008766
13648    0.013926
13836    0.029797
13886    0.008666
13897    0.008151
13939    0.005104
14027    0.034732
14065    0.006155
14320    0.005890
14365    0.010486
14370    0.017366
14656    0.009281
14669    0.011200
14714    0.012537
14719    0.009188
14749    0.005939
14796    0.005549
14861    0.013372
14952    0.008212
15033    0.008033
15063    0.004966
15130    0.010060
15140    0.009514
15180    0.012920
15210    0.024691
15239    0.017532
15333    0.009281
15404    0.017366
15468    0.006860
15551    0.006284
15686    0.006173
15906    0.017967
15907    0.005231
15908    0.009098
15912    0.004480
15939    0.008616
16030    0.006371
16061    0.010336
16063    0.006860
16148    0.008406
16302    0.008690
16437    0.014496
16585    0.008076
16592    0.014942
16643    0.013372
16650    0.009932
16705    0.004550
16729    0.005660
16732    0.012960
16941    0.016230
16952    0.007334
17051    0.005086
17059    0.008275
17067    0.028661
17117    0.004244
17281    0.009767
17292    0.005466
17445    0.007976
17524    0.006824
17669    0.008243
17854    0.007659
17868    0.020798
17884    0.012206
17947    0.009696
18182    0.005358
18282    0.002692
18326    0.006896
18565    0.020388
18652    0.004508
18726    0.026479
18731    0.009379
18882    0.003746
19037    0.014331
19128    0.006342
19145    0.011001
19278    0.006231
19327    0.004098
19426    0.006821
19537    0.011200
19685    0.025847
19772    0.005914
19844    0.004873
19905    0.008406
20090    0.008839
20214    0.011652
20260    0.013286
20282    0.003798
20714    0.005725
20803    0.003447
20844    0.003626
20847    0.011652
20868    0.007659
20894    0.004788
20927    0.008413
21150    0.001980
21253    0.015275
21254    0.048645
21258    0.033624
21259    0.007709
