39
1970    0.085650
2156    0.141579
2157    0.111808
2297    0.071655
3713    0.200632
4696    0.111808
5152    0.068366
5567    0.046859
5615    0.070789
5719    0.047330
6758    0.036339
8446    0.045206
8639    0.064153
9077    0.093035
9155    0.077079
9692    0.066519
10311    0.123970
10313    0.150128
10525    0.074460
10605    0.050016
10837    0.026223
11112    0.046244
12095    0.066519
12421    0.067610
13014    0.036641
13107    0.120300
13109    0.105561
14316    0.054500
14527    0.086457
15931    0.066519
16585    0.009687
16729    0.027157
17027    0.055373
17029    0.073488
17345    0.074961
17439    0.099174
18652    0.043255
20844    0.034790
20927    0.040362
