281
147    0.005778
202    0.017712
246    0.006780
540    0.013487
552    0.007421
638    0.011388
835    0.014193
1278    0.008785
1413    0.010299
1451    0.004679
1477    0.007082
1486    0.010200
1646    0.007213
1691    0.006258
1698    0.005333
1846    0.006867
1949    0.006586
2093    0.005880
2234    0.013487
2347    0.012923
2491    0.015138
2522    0.025357
2535    0.017712
2706    0.005474
2737    0.013502
2742    0.012246
2775    0.013487
2806    0.006927
2819    0.006234
2909    0.009227
2948    0.013191
2968    0.009227
3010    0.015138
3048    0.039317
3053    0.008302
3089    0.004693
3181    0.017712
3225    0.016573
3238    0.007213
3341    0.006306
3567    0.004625
3583    0.004311
3593    0.005660
3733    0.007848
3734    0.008904
3824    0.011871
3926    0.014193
3944    0.012468
4023    0.004905
4319    0.009753
4492    0.007082
4516    0.008506
4520    0.013191
4724    0.011700
4774    0.018455
4810    0.008253
4811    0.008506
4870    0.006074
5075    0.006841
5096    0.005151
5211    0.017453
5332    0.011871
5432    0.016573
5495    0.003771
5523    0.015696
5567    0.005528
5602    0.009160
5764    0.012454
5856    0.006306
6439    0.019659
6758    0.008574
6761    0.005385
6819    0.010105
6908    0.004861
6920    0.009753
6931    0.010507
6984    0.005859
7097    0.007569
7141    0.017569
7173    0.008066
7330    0.005880
7364    0.009837
7423    0.012052
7425    0.025357
7433    0.019659
7456    0.019919
7524    0.016865
7571    0.007685
7619    0.006164
7744    0.015696
7748    0.009160
7769    0.011700
7798    0.010013
7909    0.009672
8040    0.004980
8116    0.004264
8218    0.019103
8307    0.014626
8323    0.014164
8417    0.006586
8442    0.007457
8577    0.009837
8581    0.004359
8594    0.007569
8684    0.012679
8889    0.019659
8899    0.009837
9009    0.009593
9210    0.007350
9256    0.007050
9304    0.009593
9466    0.014193
9768    0.010507
9769    0.010401
9775    0.019659
9798    0.005510
9811    0.009516
9873    0.006119
9918    0.015138
9944    0.008904
10000    0.010851
10024    0.019659
10074    0.005641
10140    0.006234
10220    0.009924
10261    0.009840
10409    0.012246
10442    0.022488
10445    0.008352
10589    0.007315
10610    0.009593
10686    0.039317
10773    0.006695
10882    0.019659
10892    0.004395
10942    0.033199
10947    0.019659
11051    0.009672
11093    0.007421
11160    0.008352
11180    0.008816
11218    0.004206
11342    0.010976
11358    0.006640
11434    0.005403
11503    0.004586
11576    0.012454
11683    0.007406
11820    0.019659
11897    0.012923
11898    0.013191
12166    0.014630
12253    0.019659
12307    0.065373
12309    0.014561
12345    0.005368
12374    0.013487
12684    0.004138
12867    0.009029
12916    0.012052
12975    0.012052
12999    0.003236
13050    0.009929
13100    0.015765
13145    0.009227
13355    0.004573
13357    0.002753
13370    0.009094
13501    0.004995
13545    0.010732
13644    0.011107
13798    0.017712
13829    0.019659
13886    0.009810
13899    0.007890
13910    0.027013
13997    0.013487
14065    0.002322
14200    0.008402
14201    0.017712
14303    0.005660
14391    0.008302
14439    0.004734
14485    0.007246
14526    0.012679
14584    0.019659
14604    0.008412
14611    0.010617
14742    0.002007
14749    0.006723
14917    0.009672
14944    0.007976
15212    0.009753
15216    0.022481
15218    0.012246
15305    0.017712
15474    0.011700
15551    0.007114
15710    0.008302
15818    0.005986
15827    0.010976
15968    0.013487
15989    0.016907
15991    0.009227
16014    0.012454
16165    0.012246
16167    0.010299
16485    0.006380
16490    0.008614
16527    0.006586
16585    0.008000
16657    0.026354
16705    0.005151
16713    0.009368
16724    0.006838
16729    0.003204
16944    0.005299
16955    0.007685
17015    0.019659
17037    0.006211
17066    0.008844
17074    0.007350
17077    0.009837
17117    0.004804
17331    0.007280
17345    0.008844
17484    0.003277
17643    0.006074
17757    0.019344
17758    0.012923
17916    0.007179
17949    0.008506
17963    0.010200
17966    0.007569
18003    0.007494
18037    0.009160
18098    0.007848
18160    0.010851
18182    0.003033
18326    0.007806
18347    0.010851
18382    0.014914
18385    0.011700
18460    0.011871
18728    0.010732
18888    0.006586
18898    0.007457
18926    0.019659
19043    0.021752
19220    0.014626
19327    0.004639
19366    0.005464
19463    0.019659
19757    0.019506
20090    0.006671
20116    0.010617
20275    0.004818
20366    0.010976
20464    0.011802
20550    0.015765
20601    0.013617
20717    0.015030
20758    0.010299
20868    0.004335
20902    0.006481
20940    0.019659
20943    0.016573
20983    0.006141
21039    0.010507
21057    0.006667
21087    0.005718
21094    0.009094
21113    0.009368
21129    0.008865
21150    0.004483
21191    0.008844
21247    0.005700
21296    0.009837
21306    0.007725
21307    0.012809
21310    0.007976
