33
87    0.180153
161    0.084442
219    0.055493
523    0.088763
3029    0.088185
4522    0.084947
5086    0.097571
5271    0.199957
5532    0.050042
5991    0.073363
8581    0.044336
10261    0.100085
10431    0.144360
11103    0.022684
12300    0.051272
12414    0.106869
13219    0.089352
13482    0.076601
13702    0.107990
13999    0.105791
15333    0.106869
15477    0.153973
15822    0.059387
16529    0.056988
16592    0.086026
16633    0.131446
18499    0.082039
18607    0.111642
18987    0.074757
19410    0.036992
19460    0.046378
19844    0.018704
20868    0.044091
