270
161    0.015117
443    0.009880
479    0.008163
630    0.009667
927    0.009880
1097    0.011993
1165    0.018574
1188    0.009035
1451    0.004260
1466    0.007745
1689    0.005698
1698    0.009712
1699    0.002125
1846    0.006252
1847    0.008280
2273    0.028707
2283    0.007184
2321    0.009035
2507    0.016126
2569    0.017913
2572    0.032252
2658    0.009667
2659    0.025844
2752    0.016126
3029    0.015788
3050    0.019870
3152    0.010808
3162    0.009470
3298    0.007894
3357    0.026633
3862    0.007604
4186    0.014353
4312    0.013316
4461    0.006660
4589    0.014353
4767    0.023087
4794    0.013316
5015    0.015089
5028    0.008734
5043    0.007901
5093    0.007385
5149    0.010973
5439    0.009470
5515    0.004856
5524    0.009470
5819    0.010112
5916    0.009377
5991    0.006567
6274    0.023533
6334    0.008880
6632    0.008957
6701    0.011544
6908    0.004426
7028    0.012581
7029    0.023533
7107    0.025844
7142    0.007843
7168    0.003562
7370    0.017899
7408    0.009470
7429    0.010808
7465    0.009880
7466    0.006307
7531    0.004646
7600    0.008052
7633    0.012280
7636    0.014771
7696    0.011149
7714    0.007794
7802    0.002373
7819    0.017899
7896    0.021322
7989    0.006252
8003    0.012280
8108    0.050323
8298    0.034017
8395    0.008052
8431    0.012581
8446    0.004856
8500    0.003936
8509    0.012010
8533    0.005924
8568    0.003991
8577    0.008957
8581    0.023812
8638    0.007428
8711    0.018597
8741    0.012010
8918    0.005924
9106    0.009035
9153    0.006598
9200    0.004872
9282    0.005354
9364    0.005996
9460    0.009667
9631    0.020469
10261    0.013439
10354    0.006391
10357    0.013316
10491    0.022812
10589    0.006660
10975    0.053550
11087    0.006252
11103    0.004061
11130    0.008806
11178    0.006507
11190    0.017899
11201    0.004236
11207    0.006419
11213    0.005698
11253    0.012922
11340    0.017328
11342    0.009994
11413    0.010653
11520    0.016126
11531    0.006045
11570    0.005592
11588    0.009667
11655    0.010237
11729    0.005877
11736    0.010368
11750    0.004794
11780    0.017899
11841    0.002954
12042    0.008052
12122    0.004493
12133    0.009771
12134    0.016126
12245    0.009438
12300    0.004590
12522    0.005877
12551    0.004661
12684    0.011302
12711    0.012280
12784    0.013783
12880    0.011848
12889    0.008209
12907    0.007184
12975    0.010973
13014    0.003936
13096    0.008734
13219    0.039991
13228    0.005741
13298    0.024321
13314    0.011544
13359    0.011766
13370    0.008280
13434    0.011377
13451    0.007945
13482    0.006857
13886    0.008932
13909    0.014140
14093    0.007604
14314    0.015117
14323    0.012505
14335    0.021013
14355    0.012581
14478    0.013316
14498    0.004764
14523    0.007184
14579    0.008465
14729    0.010507
14759    0.017899
14767    0.017899
14782    0.012922
14789    0.023533
14863    0.017059
14865    0.006926
14984    0.017899
15047    0.015089
15300    0.017899
15333    0.009566
15334    0.008596
15336    0.020475
15477    0.041348
15478    0.008734
15497    0.011993
15507    0.009287
15600    0.008107
15601    0.006537
15640    0.017899
15762    0.017899
15783    0.007945
15818    0.005450
15948    0.014353
15952    0.011896
15955    0.007945
15997    0.010653
16116    0.005316
16237    0.004919
16272    0.010653
16363    0.026633
16427    0.014353
16527    0.005996
16529    0.035708
16531    0.009566
16575    0.007843
16576    0.013783
16592    0.007701
16659    0.012010
16676    0.008734
16734    0.010771
16862    0.018838
16863    0.025161
16896    0.013783
16907    0.009968
16918    0.014353
16937    0.010507
16944    0.004825
17044    0.007843
17101    0.006598
17105    0.005188
17281    0.005033
17303    0.009771
17484    0.002984
17552    0.010653
17669    0.004248
17797    0.011766
17814    0.011662
17867    0.009287
17916    0.006537
18273    0.013316
18282    0.008325
18459    0.012280
18499    0.066093
18502    0.009994
18607    0.009994
18692    0.012581
18882    0.007722
19106    0.007945
19169    0.007184
19173    0.008529
19177    0.030814
19192    0.012280
19225    0.006021
19226    0.004248
19232    0.005613
19271    0.013257
19278    0.003211
19366    0.004975
19410    0.006623
19411    0.008957
19536    0.011149
19640    0.007385
19772    0.006096
19820    0.006045
19844    0.006697
19871    0.010237
19986    0.012922
20082    0.007697
20215    0.011544
20260    0.001522
20275    0.004387
20281    0.006477
20289    0.009880
20432    0.031993
20433    0.010368
20567    0.015089
20771    0.007650
20785    0.006070
20803    0.003553
20868    0.007894
20894    0.004935
20911    0.013316
21129    0.008071
21133    0.009994
21147    0.009566
21150    0.004082
21243    0.008117
21247    0.002595
