196
115    0.010140
140    0.020000
472    0.023724
616    0.013095
629    0.016276
693    0.018268
857    0.033406
923    0.012309
953    0.017127
1165    0.012309
1272    0.008664
1430    0.138741
1451    0.005647
1699    0.005634
1712    0.008359
1804    0.010601
2334    0.018548
2358    0.020000
2432    0.004097
2447    0.014778
2499    0.012812
2644    0.010330
2646    0.016675
2675    0.039606
2678    0.011770
2723    0.006627
2819    0.015047
2947    0.008546
3238    0.017408
3248    0.019024
3295    0.020000
3326    0.016865
3327    0.010531
3583    0.005202
3643    0.018268
3657    0.019024
3706    0.012309
3732    0.010463
4178    0.017127
4422    0.042975
4450    0.006436
4689    0.012812
4762    0.012551
4848    0.019024
4899    0.007021
4980    0.013403
5028    0.011576
5044    0.010202
5086    0.011576
5096    0.006216
5251    0.019024
5372    0.014778
5571    0.016675
5602    0.011054
5620    0.013743
5966    0.016276
6192    0.014778
6399    0.015918
6452    0.012194
6460    0.012083
6596    0.005973
7077    0.012194
7096    0.039999
7379    0.012428
7508    0.010601
7518    0.023724
7613    0.015918
7631    0.018841
7666    0.045901
7704    0.011770
7736    0.034862
7772    0.016276
8021    0.008999
8036    0.015029
8068    0.009471
8078    0.004771
8131    0.010265
8200    0.009626
8275    0.008999
8362    0.040314
8491    0.018268
8500    0.005217
8581    0.005260
8596    0.018883
8779    0.015595
8868    0.014120
8977    0.015029
9023    0.008912
9364    0.007948
9798    0.026597
9994    0.014544
10106    0.010974
10549    0.023724
10583    0.015595
10662    0.014120
10723    0.123092
10833    0.038049
10846    0.007948
10885    0.023724
10965    0.014325
11103    0.008074
11355    0.004611
11390    0.010672
11434    0.006520
11503    0.005534
11540    0.013403
11566    0.011054
11570    0.007411
11715    0.014778
11757    0.007948
11848    0.012551
11966    0.040807
11968    0.024166
12122    0.005955
12412    0.015918
12519    0.005663
12668    0.010202
12684    0.004993
12928    0.017328
13040    0.034255
13152    0.013743
13466    0.027749
13476    0.031837
13492    0.011483
13964    0.010140
14073    0.008216
14160    0.034179
14339    0.009134
14340    0.019043
14341    0.010745
14345    0.014778
14412    0.028412
14769    0.011054
14857    0.009789
15185    0.014778
15192    0.013403
15193    0.030058
15199    0.021374
15309    0.025103
15468    0.009371
15484    0.010202
15828    0.018268
16120    0.012812
16237    0.006520
16508    0.015029
16529    0.006761
16579    0.012551
16585    0.008275
16645    0.060971
16700    0.016276
16705    0.006216
16706    0.012194
16866    0.015918
16907    0.013211
16946    0.011483
17017    0.013743
17024    0.015918
17101    0.017489
17103    0.008664
17105    0.013754
17117    0.005797
17122    0.022967
17350    0.023724
17351    0.026491
17438    0.010820
17547    0.023951
17554    0.021374
17939    0.019024
18163    0.016675
18282    0.007356
18326    0.009420
18374    0.014544
18417    0.014544
18607    0.013246
19084    0.022610
19236    0.023724
19278    0.008512
19394    0.022967
19460    0.005502
19464    0.006627
19518    0.011976
19583    0.014325
19844    0.006657
20260    0.004033
20343    0.016276
20462    0.027852
20464    0.007121
20803    0.014126
21003    0.013095
21016    0.008999
21019    0.019043
21087    0.006901
21115    0.005566
21243    0.016138
21247    0.006878
21269    0.012679
