34
961    0.118779
1425    0.087762
1490    0.049487
1740    0.067259
2396    0.049645
3203    0.165931
3397    0.149454
3850    0.067571
4137    0.044874
5352    0.067259
5415    0.066647
6613    0.060474
6738    0.148638
6769    0.094666
7531    0.047809
7650    0.068855
8812    0.101658
10888    0.106686
11709    0.087096
12191    0.182745
12855    0.042595
13029    0.165931
14537    0.051791
15160    0.066049
15299    0.071996
15983    0.071996
16585    0.010706
16628    0.166835
16734    0.036942
16971    0.155260
17105    0.053387
17182    0.121069
18190    0.084587
18435    0.065177
