368
59    0.012079
115    0.034381
457    0.005440
481    0.011324
485    0.009424
524    0.011302
556    0.008996
605    0.011302
1094    0.012079
1097    0.004491
1271    0.008493
1319    0.013407
1430    0.024125
1490    0.003603
1640    0.010751
1689    0.004268
1741    0.002513
1762    0.003438
1804    0.005991
1841    0.013407
1862    0.002732
1919    0.004703
2050    0.007486
2120    0.004252
2287    0.006439
2292    0.005440
2333    0.007766
2334    0.031446
2396    0.007228
2433    0.013407
2690    0.007979
2706    0.003733
2713    0.007668
2714    0.006829
2744    0.003591
2819    0.004252
3053    0.005662
3157    0.010324
3232    0.012079
3252    0.010751
3570    0.012079
3583    0.002940
3615    0.006115
3671    0.014481
3775    0.013407
3831    0.008219
3861    0.006542
3886    0.006115
3897    0.005952
3901    0.009975
3905    0.007093
4098    0.011302
4171    0.009679
4195    0.003614
4216    0.010751
4223    0.008813
4313    0.008647
4497    0.007575
4562    0.008996
4564    0.012079
4577    0.006247
4611    0.008647
4690    0.006709
4782    0.012079
4958    0.010751
5043    0.003946
5044    0.005765
5096    0.007026
5198    0.013407
5245    0.013407
5321    0.009198
5485    0.043104
5523    0.005352
5587    0.012079
5614    0.004604
5663    0.013407
5669    0.009198
5713    0.010324
5742    0.013407
5836    0.009424
5919    0.008647
5930    0.013407
5975    0.004112
6323    0.012403
6342    0.010751
6401    0.007870
6453    0.011302
6598    0.003459
6779    0.009975
6838    0.010751
6840    0.008813
6900    0.013407
6918    0.010704
7005    0.012079
7050    0.008996
7176    0.013657
7188    0.004745
7312    0.012079
7329    0.009679
7330    0.004010
7478    0.009975
7486    0.004852
7491    0.009975
7552    0.012079
7555    0.010324
7559    0.007486
7693    0.006542
7736    0.015761
7744    0.005352
7754    0.005730
7802    0.003555
7820    0.009424
7827    0.010751
7874    0.012079
7968    0.013407
8101    0.005765
8116    0.005816
8342    0.006652
8362    0.011391
8534    0.008634
8542    0.010324
8674    0.010940
8711    0.004643
8828    0.007870
8868    0.007979
9006    0.010751
9009    0.006542
9256    0.014425
9263    0.009679
9336    0.088764
9388    0.004566
9405    0.013407
9454    0.003886
9668    0.008813
9798    0.003758
9801    0.013407
9892    0.011302
9945    0.005730
9960    0.008813
10106    0.006202
10140    0.004252
10171    0.010751
10175    0.005214
10295    0.007979
10308    0.010751
10346    0.012079
10358    0.006829
10422    0.005801
10692    0.013407
10844    0.007668
10846    0.004491
10965    0.040478
11027    0.013407
11103    0.012168
11141    0.008813
11192    0.010324
11218    0.002868
11224    0.008647
11231    0.011302
11334    0.008106
11355    0.002606
11383    0.006293
11439    0.005470
11448    0.009679
11482    0.011302
11531    0.004528
11595    0.011302
11634    0.013407
11715    0.008351
11744    0.012030
11749    0.010751
11848    0.007093
11928    0.006340
11964    0.009975
11968    0.006829
12005    0.002696
12098    0.007024
12122    0.006731
12300    0.003438
12326    0.006490
12505    0.004852
12519    0.003200
12526    0.006768
12609    0.013407
12618    0.011257
12625    0.009975
12661    0.006829
12684    0.002822
12820    0.006542
12952    0.006439
12974    0.005086
12987    0.001924
12996    0.013407
13014    0.002948
13152    0.007766
13198    0.006652
13228    0.004301
13320    0.005162
13334    0.012079
13393    0.018396
13434    0.001217
13462    0.005913
13466    0.025091
13580    0.003267
13581    0.007486
13713    0.013407
13906    0.006596
13926    0.007241
13939    0.011821
13983    0.007241
14034    0.013407
14096    0.011302
14132    0.013407
14160    0.006439
14200    0.011460
14217    0.008096
14222    0.014971
14249    0.008996
14339    0.005162
14340    0.005381
14341    0.006073
14342    0.029942
14412    0.005352
14519    0.008647
14523    0.005381
14531    0.013407
14604    0.002868
14607    0.004547
14620    0.009975
14896    0.010751
15033    0.006202
15063    0.003834
15129    0.013407
15140    0.003673
15210    0.004766
15212    0.006652
15227    0.013407
15274    0.007024
15385    0.029924
15466    0.004724
15470    0.007486
15484    0.005765
15489    0.011302
15556    0.005765
15592    0.013407
15646    0.013407
15660    0.007024
15661    0.013407
16116    0.003982
16130    0.007486
16245    0.009424
16291    0.013407
16349    0.007575
16432    0.005188
16479    0.010324
16501    0.003940
16527    0.004491
16535    0.012079
16579    0.028373
16585    0.002338
16645    0.048240
16692    0.006956
16705    0.007026
16723    0.010751
16729    0.002185
16766    0.005214
16771    0.008493
16791    0.006202
16887    0.024287
16888    0.012079
16907    0.007466
16914    0.009975
16955    0.005241
16958    0.005696
16988    0.006891
17080    0.020486
17144    0.003023
17201    0.007668
17218    0.013407
17347    0.005564
17445    0.006158
17484    0.002235
17500    0.008647
17519    0.021722
17521    0.035466
17529    0.005136
17548    0.011302
17588    0.005875
17591    0.008996
17635    0.008219
17685    0.007870
17857    0.007166
17870    0.004188
17984    0.009424
18020    0.007870
18023    0.008493
18074    0.009679
18129    0.013407
18146    0.007166
18158    0.005012
18217    0.013407
18242    0.008996
18247    0.004965
18371    0.007766
18374    0.008219
18384    0.007979
18547    0.014638
18668    0.006031
18674    0.014638
18810    0.017992
18885    0.008219
19084    0.012778
19086    0.007870
19177    0.007694
19232    0.004204
19238    0.009198
19269    0.013407
19271    0.004965
19278    0.004810
19366    0.005590
19394    0.019469
19397    0.007166
19460    0.006219
19464    0.011236
19467    0.007979
19515    0.012079
19529    0.012229
19594    0.013407
19772    0.004566
19799    0.012079
19844    0.002508
19884    0.024158
20054    0.012079
20274    0.004663
20409    0.032711
20462    0.007870
20491    0.013407
20553    0.009424
20555    0.009198
20663    0.013407
20715    0.008996
20716    0.005296
20771    0.011460
20782    0.007319
20796    0.007241
20803    0.002661
20824    0.005410
20844    0.002799
20848    0.003480
20868    0.002956
20874    0.013407
20876    0.013407
20986    0.007766
20994    0.069184
21003    0.007400
21005    0.004284
21018    0.007668
21019    0.010762
21085    0.005268
21086    0.018879
21087    0.007799
21115    0.003145
21134    0.009424
21243    0.030400
21247    0.005831
21266    0.003626
21290    0.009748
21297    0.009198
