322
267    0.006310
314    0.006010
437    0.009662
447    0.006392
449    0.006915
450    0.006435
453    0.006915
457    0.011686
523    0.006392
583    0.007949
595    0.008136
980    0.014400
981    0.014400
1105    0.055443
1106    0.014400
1123    0.012140
1204    0.004987
1451    0.003428
1480    0.006710
1677    0.005875
1681    0.011816
1686    0.007085
1699    0.001710
1779    0.009879
1945    0.008342
1970    0.022206
1972    0.007696
2045    0.014400
2102    0.003604
2156    0.116235
2157    0.086962
2192    0.008970
2226    0.021807
2281    0.005601
2297    0.006192
2321    0.007269
2522    0.009287
2555    0.010396
2689    0.009466
2713    0.008236
2747    0.006614
2765    0.034643
2867    0.017626
2920    0.006351
2929    0.009662
3138    0.014400
3473    0.005074
3583    0.003158
3593    0.012438
3713    0.034677
3715    0.007027
3743    0.008614
3745    0.006351
3880    0.012974
3888    0.008040
3942    0.006192
4023    0.003593
4025    0.008695
4071    0.009123
4115    0.012974
4141    0.006118
4171    0.010396
4240    0.002951
4371    0.011548
4398    0.016683
4501    0.010979
4522    0.006118
4550    0.010713
4650    0.006810
4696    0.038650
4771    0.008695
4778    0.007619
4856    0.011548
4890    0.008970
4907    0.009287
4913    0.010713
5015    0.012140
5057    0.009879
5082    0.007206
5096    0.011319
5098    0.014400
5152    0.005908
5199    0.014400
5209    0.007085
5210    0.014400
5212    0.004987
5232    0.007861
5515    0.003907
5532    0.007208
5548    0.006435
5584    0.007402
5614    0.009890
5625    0.011089
5719    0.012271
5879    0.005572
5898    0.006810
5977    0.003894
6130    0.008040
6202    0.008695
6219    0.011089
6251    0.006970
6403    0.007027
6413    0.014400
6630    0.006810
6707    0.004884
6719    0.004844
6841    0.008136
6842    0.012140
6940    0.014538
6984    0.004292
7168    0.008597
7171    0.014400
7180    0.006810
7456    0.004864
7486    0.005211
7489    0.008828
7493    0.006710
7619    0.009031
7623    0.016472
7644    0.006915
7725    0.007861
7802    0.003818
7804    0.014400
7833    0.003692
7856    0.008828
7930    0.007472
7973    0.009287
8078    0.002896
8099    0.008970
8446    0.003907
8500    0.003167
8533    0.004766
8534    0.004637
8624    0.011883
8639    0.011088
8783    0.009494
8981    0.009123
9068    0.008695
9155    0.019983
9156    0.019758
9168    0.007696
9209    0.006567
9282    0.004307
9518    0.006128
10028    0.011548
10105    0.004104
10146    0.006915
10197    0.014400
10290    0.004987
10354    0.005141
10420    0.005780
10491    0.006118
10525    0.006435
10605    0.004322
10609    0.008970
10627    0.018245
10668    0.040555
10672    0.028800
10676    0.016080
10677    0.009287
10708    0.014400
10709    0.014400
10714    0.004987
10773    0.004904
10787    0.014400
10837    0.004532
11090    0.007334
11146    0.014414
11148    0.014400
11181    0.003983
11213    0.004584
11236    0.008453
11239    0.016906
11255    0.009879
11303    0.011548
11417    0.009466
11502    0.010122
11581    0.011622
11747    0.005358
11757    0.004824
11819    0.010122
12005    0.002896
12020    0.028800
12049    0.017940
12095    0.005749
12109    0.006435
12110    0.003894
12133    0.007861
12358    0.035880
12421    0.046743
12735    0.007027
12770    0.009879
12791    0.014400
12818    0.006568
12987    0.002067
13014    0.003167
13070    0.006970
13092    0.014400
13093    0.014400
13106    0.029638
13107    0.041585
13109    0.009123
13110    0.046191
13179    0.005358
13257    0.010713
13274    0.011548
13300    0.009662
13319    0.004691
13348    0.005875
13353    0.005572
13361    0.005908
13440    0.012140
13446    0.014400
13470    0.006661
13499    0.009123
13501    0.010976
13628    0.012140
13651    0.012140
13921    0.007085
14047    0.008828
14130    0.006118
14142    0.014400
14169    0.008970
14183    0.010122
14316    0.004710
14425    0.010165
14511    0.012140
14742    0.001470
14743    0.008342
14841    0.028800
14868    0.007777
14943    0.008453
15224    0.012140
15272    0.014400
15279    0.014400
15335    0.008571
15451    0.016683
15540    0.009466
15591    0.006155
15623    0.005517
15656    0.007619
15779    0.007027
15821    0.006231
15830    0.007206
15862    0.014400
15874    0.006810
16024    0.007696
16069    0.012140
16136    0.009123
16143    0.020243
16205    0.007472
16237    0.003957
16321    0.005308
16390    0.028800
16585    0.005860
16860    0.014400
16890    0.006614
16907    0.004010
17027    0.023927
17029    0.006351
17032    0.015897
17052    0.006435
17054    0.007619
17067    0.005942
17115    0.007144
17195    0.014400
17263    0.011089
17264    0.028987
17407    0.004637
17484    0.004801
17531    0.004104
17594    0.014400
17632    0.007619
17769    0.009662
17854    0.012702
18082    0.012309
18098    0.005749
18146    0.007696
18158    0.005384
18167    0.004432
18176    0.011548
18182    0.002221
18282    0.002233
18340    0.005875
18544    0.009466
18566    0.009466
18652    0.007476
18668    0.006478
19138    0.009879
19186    0.014400
19226    0.003418
19278    0.002583
19322    0.012140
19370    0.004584
19426    0.002828
19748    0.043201
19785    0.003970
19817    0.005629
19820    0.009727
19844    0.002694
20039    0.011548
20221    0.014400
20230    0.011089
20233    0.007085
20260    0.002448
20456    0.012140
20481    0.006810
20620    0.012876
20624    0.021433
20626    0.005908
20803    0.002858
20852    0.011548
20927    0.003488
20946    0.065989
20947    0.088709
20978    0.006614
20983    0.004499
21063    0.008136
21113    0.006862
21115    0.003378
21247    0.002088
21290    0.005235
