96
479    0.027755
646    0.041750
868    0.035723
961    0.039249
1128    0.031576
1451    0.014485
1699    0.007226
1725    0.057559
1741    0.011405
1746    0.037330
1839    0.034382
2047    0.017286
2173    0.018138
2216    0.028779
2396    0.016405
3397    0.024692
3451    0.023084
3567    0.028637
3574    0.024692
3647    0.017171
3792    0.038553
4099    0.029000
4135    0.025700
4137    0.014828
4390    0.048588
4450    0.016510
4522    0.025854
4697    0.022328
5079    0.019904
5414    0.021728
5416    0.046861
5515    0.016510
5918    0.036747
5995    0.033221
6562    0.035253
6596    0.015322
6613    0.019983
6738    0.024558
6828    0.044864
6984    0.018138
7148    0.051303
7497    0.036747
7523    0.023430
7531    0.015798
8596    0.016146
9209    0.013877
9214    0.027951
9424    0.052020
9484    0.023548
10106    0.028151
10612    0.031576
10837    0.009577
11051    0.059881
11201    0.014402
11362    0.109658
11757    0.020387
11841    0.010043
11958    0.024558
12050    0.042775
12191    0.030193
12252    0.040005
12273    0.019154
12365    0.022752
12659    0.020555
12684    0.012809
12999    0.010018
13589    0.060857
14713    0.041750
15497    0.020387
15912    0.062802
15939    0.030193
16214    0.043936
16237    0.033449
16409    0.030452
16585    0.003538
16628    0.082692
16649    0.074905
16678    0.034382
16735    0.036220
17094    0.029000
17105    0.017641
17313    0.027564
17628    0.051303
17629    0.060857
17846    0.027377
18003    0.023198
18098    0.024294
18138    0.025254
18160    0.033591
18888    0.020387
19169    0.024425
19512    0.033591
19543    0.043073
19773    0.015276
19822    0.033221
20260    0.015520
