82
479    0.032570
887    0.051557
1619    0.048993
1740    0.026080
1814    0.045240
2744    0.019128
3451    0.027089
3635    0.029806
3647    0.020149
3790    0.028208
3850    0.026201
4099    0.034030
4137    0.052200
4390    0.028508
4890    0.044484
5075    0.012426
5414    0.025497
5484    0.041920
5515    0.038748
5535    0.034567
5656    0.053130
5657    0.054991
5998    0.037782
6085    0.028208
6613    0.046899
6738    0.028818
7865    0.120406
8167    0.043122
8729    0.081689
9319    0.038167
9523    0.029300
9664    0.023924
9836    0.071413
9936    0.034567
9965    0.047918
10106    0.033034
11062    0.068590
11207    0.025611
11561    0.043780
12005    0.014362
12191    0.106290
12675    0.022064
12999    0.023512
13162    0.042503
13388    0.026957
13886    0.017819
13909    0.028208
14065    0.008437
15435    0.057268
15497    0.023924
15912    0.018424
15952    0.023731
16389    0.128681
16628    0.064691
16629    0.041368
16649    0.058599
16679    0.071413
16724    0.024838
16734    0.028649
17126    0.060203
17182    0.046945
17524    0.028061
17607    0.071413
17875    0.029136
18282    0.011071
18435    0.025273
19050    0.042503
19112    0.038568
19204    0.028357
19309    0.028061
19370    0.022733
19670    0.045240
19773    0.017926
20027    0.071413
20460    0.025384
20587    0.090473
20588    0.038984
20901    0.022145
20977    0.041920
21111    0.029806
21120    0.022907
21126    0.038568
