267
435    0.010530
479    0.007710
716    0.009331
887    0.012204
1262    0.013871
1424    0.021418
1425    0.016111
1477    0.006090
1619    0.011597
1698    0.009172
1699    0.004014
1707    0.006231
1712    0.005956
1740    0.006174
1814    0.010709
1862    0.006891
1918    0.007097
1919    0.005930
1922    0.009923
1941    0.005423
1946    0.008533
2041    0.016905
2047    0.014405
2048    0.027139
2093    0.005056
2102    0.008461
2172    0.007935
2216    0.007994
2344    0.008165
2394    0.010208
2396    0.009114
2567    0.009792
2593    0.015230
2609    0.006444
3050    0.004691
3393    0.015753
3396    0.016989
3397    0.027436
3400    0.026831
3451    0.006412
3563    0.005321
3571    0.006231
3606    0.010530
3644    0.009792
3647    0.004770
3686    0.007820
3743    0.010112
3850    0.006202
3862    0.007182
3886    0.007710
4130    0.007764
4137    0.024713
4176    0.008944
4251    0.016905
4390    0.006748
4461    0.018870
4890    0.010530
4947    0.014251
4953    0.012577
4982    0.011113
5010    0.009669
5043    0.009950
5074    0.005618
5075    0.002941
5093    0.006975
5162    0.016905
5248    0.008610
5352    0.006174
5414    0.006036
5415    0.006117
5440    0.013149
5578    0.006412
5657    0.013017
5658    0.016905
5759    0.042753
5821    0.011882
5975    0.010369
6056    0.016918
6085    0.020032
6086    0.010363
6365    0.005573
6372    0.008047
6425    0.008771
6613    0.011102
6618    0.046389
6707    0.005733
6738    0.027286
6808    0.008387
6844    0.006575
6955    0.010363
6984    0.005038
7039    0.008610
7050    0.011343
7097    0.013017
7141    0.007554
7168    0.003364
7343    0.007935
7408    0.017887
7466    0.011913
7508    0.007554
7531    0.008776
7631    0.026850
7644    0.008118
7753    0.013847
7802    0.002241
7865    0.028502
7930    0.017542
7934    0.015230
8081    0.011343
8159    0.008183
8167    0.010208
8581    0.014993
8729    0.038674
8768    0.016905
8774    0.007269
8822    0.020727
8981    0.010709
9002    0.007820
9003    0.006202
9005    0.008944
9152    0.008183
9153    0.006231
9209    0.003855
9282    0.005056
9325    0.014251
9418    0.009438
9424    0.021675
9486    0.020122
9510    0.006036
9517    0.003943
9523    0.013871
9644    0.007097
9651    0.016905
9664    0.005663
9743    0.011882
9798    0.004738
9916    0.011597
10105    0.004818
10261    0.004231
10837    0.002660
10892    0.003780
11062    0.016236
11063    0.010902
11087    0.011810
11090    0.008610
11201    0.004000
11355    0.026283
11546    0.015230
11561    0.010363
11570    0.005281
11744    0.010112
11841    0.013949
12191    0.050321
12230    0.005242
12319    0.027993
12642    0.018877
12643    0.013556
12684    0.010674
12873    0.009792
12927    0.005710
12999    0.005566
13298    0.007657
13361    0.006936
13434    0.004605
13606    0.011113
13647    0.004485
13886    0.008436
13909    0.006677
13939    0.009937
14065    0.017974
14135    0.009669
14305    0.007710
14425    0.003977
14489    0.039051
14536    0.007315
14537    0.004754
14742    0.001726
14769    0.007876
14773    0.008610
14863    0.016111
14865    0.006541
14955    0.014251
15009    0.008387
15037    0.009669
15082    0.010902
15140    0.009261
15160    0.018187
15229    0.015420
15436    0.016905
15488    0.006508
15497    0.005663
15623    0.006476
15712    0.005402
15715    0.012577
15952    0.011235
15982    0.022686
16237    0.009291
16269    0.008055
16389    0.015230
16585    0.001965
16628    0.045940
16649    0.013871
16724    0.005880
16729    0.008265
16766    0.006575
16815    0.009438
17183    0.014251
17253    0.010363
17529    0.006476
17530    0.011113
17647    0.016905
17669    0.004012
17814    0.005507
17817    0.007876
17846    0.007605
18167    0.002601
18182    0.002608
18277    0.011343
18436    0.010061
18449    0.012577
18450    0.011597
18670    0.005880
18722    0.030461
18758    0.011882
18760    0.016905
18882    0.003646
18883    0.005185
18901    0.023459
19094    0.014251
19095    0.008944
19106    0.007504
19177    0.029103
19204    0.013425
19366    0.002349
19370    0.016144
19409    0.015230
19464    0.004722
19507    0.009923
19640    0.006975
19670    0.010709
19773    0.004243
19833    0.016905
19844    0.001581
19876    0.014251
19986    0.012204
20090    0.002868
20460    0.012018
20587    0.007139
20588    0.018456
20768    0.003977
20803    0.003355
20807    0.007269
20859    0.008689
20868    0.029820
20901    0.005242
20915    0.008944
20956    0.006713
20977    0.009923
21059    0.012204
21118    0.006541
21120    0.010845
21122    0.005551
21126    0.009130
21146    0.007015
21150    0.001928
21266    0.004571
21296    0.008459
