134
567    0.026590
1677    0.015434
1845    0.018311
1947    0.020881
1949    0.012673
2084    0.013214
2093    0.011315
2236    0.021637
2243    0.029130
2688    0.013214
2737    0.025983
2744    0.010133
2793    0.026590
2857    0.014420
3009    0.021637
3297    0.014420
3567    0.008901
3820    0.021373
4023    0.009439
4130    0.017375
4240    0.015503
4516    0.016369
4522    0.016071
4636    0.017499
4724    0.045030
4934    0.037830
4984    0.068166
5010    0.021637
5074    0.012571
5484    0.022206
5495    0.007257
5567    0.010638
5656    0.028145
5820    0.017018
5821    0.026590
6365    0.012471
6598    0.009760
6705    0.012830
6758    0.008250
6761    0.010363
6762    0.014638
7142    0.016577
7166    0.031042
7425    0.048796
7802    0.005015
8025    0.020725
8078    0.007608
8186    0.018768
8218    0.018380
8500    0.008319
9764    0.028145
9798    0.010603
10074    0.010854
10409    0.023565
10942    0.063886
11083    0.037830
11118    0.015698
11178    0.013752
11180    0.016964
11213    0.012042
11340    0.036623
11570    0.011818
12166    0.014076
12307    0.057181
12519    0.009030
12675    0.070126
12765    0.011818
12987    0.005430
12999    0.012455
13014    0.008319
13311    0.016577
13351    0.008875
13355    0.008799
13501    0.019223
13610    0.025953
13910    0.010396
14014    0.018612
14065    0.008938
14359    0.018167
14421    0.030336
14485    0.013944
14527    0.019628
14604    0.008093
14718    0.026590
14742    0.007723
14743    0.043828
15551    0.013690
15573    0.029130
16014    0.023965
16145    0.037830
16432    0.014638
16585    0.010996
16657    0.033809
16724    0.013158
17067    0.015609
17075    0.029425
17079    0.018612
17293    0.027311
17643    0.035063
18182    0.005836
18383    0.011774
18435    0.013388
18652    0.019640
18882    0.008160
18883    0.011603
18904    0.018459
19043    0.031393
19066    0.034083
19085    0.018167
19200    0.022843
19223    0.013690
19266    0.010966
19309    0.014865
19366    0.005258
19416    0.012883
19484    0.027311
19546    0.018311
19608    0.023965
19613    0.037830
20090    0.006418
20228    0.018027
20464    0.034065
20484    0.028145
20587    0.047926
20601    0.026203
20620    0.011275
20695    0.016472
20716    0.014943
21005    0.012088
21115    0.008875
21120    0.012135
21150    0.021568
21307    0.024649
21310    0.046048
