34
161    0.082096
887    0.140350
961    0.125378
1740    0.070996
3845    0.106124
3850    0.071325
4324    0.067616
5535    0.094100
5578    0.073742
6613    0.063834
6738    0.156896
6844    0.075607
10105    0.055405
10837    0.030593
10843    0.163886
11201    0.046005
12191    0.096449
12855    0.044961
13311    0.085186
13580    0.047367
13756    0.119179
14065    0.022967
15160    0.069719
15716    0.102852
16214    0.140350
16628    0.176104
16705    0.050937
16729    0.031683
16735    0.115703
16815    0.108541
16973    0.149696
18435    0.068798
19409    0.175149
20868    0.042866
