288
161    0.007208
207    0.013144
211    0.012699
227    0.009888
231    0.009888
246    0.005887
298    0.010159
299    0.013144
354    0.011453
435    0.010633
468    0.012323
469    0.005313
479    0.007785
568    0.013144
630    0.009219
666    0.007296
725    0.013688
749    0.009763
801    0.011998
868    0.010020
879    0.012323
896    0.010307
962    0.011710
990    0.011009
1097    0.005718
1184    0.015156
1238    0.014390
1240    0.016239
1477    0.006149
1490    0.004587
1514    0.007628
1590    0.012699
1698    0.004631
1699    0.004054
1740    0.006234
1775    0.012323
1943    0.008469
2047    0.009697
2048    0.006851
2120    0.005413
2143    0.012699
2344    0.004123
2386    0.013688
2396    0.004601
2565    0.009123
2745    0.005070
2801    0.009530
3050    0.004737
3191    0.009123
3338    0.007432
3397    0.020778
3451    0.038849
3484    0.010159
3563    0.005372
3579    0.012699
3647    0.009632
3675    0.007166
3706    0.008857
3711    0.013688
3726    0.005963
3734    0.007731
3761    0.023995
3792    0.010814
3835    0.011453
3845    0.027955
3850    0.006263
4099    0.024402
4122    0.014390
4130    0.007840
4137    0.016636
4176    0.009031
4260    0.006177
4324    0.011874
4385    0.037688
4389    0.008942
4390    0.020443
4416    0.011710
4450    0.004631
4461    0.006351
4656    0.008197
5075    0.005940
5132    0.020614
5248    0.017388
5414    0.012189
5433    0.014390
5487    0.007296
5511    0.010307
5515    0.009262
5532    0.004272
5535    0.008262
5578    0.006475
5763    0.009644
5865    0.007679
5977    0.004616
5995    0.009318
6056    0.008541
6244    0.010814
6372    0.012189
6610    0.008857
6613    0.011210
6738    0.020664
6769    0.017548
6844    0.006639
6880    0.010020
6888    0.010633
7065    0.013688
7097    0.006572
7117    0.022883
7192    0.007296
7194    0.006475
7351    0.005887
7466    0.006014
7571    0.006673
7753    0.004661
7910    0.010465
7932    0.010465
8107    0.003903
8159    0.008262
8167    0.010307
8228    0.010465
8448    0.009530
8473    0.011221
8528    0.009530
8594    0.006572
8812    0.037688
8944    0.012699
8984    0.006707
9026    0.012699
9209    0.007785
9364    0.005718
9411    0.003241
9424    0.007296
9430    0.012699
9431    0.011710
9454    0.004948
9484    0.013210
9510    0.006094
9517    0.003982
9518    0.007264
9523    0.021010
9664    0.011437
10105    0.009730
10106    0.007896
10140    0.010826
10261    0.008544
10483    0.026288
10487    0.013144
10837    0.005372
10840    0.005813
10888    0.019776
10892    0.007633
10897    0.009964
11062    0.016395
11085    0.013144
11098    0.035769
11201    0.004039
11468    0.005988
11550    0.025399
11578    0.013144
11695    0.012699
11744    0.010211
11782    0.004234
11841    0.002817
11858    0.009318
11881    0.028780
11947    0.008469
12077    0.013144
12191    0.008469
12220    0.013144
12230    0.005293
12252    0.022442
12273    0.016117
12415    0.005254
12684    0.003593
12855    0.007896
12904    0.013417
12907    0.013702
12947    0.007577
12949    0.007480
12999    0.002810
13050    0.004311
13162    0.020319
13357    0.004780
13434    0.001550
13580    0.004159
13787    0.010307
13939    0.005017
14065    0.016133
14089    0.011453
14200    0.014591
14425    0.008032
14538    0.006964
14742    0.001742
14947    0.011710
15080    0.008072
15160    0.030608
15216    0.006507
15299    0.020018
15466    0.006014
15601    0.006234
15623    0.013078
15820    0.005912
15907    0.020567
15912    0.008808
15952    0.005672
15955    0.007577
16048    0.009031
16116    0.005070
16128    0.011009
16259    0.008134
16321    0.006292
16337    0.009318
16484    0.009123
16521    0.007785
16585    0.007938
16628    0.023194
16629    0.019776
16632    0.030921
16649    0.042020
16678    0.009644
16705    0.004472
16885    0.007840
17105    0.019792
17117    0.004171
17144    0.007697
17221    0.008694
17313    0.007731
17325    0.010020
17345    0.007679
17363    0.013144
17560    0.010633
17658    0.012323
17669    0.004051
17821    0.006014
17851    0.012323
17857    0.009123
17874    0.011453
17875    0.013929
17877    0.010307
18005    0.004350
18026    0.012699
18182    0.002633
18190    0.015680
18204    0.008774
18277    0.011453
18282    0.002646
18383    0.005313
18448    0.013144
18454    0.010465
18556    0.013144
18670    0.005937
18694    0.013688
18706    0.009888
18717    0.006234
18758    0.011998
19037    0.014086
19043    0.004722
19063    0.011453
19112    0.009219
19226    0.004051
19261    0.005105
19278    0.003062
19433    0.006443
19460    0.003959
19512    0.009422
19525    0.012323
19543    0.006041
19670    0.010814
19773    0.004285
19844    0.001597
20090    0.002896
20112    0.014390
20260    0.001451
20281    0.006177
20460    0.018202
20505    0.010307
20666    0.012699
20695    0.007432
20706    0.012323
20851    0.010814
20894    0.004706
20899    0.018636
20901    0.005293
21011    0.008774
21083    0.007124
21119    0.008329
21145    0.012323
21266    0.004616
