280
161    0.007407
207    0.013506
211    0.013049
227    0.010161
231    0.010161
246    0.006049
298    0.010439
299    0.013506
354    0.011769
435    0.010926
468    0.012663
469    0.005459
479    0.008000
568    0.013506
630    0.009473
666    0.007497
725    0.014066
801    0.012328
868    0.010296
879    0.012663
896    0.010591
962    0.012033
990    0.011312
1097    0.005876
1184    0.010382
1238    0.014787
1240    0.016687
1477    0.006319
1490    0.004713
1514    0.007838
1590    0.013049
1699    0.002083
1740    0.006406
1775    0.012663
1943    0.008702
2047    0.009964
2048    0.007040
2120    0.005562
2143    0.013049
2215    0.010926
2344    0.004236
2386    0.014066
2396    0.004728
2565    0.009374
2745    0.005209
2801    0.009793
3050    0.004868
3191    0.009374
3338    0.007637
3397    0.021351
3451    0.039920
3484    0.010439
3563    0.005521
3579    0.013049
3614    0.014787
3647    0.009898
3675    0.007364
3706    0.009101
3711    0.014066
3726    0.006127
3734    0.007945
3761    0.012328
3792    0.011112
3835    0.011769
3845    0.028725
3850    0.006435
4099    0.016717
4122    0.014787
4130    0.008056
4137    0.017095
4176    0.009280
4260    0.006347
4324    0.012201
4385    0.048409
4389    0.009189
4390    0.021006
4416    0.012033
4461    0.006526
4656    0.008423
5075    0.006104
5132    0.021183
5248    0.017867
5414    0.012525
5433    0.014787
5487    0.007497
5511    0.010591
5515    0.009517
5532    0.004390
5535    0.008490
5578    0.006653
5763    0.009910
5865    0.007891
5977    0.004743
5995    0.009575
6056    0.008777
6244    0.011112
6372    0.012525
6610    0.009101
6613    0.011519
6738    0.028312
6769    0.018032
6844    0.006822
6880    0.010296
7065    0.014066
7117    0.023514
7194    0.006653
7406    0.009189
7466    0.006180
7571    0.006857
7753    0.004789
7910    0.010753
7932    0.010753
8107    0.004011
8159    0.008490
8167    0.010591
8228    0.010753
8473    0.011530
8528    0.009793
8812    0.038727
8984    0.006892
9026    0.013049
9209    0.011999
9364    0.005876
9411    0.003330
9424    0.007497
9430    0.013049
9431    0.012033
9484    0.013574
9510    0.006262
9517    0.004092
9518    0.007464
9523    0.021589
9664    0.011752
10105    0.009998
10106    0.008114
10140    0.005562
10261    0.008779
10483    0.027013
10487    0.013506
10837    0.005521
10840    0.005973
10888    0.020321
10892    0.007844
10897    0.010239
11062    0.016847
11085    0.013506
11098    0.045944
11201    0.008302
11468    0.006153
11528    0.005805
11550    0.026099
11578    0.013506
11695    0.013049
11744    0.005246
11782    0.004350
11841    0.002895
11858    0.009575
11881    0.029573
11947    0.008702
12077    0.013506
12191    0.008702
12220    0.013506
12230    0.005439
12252    0.023061
12273    0.016562
12415    0.005399
12684    0.003692
12855    0.008113
12904    0.013787
12907    0.014079
12947    0.007786
12949    0.007686
12999    0.002887
13050    0.004430
13162    0.020879
13357    0.004912
13434    0.001593
13580    0.004274
13787    0.010591
13939    0.005155
14065    0.014505
14089    0.011769
14200    0.014993
14425    0.008254
14538    0.007156
14742    0.001790
14947    0.012033
15080    0.008295
15160    0.031452
15216    0.006686
15299    0.020570
15466    0.006180
15601    0.006406
15623    0.013439
15820    0.006075
15907    0.021134
15912    0.009050
15952    0.005829
15955    0.007786
16048    0.009280
16116    0.005209
16128    0.011312
16259    0.008358
16321    0.006465
16337    0.009575
16484    0.009374
16521    0.008000
16585    0.006118
16628    0.023834
16629    0.020321
16632    0.042365
16649    0.043179
16678    0.009910
16705    0.004596
17105    0.020338
17117    0.004286
17144    0.007910
17221    0.008934
17313    0.007945
17325    0.010296
17345    0.007891
17363    0.013506
17560    0.010926
17658    0.012663
17669    0.004163
17821    0.006180
17851    0.012663
17857    0.009374
17874    0.011769
17875    0.014313
17877    0.010591
18005    0.004470
18026    0.013049
18182    0.002706
18190    0.016112
18204    0.009016
18277    0.011769
18282    0.002719
18383    0.005459
18448    0.013506
18454    0.010753
18556    0.013506
18670    0.006101
18694    0.014066
18706    0.010161
18717    0.012811
18758    0.012328
19037    0.014474
19043    0.004852
19063    0.011769
19112    0.009473
19157    0.017540
19226    0.004163
19261    0.005246
19278    0.003147
19433    0.006621
19460    0.004068
19512    0.009682
19525    0.012663
19543    0.006207
19670    0.011112
19844    0.001641
20090    0.002976
20112    0.014787
20260    0.001491
20281    0.006347
20460    0.018704
20505    0.010591
20666    0.013049
20695    0.007637
20706    0.012663
20851    0.011112
20894    0.004836
20899    0.009575
20901    0.005439
21011    0.009016
21083    0.007321
21119    0.008559
21145    0.012663
21266    0.004743
