126
335    0.024342
485    0.026027
1157    0.013162
1184    0.010959
1333    0.026733
1451    0.008814
1661    0.031216
1737    0.037029
1916    0.023066
2173    0.011036
2278    0.015024
2333    0.107251
2334    0.072376
2336    0.027549
2458    0.035290
2547    0.026027
2817    0.037029
3583    0.016240
3897    0.016438
4571    0.018692
4611    0.023881
4697    0.013586
5075    0.012886
5420    0.093649
5480    0.034257
5485    0.017007
5626    0.015731
6171    0.019998
6330    0.152422
6331    0.074058
6365    0.024414
6460    0.132019
6463    0.082647
7338    0.031216
7456    0.012507
7524    0.031767
7571    0.014475
7631    0.014704
7634    0.043472
7802    0.004909
7850    0.029694
7856    0.022701
7935    0.017381
7967    0.019033
8116    0.008031
8233    0.014185
8417    0.012405
8469    0.037029
8500    0.016285
8596    0.019649
10175    0.014401
10542    0.026027
10892    0.008279
11103    0.004201
11218    0.007922
11360    0.033362
11383    0.017381
11619    0.029694
11857    0.018529
11966    0.015923
12064    0.044111
12519    0.008839
12659    0.012507
12765    0.011568
12866    0.021736
13014    0.008142
13198    0.018371
13357    0.005185
13434    0.003362
13451    0.032875
13466    0.043313
13472    0.017007
13599    0.033362
13654    0.029694
13937    0.055098
14323    0.012935
14339    0.028513
14341    0.033544
14342    0.020674
14343    0.015278
14449    0.082647
14513    0.026733
14742    0.003780
15006    0.018692
15070    0.019591
15207    0.019033
15410    0.015108
15551    0.013400
15706    0.023066
16234    0.024342
16432    0.014328
16443    0.026027
16509    0.012770
16562    0.021179
16585    0.006458
16907    0.010310
17093    0.017783
17529    0.014185
17531    0.010553
18615    0.074058
18619    0.009524
18795    0.024342
18810    0.049692
19084    0.017645
19177    0.010625
19426    0.014545
19464    0.010344
19518    0.018692
19523    0.039182
19529    0.016888
19652    0.019998
19662    0.020674
19844    0.003464
20062    0.029694
20233    0.018218
20260    0.003148
20803    0.044096
20848    0.009612
21003    0.020439
21150    0.004222
21198    0.066723
21243    0.016792
21247    0.016104
21306    0.014550
21307    0.036191
21308    0.023458
