278
161    0.007370
207    0.013439
211    0.012984
227    0.010110
231    0.010110
246    0.006019
298    0.010387
299    0.013439
354    0.011711
435    0.010871
468    0.012600
469    0.005432
479    0.007960
568    0.013439
630    0.009426
666    0.007459
725    0.013996
801    0.012267
868    0.010245
879    0.012600
887    0.012600
896    0.010538
962    0.011973
990    0.011256
1097    0.005847
1184    0.010330
1238    0.014713
1240    0.016604
1477    0.006287
1490    0.004690
1514    0.007799
1590    0.012984
1699    0.002072
1740    0.006374
1775    0.012600
1943    0.008659
2047    0.009915
2048    0.007005
2120    0.005535
2143    0.012984
2215    0.010871
2344    0.004215
2386    0.013996
2396    0.004705
2565    0.009328
2745    0.005183
2801    0.009744
3050    0.004844
3191    0.009328
3338    0.007599
3397    0.021244
3451    0.039721
3484    0.010387
3563    0.005493
3579    0.012984
3611    0.009744
3647    0.009849
3675    0.007327
3706    0.009055
3711    0.013996
3726    0.006096
3734    0.007905
3761    0.012267
3835    0.011711
3845    0.028582
3850    0.006403
4099    0.016633
4122    0.014713
4130    0.008016
4137    0.017010
4176    0.009234
4260    0.006316
4324    0.012140
4385    0.048167
4389    0.009143
4390    0.020901
4416    0.011973
4461    0.006494
4656    0.008381
5132    0.021077
5248    0.017778
5414    0.006231
5433    0.014713
5487    0.007459
5511    0.010538
5515    0.004735
5532    0.004368
5535    0.008448
5578    0.006620
5763    0.009860
5865    0.007851
5977    0.004720
5995    0.009527
6056    0.008733
6244    0.011056
6372    0.012462
6610    0.009055
6613    0.011461
6738    0.035213
6769    0.017942
6844    0.006788
6880    0.010245
7065    0.013996
7117    0.023396
7194    0.006620
7466    0.006149
7571    0.006823
7753    0.004765
7910    0.010699
7932    0.010699
8107    0.003991
8159    0.008448
8167    0.010538
8228    0.010699
8473    0.011473
8528    0.009744
8812    0.038534
8984    0.006858
9026    0.012984
9209    0.011939
9364    0.005847
9411    0.003313
9424    0.007459
9430    0.012984
9431    0.011973
9484    0.013506
9510    0.006231
9517    0.004071
9518    0.007427
9523    0.021482
9664    0.011694
10105    0.009948
10106    0.008073
10140    0.005535
10261    0.008736
10483    0.026878
10487    0.013439
10837    0.008240
10840    0.011887
10888    0.020220
10892    0.007804
10897    0.005094
11062    0.016763
11085    0.013439
11098    0.045715
11201    0.012390
11468    0.006123
11528    0.005777
11550    0.025969
11578    0.013439
11695    0.012984
11744    0.005220
11782    0.004329
11841    0.002880
11858    0.009527
11881    0.029426
11947    0.008659
12077    0.026878
12191    0.008659
12220    0.013439
12230    0.005412
12252    0.022946
12273    0.016479
12415    0.005372
12684    0.003673
12855    0.008073
12904    0.013719
12907    0.014009
12947    0.007747
12949    0.007648
12999    0.002873
13050    0.004407
13162    0.020775
13357    0.004887
13434    0.001585
13580    0.004252
13787    0.010538
13939    0.005129
14065    0.016495
14089    0.011711
14200    0.014919
14425    0.008213
14538    0.007121
14742    0.001781
14947    0.011973
15080    0.008253
15160    0.031295
15216    0.006653
15299    0.020468
15466    0.006149
15601    0.006374
15623    0.013372
15712    0.005577
15820    0.006044
15907    0.021029
15912    0.009005
15952    0.005800
15955    0.007747
16048    0.009234
16116    0.005183
16128    0.011256
16259    0.008317
16321    0.006433
16337    0.009527
16484    0.009328
16521    0.007960
16585    0.007102
16628    0.031620
16629    0.020220
16632    0.042154
16649    0.042963
16678    0.009860
16705    0.004573
17105    0.020236
17117    0.004265
17144    0.007870
17221    0.008889
17313    0.007905
17325    0.010245
17345    0.007851
17363    0.013439
17560    0.010871
17658    0.012600
17669    0.004142
17821    0.006149
17851    0.012600
17857    0.009328
17874    0.011711
17875    0.014241
17877    0.010538
18005    0.004448
18026    0.012984
18182    0.002692
18190    0.016032
18204    0.008971
18277    0.011711
18282    0.002706
18383    0.005432
18448    0.013439
18454    0.010699
18556    0.013439
18670    0.006070
18694    0.013996
18706    0.010110
18717    0.012747
18758    0.012267
19037    0.014402
19043    0.004828
19063    0.011711
19112    0.009426
19226    0.004142
19261    0.005220
19278    0.003131
19433    0.006588
19460    0.004048
19512    0.009633
19525    0.012600
19543    0.006176
19670    0.011056
19844    0.001632
20090    0.002961
20112    0.014713
20260    0.001484
20281    0.006316
20460    0.018611
20505    0.010538
20666    0.012984
20695    0.007599
20706    0.012600
20851    0.011056
20894    0.004812
20899    0.009527
20901    0.005412
21011    0.008971
21083    0.007284
21119    0.008516
21145    0.012600
21266    0.004720
