265
161    0.007677
211    0.013524
231    0.010530
246    0.006269
298    0.010819
299    0.013998
354    0.012197
435    0.011323
468    0.013124
469    0.005658
479    0.008291
568    0.013997
630    0.009817
666    0.007769
801    0.012777
851    0.008017
863    0.009096
896    0.010976
962    0.012471
974    0.008730
990    0.011724
997    0.015324
1184    0.010760
1240    0.011529
1425    0.008662
1436    0.013097
1490    0.004884
1514    0.016246
1590    0.013524
1699    0.002158
1741    0.003407
1775    0.013124
1846    0.006350
1943    0.009019
2047    0.005163
2048    0.007296
2102    0.004549
2120    0.005765
2143    0.013524
2344    0.004390
2396    0.004900
2565    0.009715
2943    0.009258
3050    0.005045
3338    0.007915
3397    0.029503
3451    0.020686
3579    0.013524
3611    0.010149
3647    0.010258
3675    0.007631
3761    0.012777
3835    0.012197
3845    0.029770
3850    0.006669
4099    0.017324
4130    0.016698
4137    0.013287
4324    0.012645
4385    0.040135
4389    0.009523
4390    0.021770
4416    0.012471
4501    0.006929
4656    0.008730
4697    0.006669
4871    0.007587
5043    0.002675
5075    0.003163
5115    0.008943
5132    0.021953
5248    0.009258
5515    0.014795
5578    0.006895
5763    0.010270
5924    0.008596
5977    0.009832
5995    0.009923
6056    0.018192
6244    0.011516
6372    0.008653
6538    0.010270
6613    0.011938
6738    0.051348
6769    0.018687
6844    0.014139
6852    0.016378
6879    0.013124
6880    0.010670
6891    0.009176
7117    0.016246
7247    0.015324
7531    0.004719
7602    0.009715
7650    0.006796
7714    0.007915
7753    0.004963
7833    0.004661
7910    0.011144
7932    0.011144
8105    0.008291
8107    0.004157
8159    0.008799
8473    0.011950
8528    0.010149
8812    0.060203
8984    0.007143
9026    0.013524
9209    0.004145
9301    0.008532
9424    0.023308
9430    0.013524
9431    0.012471
9468    0.013524
9484    0.014068
9510    0.006490
9517    0.004240
9518    0.003868
9664    0.006090
9811    0.008799
9838    0.016378
9947    0.004240
10074    0.005216
10105    0.010361
10106    0.008409
10140    0.005765
10261    0.013648
10483    0.013998
10487    0.013998
10837    0.005721
10840    0.012381
10867    0.012197
10888    0.021060
10892    0.008129
10897    0.010611
11062    0.008730
11098    0.038091
11112    0.005045
11201    0.012905
11207    0.006519
11355    0.003533
11468    0.006377
11695    0.013524
11709    0.008596
11782    0.004509
11841    0.003000
11947    0.009019
12071    0.006608
12191    0.009019
12194    0.011724
12220    0.013998
12231    0.012777
12252    0.023899
12273    0.011443
12300    0.004661
12415    0.005596
12853    0.005787
12855    0.008408
12904    0.004763
12907    0.014591
12947    0.016139
12949    0.007965
12999    0.002992
13050    0.004591
13162    0.010819
13228    0.005831
13357    0.005090
13434    0.001651
13466    0.004253
13580    0.004429
13787    0.010976
14065    0.019328
14200    0.007769
14317    0.014577
14323    0.006350
14331    0.009432
14425    0.008554
14538    0.007417
14607    0.006165
14742    0.001856
15054    0.014577
15140    0.004979
15160    0.039115
15216    0.006929
15299    0.021318
15601    0.006639
15623    0.006964
15801    0.007376
15820    0.006296
15855    0.016378
15907    0.016427
15912    0.009379
15955    0.024208
16048    0.009617
16116    0.005399
16128    0.011724
16265    0.008730
16321    0.006700
16337    0.009923
16437    0.007587
16521    0.008291
16585    0.006340
16628    0.049401
16629    0.021060
16632    0.043906
16649    0.044749
16678    0.010270
16705    0.004763
16706    0.009344
16880    0.006243
17033    0.008291
17105    0.021077
17117    0.004442
17144    0.012296
17221    0.018517
17241    0.012197
17560    0.011323
17632    0.009617
17669    0.004314
17670    0.009817
17830    0.006377
17851    0.013124
17857    0.009715
17874    0.012197
17875    0.014833
17877    0.010976
18026    0.013524
18037    0.008470
18190    0.016698
18277    0.012197
18282    0.002818
18296    0.015324
18446    0.008291
18448    0.013998
18556    0.013998
18590    0.013998
18649    0.008470
18670    0.006322
18706    0.010530
18717    0.019916
18758    0.012777
19037    0.015001
19043    0.005028
19052    0.011516
19063    0.012197
19278    0.006522
19433    0.006862
19460    0.004216
19543    0.006433
19773    0.004563
19844    0.001700
19909    0.011724
20260    0.004636
20281    0.006578
20460    0.006461
20505    0.010976
20695    0.007915
20706    0.013124
20783    0.015324
20796    0.009817
20899    0.009923
20901    0.005637
21011    0.009344
21145    0.013124
21266    0.004916
