214
231    0.015184
583    0.014468
620    0.021020
666    0.011203
974    0.012588
1413    0.013731
1646    0.009617
1752    0.011486
1762    0.006721
1862    0.010684
1908    0.039002
1918    0.011004
2143    0.019501
2173    0.007812
2322    0.023616
2344    0.012661
2396    0.007066
2514    0.026212
2633    0.022097
2706    0.007298
2768    0.013350
2857    0.009992
2988    0.014635
3338    0.022826
3341    0.008408
3396    0.008781
3410    0.015386
3451    0.029828
3575    0.012896
3635    0.032820
3647    0.007396
3686    0.012125
3740    0.021020
3845    0.014309
4026    0.024250
4195    0.007066
4324    0.009117
4385    0.043405
4450    0.007111
4457    0.017982
4656    0.025175
4697    0.009617
4875    0.023616
4968    0.026212
4997    0.016605
5079    0.008573
5116    0.015827
5170    0.014156
5207    0.017982
5286    0.022097
5287    0.015600
5352    0.009573
5487    0.011203
5511    0.015827
5515    0.014222
5816    0.016328
5820    0.011792
5851    0.013731
5869    0.014468
5991    0.009617
5998    0.013868
6056    0.013116
6372    0.006239
6379    0.026212
6610    0.013600
6613    0.017214
6705    0.008890
6738    0.010577
6809    0.011203
7048    0.009800
7168    0.005216
7228    0.012688
7629    0.021020
7631    0.010408
7636    0.010815
7744    0.010464
7753    0.007157
7788    0.021020
7802    0.003475
7833    0.006721
7882    0.014635
7989    0.009156
8050    0.020184
8107    0.005994
8181    0.008573
8307    0.019501
8500    0.011528
8536    0.011636
8573    0.012896
8581    0.011624
8812    0.014468
8953    0.020184
8964    0.010354
9003    0.009617
9153    0.009662
9245    0.020184
9325    0.022097
9398    0.008219
9411    0.009952
9424    0.011203
9454    0.007598
9469    0.023616
9517    0.006114
9523    0.010754
9664    0.017562
9798    0.022040
10438    0.026212
10571    0.026212
10773    0.017853
10897    0.007650
10898    0.013600
11026    0.015827
11062    0.012588
11085    0.040368
11098    0.041194
11203    0.009236
11223    0.014992
11244    0.029983
11355    0.010188
11473    0.014809
11537    0.023616
11544    0.021020
11566    0.012213
11571    0.017231
11655    0.014992
11695    0.019501
11806    0.017231
11841    0.004326
11846    0.052423
11872    0.049815
11958    0.010577
12005    0.005272
12231    0.018423
12273    0.008250
12415    0.024206
12591    0.007785
12642    0.014635
12817    0.008927
12818    0.011954
12836    0.014309
12865    0.014992
12904    0.006868
12907    0.010520
12947    0.046542
12963    0.020184
13434    0.002380
13462    0.011560
13580    0.006387
14065    0.009290
14271    0.018924
14284    0.017982
14694    0.021020
15160    0.009400
15165    0.022097
15357    0.026212
15466    0.009236
15907    0.015791
15952    0.017421
15955    0.011636
15983    0.020493
16185    0.026212
16223    0.018423
16308    0.020184
16343    0.023616
16461    0.010754
16501    0.007704
16585    0.013714
16628    0.011872
16629    0.015184
16678    0.014809
16724    0.009117
17099    0.042039
17269    0.015600
17364    0.023616
17531    0.007470
17776    0.018924
17782    0.009196
17819    0.016328
18159    0.010041
18319    0.008781
18326    0.010408
18619    0.006742
18670    0.009117
18717    0.028718
19013    0.017588
19226    0.006221
19261    0.007840
19278    0.009405
19381    0.014468
19455    0.013231
19460    0.006080
19516    0.020184
19640    0.010815
19773    0.006580
19777    0.017588
19792    0.019501
19793    0.023616
19844    0.002452
20275    0.006424
20464    0.007868
20615    0.018924
20629    0.013004
20771    0.011203
20796    0.014156
20901    0.008128
20964    0.016020
21083    0.010940
21118    0.010143
21119    0.012790
21122    0.008607
21150    0.005978
21234    0.017231
21247    0.003800
21290    0.009529
