136
19    0.035624
883    0.025992
1194    0.077812
1204    0.013694
1364    0.016798
1603    0.015869
1661    0.033333
1662    0.019959
1664    0.018160
1682    0.041427
1699    0.004695
1752    0.017326
1846    0.013811
2003    0.031569
2092    0.019139
2147    0.039540
2173    0.011784
2344    0.009549
2539    0.065257
2674    0.027126
2711    0.016698
2744    0.010591
4023    0.009866
4136    0.026531
4198    0.021825
4450    0.021454
4536    0.016503
4730    0.018988
4940    0.035624
4946    0.024630
5020    0.032264
5524    0.020919
5745    0.016132
5773    0.025501
6119    0.035624
6633    0.025501
6761    0.021662
7199    0.012216
7220    0.029417
7303    0.020714
7486    0.014308
7996    0.016798
8078    0.023856
8107    0.009042
8233    0.015147
8271    0.114200
8281    0.019139
8630    0.013587
9395    0.023210
9411    0.007506
9415    0.029417
9488    0.023533
9782    0.023210
9785    0.053061
9816    0.023210
9978    0.024630
10064    0.018160
10251    0.021354
10331    0.021354
10338    0.022614
10350    0.023875
10358    0.020139
10509    0.064528
10510    0.115762
10511    0.026531
10676    0.022076
10689    0.016503
10892    0.008841
11134    0.022339
11180    0.008865
11236    0.023210
11364    0.019959
11399    0.018559
11400    0.025501
11434    0.010866
12300    0.010138
12522    0.025966
12544    0.074236
12904    0.010360
12978    0.017003
12987    0.005675
13014    0.008694
13198    0.019617
13544    0.026531
13601    0.018033
13703    0.025501
13823    0.019453
14028    0.026531
14148    0.035104
14150    0.018160
14326    0.035624
14485    0.014574
14537    0.011119
14604    0.008459
14742    0.004036
14745    0.009067
14917    0.019453
15063    0.011307
15204    0.013139
15556    0.017003
15912    0.010201
15937    0.028546
15991    0.018559
16029    0.015618
16116    0.011743
16585    0.013791
16729    0.006444
16744    0.021584
16926    0.039540
16999    0.027791
17366    0.015072
17374    0.019785
17814    0.012881
17821    0.013932
18003    0.015072
18055    0.018033
18203    0.013139
18270    0.039540
18360    0.039540
18597    0.039540
18619    0.010170
18620    0.018290
18898    0.014998
19043    0.010937
19097    0.015537
19278    0.014187
19370    0.012587
19426    0.007765
19609    0.025501
19817    0.015457
19830    0.016599
20275    0.009691
20323    0.020324
20583    0.018423
20673    0.017438
20844    0.008255
