279
161    0.007208
211    0.012699
231    0.009888
246    0.005887
298    0.010159
299    0.013144
354    0.011453
435    0.010633
468    0.012323
469    0.005313
479    0.007785
568    0.013144
630    0.009219
666    0.007296
801    0.011998
851    0.007528
863    0.008541
896    0.010307
962    0.011710
974    0.008197
990    0.011009
997    0.014390
1184    0.010104
1240    0.010826
1425    0.008134
1436    0.012298
1477    0.012298
1490    0.004587
1514    0.015255
1590    0.012699
1699    0.002027
1740    0.006234
1741    0.003199
1775    0.012323
1846    0.011925
1943    0.008469
2047    0.004848
2048    0.006851
2102    0.004272
2120    0.005413
2143    0.012699
2344    0.004123
2396    0.009203
2565    0.009123
2943    0.008694
3050    0.004737
3338    0.007432
3397    0.027704
3451    0.019425
3579    0.012699
3611    0.009530
3647    0.009632
3675    0.007166
3761    0.011998
3835    0.011453
3845    0.027955
3850    0.012525
4099    0.016268
4130    0.015680
4137    0.012477
4324    0.011874
4385    0.037688
4389    0.008942
4390    0.020443
4416    0.011710
4450    0.004631
4501    0.006507
4522    0.007252
4656    0.008197
4697    0.006263
4871    0.007124
5043    0.002512
5074    0.005672
5075    0.002970
5115    0.008398
5132    0.020614
5248    0.008694
5515    0.013893
5578    0.006475
5763    0.009644
5924    0.008072
5977    0.009232
5995    0.009318
6056    0.017083
6244    0.010814
6372    0.008126
6538    0.009644
6613    0.016815
6738    0.048217
6769    0.017548
6844    0.013277
6852    0.015379
6879    0.012323
6880    0.010020
6891    0.008617
7117    0.015255
7247    0.014390
7531    0.008862
7602    0.009123
7650    0.006382
7714    0.007432
7753    0.004661
7833    0.004377
7910    0.010465
7932    0.010465
8105    0.007785
8107    0.003903
8159    0.008262
8473    0.011221
8528    0.009530
8812    0.056532
8984    0.006707
9026    0.012699
9209    0.003892
9301    0.008012
9424    0.021887
9430    0.012699
9431    0.011710
9468    0.012699
9484    0.013210
9510    0.006094
9517    0.003982
9518    0.003632
9647    0.008694
9664    0.005718
9769    0.009031
9811    0.008262
9838    0.015379
9947    0.003982
10074    0.004898
10105    0.009730
10106    0.007896
10140    0.005413
10261    0.017088
10483    0.013144
10487    0.013144
10605    0.005124
10837    0.005372
10840    0.011626
10867    0.011453
10888    0.019776
10892    0.007633
10897    0.009964
11062    0.008197
11098    0.035769
11112    0.004737
11201    0.012118
11207    0.006122
11355    0.003317
11468    0.005988
11695    0.012699
11709    0.008072
11782    0.004234
11841    0.002817
11947    0.008469
12071    0.006205
12191    0.008469
12194    0.011009
12220    0.013144
12231    0.011998
12252    0.022442
12273    0.010745
12300    0.004377
12415    0.005254
12853    0.005434
12855    0.007896
12904    0.004472
12907    0.013702
12947    0.015155
12949    0.007480
12999    0.002810
13050    0.004311
13162    0.010159
13228    0.005475
13357    0.004780
13434    0.001550
13466    0.003993
13580    0.004159
13787    0.010307
13983    0.009219
14065    0.018149
14200    0.007296
14317    0.013688
14323    0.011925
14331    0.008857
14425    0.008032
14480    0.006926
14538    0.006964
14607    0.005789
14742    0.001742
15054    0.013688
15140    0.004676
15160    0.036730
15216    0.006507
15299    0.020018
15601    0.006234
15623    0.006539
15801    0.006926
15820    0.005912
15855    0.015379
15907    0.015426
15912    0.008808
15955    0.030309
16048    0.009031
16116    0.005070
16128    0.011009
16265    0.008197
16321    0.006292
16337    0.009318
16437    0.007124
16521    0.007785
16585    0.005954
16628    0.046388
16629    0.019776
16632    0.041228
16649    0.042020
16678    0.009644
16705    0.004472
16706    0.008774
16880    0.005862
17033    0.015570
17105    0.019792
17117    0.004171
17144    0.011546
17221    0.017388
17241    0.011453
17560    0.010633
17632    0.009031
17669    0.004051
17670    0.009219
17830    0.005988
17851    0.012323
17857    0.009123
17874    0.011453
17875    0.013929
17877    0.010307
17892    0.011009
18026    0.012699
18037    0.007953
18190    0.015680
18277    0.011453
18282    0.002646
18296    0.014390
18446    0.007785
18448    0.013144
18556    0.013144
18590    0.013144
18619    0.004390
18649    0.007953
18670    0.005937
18706    0.009888
18717    0.018701
18758    0.011998
18879    0.011710
19037    0.014086
19043    0.004722
19052    0.010814
19063    0.011453
19278    0.006124
19433    0.006443
19460    0.003959
19543    0.006041
19773    0.004285
19844    0.001597
19909    0.011009
20251    0.007003
20260    0.004353
20281    0.006177
20460    0.012135
20505    0.010307
20695    0.007432
20706    0.012323
20783    0.014390
20796    0.009219
20899    0.009318
20901    0.005293
21011    0.008774
21145    0.012323
21266    0.004616
