72
477    0.057267
961    0.055044
997    0.071950
1262    0.035017
1477    0.030746
1740    0.031169
1741    0.015994
1944    0.051536
2206    0.048814
2258    0.085348
2943    0.043470
3845    0.046591
3850    0.031313
4324    0.029685
5248    0.043470
5414    0.030472
5415    0.030885
5515    0.023154
5578    0.032374
5988    0.034630
6188    0.065720
6613    0.056049
6738    0.103322
6844    0.033193
8500    0.018767
8622    0.076854
8812    0.047110
9209    0.019461
9364    0.057184
9411    0.016203
9431    0.058552
9711    0.085348
10261    0.021360
10846    0.028592
10850    0.051536
10867    0.057267
10892    0.019083
11062    0.040987
11201    0.020197
11355    0.016587
11473    0.048219
11709    0.040361
11744    0.025527
11841    0.014085
12415    0.026272
12855    0.019739
14065    0.020166
14323    0.029813
14331    0.044283
14742    0.008712
15160    0.030608
15623    0.032695
15712    0.027272
15907    0.025709
15953    0.046093
15955    0.037886
16337    0.046591
16628    0.077314
16629    0.049440
16632    0.051536
16734    0.017119
16885    0.039199
17241    0.057267
17253    0.052323
18649    0.039766
19710    0.053164
19757    0.042343
20910    0.113659
21083    0.035622
21118    0.033025
21146    0.035417
21264    0.035215
