89
370    0.024007
538    0.046060
1091    0.029932
1416    0.027473
1595    0.031647
1681    0.024542
1762    0.015338
1847    0.055339
1943    0.029676
1999    0.039321
2609    0.022802
3575    0.029429
3583    0.013117
3617    0.110012
3619    0.023264
4142    0.028076
4324    0.020805
4328    0.058857
4810    0.025112
5075    0.010408
5079    0.019564
5084    0.055741
5096    0.047019
5327    0.120408
5556    0.022471
5567    0.016821
5695    0.035601
6761    0.032771
6844    0.023264
6939    0.046060
7802    0.007930
7833    0.015338
7989    0.020894
8019    0.014404
8275    0.022690
8421    0.040136
8446    0.016228
8630    0.010277
8816    0.028954
9118    0.018898
9908    0.041037
10451    0.068424
10454    0.078633
11103    0.006786
11180    0.013412
11629    0.084087
11683    0.011268
11798    0.059816
12048    0.023029
12283    0.011779
12551    0.015576
12675    0.073922
12685    0.059816
12855    0.013834
12995    0.029676
12999    0.009847
13320    0.023029
13501    0.015198
13584    0.092239
13585    0.034650
14350    0.032653
14604    0.012797
14745    0.013717
15028    0.036119
15140    0.032771
15354    0.092121
15764    0.083611
15836    0.040136
15912    0.015432
15996    0.043185
16082    0.039321
16116    0.017765
16321    0.022048
16485    0.019411
16501    0.017580
16585    0.010432
17304    0.037260
18167    0.018409
18407    0.043185
18655    0.038228
18668    0.053818
19043    0.016546
20484    0.044502
20534    0.019958
20587    0.025260
20588    0.032653
20629    0.029676
20901    0.018549
21150    0.006821
