109
103    0.018606
166    0.031512
231    0.032694
530    0.041990
961    0.036400
1275    0.028490
1345    0.031512
1436    0.020332
1698    0.015312
1699    0.006702
1740    0.020612
2102    0.014125
2122    0.029284
2206    0.032280
2262    0.041990
2943    0.028746
2985    0.029284
3370    0.045260
3397    0.022900
3451    0.021409
3647    0.015924
3745    0.024891
3850    0.020707
4195    0.015214
4457    0.038720
4461    0.042001
4697    0.020707
4839    0.038720
4954    0.047580
5248    0.057492
5332    0.068160
5532    0.028250
5535    0.027319
6050    0.019221
6056    0.028242
6613    0.018532
6707    0.038283
6719    0.018985
6738    0.068326
7048    0.021101
7192    0.024122
7523    0.021729
7753    0.015411
7987    0.022411
8122    0.056440
8812    0.062307
8813    0.050850
8964    0.022294
9136    0.048842
9179    0.023977
9205    0.041990
9209    0.012870
9242    0.027540
9315    0.041990
9947    0.013166
10431    0.040747
10867    0.037870
11062    0.027104
11201    0.013356
11709    0.026691
11841    0.009314
12415    0.017374
12855    0.013053
12904    0.014788
12949    0.024731
13050    0.014253
13141    0.035755
13482    0.021621
13580    0.013752
13886    0.014083
14065    0.006668
14331    0.029284
14717    0.023556
14874    0.020332
15160    0.020241
15484    0.024270
15623    0.043242
15713    0.026107
15801    0.045800
15952    0.018755
16268    0.032280
16628    0.076690
16629    0.032694
16734    0.011321
16880    0.019382
16883    0.040747
17241    0.037870
18247    0.020902
18294    0.056440
18340    0.023027
18435    0.019974
18717    0.020612
18987    0.042201
19285    0.056440
19366    0.007844
19410    0.010441
19433    0.042610
19462    0.034080
19464    0.015767
19772    0.019221
19844    0.005279
20281    0.020424
20460    0.020062
20728    0.050850
20785    0.019141
21118    0.021839
21120    0.018104
21247    0.008182
21265    0.037870
