163
167    0.023329
191    0.012226
246    0.010448
302    0.030297
372    0.019916
406    0.025541
412    0.020785
413    0.019539
455    0.010150
460    0.012293
477    0.020329
883    0.039832
1272    0.011064
1712    0.010675
1782    0.030297
2050    0.033831
2170    0.015720
2269    0.025541
2304    0.027296
2328    0.021873
2334    0.059217
2375    0.018872
2432    0.020927
2499    0.016362
2684    0.010191
2690    0.018032
2806    0.021350
3341    0.009718
3688    0.013915
3842    0.009832
3862    0.012871
3897    0.013449
4077    0.060593
4450    0.008219
5043    0.004458
5044    0.013028
5096    0.015876
5103    0.014549
5495    0.005812
6344    0.021295
6372    0.021634
6495    0.017117
6565    0.027296
7325    0.013449
7438    0.033078
7632    0.014221
8094    0.021873
8116    0.006571
8362    0.012871
8500    0.006662
8568    0.006755
8674    0.037083
9009    0.014784
9210    0.011327
9263    0.043745
9364    0.020299
9390    0.027296
9442    0.013818
9873    0.009430
10689    0.012645
11103    0.006874
11141    0.159329
11142    0.030297
11355    0.011776
11448    0.021873
11744    0.009062
11841    0.005000
11848    0.016029
11968    0.015431
12006    0.028874
12098    0.015871
12133    0.016539
12245    0.007988
12412    0.020329
12684    0.006377
12818    0.013818
12993    0.022540
13037    0.027296
13434    0.002751
13466    0.028350
13470    0.014014
13476    0.020329
13871    0.014549
14022    0.030297
14160    0.029099
14339    0.034993
14340    0.012160
14341    0.013722
14342    0.050746
14343    0.012501
14538    0.012361
14838    0.023329
14902    0.024295
15215    0.051081
15282    0.037147
15284    0.048591
15343    0.016192
15386    0.021295
15591    0.025898
15604    0.013629
15607    0.027296
16102    0.030297
16237    0.008326
16265    0.014549
16268    0.017328
16338    0.020785
16349    0.034234
16529    0.008634
16579    0.016029
16585    0.014090
16645    0.031146
16729    0.004938
16944    0.008167
16946    0.014665
16958    0.012871
17141    0.015573
17347    0.012572
17500    0.019539
17531    0.008634
17588    0.039827
17832    0.023329
18146    0.016192
18158    0.011327
18159    0.023212
18431    0.030297
18432    0.020329
18567    0.013109
18619    0.007792
18687    0.027296
18810    0.020329
19010    0.015160
19084    0.101059
19225    0.010191
19226    0.007190
19366    0.004211
19381    0.016723
19397    0.032385
19411    0.015160
19503    0.013109
19529    0.013818
19530    0.051984
19738    0.030297
19772    0.010318
19836    0.014116
20260    0.005151
20275    0.007426
20358    0.020785
20591    0.021873
20803    0.006013
20848    0.007865
20915    0.016029
21003    0.016723
21005    0.009681
21019    0.012160
21087    0.026437
21095    0.020329
21098    0.040657
21150    0.003455
21243    0.006870
21247    0.008784
21287    0.020785
21290    0.022027
21292    0.017328
