325
115    0.006876
207    0.012389
219    0.004465
227    0.009320
231    0.009320
314    0.006715
333    0.004026
590    0.010022
663    0.014495
702    0.005986
773    0.006423
785    0.014495
978    0.006528
1066    0.008783
1240    0.010204
1441    0.011308
1646    0.005903
1689    0.005121
1690    0.007667
1698    0.004365
1699    0.001910
1741    0.003015
1813    0.028990
1814    0.010192
1815    0.014495
1844    0.009863
1910    0.008599
2047    0.004570
2093    0.004812
2102    0.004026
2119    0.007338
2120    0.010204
2268    0.020384
2396    0.004337
2397    0.013563
2407    0.014495
2565    0.017197
2706    0.008959
2714    0.008194
2744    0.004309
2819    0.005102
2852    0.014495
2942    0.012902
2988    0.008983
2996    0.014495
3055    0.014495
3124    0.013563
3191    0.008599
3276    0.014495
3451    0.006103
3469    0.010376
3504    0.012389
3539    0.013563
3563    0.005064
3567    0.007571
3583    0.014112
3835    0.010795
4084    0.006638
4099    0.007667
4135    0.006794
4195    0.004337
4198    0.017761
4213    0.013563
4279    0.013563
4385    0.035522
4390    0.006423
4436    0.014495
4450    0.004365
4996    0.014495
4997    0.020384
5044    0.020755
5123    0.014495
5132    0.009715
5152    0.006601
5155    0.010576
5202    0.005181
5206    0.007726
5208    0.010795
5280    0.010192
5292    0.010022
5293    0.009863
5389    0.010795
5428    0.012902
5482    0.020384
5515    0.004365
5567    0.004524
5851    0.008428
5853    0.011308
5995    0.008783
5997    0.013563
5998    0.008512
6056    0.040253
6073    0.009863
6313    0.007442
6538    0.018179
6557    0.040768
6610    0.025043
6611    0.014495
6612    0.013563
6613    0.005283
6710    0.013563
6768    0.013563
6907    0.010022
6908    0.003979
6984    0.004795
7010    0.007851
7168    0.003202
7295    0.009863
7377    0.004509
7418    0.012902
7441    0.015453
7509    0.008512
7524    0.004601
7571    0.012579
7697    0.010576
7714    0.007005
7788    0.012902
7802    0.004266
7877    0.010576
7892    0.006257
8077    0.009575
8107    0.003679
8158    0.014495
8167    0.009715
8417    0.005390
8425    0.012902
8455    0.009863
8509    0.010795
8568    0.003587
8573    0.015831
8594    0.012388
8622    0.004829
8772    0.014495
8783    0.010608
8786    0.007189
8925    0.014495
8927    0.014495
8984    0.012644
9153    0.005930
9209    0.014674
9256    0.005770
9319    0.025796
9324    0.009863
9411    0.006109
9454    0.004664
9478    0.014495
9517    0.007506
9518    0.017116
9521    0.014495
9523    0.013202
9525    0.014495
9664    0.010780
9692    0.006423
9696    0.014495
9798    0.004509
9875    0.014495
10105    0.009170
10463    0.014495
10623    0.012902
10688    0.012902
10738    0.010022
10758    0.013563
10892    0.003597
11098    0.033713
11201    0.003807
11218    0.010326
11279    0.005876
11282    0.007552
11352    0.012902
11355    0.003127
11434    0.008843
11444    0.005694
11467    0.014495
11530    0.007726
11561    0.009863
11588    0.008689
11669    0.013563
11683    0.006061
11806    0.010576
11830    0.009575
11841    0.002655
11947    0.007982
11991    0.012902
12166    0.005986
12231    0.011308
12252    0.010576
12365    0.006015
12370    0.013563
12508    0.008121
12602    0.013563
12642    0.008983
12687    0.008880
12692    0.012902
12818    0.007338
12904    0.004215
12927    0.005434
12946    0.009863
12947    0.021425
12987    0.002309
13014    0.003538
13179    0.005986
13211    0.011308
13451    0.007142
13462    0.014191
13563    0.043485
13796    0.014495
13866    0.006676
13886    0.004014
14065    0.005702
14161    0.008599
14200    0.013753
14227    0.012389
14251    0.011308
14263    0.010576
14310    0.038705
14351    0.011970
14364    0.013563
14391    0.006794
14473    0.011308
14595    0.011308
14792    0.011308
15098    0.012389
15140    0.004407
15212    0.007982
15278    0.010795
15354    0.037166
15370    0.014495
15394    0.010192
15466    0.011338
15484    0.006918
15488    0.006194
15530    0.009863
15551    0.005822
15623    0.006163
15783    0.007142
15952    0.005346
15955    0.021425
16128    0.010376
16225    0.011037
16299    0.007667
16391    0.009090
16484    0.008599
16501    0.004728
16509    0.005548
16585    0.009353
16615    0.011308
16692    0.016695
16705    0.004215
16841    0.043485
16944    0.004337
17141    0.008270
17144    0.003628
17181    0.010376
17360    0.012902
17363    0.012389
17365    0.023230
17455    0.018888
17483    0.012902
17484    0.002682
17782    0.011288
17811    0.014378
17814    0.005241
17829    0.008051
17830    0.005644
17858    0.010192
18063    0.009444
18138    0.006676
18317    0.012914
18331    0.007005
18334    0.009575
18383    0.005007
18398    0.012389
18459    0.011037
18462    0.007496
18560    0.009320
18619    0.012414
18673    0.014495
18713    0.006715
18716    0.010022
18755    0.012902
18784    0.007667
18788    0.012902
19048    0.008983
19072    0.012389
19112    0.008689
19169    0.006457
19177    0.013849
19223    0.005822
19262    0.010913
19278    0.011545
19426    0.003160
19460    0.003732
19464    0.013483
19543    0.011387
19577    0.007338
20488    0.009575
20667    0.027126
20673    0.028381
20688    0.007552
20691    0.010376
20695    0.007005
20700    0.008599
20707    0.012902
20713    0.004351
20778    0.007552
20796    0.008689
20803    0.009580
20821    0.009863
20851    0.010192
20868    0.003548
20899    0.008783
20910    0.007142
20916    0.007982
20946    0.008674
20983    0.005026
21057    0.005456
21078    0.013563
21083    0.013430
21129    0.003628
21143    0.011308
21150    0.007338
21164    0.010376
21234    0.010576
21279    0.005770
21346    0.008689
