297
164    0.008926
198    0.013372
211    0.012920
246    0.005989
297    0.011001
298    0.010336
324    0.014640
333    0.004346
385    0.017366
435    0.010817
479    0.007920
481    0.007334
546    0.015646
630    0.009379
666    0.014845
670    0.010817
752    0.014640
796    0.009696
851    0.007659
863    0.008690
990    0.011200
1042    0.013372
1199    0.010817
1240    0.005507
1425    0.008275
1514    0.007760
1646    0.006371
1690    0.008275
1699    0.002062
1775    0.012537
2047    0.004933
2216    0.016425
2460    0.008275
2565    0.009281
2646    0.012206
2723    0.009703
2801    0.009696
2985    0.018021
3050    0.009639
3054    0.014640
3274    0.024412
3451    0.013175
3471    0.010194
3579    0.012920
3583    0.003808
3647    0.009800
3734    0.007866
3845    0.018960
3850    0.006371
3925    0.008544
4023    0.004333
4099    0.033101
4100    0.011914
4137    0.004231
4260    0.006284
4324    0.006040
4385    0.057514
4390    0.006933
4439    0.013372
4501    0.013240
4656    0.008340
4870    0.005365
5043    0.005111
5056    0.009811
5072    0.010336
5116    0.010486
5206    0.008340
5248    0.026535
5293    0.010646
5339    0.014640
5414    0.006200
5415    0.018853
5428    0.055704
5440    0.006754
5515    0.023556
5535    0.008406
5865    0.015625
5977    0.014089
5998    0.009188
6085    0.006860
6193    0.010817
6227    0.011001
6323    0.008033
6328    0.009586
6365    0.005725
6477    0.015646
6612    0.014640
6613    0.011405
6628    0.005365
6731    0.015646
6738    0.021023
6769    0.008926
6809    0.007422
6844    0.013508
6880    0.010194
7117    0.007760
7168    0.006912
7650    0.006493
7665    0.017366
7697    0.011416
7802    0.002302
7833    0.008906
7882    0.009696
8116    0.003766
8455    0.010646
8581    0.007701
8702    0.010817
8719    0.010336
8751    0.015646
8783    0.005725
8799    0.015646
8812    0.009586
8984    0.006824
9023    0.006524
9153    0.006401
9209    0.003960
9210    0.006493
9314    0.010817
9364    0.011635
9517    0.004051
9523    0.028500
9644    0.007290
9663    0.009811
9664    0.011635
9669    0.021293
9674    0.012206
9714    0.015646
9734    0.013926
9769    0.009188
9843    0.017366
9947    0.004051
10105    0.014848
10256    0.014640
10261    0.004346
10605    0.005213
10636    0.010486
10662    0.010336
10773    0.005914
10837    0.005466
10840    0.005914
10888    0.010060
11018    0.009098
11062    0.016680
11063    0.033600
11098    0.054585
11112    0.004820
11201    0.004110
11271    0.006119
11382    0.015646
11444    0.006146
11445    0.007046
11468    0.006092
11622    0.009932
11712    0.012537
11729    0.005702
11841    0.005732
11984    0.007085
11996    0.017366
12008    0.008926
12191    0.025847
12229    0.022832
12273    0.016397
12300    0.004453
12415    0.005346
12551    0.004522
12586    0.012537
12591    0.005158
12853    0.005528
12855    0.016066
12862    0.012920
12864    0.005405
12865    0.009932
12904    0.004550
12907    0.006970
12927    0.011731
12947    0.007709
12966    0.015646
13089    0.012920
13157    0.007378
13162    0.010336
13228    0.011141
13350    0.011914
13434    0.001577
13580    0.004231
13688    0.013372
13691    0.009379
13815    0.018960
13870    0.014640
13983    0.009379
14065    0.014361
14073    0.006014
14083    0.011001
14161    0.009281
14318    0.013372
14425    0.008172
14480    0.007046
14501    0.015646
14549    0.015646
14639    0.013372
14658    0.015646
14823    0.013926
15140    0.004757
15160    0.024912
15204    0.011542
15212    0.008616
15435    0.013926
15531    0.012206
15594    0.010817
15601    0.012684
15623    0.006653
15627    0.014640
15801    0.007046
15907    0.010462
15912    0.004480
15952    0.017313
15955    0.015418
15957    0.013926
15983    0.006789
16128    0.011200
16302    0.017380
16306    0.013926
16308    0.013372
16461    0.007125
16482    0.011200
16484    0.009281
16585    0.007067
16628    0.023597
16632    0.020972
16649    0.021375
16652    0.012206
16678    0.009811
16705    0.013651
16766    0.006754
16973    0.013372
17033    0.007920
17051    0.005086
17105    0.005034
17144    0.003916
17220    0.017366
17365    0.012537
17529    0.006653
17616    0.009696
17622    0.012206
17660    0.014640
17806    0.012920
17851    0.012537
17857    0.009281
17875    0.007085
17892    0.011200
17914    0.010194
17982    0.011652
18112    0.014640
18182    0.005358
18313    0.012206
18383    0.005405
18526    0.010646
18567    0.007514
18619    0.013400
18649    0.008091
18715    0.010194
18717    0.012684
18851    0.015646
18879    0.011914
18882    0.003746
19037    0.007165
19052    0.011001
19065    0.008091
19261    0.010388
19278    0.006231
19366    0.002414
19410    0.003213
19426    0.003411
19433    0.006555
19460    0.004028
19844    0.001624
19997    0.007920
20090    0.005893
20251    0.007125
20275    0.004256
20281    0.006284
20460    0.006173
20539    0.015646
20695    0.007561
20829    0.012920
20868    0.003829
20901    0.005385
21009    0.010646
21011    0.008926
21058    0.005086
21118    0.006720
21119    0.008474
21135    0.009010
21145    0.012537
21173    0.012920
21235    0.011652
21247    0.002518
21314    0.017366
