277
103    0.018808
164    0.019551
455    0.006371
479    0.008673
552    0.014358
590    0.011846
591    0.014149
631    0.019018
863    0.009516
896    0.011483
961    0.012265
1262    0.007803
1421    0.019018
1489    0.019018
1490    0.005110
1505    0.017134
1646    0.027910
1689    0.006054
1691    0.006054
1698    0.025797
1699    0.002258
1725    0.008994
1741    0.007128
1918    0.007984
2047    0.010804
2102    0.004759
2396    0.010253
2432    0.003284
2617    0.010164
2742    0.011846
2857    0.007249
3032    0.016032
3122    0.016032
3326    0.006760
3397    0.007716
3451    0.007214
3563    0.005986
3599    0.014644
3621    0.015251
3647    0.005366
3732    0.008387
3788    0.008614
3845    0.010382
3850    0.006977
3905    0.020123
3957    0.016032
4137    0.004634
4250    0.013367
4324    0.006615
4389    0.009963
4672    0.011163
4697    0.006977
5043    0.005597
5075    0.003309
5206    0.009133
5248    0.009686
5414    0.006790
5426    0.011163
5495    0.003648
5515    0.005159
5532    0.009519
5670    0.011659
5788    0.012265
5915    0.021489
5916    0.009963
5995    0.020763
6020    0.019018
6056    0.009516
6328    0.010497
6487    0.011483
6613    0.012489
6705    0.025799
6738    0.030697
6844    0.007396
6966    0.019018
7048    0.014220
7173    0.007803
7194    0.007214
7196    0.011163
7343    0.008926
7523    0.014644
7524    0.005438
7531    0.014810
7569    0.009867
7607    0.009963
7753    0.010385
7754    0.008128
7909    0.009356
8001    0.009686
8094    0.013730
8116    0.004125
8408    0.010271
8500    0.004182
8533    0.012589
8586    0.015251
8594    0.007322
8596    0.005046
8622    0.005708
8713    0.019018
8786    0.008498
9001    0.019018
9041    0.014644
9153    0.007010
9179    0.008079
9209    0.013010
9245    0.014644
9256    0.006820
9320    0.015875
9364    0.006371
9411    0.003610
9424    0.008128
9454    0.016538
9459    0.008994
9484    0.007359
9510    0.006790
9517    0.013309
9527    0.012502
9664    0.019113
9682    0.015251
9749    0.009686
9873    0.005919
10095    0.008442
10105    0.005420
10140    0.012062
10225    0.016032
10378    0.016032
10688    0.030501
10794    0.007803
10798    0.034268
10892    0.008504
10898    0.009867
11063    0.012265
11065    0.034268
11103    0.002157
11107    0.012761
11218    0.012206
11290    0.013047
11334    0.005749
11355    0.003696
11434    0.005226
11444    0.006730
11445    0.007716
11468    0.006672
11503    0.004436
11588    0.010271
11622    0.010877
11683    0.003582
11691    0.011846
11709    0.008994
11729    0.006245
11754    0.011483
11786    0.009356
11841    0.006277
12006    0.018125
12194    0.012265
12272    0.011659
12273    0.005986
12367    0.013047
12418    0.019018
12419    0.015251
12446    0.014644
12454    0.014149
12522    0.006245
12586    0.013730
12591    0.005648
12613    0.008673
12693    0.030501
12898    0.017111
12900    0.016256
12904    0.004983
12920    0.009775
12987    0.002730
12999    0.006261
13050    0.014408
13179    0.007076
13434    0.001727
13451    0.008442
13470    0.008797
13580    0.009267
13730    0.012761
13866    0.007892
13926    0.010271
14065    0.002247
14093    0.008079
14099    0.009205
14131    0.009062
14303    0.005475
14331    0.009867
14348    0.012761
14363    0.014644
14395    0.011319
14638    0.014149
14643    0.011846
14664    0.015251
14810    0.012761
15160    0.006820
15212    0.009435
15271    0.007010
15623    0.007285
15712    0.006077
15801    0.023149
15818    0.005791
15822    0.005648
15912    0.009813
15952    0.025279
15955    0.008442
16026    0.008229
16237    0.010453
16337    0.010382
16628    0.034455
16630    0.012761
16649    0.007803
16661    0.038035
16678    0.021489
16705    0.004983
16713    0.009062
16766    0.007396
16880    0.026124
16881    0.019018
17044    0.008333
17051    0.005570
17117    0.004647
17241    0.012761
17254    0.012761
17439    0.011319
17782    0.006672
17808    0.031854
17814    0.006196
17836    0.010618
17951    0.010745
18142    0.010745
18182    0.005867
18282    0.002948
18435    0.006730
18649    0.035444
18652    0.004937
18713    0.007937
18715    0.011163
18717    0.027781
18928    0.013367
18955    0.012265
19013    0.025521
19145    0.012048
19177    0.005457
19204    0.022655
19213    0.009435
19261    0.005688
19309    0.007473
19366    0.005286
19433    0.007179
19453    0.012794
19460    0.004411
19577    0.008673
19640    0.007847
19820    0.006423
20010    0.013047
20090    0.006453
20253    0.014149
20260    0.001617
20460    0.006760
20488    0.011319
20617    0.020995
20630    0.014149
20729    0.019018
20768    0.004475
20780    0.019018
20785    0.012900
20901    0.005897
21057    0.006450
21115    0.004462
21118    0.007359
21120    0.012201
21146    0.015784
21150    0.002168
21247    0.002757
21279    0.006820
21299    0.011319
