40
103    0.054932
479    0.075996
799    0.097813
1071    0.140474
1425    0.079404
1740    0.060854
3850    0.061136
5206    0.080022
5415    0.060300
5515    0.045206
5865    0.074961
6613    0.109430
6707    0.056513
6738    0.134482
8568    0.037153
8957    0.109538
9523    0.068366
9664    0.055823
11118    0.069147
11653    0.166631
11958    0.067241
12415    0.051293
12911    0.053657
14065    0.019686
15818    0.050738
15952    0.055373
16150    0.105561
16628    0.075473
16880    0.057224
17034    0.085650
17313    0.075473
18182    0.025705
18340    0.067985
18649    0.077639
19266    0.048302
19453    0.056050
19464    0.046550
20090    0.028271
20836    0.120300
21265    0.111808
