238
1    0.009441
67    0.016573
288    0.007848
441    0.009368
449    0.009441
450    0.008785
1255    0.009227
1260    0.010401
1309    0.019365
1446    0.011388
1456    0.017932
1762    0.005041
1942    0.009516
2222    0.011871
2297    0.016907
2570    0.015765
2589    0.009753
2622    0.012052
2779    0.019659
2814    0.019659
2872    0.008844
3328    0.014626
3457    0.015138
3483    0.007933
3593    0.005660
3618    0.006808
3632    0.016131
3743    0.005880
3881    0.008402
3943    0.017453
3944    0.006234
3947    0.015138
4141    0.008352
4240    0.020140
4478    0.019659
4492    0.014164
4497    0.011107
4512    0.020025
4532    0.011700
4573    0.014626
4650    0.009297
4672    0.023079
4825    0.017712
4829    0.030276
4926    0.014293
4946    0.012246
4991    0.042578
5050    0.011700
5081    0.011388
5487    0.008402
5501    0.003902
5523    0.007848
5548    0.008785
5563    0.007890
5567    0.005528
5583    0.012246
5719    0.005584
5770    0.011871
6049    0.009297
6050    0.006695
6365    0.006481
6562    0.011388
6940    0.009924
7001    0.012923
7054    0.015765
7074    0.019659
7097    0.007569
7228    0.009516
7261    0.012246
7486    0.007114
7619    0.006164
7635    0.016573
7650    0.007350
7748    0.009160
7750    0.010617
7760    0.013818
7802    0.005212
8077    0.011700
8078    0.007907
8170    0.015612
8220    0.009368
8281    0.009516
8289    0.012246
8536    0.008727
8690    0.013191
8781    0.006051
8837    0.018455
8881    0.010732
8933    0.015765
9518    0.016732
9533    0.006119
9782    0.011540
9916    0.013487
9921    0.017712
9947    0.004586
10027    0.036156
10338    0.005622
10586    0.013487
10714    0.006808
10846    0.006586
11103    0.004460
11146    0.013118
11201    0.004652
11283    0.015696
11285    0.012679
11320    0.011871
11334    0.005943
11439    0.008021
11614    0.017712
11683    0.007406
11744    0.005880
11938    0.010732
12034    0.019659
12150    0.015765
12202    0.008966
12245    0.005183
12292    0.163804
12293    0.056771
12300    0.005041
12548    0.006355
12647    0.013191
12716    0.017712
12742    0.019659
12743    0.019659
12911    0.006330
12987    0.011287
12999    0.006472
13008    0.008560
13103    0.078635
13163    0.016573
13177    0.010732
13256    0.026974
13311    0.008614
13351    0.009224
13355    0.004573
13357    0.008258
13434    0.005355
13492    0.009516
13496    0.014626
13497    0.010617
13529    0.008302
13530    0.007976
13533    0.009924
13553    0.012454
13580    0.014370
13775    0.010105
13862    0.097336
13886    0.004905
14046    0.015765
14081    0.019659
14082    0.019659
14088    0.013191
14193    0.031529
14348    0.026382
14349    0.014193
14350    0.010732
14536    0.017012
14742    0.010033
14750    0.013487
14815    0.017765
14903    0.009924
14944    0.007976
14952    0.009297
14992    0.013818
14994    0.011388
14997    0.017932
15023    0.009441
15029    0.010732
15032    0.017453
15455    0.015765
15556    0.008454
15591    0.008402
15733    0.016573
15763    0.012246
15791    0.007569
15792    0.006957
15907    0.011844
15939    0.009753
16042    0.015138
16116    0.005839
16207    0.008727
16382    0.019659
16385    0.011244
16386    0.012454
16469    0.019659
16515    0.019659
16585    0.010285
16705    0.010302
16791    0.009094
16901    0.049718
16940    0.087177
16952    0.008302
17037    0.006211
17093    0.009441
17103    0.007179
17108    0.015137
17111    0.008302
17124    0.012454
17127    0.015138
17131    0.019659
17482    0.015765
17484    0.003277
17531    0.005603
17741    0.013191
18203    0.006533
18382    0.007457
18435    0.006957
18564    0.016573
18619    0.005056
19038    0.013487
19093    0.015765
19366    0.002732
19370    0.006258
19603    0.015765
19604    0.016573
19660    0.017712
19844    0.005517
20100    0.008158
20251    0.008066
20256    0.010507
20260    0.003342
20487    0.011871
20527    0.015765
20530    0.028385
20689    0.099349
20695    0.008560
20845    0.008021
20854    0.015765
20881    0.012679
20946    0.021197
20964    0.006008
21058    0.005758
21129    0.004433
21150    0.002242
21188    0.018187
21195    0.009227
21247    0.002850
21279    0.021151
