116
231    0.026325
479    0.020726
573    0.040944
575    0.030493
1436    0.016371
1437    0.034994
1477    0.049114
1490    0.012211
1741    0.008516
1862    0.009262
2120    0.014412
2203    0.025373
2216    0.021491
2344    0.010976
2604    0.015806
2609    0.017323
2943    0.023146
3297    0.017323
3451    0.017238
3850    0.016673
4075    0.022546
4952    0.031942
4953    0.033810
5029    0.036443
5074    0.015102
5075    0.007908
5082    0.045481
5225    0.022175
5414    0.016225
5415    0.016445
5495    0.008718
5515    0.012329
5924    0.021491
6085    0.017951
6086    0.055720
6247    0.029874
6482    0.033810
6613    0.029845
6618    0.031177
6738    0.036677
6778    0.027047
6844    0.088372
7619    0.014250
7779    0.036283
7802    0.006024
7837    0.038311
7927    0.027441
8019    0.010944
8568    0.010133
8781    0.013989
9209    0.020725
9424    0.038846
9425    0.040944
9554    0.045445
9575    0.045445
9683    0.040944
9945    0.019423
10261    0.011373
10697    0.021331
10867    0.030493
11103    0.005156
11218    0.009722
11687    0.038311
11712    0.032809
11754    0.027441
12071    0.016521
12191    0.045093
12194    0.029309
12195    0.122832
12196    0.045445
12415    0.013989
12673    0.040944
12853    0.014466
12873    0.026325
12927    0.015349
12932    0.019542
12974    0.017238
14065    0.016107
14331    0.047159
14592    0.027441
14712    0.045445
15006    0.022940
15160    0.016298
15214    0.045445
15484    0.019542
15952    0.045305
16024    0.024288
16026    0.039328
16200    0.045445
16585    0.005284
16628    0.061751
16649    0.018645
16705    0.023815
16880    0.015606
17033    0.020726
17241    0.030493
17253    0.027860
17254    0.030493
17870    0.014197
17926    0.033810
18005    0.011582
18061    0.034994
18619    0.011688
18649    0.105871
18883    0.013938
18944    0.038311
18960    0.040944
18987    0.101941
19266    0.013173
19460    0.010540
19813    0.027047
20246    0.032809
20260    0.011590
20272    0.040944
20274    0.015806
20785    0.030825
