327
115    0.006752
164    0.008120
207    0.012165
219    0.004384
227    0.009151
314    0.006594
333    0.003954
590    0.009841
663    0.014233
702    0.005878
773    0.006307
785    0.014233
978    0.006410
1066    0.008624
1240    0.010020
1441    0.011104
1646    0.005796
1689    0.005029
1690    0.007528
1698    0.004286
1699    0.001876
1741    0.002961
1813    0.028467
1814    0.010008
1815    0.014233
1844    0.009685
1910    0.008443
2047    0.008975
2093    0.004725
2102    0.003954
2119    0.007205
2120    0.010020
2268    0.020016
2396    0.004259
2397    0.013318
2407    0.014233
2565    0.016887
2706    0.008798
2714    0.008046
2744    0.004231
2819    0.005010
2852    0.014233
2942    0.012669
2988    0.008820
2996    0.014233
3055    0.014233
3124    0.013318
3191    0.008443
3276    0.014233
3451    0.005993
3469    0.010189
3504    0.012165
3539    0.013318
3563    0.004972
3567    0.007434
3583    0.013857
3835    0.010600
4084    0.006518
4099    0.007528
4135    0.006671
4195    0.004259
4198    0.017440
4213    0.013318
4279    0.013318
4385    0.043601
4390    0.006307
4436    0.014233
4450    0.004286
4996    0.014233
4997    0.020016
5044    0.020381
5123    0.014233
5132    0.009539
5152    0.006482
5155    0.010385
5202    0.005087
5206    0.007587
5208    0.010600
5280    0.010008
5292    0.009841
5293    0.009685
5389    0.010600
5428    0.012669
5482    0.020016
5515    0.004286
5567    0.004443
5851    0.008276
5853    0.011104
5995    0.008624
5997    0.013318
5998    0.008358
6056    0.039526
6073    0.009685
6313    0.007308
6538    0.017851
6557    0.040032
6610    0.024591
6611    0.014233
6612    0.013318
6613    0.005187
6710    0.013318
6768    0.013318
6907    0.009841
6908    0.003907
6984    0.004708
7010    0.007709
7168    0.003144
7295    0.009685
7377    0.004428
7418    0.012669
7441    0.015173
7509    0.008358
7524    0.004518
7571    0.012351
7697    0.010385
7714    0.006879
7788    0.012669
7802    0.004189
7877    0.010385
7892    0.006144
8077    0.009402
8107    0.003613
8158    0.014233
8167    0.009539
8417    0.005292
8425    0.012669
8455    0.009685
8509    0.010600
8568    0.003522
8573    0.015545
8594    0.012165
8622    0.004742
8772    0.014233
8783    0.010416
8786    0.007059
8925    0.014233
8927    0.014233
8984    0.012415
9153    0.005823
9209    0.014409
9256    0.005666
9319    0.025330
9324    0.009685
9411    0.005998
9454    0.004579
9478    0.014233
9517    0.007370
9518    0.016807
9521    0.014233
9523    0.012963
9525    0.014233
9664    0.015877
9692    0.006307
9696    0.014233
9798    0.004428
9875    0.014233
10105    0.009005
10463    0.014233
10623    0.012669
10688    0.012669
10738    0.009841
10758    0.013318
10892    0.003532
11098    0.041380
11201    0.003739
11218    0.010139
11279    0.005769
11282    0.007415
11352    0.012669
11355    0.003070
11434    0.008683
11444    0.005591
11467    0.014233
11530    0.007587
11561    0.009685
11588    0.008532
11669    0.013318
11683    0.005952
11806    0.010385
11830    0.009402
11947    0.007838
11991    0.012669
12166    0.005878
12231    0.011104
12252    0.010385
12365    0.005906
12370    0.013318
12415    0.004863
12508    0.007975
12602    0.013318
12642    0.008820
12687    0.008720
12692    0.012669
12818    0.007205
12904    0.004139
12927    0.005336
12946    0.009685
12947    0.021039
12987    0.002268
13014    0.003474
13179    0.005878
13211    0.011104
13357    0.002212
13451    0.007013
13462    0.013934
13563    0.042700
13796    0.014233
13866    0.006556
13886    0.003942
14065    0.005599
14161    0.008443
14200    0.013504
14227    0.012165
14251    0.011104
14263    0.010385
14310    0.038006
14351    0.011753
14364    0.013318
14391    0.006671
14473    0.011104
14595    0.011104
14792    0.011104
15098    0.012165
15140    0.004328
15160    0.005666
15212    0.007838
15278    0.010600
15354    0.036495
15370    0.014233
15394    0.010008
15466    0.011133
15484    0.006794
15488    0.006082
15530    0.009685
15551    0.005717
15623    0.006052
15783    0.007013
15952    0.005250
15955    0.021039
16128    0.010189
16225    0.010838
16299    0.007528
16391    0.008925
16484    0.008443
16501    0.004643
16509    0.005448
16585    0.010102
16615    0.011104
16692    0.016394
16705    0.004139
16841    0.042700
16944    0.004259
17141    0.008120
17144    0.003562
17181    0.010189
17360    0.012669
17363    0.012165
17365    0.022811
17455    0.018547
17483    0.012669
17484    0.002633
17782    0.011084
17811    0.014119
17814    0.005147
17829    0.007905
17830    0.005542
17858    0.010008
18063    0.009273
18138    0.006556
18317    0.012681
18331    0.006879
18334    0.009402
18383    0.004917
18398    0.012165
18459    0.010838
18462    0.007361
18560    0.009151
18619    0.016253
18673    0.014233
18713    0.006594
18716    0.009841
18755    0.012669
18784    0.007528
18788    0.012669
19048    0.008820
19072    0.012165
19112    0.008532
19169    0.006341
19177    0.013599
19223    0.005717
19262    0.010716
19278    0.011336
19426    0.003103
19460    0.003664
19464    0.013240
19543    0.011182
19577    0.007205
20488    0.009402
20667    0.026636
20673    0.027869
20688    0.007415
20691    0.010189
20695    0.006879
20700    0.008443
20707    0.012669
20713    0.004272
20778    0.007415
20796    0.008532
20803    0.009407
20821    0.009685
20851    0.010008
20868    0.003483
20899    0.008624
20910    0.007013
20916    0.007838
20946    0.008517
20983    0.004935
21057    0.005358
21078    0.013318
21083    0.013187
21129    0.003562
21143    0.011104
21150    0.007205
21164    0.010189
21234    0.010385
21279    0.005666
21346    0.008532
