224
27    0.015438
107    0.016742
115    0.009618
117    0.016742
121    0.015438
167    0.017328
219    0.006245
255    0.016246
267    0.009861
610    0.008495
653    0.011164
773    0.017967
852    0.012027
853    0.011567
855    0.020385
857    0.010563
858    0.039193
923    0.011676
924    0.034701
983    0.045006
1017    0.011789
1213    0.014256
1218    0.016246
1346    0.010807
1430    0.010123
1451    0.005356
1691    0.007163
1699    0.005344
1711    0.016742
1712    0.015858
1741    0.004217
1804    0.010056
1835    0.016246
1839    0.012714
1902    0.017328
1910    0.012027
2024    0.016246
2050    0.012564
2334    0.035188
2432    0.011658
2460    0.010723
2610    0.013588
2652    0.014018
2675    0.018784
2678    0.011164
2684    0.007570
2855    0.013796
2938    0.016246
3158    0.018046
3281    0.016742
3706    0.011676
3897    0.029968
3905    0.011906
4461    0.008373
4762    0.011906
4870    0.006953
5044    0.009677
5086    0.010981
5096    0.023585
5103    0.010807
5445    0.016742
5485    0.010335
5501    0.004466
5563    0.009032
5626    0.009560
5646    0.012027
6460    0.011461
6719    0.007570
6751    0.032493
6790    0.012027
6984    0.013414
7194    0.008536
7584    0.015817
7610    0.017328
7644    0.010807
7650    0.008413
7666    0.029026
7677    0.016742
7758    0.015099
7769    0.013393
7787    0.009924
7802    0.008950
7833    0.005770
8007    0.014513
8101    0.009677
8116    0.004881
8127    0.015099
8131    0.019474
8220    0.010723
8356    0.015817
8362    0.009560
8535    0.013036
8538    0.014793
8563    0.018046
8596    0.005971
8622    0.006755
8674    0.018363
8688    0.011676
8918    0.007448
8999    0.016742
9077    0.012564
9228    0.029026
9256    0.008070
9271    0.016742
9336    0.031926
9457    0.014256
9798    0.006307
9897    0.014018
9898    0.011461
9899    0.016246
10445    0.028680
10627    0.014256
10662    0.013393
10946    0.012564
11103    0.005106
11213    0.007163
11218    0.004814
11355    0.008747
11356    0.015817
11358    0.007601
11383    0.010563
11528    0.007448
11556    0.016742
11566    0.010485
11569    0.006392
11570    0.007030
11593    0.018046
11848    0.011906
11872    0.014256
11928    0.010642
11966    0.038708
11968    0.011461
12098    0.011789
12127    0.011164
12365    0.008413
12505    0.008143
12519    0.005372
12526    0.011359
12674    0.013588
12684    0.004737
12987    0.006460
13381    0.013796
13466    0.031586
13472    0.020671
13510    0.015438
13647    0.005971
13871    0.010807
13939    0.006614
14160    0.010807
14339    0.008664
14340    0.009032
14341    0.010193
14343    0.009285
14412    0.008983
14604    0.004814
14620    0.016742
14921    0.017328
14922    0.018046
15466    0.007929
15497    0.007539
15554    0.013209
16034    0.008413
16094    0.008413
16101    0.014513
16237    0.006184
16263    0.066968
16391    0.012714
16432    0.017415
16579    0.047623
16581    0.018046
16585    0.010465
16645    0.011567
16652    0.015817
16666    0.015099
16907    0.025063
16946    0.054463
16988    0.080968
17019    0.012564
17080    0.011461
17101    0.016590
17372    0.022143
17451    0.009338
17588    0.019721
17651    0.015817
17840    0.016246
18032    0.017328
18097    0.014256
18103    0.018046
18275    0.018046
18359    0.015817
18472    0.014793
18784    0.010723
18888    0.007539
18932    0.016246
19147    0.015438
19232    0.014112
19365    0.013796
19370    0.007163
19394    0.021785
19397    0.012027
19529    0.020526
19530    0.012871
19587    0.014513
19664    0.011164
19704    0.016742
19773    0.005649
19792    0.016742
19836    0.010485
19844    0.004210
20260    0.003826
20409    0.021961
20464    0.006755
20549    0.016246
20591    0.016246
20811    0.012871
20844    0.004698
20848    0.005842
20956    0.008936
20994    0.029031
21005    0.007191
21019    0.009032
21087    0.019637
21243    0.005102
21247    0.009787
