419
54    0.009286
103    0.030581
246    0.003555
460    0.004182
1190    0.004768
1250    0.005250
1262    0.004229
1680    0.004353
1693    0.010307
1699    0.003672
1705    0.006776
1740    0.003764
1741    0.001932
1764    0.005627
1805    0.020748
1862    0.002101
1950    0.006916
1951    0.004701
2243    0.007937
2270    0.007245
2345    0.004874
2432    0.001780
2492    0.007668
2710    0.003817
2723    0.002879
2724    0.009286
2737    0.007079
2819    0.003269
2857    0.003929
2872    0.004637
2967    0.008265
3089    0.002460
3179    0.009286
3268    0.006319
3297    0.003929
3338    0.008976
3473    0.007263
3563    0.003244
3574    0.004182
3583    0.002260
3820    0.005823
3822    0.010307
3858    0.004575
3861    0.005029
3977    0.006224
4068    0.010307
4099    0.004912
4133    0.006050
4195    0.002778
4202    0.004379
4240    0.004224
4378    0.004768
4441    0.005823
4505    0.005029
4516    0.004460
4621    0.005823
4623    0.008689
4640    0.008265
4644    0.008689
4663    0.020614
4726    0.026067
4810    0.004327
4811    0.004460
5028    0.005029
5043    0.004550
5047    0.004802
5075    0.005380
5096    0.008102
5177    0.006224
5211    0.004575
5298    0.007071
5495    0.007909
5537    0.004405
5549    0.004488
5562    0.005250
5614    0.007079
5714    0.010307
5769    0.005816
5773    0.006647
5856    0.003306
5970    0.007668
6036    0.005029
6365    0.003398
6372    0.004907
6598    0.005318
6632    0.005158
6908    0.007646
6983    0.005566
7034    0.007441
7141    0.004606
7142    0.009033
7168    0.008204
7173    0.004229
7188    0.003648
7194    0.003910
7295    0.006319
7438    0.005627
7514    0.005400
7524    0.002947
7564    0.009286
7744    0.008229
7802    0.002733
7891    0.010307
7987    0.004093
7988    0.005029
8019    0.002482
8040    0.005222
8181    0.006742
8240    0.010307
8323    0.003713
8362    0.013136
8446    0.002796
8500    0.006799
8533    0.006823
8534    0.003319
8541    0.010307
8568    0.009193
8573    0.005071
8577    0.005158
8581    0.002285
8596    0.002735
8613    0.004253
8622    0.003094
8626    0.008689
8630    0.001771
8774    0.004432
8872    0.019261
8885    0.008265
8899    0.005158
8964    0.004071
9002    0.004768
9023    0.003872
9045    0.008265
9078    0.010307
9168    0.005509
9200    0.002805
9210    0.003853
9256    0.007393
9392    0.005071
9454    0.005976
9455    0.005029
9518    0.008772
9689    0.010307
9739    0.005071
9803    0.005755
9873    0.003208
9999    0.005298
10000    0.005689
10175    0.004009
10205    0.010307
10247    0.004606
10261    0.002580
10288    0.006530
10354    0.003680
10355    0.005509
10406    0.012447
10441    0.010307
10442    0.011790
10706    0.009286
10714    0.007139
10740    0.010307
10773    0.003510
10774    0.005158
10803    0.012344
10808    0.010307
10892    0.002305
10932    0.004637
10942    0.027850
11018    0.005400
11051    0.005071
11077    0.018572
11103    0.002339
11180    0.004622
11181    0.002851
11182    0.005114
11203    0.003632
11218    0.004410
11242    0.006776
11279    0.007528
11282    0.004838
11334    0.018696
11340    0.014967
11341    0.005071
11342    0.005755
11355    0.004006
11434    0.002833
11439    0.004205
11503    0.002404
11528    0.003411
11570    0.003220
11744    0.003083
11750    0.002761
11753    0.004912
11782    0.005113
11958    0.004159
12005    0.002073
12045    0.004405
12085    0.007170
12133    0.005627
12162    0.014514
12172    0.010307
12283    0.004059
12300    0.002643
12307    0.062318
12309    0.007634
12345    0.005629
12432    0.006647
12447    0.022324
12519    0.002460
12605    0.003968
12684    0.004339
12817    0.003510
12852    0.010307
12853    0.003281
12855    0.007151
12857    0.012841
12898    0.009274
12987    0.004438
12999    0.005090
13014    0.004533
13050    0.002603
13145    0.004838
13252    0.007245
13298    0.004668
13349    0.005298
13351    0.002418
13355    0.002397
13357    0.001443
13381    0.006319
13425    0.010307
13434    0.005615
13472    0.004734
13500    0.008689
13501    0.007856
13535    0.006224
13565    0.006134
13580    0.002511
13586    0.006530
13588    0.010307
13601    0.004701
13775    0.005298
13910    0.002833
13929    0.007668
14065    0.008524
14093    0.004379
14226    0.007441
14237    0.005298
14303    0.002967
14358    0.005298
14408    0.006050
14412    0.004115
14439    0.012410
14445    0.013216
14523    0.004137
14568    0.007441
14604    0.006615
14639    0.007937
14717    0.004302
14742    0.003156
14745    0.002364
14749    0.003525
14785    0.005971
14810    0.006916
14863    0.004912
14996    0.005755
15019    0.004353
15080    0.004874
15139    0.006224
15142    0.004029
15204    0.003425
15218    0.006420
15229    0.004701
15286    0.030921
15289    0.010307
15292    0.020614
15484    0.004432
15488    0.003968
15492    0.006134
15497    0.003453
15550    0.005250
15694    0.006916
15765    0.008265
15779    0.005029
15803    0.010307
15818    0.006277
15825    0.006530
15912    0.002659
15968    0.007071
16167    0.010799
16207    0.009151
16237    0.016996
16333    0.005114
16371    0.012906
16396    0.004606
16486    0.005071
16509    0.003555
16527    0.003453
16529    0.008813
16531    0.011017
16585    0.001198
16657    0.027635
16690    0.010307
16729    0.010079
16732    0.002564
16734    0.008270
16822    0.010307
16941    0.003853
16944    0.002778
16949    0.005453
16955    0.004029
17072    0.010799
17075    0.004009
17079    0.015213
17183    0.008689
17269    0.006134
17311    0.006319
17366    0.007858
17484    0.001718
17495    0.008265
17529    0.007897
17643    0.009553
17808    0.005755
17811    0.009212
17819    0.006420
17830    0.003616
17849    0.007937
17868    0.004115
17889    0.006224
17963    0.005348
17966    0.007937
18133    0.004516
18158    0.003853
18167    0.003172
18182    0.001590
18203    0.013701
18282    0.006392
18307    0.005566
18382    0.003910
18383    0.009624
18421    0.008689
18435    0.003648
18482    0.005895
18582    0.006916
18652    0.005351
18656    0.005823
18733    0.006530
18886    0.010307
18887    0.004734
18903    0.014623
19112    0.005566
19133    0.005823
19169    0.012410
19177    0.005915
19223    0.011190
19225    0.003467
19226    0.014677
19366    0.010027
19410    0.007627
19453    0.013868
19473    0.007071
19557    0.005348
19644    0.007937
19685    0.003835
19694    0.010307
19709    0.014489
19741    0.004838
19757    0.005114
19772    0.007020
19810    0.008689
19817    0.004029
19820    0.003481
19830    0.004327
19844    0.001928
19872    0.008689
19894    0.005348
20030    0.014882
20090    0.001749
20116    0.005566
20194    0.008689
20260    0.004381
20274    0.003585
20275    0.002526
20439    0.010696
20464    0.012375
20484    0.015337
20596    0.007937
20601    0.003570
20624    0.005114
20648    0.004050
20686    0.005823
20716    0.004071
20717    0.005254
20737    0.008689
20768    0.002425
20803    0.004091
20807    0.004432
20844    0.002152
20859    0.005298
20868    0.002273
20927    0.002497
20946    0.008335
20956    0.004093
20998    0.005453
21111    0.004302
21115    0.007254
21129    0.002324
21137    0.010307
21139    0.006134
21141    0.005400
21150    0.017629
21152    0.004606
21191    0.004637
21242    0.006530
21247    0.002988
21264    0.008506
21265    0.006916
21266    0.005575
21306    0.016200
21307    0.016789
