248
27    0.013837
107    0.015005
115    0.008620
117    0.015005
121    0.013837
167    0.015530
219    0.005597
255    0.014561
267    0.008838
288    0.008051
370    0.008095
610    0.007613
653    0.010006
773    0.016103
852    0.021559
853    0.010367
855    0.027405
857    0.028400
858    0.035127
923    0.020929
924    0.031101
978    0.008183
1017    0.010566
1213    0.012777
1218    0.014561
1346    0.009686
1430    0.018146
1451    0.004801
1691    0.006420
1699    0.002395
1711    0.015005
1712    0.014213
1741    0.003780
1762    0.005171
1789    0.016174
1804    0.009012
1835    0.014561
1839    0.011395
1902    0.015530
1908    0.015005
2024    0.014561
2050    0.011261
2334    0.031537
2432    0.010449
2460    0.009611
2581    0.016174
2610    0.012178
2652    0.012563
2675    0.042089
2684    0.006784
2855    0.012364
2938    0.014561
3158    0.016174
3281    0.015005
3706    0.010465
3897    0.035812
3905    0.010671
4223    0.013258
4461    0.007504
4762    0.010671
4870    0.006231
5044    0.008673
5086    0.009841
5096    0.021138
5103    0.009686
5445    0.015005
5485    0.009263
5501    0.004003
5563    0.008095
5626    0.017136
5646    0.010779
6460    0.010272
6598    0.005203
6719    0.006784
6729    0.015005
6751    0.029122
6790    0.010779
6984    0.012022
7194    0.007650
7584    0.014176
7610    0.015530
7644    0.009686
7650    0.007540
7666    0.026015
7677    0.015005
7758    0.013533
7769    0.012004
7787    0.008895
7802    0.010695
7833    0.005171
8007    0.013008
8101    0.008673
8116    0.004374
8127    0.013533
8131    0.017454
8220    0.009611
8356    0.014176
8362    0.008568
8535    0.011683
8538    0.013258
8563    0.016174
8596    0.005351
8622    0.006054
8674    0.016457
8688    0.010465
8868    0.012004
8918    0.006675
8999    0.015005
9077    0.011261
9228    0.026015
9256    0.007233
9271    0.015005
9336    0.028614
9457    0.012777
9798    0.005653
9897    0.012563
9898    0.010272
9899    0.014561
10445    0.025705
10583    0.013258
10627    0.012777
10662    0.012004
10844    0.011535
10946    0.011261
10965    0.012178
11103    0.004576
11213    0.006420
11218    0.004315
11355    0.007840
11356    0.014176
11358    0.006812
11383    0.009467
11528    0.006675
11556    0.015005
11566    0.009397
11569    0.005729
11570    0.006301
11593    0.016174
11683    0.003799
11848    0.010671
11872    0.012777
11890    0.011535
11928    0.009538
11966    0.026019
11968    0.020545
12098    0.021131
12127    0.010006
12269    0.014561
12365    0.015081
12505    0.007299
12519    0.004815
12526    0.010181
12674    0.012178
12684    0.004245
12987    0.005790
13381    0.012364
13466    0.028309
13470    0.009329
13472    0.009263
13510    0.013837
13647    0.005351
13871    0.009686
13939    0.005928
14160    0.009686
14339    0.015530
14340    0.008095
14341    0.009135
14343    0.008322
14412    0.008051
14604    0.004315
14620    0.015005
14921    0.015530
14922    0.016174
15466    0.007106
15497    0.006757
15554    0.011839
16034    0.007540
16094    0.007540
16101    0.013008
16237    0.005543
16263    0.060020
16391    0.011395
16432    0.015608
16529    0.005748
16579    0.032012
16581    0.016174
16585    0.009380
16589    0.013533
16645    0.010367
16652    0.014176
16666    0.013533
16907    0.022463
16946    0.058575
16988    0.072568
17019    0.011261
17080    0.010272
17101    0.014868
17117    0.004929
17372    0.019845
17451    0.008369
17547    0.010181
17588    0.017675
17651    0.014176
17840    0.014561
18032    0.015530
18097    0.012777
18103    0.016174
18275    0.016174
18359    0.014176
18472    0.013258
18626    0.016174
18784    0.009611
18888    0.006757
18932    0.014561
19147    0.013837
19232    0.012648
19365    0.012364
19370    0.006420
19394    0.019525
19397    0.010779
19529    0.027595
19530    0.011535
19587    0.013008
19664    0.010006
19704    0.015005
19773    0.005063
19792    0.015005
19836    0.009397
19844    0.003773
20234    0.016174
20260    0.003429
20343    0.013837
20409    0.019683
20549    0.014561
20591    0.014561
20811    0.011535
20830    0.009073
20844    0.004211
20848    0.005236
20894    0.005561
20956    0.008009
20994    0.026019
21005    0.006445
21019    0.008095
21086    0.009467
21087    0.011733
21243    0.004573
21247    0.008772
