264
27    0.012838
107    0.013922
115    0.007998
117    0.013922
121    0.012838
167    0.014409
219    0.010386
255    0.013510
267    0.008200
288    0.007470
370    0.007510
610    0.007064
653    0.009284
696    0.012838
773    0.014940
852    0.020002
853    0.009618
855    0.033902
857    0.026350
858    0.032591
923    0.029127
924    0.028855
978    0.007593
1017    0.009803
1213    0.011854
1218    0.013510
1346    0.008986
1430    0.025254
1451    0.004454
1691    0.005957
1699    0.002222
1711    0.013922
1712    0.013187
1741    0.003507
1762    0.004798
1789    0.015006
1804    0.008362
1835    0.013510
1839    0.010572
1902    0.014409
1908    0.013922
2024    0.013510
2050    0.010448
2334    0.029260
2432    0.009694
2460    0.008917
2581    0.015006
2610    0.011299
2652    0.011656
2675    0.039050
2684    0.006294
2855    0.011472
2938    0.013510
3158    0.015006
3281    0.013922
3659    0.009364
3706    0.009709
3897    0.033227
3905    0.009900
4223    0.012301
4461    0.006963
4690    0.009364
4762    0.009900
4870    0.005781
5044    0.008047
5086    0.009131
5096    0.019612
5103    0.008986
5445    0.013922
5485    0.008594
5501    0.003714
5563    0.007510
5626    0.015899
5646    0.010001
6460    0.009531
6598    0.004828
6719    0.006294
6729    0.013922
6751    0.027019
6790    0.010001
6984    0.011154
7194    0.007098
7584    0.013153
7610    0.014409
7644    0.008986
7650    0.013992
7666    0.024137
7677    0.013922
7758    0.012556
7769    0.022274
7787    0.008253
7802    0.009923
7833    0.004798
8007    0.012068
8101    0.008047
8116    0.004058
8127    0.012556
8131    0.016194
8220    0.008917
8356    0.013153
8362    0.007950
8535    0.010840
8538    0.012301
8563    0.015006
8596    0.009930
8622    0.005617
8674    0.015269
8688    0.009709
8868    0.011137
8918    0.006194
8999    0.013922
9023    0.007030
9077    0.010448
9228    0.024137
9230    0.015775
9256    0.006711
9271    0.013922
9336    0.026548
9457    0.011854
9798    0.005245
9897    0.011656
9898    0.009531
9899    0.013510
10108    0.010703
10445    0.031798
10545    0.008656
10583    0.012301
10627    0.011854
10662    0.011137
10844    0.010703
10946    0.010448
10965    0.011299
11103    0.004246
11213    0.005957
11218    0.004003
11355    0.010910
11356    0.013153
11358    0.006320
11383    0.008783
11528    0.006194
11556    0.013922
11566    0.008719
11569    0.005315
11570    0.005846
11593    0.015006
11683    0.003525
11841    0.003088
11848    0.009900
11872    0.011854
11890    0.010703
11928    0.008849
11966    0.024141
11968    0.019062
12098    0.019606
12127    0.009284
12269    0.013510
12365    0.013992
12505    0.006772
12519    0.004467
12526    0.009446
12674    0.011299
12684    0.003939
12803    0.015775
12987    0.005372
13381    0.011472
13466    0.026266
13470    0.008656
13472    0.008594
13510    0.012838
13647    0.004965
13871    0.008986
13939    0.010999
14160    0.008986
14339    0.014409
14340    0.007510
14341    0.008476
14343    0.007721
14412    0.007470
14604    0.004003
14620    0.013922
14921    0.014409
14922    0.015006
15033    0.008656
15342    0.010001
15466    0.006593
15497    0.006269
15554    0.010984
16034    0.006996
16063    0.007391
16094    0.006996
16101    0.012068
16237    0.005143
16263    0.055687
16264    0.018713
16391    0.010572
16432    0.014482
16529    0.005333
16579    0.029701
16581    0.015006
16585    0.009790
16589    0.012556
16645    0.009618
16652    0.013153
16666    0.012556
16907    0.020841
16946    0.054346
16988    0.067329
17019    0.010448
17080    0.009531
17101    0.013795
17117    0.004573
17372    0.018413
17451    0.007765
17547    0.009446
17588    0.016399
17651    0.013153
17788    0.011472
17840    0.013510
18032    0.014409
18097    0.011854
18103    0.015006
18158    0.006996
18204    0.009618
18275    0.015006
18359    0.013153
18472    0.012301
18626    0.015006
18784    0.008917
18888    0.006269
18932    0.013510
19147    0.012838
19232    0.011735
19365    0.011472
19370    0.005957
19394    0.018115
19397    0.010001
19529    0.025603
19530    0.010703
19587    0.012068
19664    0.009284
19704    0.013922
19773    0.004697
19792    0.013922
19836    0.008719
19844    0.003501
20234    0.015006
20260    0.003181
20343    0.012838
20409    0.018262
20549    0.013510
20591    0.013510
20811    0.010703
20830    0.008418
20844    0.003907
20848    0.004858
20894    0.005159
20956    0.007430
20994    0.024141
21005    0.005980
21019    0.007510
21086    0.008783
21087    0.010886
21243    0.004243
21247    0.008138
