390
147    0.007534
198    0.009870
246    0.004420
297    0.008120
324    0.010806
333    0.003208
360    0.011548
481    0.005413
526    0.008426
546    0.011548
621    0.004497
630    0.013845
632    0.015480
702    0.004769
749    0.007331
752    0.010806
822    0.006359
851    0.005653
903    0.012818
927    0.007075
961    0.008267
1042    0.009870
1184    0.003794
1199    0.007984
1414    0.012818
1423    0.010700
1424    0.008120
1425    0.024432
1514    0.005728
1646    0.004703
1690    0.006108
1919    0.004497
2173    0.007640
2216    0.012123
2432    0.002213
2460    0.006108
2565    0.013701
2706    0.003569
2723    0.003581
2745    0.003807
2768    0.006528
2971    0.011548
3050    0.007115
3054    0.010806
3140    0.006359
3274    0.018019
3306    0.006651
3451    0.014586
3469    0.008267
3471    0.007524
3583    0.005622
3635    0.005350
3647    0.018083
3709    0.012818
3734    0.005806
3756    0.011548
3790    0.005063
3831    0.007858
3845    0.006997
3850    0.004703
3861    0.006255
3925    0.006306
4099    0.018324
4100    0.008794
4260    0.004638
4324    0.004458
4355    0.012818
4360    0.016852
4385    0.056601
4389    0.006715
4390    0.005117
4418    0.017201
4439    0.009870
4450    0.003477
4505    0.012509
4656    0.018467
4662    0.004536
4678    0.005172
4990    0.012818
5056    0.007242
5072    0.007629
5086    0.006255
5116    0.007740
5155    0.008426
5206    0.006156
5248    0.026114
5293    0.015716
5339    0.010806
5352    0.009362
5414    0.004576
5415    0.013915
5428    0.030836
5440    0.004985
5480    0.005929
5495    0.002459
5511    0.007740
5515    0.010432
5532    0.006416
5535    0.006204
5673    0.011548
5680    0.009009
5851    0.006715
5865    0.005766
5977    0.013865
5995    0.006997
5998    0.013563
6056    0.006414
6085    0.005063
6193    0.007984
6227    0.008120
6323    0.005929
6328    0.014150
6365    0.004226
6372    0.003051
6428    0.012818
6432    0.009009
6462    0.007629
6477    0.011548
6538    0.007242
6569    0.009536
6613    0.004209
6621    0.010279
6628    0.003960
6731    0.011548
6738    0.010345
6753    0.009870
6769    0.006588
6845    0.009009
6965    0.010279
7154    0.010806
7168    0.005101
7603    0.009254
7650    0.004792
7802    0.001699
7833    0.013147
7895    0.013994
7932    0.015716
7987    0.005090
7996    0.005445
8107    0.002931
8116    0.002780
8159    0.006204
8223    0.011306
8252    0.015716
8489    0.005350
8539    0.012818
8581    0.005684
8596    0.003401
8703    0.018019
8719    0.007629
8739    0.011548
8774    0.005512
8796    0.011548
8799    0.011548
8812    0.014150
8866    0.012818
8918    0.004242
8971    0.007740
8984    0.010073
9209    0.002923
9245    0.009870
9314    0.007984
9324    0.015716
9459    0.006062
9484    0.009920
9516    0.012818
9517    0.005980
9523    0.010518
9644    0.005381
9663    0.007242
9664    0.012882
9669    0.015716
9674    0.009009
9714    0.011548
9734    0.010279
9747    0.005201
9769    0.006781
9947    0.002990
10044    0.009254
10105    0.007306
10179    0.007331
10261    0.003208
10605    0.003847
10636    0.015480
10662    0.015257
10773    0.008730
10837    0.004034
10892    0.002866
11018    0.006715
11062    0.018467
11093    0.004838
11098    0.053719
11112    0.007115
11213    0.004080
11223    0.007331
11225    0.005350
11271    0.004516
11382    0.011548
11444    0.004536
11445    0.005201
11468    0.004497
11531    0.004329
11550    0.009536
11567    0.005581
11618    0.011548
11622    0.007331
11709    0.018185
11729    0.004209
11782    0.003179
11841    0.004231
11885    0.008794
11984    0.005230
11992    0.012818
12008    0.006588
12050    0.009009
12074    0.016240
12191    0.019078
12245    0.003380
12252    0.008426
12273    0.016137
12300    0.003287
12415    0.007891
12551    0.003338
12581    0.018508
12586    0.009254
12591    0.003807
12618    0.005381
12645    0.009536
12853    0.004080
12855    0.002964
12862    0.009536
12864    0.003989
12904    0.006717
12927    0.008659
12947    0.011380
12999    0.002110
13125    0.005887
13157    0.005445
13241    0.007157
13350    0.008794
13351    0.003007
13357    0.001795
13434    0.001164
13688    0.009870
13691    0.006922
13730    0.008601
13806    0.010279
13815    0.013994
13825    0.007858
13870    0.010806
13961    0.008267
13983    0.006922
14065    0.007572
14073    0.013318
14083    0.008120
14161    0.006851
14200    0.005478
14303    0.003690
14318    0.009870
14425    0.006032
14480    0.005201
14549    0.011548
14604    0.005484
14658    0.011548
14703    0.010806
14704    0.010806
14742    0.001308
14823    0.010279
15081    0.004576
15160    0.013791
15161    0.012818
15162    0.012818
15165    0.010806
15204    0.008519
15216    0.004886
15435    0.010279
15468    0.010126
15531    0.009009
15601    0.004681
15623    0.009821
15627    0.010806
15801    0.005201
15871    0.009536
15952    0.008519
15953    0.006922
15955    0.022760
15957    0.010279
15983    0.005011
16020    0.011548
16065    0.007858
16117    0.004576
16128    0.008267
16161    0.010806
16265    0.006156
16409    0.006414
16461    0.005259
16482    0.008267
16585    0.009687
16628    0.011611
16632    0.015480
16649    0.015777
16652    0.009009
16705    0.003358
16706    0.013177
16735    0.007629
16766    0.004985
16815    0.007157
16880    0.004402
16885    0.005887
16955    0.005011
16973    0.009870
17033    0.005846
17034    0.006588
17051    0.007508
17089    0.009009
17129    0.003903
17185    0.007984
17365    0.018508
17531    0.007306
17585    0.015969
17616    0.007157
17622    0.009009
17726    0.011548
17727    0.008120
17806    0.009536
17830    0.004497
17851    0.009254
17857    0.006851
17873    0.006306
17892    0.008267
17924    0.007524
17982    0.008601
18003    0.004886
18112    0.010806
18182    0.003955
18282    0.003974
18313    0.009009
18383    0.003989
18435    0.004536
18437    0.008601
18526    0.007858
18567    0.011092
18614    0.007157
18619    0.019780
18620    0.005929
18649    0.005972
18651    0.012818
18715    0.007524
18717    0.018724
18851    0.011548
18879    0.008794
18882    0.002765
18945    0.009536
18960    0.011548
19064    0.008120
19366    0.001781
19410    0.002371
19426    0.005035
19433    0.009677
19460    0.002973
19640    0.005289
19670    0.008120
19772    0.004365
19997    0.005846
20090    0.004349
20251    0.005259
20260    0.001090
20275    0.003142
20281    0.009277
20460    0.004556
20539    0.011548
20615    0.009254
20671    0.006255
20695    0.005581
20803    0.002544
20868    0.002826
20901    0.007949
21009    0.007858
21011    0.006588
21057    0.004347
21058    0.003754
21115    0.003007
21118    0.004960
21119    0.006255
21120    0.012335
21135    0.006651
21145    0.009254
21235    0.008601
21247    0.001858
21266    0.003466
