118
103    0.017612
124    0.048133
135    0.048133
231    0.030947
716    0.029489
1262    0.021919
1425    0.025458
1514    0.023873
1691    0.017006
1725    0.025264
1741    0.010012
1862    0.010888
1918    0.022428
2206    0.030556
2216    0.025264
3563    0.016815
3745    0.023561
3747    0.029828
4697    0.019601
5043    0.007861
5075    0.009296
5248    0.027210
5415    0.019333
5515    0.014493
5851    0.027987
5898    0.025264
6085    0.021102
6360    0.045037
6613    0.017542
6626    0.038569
6707    0.018119
6719    0.017970
6738    0.064675
6959    0.033844
7351    0.018424
7833    0.013698
7996    0.022696
8281    0.025859
8812    0.029489
8957    0.035119
9209    0.024364
9242    0.026069
9486    0.063592
9499    0.033844
9873    0.016628
10013    0.032259
10074    0.015329
10140    0.016942
10261    0.013370
10406    0.032259
10623    0.042841
10837    0.008407
10892    0.011945
11386    0.018119
11390    0.024033
11456    0.048133
11528    0.017682
11729    0.035084
11785    0.038569
11841    0.017633
12005    0.010744
12071    0.019421
12074    0.033844
12191    0.026505
12283    0.010520
12415    0.016445
12464    0.035119
12927    0.054132
12928    0.019510
12949    0.023410
13232    0.030183
13647    0.014174
14065    0.018935
14316    0.017473
14538    0.021797
14717    0.022297
15410    0.021797
15623    0.020466
15801    0.021677
15871    0.039746
15907    0.016093
15952    0.017753
16065    0.032752
16628    0.024197
16632    0.064518
16705    0.013998
16734    0.010716
16880    0.018346
16944    0.028802
17033    0.024365
17051    0.015647
17094    0.025458
17117    0.013055
17484    0.008906
17899    0.033844
17913    0.025656
18182    0.008241
18282    0.016565
18649    0.024892
18717    0.019510
18841    0.020672
19200    0.032259
19370    0.017006
19434    0.048133
19663    0.036651
19684    0.053424
19773    0.013410
19871    0.030556
20090    0.009064
20094    0.033844
20274    0.018581
20673    0.023561
20713    0.014447
20715    0.035847
20803    0.010603
21042    0.053424
21150    0.006092
21154    0.035847
