185
27    0.020518
115    0.025566
121    0.020518
460    0.012135
477    0.020068
629    0.020518
773    0.011939
778    0.019661
786    0.011692
855    0.013546
858    0.026045
924    0.015373
978    0.012135
1274    0.014477
1346    0.014363
1349    0.018630
1430    0.040364
1444    0.029908
1584    0.059816
1804    0.013365
2024    0.043185
2269    0.025213
2333    0.017325
2334    0.035075
2411    0.059816
2458    0.014252
2675    0.012483
2676    0.015233
2723    0.008355
2819    0.009485
2938    0.021592
3116    0.020518
3245    0.016509
3306    0.015518
3635    0.012483
3764    0.029908
3897    0.013276
3900    0.021022
3911    0.022048
3933    0.018947
4233    0.029908
4690    0.014966
5043    0.004401
5096    0.007836
5324    0.026946
5372    0.018630
5626    0.012706
6076    0.018059
6372    0.007119
6603    0.021022
6625    0.029908
6663    0.014363
6738    0.024138
6864    0.015097
6971    0.022251
6983    0.016152
6984    0.017828
7168    0.011903
7189    0.017325
7194    0.011345
7486    0.010823
7664    0.025213
7753    0.008166
7758    0.020068
7769    0.017800
7770    0.015097
7806    0.036119
8356    0.021022
8362    0.012706
8417    0.010019
8533    0.009899
8568    0.006669
8674    0.024405
8868    0.017800
9137    0.015518
9228    0.019289
9262    0.029908
9272    0.029908
9798    0.008383
10108    0.017106
10230    0.017800
10445    0.012706
10446    0.029908
10525    0.013365
10532    0.050426
10583    0.019661
10747    0.029908
10824    0.023984
10879    0.026946
10965    0.018059
11103    0.006786
11337    0.026946
11344    0.014144
11499    0.016152
11683    0.005634
11750    0.008011
11848    0.015823
11966    0.025722
12042    0.013455
12045    0.012783
12181    0.026946
12519    0.021418
12548    0.009668
12571    0.029908
12593    0.089724
12594    0.022251
12983    0.008699
12987    0.004293
13423    0.026946
13466    0.027987
13492    0.014477
13580    0.007287
13591    0.014363
13599    0.026946
13757    0.020068
13761    0.025213
13787    0.036119
13869    0.020518
14160    0.014363
14604    0.006399
15058    0.025213
15192    0.033795
15229    0.013640
15271    0.011024
15284    0.047968
15468    0.011814
15497    0.010019
15670    0.025213
15887    0.021592
15927    0.012483
15936    0.016699
16094    0.011182
16432    0.023146
16529    0.008524
16532    0.013640
16579    0.063294
16585    0.010432
16645    0.015373
16907    0.008328
16945    0.015373
17122    0.043431
17484    0.004986
17588    0.026211
17679    0.020068
17814    0.009744
17845    0.023984
17892    0.019289
18021    0.018630
18347    0.049526
18547    0.032653
18579    0.016327
18799    0.016897
18887    0.013736
18932    0.021592
18938    0.029908
19046    0.023029
19084    0.014252
19197    0.029908
19232    0.009378
19365    0.018335
19529    0.013640
19581    0.020068
19654    0.025213
19773    0.007508
19785    0.008246
19844    0.005595
19997    0.013640
20131    0.015823
20260    0.002542
20289    0.016509
20343    0.020518
20464    0.008977
20716    0.011814
20805    0.022251
20827    0.015373
20848    0.007764
20868    0.006595
20894    0.008246
20956    0.011876
21005    0.019114
21129    0.013487
21243    0.020344
21247    0.004336
21279    0.010726
21289    0.029908
