316
164    0.008795
198    0.013176
324    0.014425
354    0.011481
360    0.015417
481    0.007226
526    0.011248
621    0.006003
630    0.009241
716    0.009445
720    0.015417
752    0.014425
822    0.008489
851    0.007546
962    0.011739
1184    0.005064
1423    0.007142
1424    0.010840
1425    0.016308
1441    0.012027
1629    0.017111
1671    0.030833
1698    0.009284
1699    0.002032
2047    0.004860
2048    0.006868
2173    0.005100
2216    0.008092
2292    0.006943
2344    0.012398
2468    0.011248
2632    0.017111
2641    0.012027
2706    0.004764
2768    0.008715
2971    0.015417
3004    0.017111
3013    0.008217
3050    0.023744
3053    0.021678
3054    0.014425
3097    0.017111
3306    0.008878
3341    0.005489
3450    0.021680
3451    0.025963
3583    0.003752
3647    0.004828
3756    0.015417
3790    0.006759
3845    0.009341
3850    0.006278
3903    0.006459
3973    0.015417
4028    0.006905
4055    0.008638
4099    0.008154
4150    0.007404
4273    0.012354
4324    0.005951
4360    0.011248
4385    0.037780
4389    0.008964
4418    0.011481
4450    0.004642
4656    0.016435
4662    0.006056
4697    0.006278
4989    0.017111
4997    0.032520
5043    0.010071
5107    0.034223
5115    0.016837
5248    0.017430
5291    0.017111
5352    0.006249
5415    0.006192
5515    0.018569
5535    0.016565
5673    0.015417
5823    0.013176
5865    0.007698
5915    0.009667
5977    0.004627
5997    0.014425
6056    0.008562
6198    0.015417
6227    0.010840
6244    0.010840
6328    0.009445
6365    0.005641
6462    0.010184
6503    0.014425
6613    0.011237
6628    0.005287
6738    0.020715
6808    0.008489
6840    0.011248
7010    0.008350
7018    0.013722
7168    0.003405
7192    0.007313
7463    0.009787
7523    0.013176
7524    0.004893
7531    0.004442
7650    0.006397
7679    0.010184
7753    0.009344
7895    0.009341
7932    0.010490
8107    0.003913
8159    0.008283
8223    0.007546
8281    0.008283
8302    0.013722
8417    0.005732
8489    0.007142
8596    0.004540
8675    0.015417
8703    0.012027
8704    0.015417
8774    0.007358
8812    0.009445
8918    0.005664
8920    0.017111
9002    0.007915
9200    0.004657
9209    0.003902
9210    0.006397
9245    0.026352
9324    0.010490
9454    0.004960
9517    0.003992
9523    0.007020
9664    0.011465
9713    0.015417
9749    0.017430
9751    0.010332
9769    0.009053
9813    0.014425
9881    0.008283
9902    0.014425
9966    0.012027
10105    0.009753
10261    0.004282
10605    0.005136
10636    0.010332
10699    0.011739
10773    0.005827
10790    0.008154
10837    0.002693
10892    0.003826
11029    0.015417
11062    0.024652
11098    0.035856
11112    0.009498
11165    0.010184
11178    0.006220
11213    0.005447
11223    0.009787
11355    0.006651
11387    0.010490
11434    0.004703
11445    0.006943
11468    0.006003
11473    0.009667
11531    0.005779
11569    0.004860
11618    0.015417
11660    0.014425
11683    0.003223
11709    0.008092
11778    0.017111
11782    0.004244
11806    0.011248
11841    0.005648
11850    0.017111
11885    0.011739
11947    0.033957
11967    0.013176
12048    0.006588
12110    0.004627
12191    0.025468
12245    0.004512
12271    0.017111
12273    0.016157
12300    0.004388
12415    0.015802
12581    0.012354
12586    0.024707
12648    0.009787
12829    0.017111
12853    0.010894
12865    0.009787
12889    0.003924
12904    0.004483
12927    0.005779
12947    0.007596
12987    0.002456
13050    0.004321
13096    0.008350
13157    0.007269
13179    0.006367
13228    0.005489
13350    0.011739
13352    0.005173
13355    0.003980
13357    0.002396
13366    0.010659
13434    0.004661
13451    0.007596
13581    0.009554
13787    0.010332
13815    0.018682
13825    0.010490
13909    0.006759
13983    0.009241
13994    0.013722
14015    0.009667
14065    0.004043
14254    0.017111
14303    0.004926
14425    0.008052
14480    0.006943
14607    0.005803
14742    0.001747
14793    0.012354
15160    0.024546
15165    0.014425
15306    0.015417
15430    0.015417
15513    0.017111
15623    0.013110
15682    0.017111
15783    0.015192
15907    0.005154
15953    0.009241
15955    0.015192
16461    0.007020
16575    0.007498
16585    0.006963
16628    0.015501
16632    0.020665
16649    0.007020
16664    0.017111
16706    0.017591
16732    0.004257
16944    0.004613
16973    0.013176
17033    0.007804
17034    0.008795
17051    0.010023
17089    0.012027
17108    0.006588
17369    0.006795
17471    0.007750
17488    0.017111
17521    0.009053
17531    0.009753
17585    0.010659
17726    0.015417
17753    0.017111
17776    0.024707
17782    0.006003
17830    0.006003
17892    0.011036
17899    0.010840
18130    0.017111
18153    0.017111
18182    0.005279
18230    0.014425
18261    0.017111
18282    0.002653
18435    0.006056
18567    0.014808
18589    0.009787
18596    0.011248
18614    0.009554
18619    0.026406
18620    0.007915
18716    0.010659
18717    0.006249
18765    0.017111
18846    0.011739
18879    0.011739
18945    0.012730
19046    0.013176
19278    0.006139
19310    0.011739
19426    0.003361
19455    0.008638
19488    0.017111
19640    0.007060
19643    0.012027
19707    0.005597
19844    0.001601
19942    0.015417
20068    0.010490
20090    0.005806
20115    0.012730
20178    0.011739
20237    0.014425
20251    0.007020
20460    0.012165
20615    0.012354
20672    0.008715
20695    0.007451
20807    0.007358
20827    0.008795
20894    0.004718
21026    0.011036
21057    0.005803
21083    0.007142
21120    0.005489
21129    0.003858
