363
27    0.008321
107    0.009024
115    0.005184
117    0.009024
118    0.009340
121    0.008321
190    0.007684
191    0.009789
219    0.003366
244    0.007436
246    0.004183
255    0.008757
261    0.010928
267    0.010630
288    0.004842
335    0.007973
460    0.009843
465    0.010225
477    0.008139
610    0.009157
616    0.013390
689    0.006123
695    0.010225
696    0.016642
702    0.004513
754    0.010928
773    0.014526
777    0.008321
852    0.019448
853    0.031173
855    0.032962
857    0.039852
858    0.036969
923    0.025173
924    0.024938
978    0.009843
1017    0.006354
1204    0.004201
1213    0.023051
1346    0.005825
1430    0.021826
1466    0.005248
1699    0.004321
1711    0.009024
1741    0.004546
1762    0.003110
1789    0.009727
1804    0.005420
1820    0.009024
1835    0.008757
1839    0.006853
1908    0.009024
2024    0.008757
2050    0.006772
2283    0.004868
2333    0.007026
2334    0.042673
2396    0.003270
2432    0.006284
2447    0.007555
2460    0.011560
2581    0.009727
2675    0.035436
2747    0.005571
2806    0.004274
2819    0.003846
2938    0.052540
2947    0.004369
3140    0.006018
3238    0.013350
3281    0.009024
3326    0.012934
3327    0.005384
3659    0.012139
3706    0.006293
3732    0.005349
3747    0.006772
3818    0.009024
3897    0.032305
3906    0.010225
4083    0.010225
4223    0.007973
4347    0.009340
4463    0.005184
4645    0.010225
4849    0.008321
4872    0.005571
5043    0.001785
5044    0.005216
5075    0.002111
5096    0.003178
5249    0.010928
5372    0.007555
5420    0.010225
5445    0.009024
5480    0.005611
5485    0.022283
5489    0.010928
5602    0.005651
5615    0.020611
5626    0.015458
5690    0.008757
5707    0.006695
5767    0.008525
5856    0.003891
5910    0.008139
6330    0.049927
6351    0.007324
6365    0.003999
6455    0.010928
6460    0.006178
6495    0.013705
6598    0.003129
6719    0.004080
6751    0.008757
6902    0.008757
6908    0.002999
6984    0.007230
7077    0.012469
7166    0.004976
7194    0.004601
7524    0.003468
7571    0.004741
7632    0.011386
7644    0.005825
7666    0.007823
7736    0.003565
7740    0.009340
7758    0.008139
7770    0.006123
7802    0.006432
7806    0.021972
7833    0.006220
7967    0.006235
7989    0.004237
8027    0.007219
8036    0.007684
8068    0.004842
8127    0.008139
8131    0.005248
8200    0.009843
8343    0.012587
8356    0.008525
8362    0.036070
8363    0.007026
8417    0.004063
8491    0.009340
8500    0.002667
8594    0.004670
8596    0.006436
8622    0.003641
8674    0.004949
8957    0.007973
8999    0.009024
9023    0.004556
9179    0.005153
9210    0.004535
9228    0.007823
9230    0.010225
9271    0.009024
9364    0.004063
9510    0.004331
9517    0.002829
9533    0.003775
9534    0.007324
9691    0.010928
9777    0.005611
9798    0.003400
9812    0.008474
9873    0.003775
10108    0.006937
10428    0.009024
10502    0.010928
10528    0.010928
10542    0.008525
10545    0.005611
10583    0.007973
10627    0.007684
10662    0.007219
10794    0.004976
10803    0.009684
10844    0.006937
10946    0.013544
11103    0.013760
11117    0.003008
11183    0.004670
11203    0.004274
11218    0.005190
11244    0.006937
11383    0.011386
11391    0.009727
11414    0.010928
11416    0.006772
11460    0.018680
11551    0.009727
11556    0.009024
11562    0.005780
11622    0.006937
11872    0.007684
11886    0.010928
11930    0.017050
11966    0.057374
11968    0.006178
12064    0.004816
12098    0.006354
12122    0.003045
12365    0.009069
12412    0.008139
12505    0.004389
12508    0.006123
12519    0.002895
12526    0.006123
12595    0.010928
12674    0.007324
12803    0.010225
12928    0.004430
12974    0.004601
12976    0.008525
12977    0.010928
12987    0.001741
13357    0.001698
13381    0.007436
13434    0.001101
13466    0.019862
13472    0.005571
13601    0.005532
13874    0.009340
13930    0.006937
13964    0.005184
14160    0.005825
14275    0.009024
14291    0.010928
14308    0.008525
14340    0.004868
14341    0.010987
14343    0.005005
14406    0.007360
14412    0.014526
14590    0.008757
14604    0.005190
14865    0.004693
15081    0.004331
15135    0.005780
15140    0.006645
15167    0.010928
15191    0.009727
15212    0.006018
15216    0.004624
15228    0.007324
15282    0.007436
15309    0.012834
15384    0.008525
15386    0.008525
15410    0.004949
15468    0.004791
15497    0.008127
15600    0.005494
15820    0.004201
15981    0.007823
16060    0.004741
16093    0.007823
16101    0.007823
16234    0.007973
16263    0.009024
16391    0.006853
16432    0.014080
16464    0.008757
16501    0.003565
16529    0.003457
16579    0.044920
16585    0.003525
16645    0.006235
16652    0.008525
16666    0.008139
16673    0.010928
16700    0.008321
16813    0.008757
16819    0.008525
16907    0.016886
16916    0.010928
16945    0.006235
16946    0.017613
16988    0.024938
17018    0.015645
17101    0.008942
17103    0.004430
17105    0.017580
17111    0.010244
17117    0.017784
17122    0.011742
17219    0.007555
17331    0.004492
17347    0.015100
17351    0.020316
17358    0.007026
17369    0.004816
17407    0.003906
17451    0.005033
17531    0.003457
17547    0.012245
17588    0.005315
17623    0.009340
17651    0.008525
17653    0.021856
17769    0.008139
17893    0.017050
17940    0.010928
17955    0.009727
18031    0.010928
18046    0.010225
18097    0.007684
18451    0.006069
18452    0.006417
18472    0.007973
18482    0.006937
18713    0.005062
18882    0.002616
18932    0.008757
19084    0.017339
19147    0.008321
19173    0.005780
19232    0.007607
19239    0.010225
19278    0.002176
19346    0.008525
19365    0.007436
19366    0.001686
19397    0.006483
19410    0.002244
19512    0.006695
19518    0.006123
19529    0.011064
19530    0.006937
19663    0.008321
19836    0.005651
19844    0.005673
19907    0.006621
19925    0.009024
20260    0.003093
20288    0.007219
20343    0.008321
20462    0.007120
20464    0.010922
20531    0.008525
20549    0.008757
20591    0.008757
20609    0.015947
20742    0.005571
20803    0.002407
20811    0.006937
20844    0.002532
20894    0.003344
20922    0.010225
21005    0.007752
21016    0.004601
21019    0.009736
21086    0.011386
21087    0.007056
21150    0.001383
21243    0.011001
21247    0.005275
21307    0.003951
21308    0.007684
