56
1677    0.043929
3297    0.041043
3567    0.025333
3820    0.060831
4130    0.049451
4240    0.022061
4522    0.045741
5043    0.015843
5484    0.063202
6598    0.055555
7142    0.047180
7425    0.069440
8218    0.026157
10409    0.067068
10942    0.072732
11181    0.029783
11340    0.104234
12307    0.065099
12519    0.025702
12675    0.033265
13351    0.025260
13592    0.073866
14065    0.012720
14359    0.051707
14485    0.039687
14718    0.075678
14742    0.021981
14743    0.062370
15410    0.043929
16657    0.096225
17075    0.041875
17079    0.052972
17643    0.066530
18182    0.016609
18383    0.033511
18807    0.111730
18882    0.023224
18883    0.033023
19085    0.051707
19266    0.031211
19309    0.042308
19410    0.019919
19416    0.036668
19546    0.052117
20090    0.018267
20228    0.051307
20464    0.032318
20601    0.037289
20716    0.042529
20860    0.065014
20868    0.023741
21115    0.025260
21129    0.024277
21150    0.012277
21307    0.070154
21310    0.043687
