120
103    0.016841
716    0.028197
1097    0.017113
1275    0.025787
1691    0.016261
1698    0.013859
1740    0.018656
2216    0.024158
2262    0.038005
2344    0.012338
2432    0.008822
3451    0.019377
3470    0.034277
3620    0.092049
3850    0.018742
3977    0.030846
4301    0.022827
4639    0.025133
4787    0.039336
4872    0.046924
5482    0.032362
5495    0.009799
5515    0.013859
5532    0.012785
5544    0.022981
5851    0.026761
5918    0.030846
5977    0.013814
6085    0.020178
6613    0.016774
6707    0.017325
6719    0.017183
6738    0.061842
7048    0.019098
7523    0.019667
7948    0.023462
7996    0.021702
8166    0.040965
8254    0.029592
8568    0.011390
8635    0.051084
8703    0.035906
8812    0.028197
9143    0.019867
9179    0.021702
9205    0.038005
9209    0.023297
9419    0.051084
9518    0.010869
9747    0.020727
9751    0.030846
9963    0.026258
10612    0.026505
10897    0.014910
11201    0.012089
11218    0.021858
11279    0.018656
11286    0.034277
11340    0.024727
11472    0.035906
11531    0.017254
11683    0.009623
11751    0.051084
11947    0.025344
12045    0.021833
12415    0.015725
12587    0.046025
12644    0.031821
12648    0.029217
12687    0.028197
12949    0.022385
13479    0.036880
13580    0.024894
13866    0.021198
14065    0.006035
14304    0.023138
14826    0.030404
14874    0.018403
15554    0.029986
15725    0.046025
15783    0.022677
15822    0.015172
15952    0.016976
15953    0.027589
16265    0.024532
16409    0.025562
16628    0.115689
16630    0.034277
16649    0.041918
16880    0.052629
16952    0.021573
17254    0.034277
17941    0.039336
18133    0.022385
18340    0.020842
18383    0.015899
18476    0.029217
18614    0.028522
18717    0.037312
18719    0.050265
19169    0.020503
19232    0.016018
19266    0.014808
19433    0.019283
19464    0.014271
19773    0.012823
19844    0.009557
19907    0.027887
19944    0.035046
20215    0.032946
20260    0.004343
20274    0.017768
20460    0.018158
20671    0.024927
20707    0.040965
20803    0.010139
20868    0.011264
20915    0.027027
20983    0.015959
21094    0.023630
