71
124    0.079815
135    0.079815
575    0.059442
1116    0.038573
1180    0.079815
1646    0.032502
1689    0.028200
1698    0.024033
2432    0.015298
2943    0.045121
3297    0.033769
3493    0.058236
3563    0.055765
3733    0.035365
4522    0.037635
5074    0.029439
5082    0.044329
5093    0.036552
5248    0.045121
6363    0.068216
6429    0.035748
6698    0.088589
6705    0.030045
6738    0.035748
6844    0.034454
7343    0.083163
8342    0.043951
8343    0.045965
8504    0.050050
8711    0.030681
9209    0.060601
10013    0.053493
10684    0.088589
10867    0.059442
10892    0.019807
10893    0.056121
11218    0.018953
11355    0.017217
11750    0.023728
12071    0.032205
12110    0.047913
12195    0.159629
13228    0.028417
13545    0.048360
13886    0.022104
14316    0.028974
14592    0.053493
14717    0.036974
15082    0.057134
15160    0.031771
15484    0.038095
15623    0.033937
15952    0.029439
16026    0.038332
16030    0.032502
16628    0.040125
16729    0.014438
16754    0.062267
17044    0.038819
17117    0.021649
17808    0.049462
17901    0.065908
18383    0.027573
18882    0.019109
18987    0.099360
19213    0.043951
20260    0.007531
20460    0.031489
20785    0.030045
20803    0.017583
21287    0.060776
