47
1699    0.033918
1740    0.052160
3563    0.044953
3842    0.046349
4206    0.072745
4240    0.029265
4433    0.088968
4522    0.060677
4577    0.066548
4729    0.046531
4778    0.075565
5260    0.057952
6251    0.069135
6908    0.035319
9214    0.065598
9256    0.051222
9402    0.077135
9901    0.087560
9947    0.033317
11896    0.103114
12591    0.042419
13434    0.012969
13783    0.114535
13886    0.035637
14065    0.016874
14742    0.029158
14910    0.120406
14928    0.100389
15271    0.052646
15275    0.114535
15577    0.103114
15778    0.053398
16048    0.075565
16241    0.060677
17034    0.073415
17037    0.045123
17054    0.075565
17105    0.041402
17144    0.032204
17966    0.054989
19426    0.028051
20100    0.059269
20628    0.066548
20713    0.038624
20768    0.033605
20965    0.114535
21041    0.109981
