98
103    0.020785
143    0.039274
539    0.027281
610    0.023800
616    0.034802
696    0.043255
852    0.033697
857    0.059188
858    0.054906
923    0.032714
924    0.064816
1430    0.028364
1712    0.022215
1804    0.028174
1873    0.033357
2675    0.026315
2933    0.032714
3659    0.031550
3886    0.028755
3896    0.086510
3906    0.053152
4258    0.017498
4301    0.028174
5485    0.028958
5626    0.053570
6324    0.043255
6330    0.043255
6809    0.026948
7456    0.021295
7588    0.039274
7709    0.028755
7802    0.008358
7806    0.038071
8105    0.028755
8622    0.018925
8674    0.025724
8873    0.035622
9077    0.035202
9129    0.037010
9256    0.067834
9517    0.014708
9798    0.017672
10491    0.026785
10542    0.044316
10583    0.041447
10752    0.053152
10776    0.041447
10946    0.035202
10963    0.053152
11383    0.029594
11683    0.011877
11930    0.044316
11966    0.027113
12127    0.031281
12668    0.027113
13014    0.013864
13231    0.032113
13434    0.005725
13580    0.015362
14160    0.030279
14342    0.035202
14343    0.026015
14345    0.039274
15229    0.028755
15434    0.056805
16374    0.041447
16432    0.048794
16464    0.045519
16645    0.032408
16724    0.021929
16907    0.035111
16945    0.064816
16988    0.032408
17122    0.030519
17588    0.027628
18018    0.032714
18279    0.053152
18347    0.034802
19024    0.063050
19065    0.029377
19084    0.030045
19177    0.018091
19262    0.021383
19271    0.023349
19410    0.011664
19460    0.014624
19464    0.052840
19518    0.031827
19529    0.028755
19742    0.038071
20166    0.040663
20233    0.031019
20343    0.043255
20803    0.012514
20868    0.027805
20923    0.040663
21005    0.020147
21243    0.014296
