176
314    0.013399
604    0.016064
1364    0.013638
1436    0.011565
1603    0.012885
1752    0.028135
1792    0.017338
1847    0.014850
1941    0.010298
1990    0.017525
2003    0.012816
2084    0.011214
2092    0.015539
2113    0.013026
2114    0.012748
2248    0.016657
2684    0.010799
2853    0.015927
3072    0.028924
3126    0.015794
3273    0.016818
3486    0.024721
3583    0.007040
3618    0.011118
3706    0.016657
3944    0.020361
4023    0.008010
4025    0.019385
4195    0.008654
4450    0.008709
4467    0.012885
4468    0.033003
4697    0.023557
4729    0.010459
4732    0.014958
5020    0.026196
5075    0.005586
5084    0.029916
5501    0.006372
5524    0.016985
5578    0.012178
5745    0.013098
6225    0.027064
6430    0.013978
6657    0.022024
6761    0.017588
7223    0.020705
7746    0.035848
7892    0.012486
8025    0.008794
8078    0.025826
8269    0.014541
8271    0.039738
8272    0.014345
8442    0.012178
8536    0.014251
8581    0.007118
8630    0.016548
8638    0.013322
9118    0.010142
9210    0.012002
9276    0.019997
9280    0.014745
9388    0.010933
9417    0.017338
9518    0.006831
9782    0.018845
9785    0.021541
9812    0.011214
10064    0.014745
10163    0.023884
10215    0.021866
10251    0.017338
10290    0.011118
10334    0.009338
10355    0.017158
10480    0.019997
10509    0.013098
10636    0.019385
10689    0.013399
11103    0.007284
11112    0.008909
11117    0.015925
11134    0.018138
11207    0.011513
11474    0.022565
11797    0.023177
12283    0.018965
12345    0.017531
12522    0.010541
12544    0.120548
12548    0.020755
12577    0.022565
12648    0.036723
12785    0.020705
12855    0.007425
12904    0.008412
12987    0.004608
13050    0.016215
13198    0.015927
13319    0.010459
13347    0.029700
13351    0.007532
13353    0.012422
13357    0.004495
13501    0.008157
13716    0.023177
13815    0.017525
13823    0.015794
13886    0.008010
14028    0.021541
14140    0.018361
14145    0.027610
14148    0.028502
14303    0.009243
14304    0.014541
14365    0.019385
14439    0.007731
14604    0.006868
14742    0.003277
14745    0.007362
14754    0.012816
14773    0.016351
14815    0.009670
14980    0.022565
14982    0.019681
15041    0.025744
15344    0.011724
15382    0.018361
15583    0.018597
15687    0.023177
15695    0.012002
15712    0.010258
15791    0.012360
15822    0.009535
15896    0.019681
15908    0.016818
15937    0.023177
16094    0.012002
16117    0.011462
16475    0.027064
16585    0.005599
16744    0.017525
17066    0.014442
17067    0.026492
17484    0.005352
17637    0.019997
17922    0.011411
18055    0.014642
18058    0.018597
18182    0.004952
18254    0.018845
18619    0.016514
18652    0.008334
18703    0.016657
18888    0.010755
19043    0.008880
19187    0.032103
19271    0.011889
19464    0.008968
19609    0.020705
19707    0.010500
19817    0.012550
19820    0.021686
20050    0.020337
20090    0.005447
20275    0.007868
20323    0.016501
20465    0.016064
20510    0.081191
20583    0.014958
20833    0.018845
20845    0.013098
20894    0.008851
20964    0.019621
21222    0.027064
