157
246    0.011660
333    0.008461
444    0.017887
448    0.016365
449    0.016236
453    0.016236
455    0.011326
476    0.023764
504    0.018877
568    0.013017
716    0.018662
773    0.013497
863    0.016918
998    0.057004
1163    0.015989
1490    0.009085
1910    0.018070
1924    0.019337
2047    0.019207
2084    0.011810
2284    0.017887
2344    0.016331
2432    0.005838
3326    0.012018
3675    0.014194
3788    0.015313
3834    0.047527
3903    0.012762
3943    0.015008
3944    0.010722
4084    0.013950
4230    0.026034
4737    0.018456
4777    0.013425
4926    0.012291
4929    0.032995
5005    0.023195
5082    0.050754
5160    0.025153
5161    0.028502
5343    0.030461
5409    0.026034
5440    0.013149
5548    0.015108
5769    0.009539
6115    0.017542
6181    0.028502
6372    0.008047
6530    0.025153
6598    0.008722
7087    0.027900
7088    0.046259
7091    0.022686
7166    0.013871
7199    0.010446
7654    0.057004
7744    0.013497
7802    0.004482
7892    0.013149
8417    0.011326
8774    0.014539
8881    0.018456
9126    0.015313
9296    0.025153
9347    0.023764
9361    0.011913
9385    0.081336
9747    0.013718
9947    0.007887
9991    0.015989
10115    0.019101
10116    0.049901
10334    0.009834
10478    0.031739
10491    0.014363
10556    0.023195
10562    0.030461
10829    0.019846
10892    0.007559
10897    0.009868
11112    0.009383
11155    0.026034
11214    0.042836
11334    0.010221
11661    0.016236
11683    0.006369
11739    0.019585
11782    0.008386
11822    0.054224
11956    0.152303
12003    0.019337
12004    0.020122
12013    0.057004
12273    0.010641
12415    0.010407
12519    0.008071
12591    0.010041
12669    0.030461
12735    0.032995
12736    0.023195
12946    0.041454
12949    0.014815
13351    0.007932
13352    0.010221
13385    0.030461
13386    0.042836
13470    0.015639
13884    0.020415
14005    0.030461
14055    0.028502
14293    0.030461
14387    0.019846
14425    0.007955
14701    0.018456
14815    0.040737
14824    0.015989
15391    0.048817
15392    0.028502
15468    0.013355
15849    0.016111
16299    0.016111
16321    0.012462
16323    0.022686
16391    0.019101
16585    0.019654
16649    0.013871
16885    0.015528
16941    0.006320
17052    0.015108
17053    0.013643
17067    0.013950
17111    0.014278
17129    0.010295
17264    0.022686
17484    0.005636
17613    0.043610
17873    0.016634
17889    0.020415
18005    0.008616
18007    0.017712
18167    0.015608
18214    0.020415
18259    0.028502
18725    0.013643
18979    0.060921
19151    0.011810
19232    0.010601
19248    0.079384
19366    0.004699
19421    0.028502
19844    0.009487
20088    0.031739
20803    0.013421
20997    0.027112
21014    0.024409
21058    0.009902
21247    0.004901
