154
246    0.011889
333    0.008628
444    0.018240
448    0.016688
449    0.016556
453    0.016556
455    0.011550
476    0.024232
504    0.019249
568    0.013273
716    0.019030
773    0.013763
863    0.017251
998    0.029064
1163    0.016304
1490    0.009264
1910    0.018426
1924    0.019718
2047    0.019585
2084    0.012043
2284    0.018240
2344    0.016653
2432    0.005953
3326    0.012254
3675    0.014473
3788    0.015615
3834    0.048464
3903    0.013014
3943    0.015304
3944    0.010933
4084    0.014225
4230    0.026547
4737    0.018820
4777    0.013690
4926    0.012533
4929    0.033645
5005    0.023652
5082    0.051754
5160    0.025649
5161    0.029064
5343    0.031061
5409    0.026547
5440    0.013408
5548    0.015405
5769    0.009727
6115    0.017888
6181    0.029064
6372    0.008206
6530    0.025649
6598    0.008894
7087    0.028450
7088    0.047170
7091    0.023133
7166    0.014145
7199    0.010651
7654    0.058127
7744    0.013763
7802    0.004570
7892    0.013408
8417    0.011550
8774    0.014825
8881    0.018820
9126    0.015615
9296    0.025649
9347    0.024232
9361    0.012147
9385    0.082939
9747    0.013988
9947    0.008042
9991    0.016304
10115    0.019478
10116    0.050884
10334    0.010028
10478    0.032364
10491    0.014646
10556    0.023652
10562    0.031061
10829    0.020237
10892    0.007708
10897    0.010062
11112    0.009568
11155    0.026547
11214    0.043680
11334    0.010422
11661    0.016556
11683    0.006494
11739    0.019971
11782    0.008551
11822    0.055293
11956    0.155304
12004    0.041037
12013    0.058127
12273    0.010851
12415    0.010612
12519    0.008230
12591    0.010239
12669    0.031061
12735    0.033645
12736    0.023652
12946    0.021135
12949    0.015107
13351    0.008088
13352    0.010422
13385    0.031061
13386    0.043680
13470    0.015947
13884    0.020817
14005    0.031061
14055    0.029064
14293    0.031061
14387    0.020237
14425    0.008112
14701    0.018820
14815    0.041540
14824    0.016304
15391    0.049779
15392    0.029064
15468    0.013618
15849    0.016428
16299    0.016428
16321    0.012708
16323    0.023133
16391    0.019478
16585    0.020041
16649    0.014145
16885    0.015834
17052    0.015405
17053    0.013912
17067    0.014225
17111    0.014559
17129    0.010497
17264    0.023133
17484    0.005747
17613    0.044469
17873    0.016961
17889    0.020817
18005    0.008786
18007    0.018061
18167    0.015915
18214    0.020817
18259    0.029064
18725    0.013912
18979    0.062122
19151    0.012043
19232    0.010810
19248    0.080949
19366    0.004791
19421    0.029064
19844    0.009674
20088    0.032364
20803    0.013685
20997    0.027646
21058    0.010097
21247    0.004998
