159
103    0.023663
526    0.023593
674    0.019592
868    0.042135
889    0.026701
988    0.025226
1069    0.016846
1072    0.017372
1240    0.011381
1423    0.014979
1425    0.017102
1490    0.009644
1646    0.026335
1699    0.004262
1918    0.015067
2173    0.010697
2344    0.008668
2396    0.009674
2432    0.006198
3050    0.009960
3101    0.035890
3102    0.035890
3340    0.020790
3451    0.013614
3583    0.015740
3647    0.020253
3672    0.017657
4130    0.016484
4149    0.071780
4277    0.020277
4324    0.012483
4440    0.028781
4450    0.009737
5043    0.005281
5075    0.006245
5078    0.025226
5206    0.017236
5287    0.021360
5415    0.012988
5440    0.013958
5480    0.016602
5495    0.006885
5506    0.035890
5544    0.016145
5977    0.019411
6056    0.035918
6057    0.035890
6538    0.020277
6610    0.018622
6613    0.058924
6641    0.035890
6642    0.035890
6738    0.043448
6808    0.017806
7188    0.012701
7194    0.027228
7202    0.030256
7446    0.022002
7559    0.020038
7753    0.009800
8019    0.008643
8107    0.008207
8116    0.007784
8500    0.007892
8573    0.017657
8676    0.028781
8774    0.015433
8918    0.011879
9364    0.012023
9411    0.013627
9424    0.030679
9454    0.010404
9517    0.008372
9518    0.007637
9664    0.012023
10532    0.030256
11062    0.034471
11103    0.004072
11334    0.010850
11440    0.018117
11445    0.014562
11528    0.011879
11806    0.023593
11841    0.011846
11984    0.014643
12273    0.011296
12300    0.009203
12581    0.025911
12591    0.010659
12639    0.028781
12687    0.019810
12911    0.023114
12999    0.011816
13050    0.009064
13314    0.023147
13357    0.005025
13466    0.008396
13647    0.009522
13787    0.021671
13909    0.014176
13955    0.022002
14065    0.008480
14093    0.015247
14271    0.025911
14604    0.015356
15432    0.024082
15600    0.016256
15818    0.010928
15952    0.011927
16119    0.017959
16321    0.013229
16385    0.041054
16461    0.014725
16523    0.025911
16585    0.006259
16628    0.048767
16629    0.020790
16630    0.024082
16678    0.060831
16706    0.018448
16734    0.007199
16880    0.012325
16919    0.025911
17089    0.025226
17144    0.008092
17269    0.021360
17521    0.018988
17616    0.020038
17782    0.012591
17819    0.022356
18138    0.014893
18182    0.005536
18282    0.005564
18334    0.021360
18446    0.049105
18451    0.017959
18562    0.035890
19013    0.072245
19112    0.019383
19177    0.010298
19178    0.035890
19381    0.019810
19410    0.019919
19453    0.012072
19640    0.014808
19673    0.025226
19707    0.011738
19820    0.012122
19944    0.024622
20090    0.006089
20116    0.019383
20143    0.035890
20460    0.012757
20673    0.015828
20701    0.027636
20923    0.023147
20983    0.011212
21083    0.014979
21120    0.011512
