92
592    0.044719
1646    0.023343
1699    0.007554
2344    0.015366
2617    0.034004
2668    0.053635
2744    0.017041
3050    0.035314
3327    0.028243
3451    0.072401
3554    0.063623
3571    0.023452
3647    0.017951
3833    0.057321
4382    0.045933
4450    0.017260
4941    0.063623
5132    0.038417
5487    0.027193
5532    0.015923
6738    0.025674
7168    0.012661
7602    0.034004
7727    0.051020
7996    0.027029
8107    0.014549
8116    0.013799
8212    0.074693
8533    0.021058
8536    0.028243
8581    0.014107
8703    0.044719
9023    0.023901
9209    0.014508
9644    0.026710
9663    0.035945
9664    0.021314
9811    0.030796
10913    0.063623
11062    0.030554
11098    0.033330
11416    0.035522
11528    0.021058
11744    0.019029
11782    0.015780
11947    0.031565
11958    0.025674
11989    0.053635
12229    0.041824
12415    0.039170
12519    0.030375
12687    0.035118
12904    0.016670
12932    0.082078
12947    0.028243
12999    0.010473
13228    0.020408
13355    0.014799
13357    0.008908
13434    0.017331
13580    0.015502
14065    0.015033
14281    0.051020
14331    0.033011
14811    0.032405
15801    0.025815
16113    0.040305
16204    0.036855
16347    0.041033
16628    0.086451
16649    0.052207
16678    0.035945
16734    0.012762
17241    0.042690
17531    0.018132
17669    0.015100
18142    0.035945
18182    0.009815
18266    0.042690
18282    0.009864
19031    0.063623
19265    0.071891
19266    0.018443
19278    0.011414
19433    0.024016
19455    0.032116
19543    0.045031
20090    0.010794
20293    0.063623
20587    0.026868
20785    0.064733
21119    0.031045
