236
953    0.013367
1097    0.006203
1128    0.009606
1173    0.009606
1477    0.020009
1514    0.016547
1646    0.033964
1689    0.005894
1697    0.018515
1699    0.004397
1707    0.006825
1712    0.006524
1740    0.006762
1752    0.008113
1917    0.012702
2047    0.015777
2051    0.011180
2056    0.016681
2102    0.004634
2120    0.005871
2122    0.009606
2344    0.008943
2394    0.022359
2396    0.004991
2430    0.012171
2723    0.005172
2753    0.013774
2754    0.013774
3008    0.018515
3050    0.035968
3259    0.018515
3450    0.011729
3469    0.011941
3563    0.011655
3583    0.012180
3647    0.010448
3782    0.046825
3850    0.006793
3903    0.006989
3905    0.009795
4297    0.015608
4360    0.012171
4385    0.020439
4450    0.010046
4461    0.006889
4522    0.007865
4531    0.018515
5043    0.002724
5075    0.003222
5093    0.007639
5115    0.009109
5247    0.028514
5544    0.008329
5851    0.009699
5988    0.007512
5995    0.010107
6056    0.009265
6073    0.011350
6328    0.061318
6332    0.018515
6335    0.018515
6498    0.014847
6569    0.013774
6610    0.019213
6613    0.030397
6701    0.011941
6707    0.006279
6738    0.007471
6810    0.037029
6865    0.027549
7141    0.016547
7482    0.035187
7524    0.015883
7559    0.010337
7753    0.015166
7754    0.031653
7947    0.016681
7948    0.008503
8107    0.012701
8223    0.008165
8273    0.015608
8533    0.006128
8568    0.004128
8577    0.009265
8581    0.004105
8774    0.007962
8822    0.011350
8964    0.007313
9039    0.011180
9153    0.006825
9256    0.013280
9311    0.008962
9364    0.006203
9424    0.007913
9454    0.026835
9457    0.011729
9460    0.019998
9518    0.007879
9531    0.031216
9749    0.009430
9873    0.005763
9881    0.008962
9966    0.013013
10445    0.007865
10773    0.012611
10794    0.007596
10892    0.004140
11062    0.017783
11098    0.019398
11201    0.008763
11218    0.003961
11334    0.005597
11355    0.007197
11434    0.005088
11531    0.006253
11570    0.028920
11588    0.019998
11782    0.004592
11841    0.003055
12075    0.014257
12110    0.015020
12586    0.013367
12618    0.007773
12668    0.007962
12684    0.011691
12765    0.011568
12904    0.004851
12907    0.007431
12927    0.006253
12932    0.007962
12937    0.016681
12999    0.009143
13070    0.008962
13212    0.033362
13228    0.005939
13434    0.005044
13451    0.016438
13580    0.004511
13637    0.015608
13761    0.015608
13930    0.010589
14065    0.024061
14093    0.007865
14131    0.008823
14506    0.015608
14643    0.011533
15081    0.006610
15082    0.011941
15147    0.010337
15216    0.007058
15229    0.008444
15271    0.006825
15368    0.008823
15432    0.012423
15489    0.015608
15497    0.037215
15570    0.009895
15596    0.011019
15783    0.008219
15909    0.022701
15952    0.030763
15955    0.008219
16236    0.014847
16237    0.010176
16461    0.007596
16572    0.018515
16585    0.003229
16628    0.008386
16629    0.010725
16630    0.012423
16678    0.010460
16705    0.004851
16706    0.009517
16729    0.012070
16766    0.014401
16880    0.012716
16944    0.014972
17128    0.013774
17188    0.015608
17431    0.013774
17451    0.007683
17519    0.019998
17524    0.014550
17725    0.018515
17750    0.018515
17808    0.010337
17811    0.008273
17814    0.012064
17870    0.005784
17897    0.018515
17899    0.011729
17926    0.027549
18138    0.007683
18282    0.005741
18317    0.007431
18427    0.018515
18652    0.004806
18717    0.020285
18888    0.006203
18903    0.008756
18987    0.013844
18992    0.008062
19032    0.016681
19050    0.011019
19177    0.015937
19203    0.033362
19204    0.044111
19211    0.011729
19213    0.018371
19223    0.006700
19225    0.006228
19261    0.011075
19366    0.005146
19410    0.017126
19416    0.006305
19437    0.017253
19457    0.009186
19591    0.018515
19772    0.006305
19773    0.004648
19813    0.022039
19962    0.011941
19997    0.016888
20058    0.012702
20358    0.012702
20587    0.007819
20713    0.005007
20768    0.004356
20782    0.020214
21115    0.008687
21120    0.011878
21122    0.012159
21175    0.031216
21261    0.019998
21264    0.007639
21292    0.010589
