54
1603    0.037451
1699    0.011080
1990    0.050939
2084    0.032595
2513    0.093313
3271    0.062612
3706    0.048416
4023    0.046566
5079    0.030520
5084    0.086956
5352    0.034078
5511    0.056346
6164    0.093313
6655    0.036107
7471    0.084071
8025    0.025561
8078    0.056301
8271    0.154007
8446    0.075946
9118    0.029480
10215    0.063557
10358    0.047527
10636    0.056346
11103    0.021172
11112    0.025897
11180    0.020922
12345    0.025479
12544    0.131398
12675    0.144149
12855    0.021581
13593    0.067368
13716    0.067368
14148    0.082845
14368    0.074830
14741    0.033316
14742    0.009525
14982    0.057206
15695    0.034886
15818    0.028413
15899    0.071854
16094    0.034886
16585    0.005424
16734    0.056152
16743    0.040376
17067    0.038502
17105    0.027049
17331    0.034557
18055    0.042558
18619    0.024000
18652    0.024223
20512    0.186627
20583    0.043478
20714    0.030762
21243    0.021158
