100
121    0.037510
333    0.013683
610    0.020639
616    0.030180
852    0.029222
857    0.025664
858    0.071420
923    0.028369
924    0.084312
1213    0.034637
1346    0.026257
1430    0.024597
1699    0.006492
1741    0.010246
1804    0.024432
2334    0.021374
2432    0.009442
2675    0.022820
2678    0.027126
2857    0.020842
2986    0.054676
3583    0.011990
3705    0.043845
3842    0.017743
3897    0.072813
5096    0.014326
5372    0.034058
5485    0.050224
5495    0.010488
5614    0.056329
5626    0.046456
6330    0.037510
6746    0.054676
6902    0.039473
6918    0.021827
7176    0.027848
7802    0.021745
7833    0.014020
8078    0.010996
8116    0.011858
8356    0.038430
8674    0.044615
8795    0.042102
9517    0.012754
10578    0.023958
10613    0.042102
10964    0.109352
11383    0.025664
11567    0.023807
11848    0.028927
11966    0.070536
11968    0.027848
12098    0.028643
12127    0.027126
12365    0.020441
12684    0.011508
12928    0.019968
13050    0.013808
13228    0.017538
13434    0.004965
13466    0.025582
13472    0.025112
14160    0.026257
14341    0.024765
14590    0.039473
14865    0.021157
16432    0.042313
16527    0.018317
16580    0.098521
16645    0.028104
16815    0.030527
16887    0.033015
16907    0.045672
16945    0.084312
16946    0.026466
17117    0.026723
17547    0.027600
17588    0.047917
17651    0.038430
17892    0.035263
18018    0.028369
18182    0.016869
18269    0.043845
18340    0.022308
18452    0.028927
18713    0.022820
19084    0.026054
19169    0.021944
19232    0.017144
19243    0.046093
19397    0.029222
19457    0.027126
20090    0.018553
20215    0.035263
20260    0.009296
20668    0.054676
21016    0.020740
21086    0.025664
21129    0.012328
21312    0.046093
