122
868    0.028332
961    0.031128
1477    0.034775
1514    0.021568
1646    0.017708
1698    0.013094
1699    0.005731
1725    0.022825
1777    0.048266
1884    0.048266
1902    0.037166
1944    0.058289
1949    0.016169
2048    0.019371
2344    0.011657
2744    0.012928
3050    0.013395
3397    0.019584
3451    0.018308
3470    0.032386
3562    0.048266
3571    0.017791
3647    0.013618
3835    0.032386
4137    0.035280
4461    0.017959
5415    0.034932
5495    0.009259
5532    0.012079
6135    0.033925
6613    0.031697
6686    0.048266
6738    0.058430
7142    0.021150
7531    0.025058
7650    0.018045
7754    0.020629
7865    0.081378
7910    0.029589
7934    0.043485
8107    0.011037
8159    0.023363
8384    0.043485
8533    0.015975
8568    0.010762
8596    0.012806
8703    0.033925
8729    0.055211
8812    0.026641
9177    0.024583
9209    0.011006
9301    0.022655
9431    0.033112
9454    0.013991
9486    0.057452
10261    0.012079
10411    0.019268
10837    0.007596
11358    0.016302
11782    0.011971
11841    0.015931
11947    0.023946
12050    0.033925
12074    0.030576
12191    0.119729
12283    0.009504
12519    0.011522
12613    0.022013
12687    0.026641
12864    0.030045
12904    0.025293
12928    0.017627
12978    0.020755
12999    0.007945
13154    0.018219
13355    0.011227
13357    0.006758
13434    0.004383
13580    0.011760
13606    0.031728
13815    0.026348
14065    0.005702
14227    0.037166
14537    0.013573
14742    0.004927
14773    0.024583
15394    0.030576
15468    0.019065
15801    0.019584
15955    0.021425
16026    0.020884
16214    0.034846
16347    0.031128
16628    0.043722
16629    0.027959
16632    0.058289
16649    0.019803
16706    0.049618
16734    0.019363
16735    0.028726
17447    0.023552
17531    0.013756
17870    0.015078
18037    0.022489
18182    0.007446
18340    0.019692
18717    0.017627
19037    0.019915
19041    0.048266
19043    0.013351
19169    0.019371
19266    0.013991
19433    0.018219
19455    0.024364
19457    0.023946
19577    0.022013
19662    0.026948
20090    0.008189
20275    0.011830
20460    0.017156
20587    0.020382
20588    0.026348
