525
448    0.003836
455    0.002655
1046    0.007926
1097    0.002655
1103    0.007926
1128    0.004112
1157    0.005635
1171    0.006356
1184    0.002346
1188    0.004001
1215    0.005571
1242    0.008527
1245    0.003036
1260    0.004193
1275    0.004001
1309    0.007808
1311    0.005318
1366    0.007926
1451    0.003773
1477    0.002855
1488    0.007926
1490    0.004259
1677    0.029103
1680    0.003347
1690    0.003777
1691    0.007569
1699    0.000941
1740    0.002895
1741    0.001485
1762    0.004065
1780    0.013434
1862    0.001615
1939    0.005722
1999    0.005210
2003    0.003164
2008    0.003666
2058    0.003966
2080    0.011142
2081    0.005318
2092    0.003836
2102    0.001984
2151    0.006682
2174    0.007440
2203    0.004425
2224    0.003289
2281    0.006165
2283    0.003181
2284    0.004193
2345    0.003748
2347    0.005210
2415    0.007926
2450    0.004327
2467    0.014282
2618    0.009305
2669    0.010875
2688    0.002769
2689    0.010420
2711    0.003347
2714    0.004037
2723    0.002214
2744    0.002123
2806    0.005585
2819    0.002513
2857    0.006043
2882    0.005763
3053    0.003347
3089    0.003784
3110    0.004591
3298    0.003495
3393    0.003693
3400    0.004193
3473    0.013963
3483    0.003198
3567    0.001865
3588    0.004717
3593    0.002282
3635    0.006616
3643    0.006103
3732    0.003495
3743    0.004741
3789    0.003289
3791    0.005318
3842    0.002572
3862    0.006734
3881    0.003388
3886    0.003615
3890    0.005112
3900    0.005571
3911    0.002921
3933    0.005021
3950    0.012980
4001    0.008074
4118    0.004152
4153    0.007496
4195    0.002136
4240    0.001624
4319    0.019661
4365    0.006682
4380    0.001520
4384    0.011444
4391    0.007141
4450    0.002150
4463    0.003388
4492    0.005710
4497    0.004478
4498    0.006103
4543    0.005437
4616    0.006682
4729    0.002582
4785    0.006356
4837    0.004786
4840    0.005722
4869    0.007926
4870    0.004897
4914    0.007141
5035    0.005897
5047    0.025850
5056    0.004478
5074    0.007902
5075    0.001379
5331    0.015225
5477    0.011444
5484    0.009305
5495    0.003041
5507    0.005021
5524    0.004193
5546    0.006682
5549    0.003451
5562    0.004037
5567    0.002229
5628    0.002266
5733    0.005571
5786    0.006682
5806    0.003666
5810    0.007926
5820    0.003566
5837    0.014282
5869    0.021874
5962    0.003867
5975    0.002431
5987    0.004591
5988    0.009648
5991    0.002908
6049    0.003748
6081    0.007926
6082    0.015852
6155    0.006682
6190    0.007926
6247    0.005210
6334    0.003932
6342    0.006356
6372    0.003773
6375    0.005571
6381    0.031703
6568    0.007926
6626    0.005722
6628    0.002449
6651    0.008806
6697    0.003966
6699    0.004375
6707    0.002688
6734    0.003289
6887    0.007926
6908    0.001960
6918    0.003164
6938    0.005571
6939    0.006103
6955    0.004859
6984    0.004724
7105    0.006682
7168    0.011041
7181    0.002644
7199    0.002449
7325    0.003518
7337    0.007141
7349    0.004152
7373    0.006682
7431    0.004717
7441    0.003806
7466    0.002793
7486    0.002868
7531    0.006172
7571    0.003098
7753    0.002164
7802    0.002101
7962    0.004717
7965    0.003640
7973    0.005112
8019    0.001909
8021    0.003006
8022    0.006356
8025    0.006513
8040    0.002008
8077    0.004717
8101    0.003408
8107    0.003625
8118    0.006356
8181    0.002592
8223    0.003495
8281    0.011509
8323    0.002855
8346    0.005722
8446    0.002150
8466    0.006356
8476    0.010131
8489    0.003308
8500    0.008714
8505    0.003181
8533    0.005247
8534    0.005104
8581    0.007030
8674    0.003234
8774    0.006817
8783    0.007839
8788    0.006682
8845    0.011171
8918    0.002623
9037    0.005318
9106    0.004001
9242    0.003867
9256    0.008527
9388    0.002699
9408    0.004425
9457    0.005021
9510    0.002830
9518    0.001686
9631    0.003021
9647    0.004037
9700    0.027854
9701    0.007926
9739    0.003899
9743    0.005571
9767    0.006103
9791    0.007141
9803    0.004425
9855    0.006356
9856    0.006682
9878    0.004478
9947    0.001849
9951    0.023587
10037    0.005318
10064    0.003640
10075    0.005318
10155    0.007926
10175    0.003082
10247    0.003542
10261    0.003967
10319    0.007926
10369    0.108167
10371    0.042722
10372    0.013363
10373    0.006682
10411    0.006328
10605    0.002379
10679    0.012712
10773    0.002699
10803    0.003164
10846    0.002655
10856    0.015852
10892    0.003544
10973    0.007926
10981    0.009718
11014    0.005816
11087    0.002769
11089    0.008002
11103    0.001798
11117    0.003932
11130    0.003899
11139    0.015852
11180    0.005331
11182    0.003932
11183    0.003051
11242    0.005210
11271    0.002793
11308    0.011793
11310    0.010042
11355    0.001540
11373    0.010636
11503    0.003698
11528    0.007870
11531    0.002677
11540    0.004478
11570    0.007428
11744    0.002371
11750    0.004246
11757    0.005310
11782    0.003932
11841    0.001308
11891    0.004786
11947    0.019661
11984    0.003234
12005    0.009564
12006    0.003777
12008    0.004074
12014    0.007926
12043    0.005210
12045    0.003388
12109    0.003542
12110    0.004287
12230    0.002458
12281    0.016713
12283    0.009364
12300    0.004065
12312    0.023777
12319    0.008750
12522    0.005205
12641    0.005210
12675    0.002449
12678    0.006356
12684    0.003336
12763    0.003566
12765    0.004952
12818    0.003615
12855    0.001833
12983    0.004611
12987    0.004551
12999    0.002609
13014    0.001743
13031    0.005318
13097    0.006682
13154    0.002992
13157    0.003367
13179    0.002949
13258    0.006356
13266    0.007926
13309    0.006103
13345    0.006103
13370    0.007333
13388    0.002992
13434    0.002879
13465    0.015852
13481    0.004717
13501    0.006041
13515    0.004533
13568    0.002908
13647    0.002103
13741    0.006356
13800    0.003932
13803    0.003899
13886    0.003955
13892    0.004112
13896    0.004037
13907    0.005722
13926    0.004280
13999    0.004193
14048    0.007926
14063    0.002467
14065    0.001873
14093    0.003367
14139    0.005318
14314    0.003347
14339    0.003051
14430    0.006197
14473    0.005571
14490    0.007554
14505    0.005318
14520    0.005210
14523    0.003181
14537    0.004458
14579    0.003748
14603    0.016312
14604    0.005087
14625    0.007141
14716    0.004112
14730    0.006682
14736    0.006682
14742    0.004045
14769    0.003693
14785    0.004591
14802    0.005210
14961    0.004591
15007    0.005437
15032    0.003518
15042    0.006103
15103    0.004375
15140    0.002171
15204    0.002634
15229    0.007230
15517    0.006682
15521    0.005112
15556    0.003408
15586    0.007141
15591    0.003388
15651    0.007926
15710    0.023429
15712    0.002533
15778    0.002963
15822    0.002354
15828    0.006103
15848    0.004001
15895    0.004327
15902    0.007926
15912    0.002045
15913    0.005571
15931    0.003164
15943    0.005021
15944    0.003693
16012    0.003932
16034    0.002963
16136    0.005021
16148    0.003836
16217    0.005571
16220    0.005437
16236    0.006356
16237    0.002178
16269    0.011331
16371    0.003308
16567    0.048825
16657    0.028333
16708    0.005437
16729    0.010334
16732    0.001972
16734    0.014308
16807    0.005571
16907    0.004414
16923    0.006599
16941    0.010370
16944    0.002136
17027    0.002634
17103    0.002895
17129    0.002413
17331    0.002935
17447    0.003867
17527    0.004327
17529    0.003036
17531    0.004518
17814    0.005164
17821    0.002793
17846    0.003566
17922    0.005635
18116    0.004652
18167    0.002439
18182    0.006113
18247    0.002935
18282    0.002458
18366    0.004786
18405    0.006103
18419    0.014282
18436    0.009434
18464    0.005210
18467    0.005112
18652    0.010287
18653    0.004037
18898    0.003006
18954    0.007141
19065    0.011079
19067    0.007926
19097    0.009343
19123    0.010636
19125    0.005843
19127    0.002070
19169    0.003181
19177    0.002274
19203    0.007141
19204    0.003147
19212    0.006467
19213    0.007864
19225    0.002666
19226    0.009405
19229    0.005021
19261    0.002371
19271    0.002935
19276    0.005571
19366    0.001102
19395    0.006682
19410    0.001466
19426    0.001557
19457    0.003932
19462    0.004786
19535    0.005763
19557    0.004112
19562    0.003518
19589    0.003899
19661    0.005318
19666    0.005722
19844    0.000741
19871    0.004533
19872    0.006682
19905    0.019182
19997    0.007230
20049    0.006356
20075    0.007926
20090    0.006723
20158    0.007926
20178    0.005437
20260    0.007411
20275    0.001943
20282    0.001733
20399    0.007141
20435    0.007926
20439    0.004112
20452    0.002830
20481    0.007496
20556    0.010636
20568    0.004717
20587    0.003347
20617    0.004375
20648    0.006229
20713    0.004287
20716    0.003131
20717    0.014139
20768    0.001865
20796    0.004280
20803    0.003146
20824    0.028785
20844    0.001655
20848    0.002057
20868    0.003495
20927    0.003840
20946    0.002136
20998    0.008387
21057    0.008064
21113    0.003777
21115    0.001859
21118    0.006134
21122    0.002603
21129    0.005361
21132    0.003518
21150    0.007230
21243    0.003594
21247    0.005745
21266    0.002143
21285    0.007141
21296    0.011898
21347    0.006356
