297
164    0.009153
254    0.012856
568    0.006856
632    0.010753
638    0.010316
689    0.008989
716    0.009830
720    0.016044
784    0.014280
799    0.010453
851    0.007854
1116    0.007754
1240    0.005647
1274    0.008620
1413    0.018658
1425    0.008486
1646    0.013067
1681    0.007306
1698    0.004831
1699    0.002114
1707    0.013128
1814    0.011281
1824    0.009422
1826    0.017808
1919    0.006247
1949    0.005966
2047    0.005058
2058    0.008911
2093    0.005326
2119    0.008122
2173    0.005308
2604    0.006194
2617    0.009518
2706    0.009917
2768    0.018140
2851    0.015012
2987    0.010599
2988    0.009943
2995    0.009070
3050    0.004942
3053    0.015041
3191    0.009518
3298    0.007854
3338    0.007754
3451    0.013510
3470    0.023898
3563    0.011210
3647    0.005025
3790    0.014068
3831    0.021834
3903    0.013444
3969    0.017808
3985    0.017808
4028    0.014372
4030    0.016044
4105    0.017808
4137    0.004339
4195    0.004800
4354    0.009617
4360    0.011706
4385    0.029489
4521    0.011706
4532    0.010599
4571    0.008989
4697    0.006534
4817    0.009617
4871    0.007432
5043    0.002620
5075    0.003099
5079    0.005824
5352    0.006503
5414    0.006358
5415    0.006444
5480    0.008237
5482    0.011281
5501    0.003534
5515    0.009662
5535    0.025859
5544    0.008011
5657    0.013713
5856    0.005712
5865    0.008011
5924    0.008421
5976    0.008761
6249    0.013249
6361    0.012517
6364    0.012517
6372    0.004239
6576    0.011706
6610    0.018479
6613    0.011695
6707    0.006040
6738    0.014372
6768    0.015012
6984    0.005308
7030    0.015012
7194    0.006755
7254    0.010185
7330    0.005326
7489    0.010917
7500    0.012856
7602    0.009518
7650    0.006658
7712    0.008911
7714    0.007754
7753    0.004862
7754    0.015222
7932    0.010917
7996    0.015131
8107    0.020361
8159    0.008620
8185    0.019885
8229    0.013249
8596    0.004725
8630    0.003060
8774    0.007658
8812    0.009830
8918    0.005894
9023    0.006690
9143    0.006926
9160    0.008620
9202    0.011706
9209    0.008121
9315    0.013249
9324    0.032752
9411    0.003381
9424    0.007611
9454    0.005162
9459    0.008421
9517    0.004154
9518    0.011367
9523    0.007306
9634    0.015012
9664    0.005966
9692    0.007109
9777    0.008237
9798    0.004991
9873    0.005543
10074    0.005110
10174    0.010917
10408    0.010185
10636    0.010753
10668    0.008359
10758    0.030025
10830    0.013713
10837    0.008407
10889    0.014280
10892    0.003982
10897    0.005198
11008    0.011949
11059    0.017808
11063    0.022970
11093    0.006722
11098    0.027987
11103    0.002020
11112    0.004942
11201    0.004214
11203    0.012549
11218    0.003810
11334    0.005383
11355    0.006922
11358    0.006015
11434    0.009788
11440    0.008989
11445    0.007226
11544    0.014280
11561    0.010917
11562    0.008486
11569    0.005058
11669    0.030025
11712    0.012856
11741    0.013713
11747    0.006626
11782    0.004417
11831    0.014280
11841    0.011755
12005    0.003581
12006    0.008486
12008    0.009153
12231    0.012517
12273    0.005605
12300    0.004566
12371    0.015012
12519    0.021255
12522    0.005847
12581    0.038569
12618    0.007476
12642    0.009943
12659    0.006015
12687    0.009830
12911    0.005734
12947    0.015810
12949    0.007803
13127    0.012217
13228    0.005712
13257    0.013249
13357    0.004987
13394    0.012217
13434    0.004851
13462    0.007854
13541    0.007803
13567    0.015012
13570    0.027425
13580    0.013017
13814    0.014280
13866    0.014779
13930    0.010185
13988    0.017808
14065    0.014727
14200    0.015222
14249    0.011949
14320    0.006040
14406    0.005403
14537    0.005008
14742    0.001818
14917    0.008761
15081    0.012716
15082    0.011485
15160    0.031932
15336    0.010185
15368    0.008486
15467    0.014280
15783    0.007905
15820    0.006167
15952    0.005918
15955    0.023715
15983    0.027846
16062    0.013713
16225    0.012217
16265    0.008552
16302    0.008911
16333    0.017670
16461    0.007306
16486    0.008761
16509    0.006141
16585    0.009317
16628    0.016132
16678    0.010061
16706    0.009153
16772    0.007226
16944    0.004800
16950    0.008552
17089    0.012517
17105    0.005162
17108    0.006856
17128    0.013249
17254    0.011949
17484    0.002969
17531    0.005075
17638    0.014280
17762    0.017808
17814    0.005802
17854    0.007854
18020    0.010453
18204    0.018307
18282    0.005522
18319    0.005966
18446    0.016243
18495    0.015012
18564    0.015012
18574    0.016044
18619    0.004580
18717    0.013007
18998    0.009617
19013    0.011949
19046    0.006856
19085    0.008552
19225    0.005990
19261    0.005326
19262    0.006040
19266    0.005162
19278    0.006389
19366    0.002475
19426    0.003497
19546    0.008620
19670    0.011281
19844    0.004997
20260    0.001514
20275    0.008729
20281    0.006444
20629    0.008835
20642    0.009153
20673    0.007854
20734    0.011706
20776    0.008237
20785    0.006040
20821    0.010917
20848    0.004623
20851    0.011281
20899    0.009721
20901    0.005522
21094    0.008237
21115    0.004178
21120    0.005712
21129    0.004015
21135    0.009240
21150    0.004061
