234
404    0.015173
412    0.014418
449    0.010093
1024    0.021017
1163    0.009939
1242    0.015074
1279    0.012690
1307    0.016183
1309    0.006901
1433    0.011473
1455    0.011232
1699    0.014973
1712    0.007405
1740    0.030701
1741    0.007877
1746    0.006446
1748    0.021017
2074    0.011010
2185    0.017717
2357    0.015173
2366    0.009865
2509    0.014102
2688    0.014682
2819    0.006665
2826    0.010173
2897    0.018935
2903    0.015636
2929    0.014102
3473    0.014810
3567    0.009890
3574    0.008527
3583    0.004609
3686    0.019443
3736    0.014102
3842    0.013640
4026    0.009722
4135    0.026626
4141    0.026785
4206    0.010704
4240    0.047369
4433    0.013091
4492    0.007571
4497    0.023748
4559    0.021017
4576    0.010517
4577    0.009792
4729    0.034234
4778    0.011119
5043    0.003092
5212    0.007279
5495    0.016126
5532    0.005260
5534    0.021017
5545    0.013554
5578    0.007972
5766    0.015173
5860    0.016183
6071    0.015173
6251    0.010173
6263    0.016853
6272    0.021017
6299    0.016183
6365    0.006928
6465    0.026628
6596    0.005291
6688    0.018935
6707    0.007128
6758    0.013750
6777    0.018935
6908    0.005197
6994    0.010905
7112    0.015636
7129    0.010704
7456    0.007098
7497    0.012690
8028    0.013816
8078    0.004227
8186    0.010427
8536    0.009329
8568    0.004686
8577    0.010517
8712    0.010905
8721    0.021017
9143    0.008174
9192    0.015173
9256    0.007537
9402    0.034051
9454    0.006092
9455    0.010255
9527    0.013816
9901    0.038653
9947    0.004903
9988    0.015636
10244    0.010015
10301    0.021017
10422    0.009094
10478    0.009865
10647    0.012174
10661    0.021017
10714    0.007279
10851    0.038653
10853    0.017717
10892    0.004699
11147    0.021017
11154    0.010427
11161    0.010905
11180    0.004712
11195    0.013314
11203    0.007405
11213    0.006690
11235    0.029544
11334    0.006353
11355    0.004085
11359    0.021017
11417    0.013816
11468    0.007373
11570    0.006566
11647    0.037870
11729    0.006901
11750    0.005629
11757    0.007041
11890    0.036061
11927    0.024349
12162    0.029594
12342    0.013816
12358    0.013091
12765    0.006566
12855    0.014582
12864    0.013082
13014    0.004621
13198    0.010427
13262    0.016853
13351    0.004931
13434    0.003817
13586    0.013314
13783    0.016853
13784    0.015636
13866    0.008721
13886    0.005244
13903    0.018935
13910    0.005776
13921    0.020680
13999    0.011119
14047    0.012884
14065    0.012415
14255    0.014102
14617    0.012508
14638    0.015636
14742    0.004291
14743    0.012174
14745    0.004819
14746    0.008390
14750    0.014418
14815    0.006331
14817    0.011473
14865    0.016265
14910    0.017717
14944    0.008527
15092    0.021017
15242    0.016853
15271    0.007747
15275    0.033707
15336    0.012020
15378    0.012174
15497    0.007041
15577    0.015173
15659    0.013816
15778    0.007857
15910    0.015211
15917    0.012508
16048    0.022238
16049    0.021017
16050    0.015173
16148    0.010173
16241    0.062499
16374    0.013816
16585    0.009774
16791    0.009722
16944    0.005665
16954    0.010609
17037    0.013279
17051    0.012311
17054    0.033357
17103    0.007675
17105    0.012184
17144    0.004739
17438    0.009585
17445    0.009653
17471    0.009519
17755    0.011232
17761    0.010905
17809    0.016183
17810    0.012690
17949    0.009094
18003    0.008011
18133    0.009209
18182    0.003242
18282    0.006517
18451    0.010517
18453    0.021017
18549    0.011874
18554    0.017717
18569    0.011473
18619    0.005405
18670    0.007310
18675    0.017717
18841    0.008132
18888    0.007041
19144    0.015636
19204    0.008345
19212    0.008575
19223    0.007605
19226    0.004988
19416    0.035787
19426    0.008255
19718    0.008011
19991    0.018935
20089    0.017717
20090    0.003566
20100    0.008721
20251    0.008623
20628    0.039169
20657    0.014772
20713    0.005683
20803    0.004171
20845    0.008575
20894    0.005795
20927    0.005091
20969    0.009653
21039    0.011232
21115    0.004931
21120    0.006741
21122    0.006901
21150    0.014378
