417
226    0.011160
443    0.006837
447    0.005499
455    0.004150
632    0.007480
717    0.009215
796    0.006916
822    0.006145
985    0.015187
1020    0.012387
1115    0.012387
1187    0.010442
1226    0.012387
1329    0.012387
1378    0.010442
1425    0.011805
1435    0.006489
1436    0.004462
1463    0.012387
1477    0.004462
1698    0.003360
1699    0.004412
1707    0.013697
1725    0.005858
1740    0.004524
1762    0.003176
1945    0.014351
2047    0.017592
2048    0.004971
2049    0.012387
2173    0.003692
2207    0.009538
2215    0.007716
2216    0.005858
2368    0.012387
2396    0.003339
2432    0.002139
2449    0.012387
2518    0.011160
2604    0.004308
2690    0.007372
2706    0.003449
2710    0.004587
2714    0.018927
2723    0.003460
2756    0.008311
2981    0.005949
3013    0.005949
3050    0.006875
3315    0.005858
3400    0.006553
3410    0.007271
3418    0.012387
3440    0.008943
3451    0.009397
3469    0.007989
3531    0.012387
3575    0.006094
3583    0.002716
3592    0.006762
3647    0.003495
3686    0.005730
3835    0.008311
3842    0.004020
3850    0.004545
4028    0.004998
4053    0.012387
4061    0.012387
4099    0.005903
4137    0.003018
4141    0.005262
4195    0.003339
4202    0.005262
4238    0.012387
4277    0.013996
4290    0.012387
4360    0.008143
4385    0.020512
4390    0.009890
4418    0.008311
4439    0.009538
4440    0.009933
4512    0.006309
4541    0.007175
4565    0.012387
4578    0.006367
4636    0.005730
4689    0.006690
4701    0.006094
4833    0.006620
4871    0.010340
4955    0.008706
5052    0.009215
5074    0.004116
5075    0.004311
5150    0.012387
5155    0.008143
5157    0.011160
5219    0.007716
5280    0.007847
5414    0.022112
5415    0.004482
5495    0.002376
5501    0.002458
5515    0.006721
5521    0.005360
5532    0.003100
5535    0.005996
5544    0.005572
5769    0.003495
5852    0.008943
5915    0.006998
5924    0.011716
5988    0.010052
6050    0.004218
6056    0.006198
6085    0.004893
6249    0.009215
6360    0.010442
6361    0.008706
6567    0.009933
6598    0.003196
6610    0.019281
6613    0.008135
6665    0.009933
6701    0.007989
6707    0.008402
6738    0.009997
6778    0.007372
6800    0.011160
6841    0.006998
6844    0.014452
7118    0.008943
7146    0.012387
7188    0.013151
7254    0.007085
7390    0.012387
7455    0.009933
7523    0.004769
7693    0.012088
7696    0.007716
7754    0.010588
7802    0.001642
7833    0.006352
7910    0.007594
7996    0.010524
8003    0.008498
8116    0.002686
8117    0.012387
8363    0.007175
8420    0.012387
8568    0.005524
8581    0.005493
8622    0.003718
8630    0.002128
8774    0.005327
8783    0.004083
8787    0.007480
8957    0.008143
9082    0.009933
9143    0.009635
9179    0.005262
9200    0.003371
9202    0.008143
9203    0.007085
9209    0.005649
9282    0.003705
9324    0.015187
9411    0.002352
9431    0.008498
9459    0.005858
9518    0.005271
9520    0.012387
9523    0.030492
9526    0.012734
9623    0.011160
9631    0.004722
9682    0.009933
9739    0.006094
9746    0.006837
9873    0.003855
9909    0.010442
9947    0.002889
9961    0.006998
10252    0.013832
10253    0.012387
10256    0.010442
10261    0.003100
10406    0.007480
10421    0.004971
10786    0.006916
10837    0.001949
10881    0.005327
11007    0.006253
11062    0.023794
11098    0.019467
11201    0.002931
11213    0.003943
11218    0.005300
11334    0.003745
11362    0.011160
11444    0.004384
11468    0.013037
11540    0.006998
11549    0.009538
11567    0.005393
11617    0.012387
11709    0.005858
11754    0.007480
11757    0.004150
11806    0.008143
11841    0.012265
11872    0.007847
11885    0.008498
11890    0.007085
11984    0.005054
12005    0.002491
12006    0.011805
12071    0.004503
12166    0.004609
12245    0.003266
12283    0.002439
12339    0.012387
12345    0.003382
12415    0.003813
12416    0.005360
12446    0.019076
12475    0.008143
12519    0.008871
12586    0.008943
12587    0.011160
12591    0.003679
12684    0.002607
12853    0.003943
12855    0.002865
12907    0.004971
12947    0.005499
12948    0.007847
12987    0.001778
13050    0.006256
13128    0.009538
13228    0.007947
13267    0.012387
13357    0.008672
13361    0.005082
13434    0.002249
13495    0.006998
13532    0.009215
13553    0.007847
13564    0.012387
13580    0.003018
13605    0.022320
13821    0.007716
13886    0.003091
13890    0.008943
14012    0.004867
14065    0.001463
14073    0.008580
14200    0.005294
14234    0.007989
14251    0.008706
14303    0.003566
14304    0.005610
14322    0.005649
14331    0.012854
14375    0.010442
14424    0.009538
14425    0.002914
14543    0.012387
14791    0.010442
14811    0.006309
14824    0.005858
14986    0.012387
15006    0.006253
15032    0.005499
15063    0.003542
15160    0.008885
15364    0.008311
15492    0.007372
15497    0.004150
15530    0.007594
15531    0.008706
15603    0.006916
15604    0.005572
15606    0.009215
15623    0.004745
15643    0.007847
15783    0.010997
15801    0.020104
15812    0.012387
15912    0.015978
15916    0.007085
15952    0.012349
15955    0.005499
15983    0.014527
15995    0.011160
16237    0.003404
16393    0.010442
16409    0.006198
16498    0.006620
16509    0.004272
16585    0.007201
16628    0.011221
16630    0.016623
16649    0.005082
16678    0.027993
16705    0.009737
16713    0.005903
16766    0.004817
16809    0.012387
16880    0.004254
16938    0.008943
17051    0.010884
17093    0.005949
17105    0.003591
17117    0.006054
17123    0.014169
17144    0.005586
17242    0.008143
17253    0.007594
17254    0.008311
17341    0.010442
17364    0.011160
17369    0.004919
17431    0.009215
17445    0.005689
17484    0.006194
17524    0.004867
17616    0.006916
17654    0.006620
17669    0.002940
17754    0.009933
17814    0.004035
17821    0.004364
17854    0.005463
17873    0.006094
17878    0.009933
17924    0.007271
17929    0.011160
17966    0.004769
17994    0.006998
18026    0.009215
18034    0.008943
18050    0.011160
18138    0.005140
18158    0.004631
18182    0.003822
18190    0.005689
18282    0.005761
18358    0.010442
18383    0.003855
18399    0.008706
18435    0.004384
18447    0.009538
18535    0.007271
18536    0.008143
18567    0.005360
18619    0.009558
18685    0.012387
18717    0.009047
18883    0.003799
19013    0.033245
19043    0.003426
19052    0.007847
19089    0.016996
19182    0.011160
19223    0.008965
19226    0.008819
19278    0.002222
19309    0.009735
19340    0.011160
19360    0.011160
19366    0.001721
19433    0.004676
19455    0.006253
19543    0.008767
19546    0.011991
19586    0.007989
19640    0.005111
19676    0.007989
19773    0.003109
19844    0.002317
20059    0.010442
20090    0.004203
20094    0.007847
20197    0.010442
20260    0.004212
20290    0.024773
20320    0.009215
20359    0.006762
20460    0.004403
20507    0.007372
20545    0.007085
20554    0.006998
20559    0.006309
20617    0.020512
20695    0.005393
20717    0.003157
20785    0.004201
20800    0.007989
20803    0.002458
20815    0.008498
20830    0.005572
20868    0.005463
20880    0.010442
20977    0.007271
21058    0.007256
21088    0.007271
21094    0.005730
21095    0.008311
21115    0.002906
21118    0.004793
21120    0.023840
21141    0.006489
21266    0.003350
21339    0.012387
21346    0.006690
