277
227    0.010957
357    0.015946
362    0.017042
561    0.017042
632    0.022843
746    0.015168
851    0.008342
868    0.011103
877    0.017042
1240    0.005998
1278    0.008452
1425    0.009013
1646    0.006940
1689    0.006021
1690    0.009013
1698    0.005131
1707    0.006972
1824    0.010007
1918    0.007941
1919    0.006636
1949    0.006337
2048    0.007591
2058    0.009465
2093    0.005657
2102    0.004734
2119    0.017253
2173    0.005637
2292    0.007675
2344    0.009136
2592    0.034083
2606    0.015168
2617    0.010109
2706    0.005267
2744    0.005066
2981    0.009084
2987    0.011258
2995    0.009634
3050    0.015748
3053    0.007988
3298    0.008342
3410    0.011103
3451    0.014350
3469    0.012199
3470    0.012692
3635    0.007895
3645    0.011596
3710    0.017042
3790    0.014943
3839    0.013295
3903    0.007140
4028    0.007633
4229    0.012199
4354    0.010215
4360    0.037302
4385    0.020881
4418    0.025383
4505    0.009230
4521    0.024868
4578    0.009722
4729    0.006162
4817    0.010215
4870    0.005844
4871    0.031578
4962    0.014565
4997    0.011983
5044    0.008134
5075    0.003291
5078    0.013295
5079    0.006186
5080    0.011596
5096    0.004956
5110    0.010957
5352    0.013815
5414    0.006753
5415    0.006845
5440    0.007356
5532    0.009467
5535    0.027467
5544    0.008509
5865    0.008509
5916    0.009909
5924    0.008945
5991    0.006940
5995    0.010326
5998    0.010007
6056    0.018930
6328    0.010441
6569    0.014072
6613    0.006211
6738    0.030531
6809    0.008084
6984    0.005637
7147    0.011596
7168    0.003764
7330    0.011315
7385    0.017042
7456    0.012777
7524    0.005409
7559    0.010561
7636    0.007804
7932    0.011596
8107    0.004325
8116    0.004102
8159    0.009156
8500    0.004159
8594    0.007282
8596    0.005019
8703    0.013295
8774    0.024402
8786    0.008452
8812    0.010441
8918    0.006260
9003    0.006940
9004    0.011103
9143    0.007356
9202    0.012434
9209    0.004313
9315    0.014072
9324    0.023192
9424    0.016169
9454    0.005483
9459    0.008945
9518    0.004025
9523    0.007760
9664    0.025346
9692    0.015102
9873    0.005887
10074    0.005427
10105    0.005391
10174    0.011596
10408    0.010818
10636    0.011421
10837    0.005953
10889    0.015168
10897    0.005521
11007    0.009548
11008    0.012692
11062    0.009084
11063    0.024398
11093    0.007140
11098    0.019818
11201    0.004476
11218    0.008093
11355    0.003676
11358    0.006389
11434    0.010396
11439    0.007717
11445    0.007675
11470    0.015946
11528    0.006260
11544    0.015168
11550    0.014072
11683    0.003563
11712    0.013656
11741    0.014565
11744    0.005657
11747    0.007038
11831    0.030336
11841    0.009365
12008    0.009722
12110    0.005115
12300    0.004850
12371    0.015946
12519    0.013546
12522    0.006211
12642    0.010561
12729    0.011421
12765    0.005909
12853    0.012042
12911    0.006091
12927    0.012777
12947    0.008396
12949    0.008288
12995    0.009384
13050    0.004777
13057    0.014565
13228    0.018202
13462    0.008342
13541    0.008288
13567    0.031891
13570    0.014565
13580    0.004609
13647    0.010037
13782    0.015946
13814    0.015168
14065    0.013408
14185    0.015946
14325    0.015168
14341    0.008567
14350    0.010326
14425    0.004450
14537    0.005319
14742    0.005792
14900    0.012434
15080    0.008945
15081    0.006753
15160    0.020350
15330    0.017042
15399    0.017042
15467    0.015168
15601    0.006908
15712    0.006044
15783    0.008396
15818    0.005759
15952    0.012571
15983    0.022182
16062    0.014565
16237    0.005198
16265    0.009084
16302    0.009465
16333    0.009384
16461    0.007760
16585    0.013195
16628    0.034269
16632    0.011421
16649    0.007760
16678    0.042746
16706    0.019445
16732    0.004705
16880    0.006496
16885    0.017375
17034    0.009722
17083    0.014072
17105    0.005483
17108    0.007282
17128    0.014072
17254    0.012692
17274    0.014565
17448    0.012976
17531    0.005391
17654    0.010109
17727    0.011983
17789    0.014072
17814    0.006162
17821    0.006665
18282    0.005865
18382    0.007175
18384    0.011258
18385    0.011258
18435    0.006694
18495    0.015946
18547    0.010326
18574    0.017042
18668    0.008509
18717    0.013815
19013    0.038075
19014    0.017042
19042    0.011983
19119    0.014565
19212    0.007717
19223    0.006845
19433    0.014280
19471    0.012199
19507    0.011103
19546    0.009156
19640    0.007804
19701    0.017042
19785    0.010430
19962    0.012199
19986    0.013656
20068    0.011596
20260    0.001608
20275    0.004636
20460    0.006723
20642    0.009722
20672    0.009634
20734    0.012434
20785    0.006415
20803    0.003754
20881    0.012199
20899    0.010326
20964    0.011561
21026    0.012199
21058    0.005540
21120    0.024269
21129    0.008530
21150    0.004314
