309
227    0.009584
357    0.013948
362    0.014906
561    0.014906
632    0.009990
746    0.013268
851    0.007297
868    0.009712
877    0.014906
962    0.011351
1204    0.005730
1240    0.005247
1254    0.011945
1278    0.007393
1425    0.007884
1646    0.018211
1689    0.005267
1690    0.007884
1707    0.006099
1824    0.008753
1918    0.013892
1949    0.016628
2047    0.009399
2048    0.006640
2058    0.008279
2119    0.007546
2173    0.004931
2292    0.006713
2344    0.011988
2396    0.004460
2592    0.029813
2606    0.013268
2617    0.008843
2691    0.008843
2706    0.009213
2744    0.004432
2745    0.004914
2768    0.008427
2981    0.007945
2987    0.009847
3046    0.012740
3047    0.016545
3050    0.018367
3140    0.008208
3298    0.007297
3338    0.007204
3410    0.009712
3451    0.025104
3470    0.022203
3635    0.006905
3645    0.010143
3710    0.014906
3790    0.013070
3839    0.011629
3905    0.008753
4028    0.006676
4198    0.009132
4229    0.010670
4354    0.008935
4360    0.032628
4385    0.018265
4418    0.022203
4419    0.014906
4445    0.012740
4505    0.008073
4521    0.021752
4578    0.008504
4729    0.010780
4817    0.017871
4871    0.020716
4890    0.010306
4962    0.012740
4997    0.010481
5044    0.007115
5075    0.002879
5078    0.011629
5079    0.005411
5080    0.010143
5096    0.004335
5110    0.009584
5352    0.012084
5414    0.005907
5415    0.005987
5440    0.006435
5532    0.008281
5535    0.032034
5544    0.007443
5657    0.025480
5865    0.007443
5915    0.009347
5916    0.008667
5924    0.007824
6056    0.008279
6085    0.013070
6324    0.011351
6328    0.009132
6613    0.005433
6648    0.016545
6705    0.005611
6738    0.033382
6808    0.008208
6845    0.011629
6984    0.004931
7029    0.010876
7147    0.010143
7330    0.004949
7456    0.011176
7487    0.010306
7524    0.004731
7559    0.009238
7736    0.004863
7753    0.004518
7763    0.013948
7932    0.040572
8116    0.003588
8159    0.008008
8487    0.009238
8500    0.003638
8596    0.008779
8630    0.005685
8703    0.011629
8717    0.016545
8774    0.021344
8786    0.007393
8812    0.009132
8918    0.005476
9003    0.006070
9004    0.009712
9143    0.006435
9202    0.010876
9209    0.003773
9315    0.012309
9324    0.020286
9424    0.014143
9454    0.004796
9459    0.007824
9518    0.003520
9523    0.006788
9533    0.005149
9664    0.033256
9692    0.013210
9765    0.010670
9873    0.005149
10074    0.004747
10105    0.004715
10408    0.009463
10837    0.002604
10889    0.013268
10895    0.010143
10897    0.004829
11007    0.008352
11008    0.011101
11062    0.007945
11063    0.021341
11093    0.006245
11098    0.017335
11201    0.003915
11213    0.005267
11218    0.007079
11355    0.003215
11434    0.004547
11445    0.006713
11528    0.005476
11544    0.013268
11550    0.012309
11569    0.004699
11683    0.003117
11750    0.004432
11831    0.026535
11841    0.010922
12008    0.008504
12048    0.006370
12110    0.008948
12300    0.004242
12519    0.011848
12522    0.005433
12591    0.004914
12618    0.006946
12645    0.024618
12687    0.009132
12765    0.005169
12818    0.007546
12853    0.010533
12881    0.016545
12911    0.005328
12927    0.011176
12939    0.013268
12947    0.022033
12949    0.007250
12995    0.008208
13050    0.004178
13057    0.012740
13096    0.008073
13228    0.010614
13355    0.003848
13357    0.002317
13462    0.007297
13541    0.007250
13567    0.027895
13570    0.012740
13580    0.004031
13647    0.008779
13743    0.009990
13814    0.013268
14065    0.011728
14185    0.013948
14320    0.005611
14325    0.013268
14341    0.007494
14350    0.009032
14352    0.012309
14425    0.003893
14742    0.003378
14900    0.010876
14934    0.010876
15080    0.007824
15135    0.007884
15160    0.017801
15330    0.014906
15399    0.014906
15467    0.013268
15600    0.007494
15601    0.006042
15783    0.007344
15818    0.005038
15821    0.007159
15848    0.008352
15952    0.005498
15955    0.014689
15983    0.019403
16063    0.006535
16202    0.009847
16237    0.004547
16265    0.007945
16302    0.008279
16333    0.008208
16461    0.006788
16585    0.012503
16628    0.029975
16632    0.019981
16649    0.006788
16678    0.037390
16706    0.017009
16732    0.004116
16885    0.007599
17033    0.007546
17034    0.008504
17083    0.012309
17105    0.004796
17108    0.006370
17144    0.003730
17201    0.009463
17254    0.011101
17262    0.013268
17274    0.012740
17313    0.007494
17448    0.011351
17455    0.009712
17531    0.004715
17633    0.011101
17727    0.010481
17789    0.012309
17814    0.005390
17821    0.005830
17899    0.010481
18282    0.005130
18319    0.005543
18382    0.006276
18384    0.009847
18385    0.009847
18435    0.011710
18495    0.013948
18668    0.007443
18670    0.005755
18717    0.006042
18880    0.014906
19004    0.010670
19013    0.044406
19042    0.010481
19119    0.012740
19212    0.006750
19223    0.005987
19266    0.004796
19433    0.012491
19471    0.010670
19507    0.009712
19543    0.005855
19546    0.008008
19640    0.006827
19676    0.010670
19701    0.014906
19785    0.013685
19844    0.001548
19962    0.010670
19986    0.011945
20068    0.010143
20247    0.016545
20260    0.001406
20274    0.005755
20642    0.008504
20672    0.008427
20785    0.005611
20803    0.006568
20881    0.010670
20956    0.006570
20964    0.010112
21026    0.010670
21120    0.010614
21129    0.003730
