237
64    0.020606
84    0.019281
103    0.015079
444    0.012100
469    0.007118
630    0.012352
716    0.012624
920    0.010022
998    0.019281
1099    0.008059
1163    0.010816
1490    0.006145
1522    0.022871
1614    0.009546
1689    0.007280
1698    0.006205
1740    0.008352
1761    0.020606
1862    0.004661
1916    0.014247
1922    0.013425
2084    0.007989
2113    0.009280
2172    0.010735
2344    0.011047
2396    0.006165
2432    0.003950
2601    0.014021
2677    0.019281
2710    0.008470
3246    0.015690
3447    0.016512
3635    0.009546
3654    0.011981
3672    0.022504
3675    0.009602
3797    0.013249
3832    0.022871
3834    0.016075
3862    0.009716
3978    0.014489
4026    0.010579
4229    0.014750
4545    0.012485
4707    0.015346
4901    0.024703
4926    0.008314
4929    0.022320
5005    0.015690
5043    0.003365
5160    0.017016
5214    0.013810
5272    0.019281
5318    0.041212
5347    0.012922
5408    0.011756
5440    0.026685
5457    0.049535
5493    0.013081
5667    0.022871
5761    0.022871
5769    0.006453
5803    0.030069
5819    0.012922
5824    0.019281
5851    0.011981
5892    0.022871
6046    0.013081
6372    0.010888
6378    0.013425
6430    0.009958
6530    0.017016
6773    0.020606
6949    0.013425
7012    0.022871
7087    0.018873
7088    0.031293
7091    0.015346
7531    0.005937
7654    0.019281
7802    0.003032
7824    0.013612
7938    0.022871
8107    0.005230
8197    0.020606
8395    0.010289
8500    0.010058
8504    0.012922
8568    0.005099
8581    0.015213
8810    0.023733
8881    0.024970
8942    0.014021
9118    0.007226
9160    0.011071
9242    0.011160
9280    0.010504
9288    0.022871
9296    0.017016
9385    0.055022
9523    0.009384
9527    0.015035
9664    0.007662
9665    0.014750
9947    0.005335
10074    0.006562
10115    0.025843
10225    0.019281
10261    0.005724
10334    0.006653
10445    0.009716
10479    0.022871
10491    0.009716
10531    0.020606
10578    0.020044
10773    0.007789
10776    0.015035
10829    0.013425
10839    0.015690
10840    0.007789
10847    0.020606
10883    0.017611
10892    0.005114
10990    0.017611
11026    0.013810
11118    0.018981
11154    0.011347
11183    0.008805
11334    0.013828
11434    0.006285
11440    0.011545
11468    0.008024
11478    0.014750
11810    0.012352
12013    0.038561
12048    0.008805
12122    0.011482
12548    0.007393
12684    0.004814
12735    0.011160
12737    0.020606
12898    0.020578
12900    0.009775
12990    0.012922
12999    0.007530
13096    0.011160
13154    0.008633
13179    0.008510
13352    0.006914
13353    0.017700
13386    0.057955
13434    0.008307
13470    0.010579
13691    0.012352
13930    0.013081
14065    0.002702
14387    0.013425
14406    0.013878
14425    0.026906
14537    0.006432
14815    0.020668
14818    0.015035
15376    0.013249
15391    0.016512
15396    0.030069
15442    0.020606
15497    0.007662
15515    0.019281
15752    0.020606
15848    0.011545
15905    0.022871
15906    0.007887
15907    0.006889
15909    0.014021
15981    0.014750
16176    0.011649
16316    0.014750
16501    0.006722
16517    0.014489
16725    0.020606
16729    0.007455
16760    0.020606
16854    0.022871
16880    0.007854
16959    0.006889
17052    0.010220
17092    0.017611
17111    0.009658
17129    0.013928
17366    0.008718
17436    0.014489
17526    0.017016
17819    0.014247
18023    0.014489
18167    0.003519
18186    0.008592
18203    0.007600
18212    0.014750
18223    0.011981
18273    0.017016
18282    0.003546
18362    0.018341
18476    0.013081
18652    0.005937
18705    0.013612
18725    0.009229
18941    0.013612
19151    0.031956
19177    0.006562
19212    0.018663
19213    0.011347
19226    0.005428
19232    0.014343
19248    0.040276
19278    0.004103
19357    0.018341
19366    0.003179
19383    0.010579
19386    0.013612
19410    0.004231
19421    0.019281
19453    0.023080
19543    0.008094
19585    0.033024
19772    0.007789
19844    0.019254
19978    0.017016
20088    0.032205
20281    0.008276
20382    0.011756
20494    0.022871
20688    0.010735
20997    0.018341
21028    0.028978
21083    0.009546
21085    0.008987
21247    0.006631
