137
174    0.038666
481    0.016328
630    0.020882
895    0.038666
977    0.034836
1097    0.012953
1436    0.013929
1762    0.009914
1808    0.024937
2139    0.038666
2226    0.019518
2286    0.023013
2315    0.062013
2706    0.010766
2737    0.039835
2819    0.012262
3315    0.018285
3316    0.077332
3319    0.031007
3571    0.014252
3635    0.016138
3912    0.018716
4153    0.018285
4378    0.035771
4388    0.038666
4512    0.039387
4854    0.027177
4899    0.011443
5112    0.044796
5739    0.018285
6340    0.023704
6432    0.027177
6452    0.019875
6596    0.009735
6609    0.038666
6736    0.038666
6758    0.016865
6772    0.055830
6797    0.034836
6881    0.037735
7053    0.017886
7141    0.017278
7168    0.007695
7178    0.016232
7410    0.024085
7466    0.013624
7531    0.010037
7628    0.027177
7787    0.017052
8073    0.023348
9136    0.016730
9152    0.056148
9947    0.009020
9980    0.016232
10264    0.038666
10493    0.026526
10803    0.015435
10811    0.038666
10844    0.022115
11201    0.009150
11308    0.028767
11419    0.032596
11468    0.013565
11528    0.012798
11607    0.023348
11625    0.038666
12064    0.061414
12080    0.065192
12307    0.011689
12759    0.024495
12999    0.019095
13251    0.038666
13259    0.029774
13260    0.031007
13320    0.014886
13475    0.026526
13501    0.009824
13939    0.022728
14065    0.004568
14139    0.025944
14169    0.024085
14343    0.015954
14406    0.011731
14731    0.034836
14917    0.019023
15016    0.015954
15216    0.014739
15299    0.075575
15410    0.015776
15569    0.029774
15906    0.013334
15911    0.020256
16148    0.018716
16454    0.069673
16585    0.004495
16695    0.024495
16767    0.022398
17067    0.015954
17074    0.043367
17075    0.030076
17105    0.011208
17331    0.028639
17407    0.012451
17408    0.034836
17439    0.023013
17450    0.028767
17643    0.011946
17939    0.031007
18167    0.005950
18190    0.088793
18411    0.016138
18652    0.010037
18728    0.021107
18882    0.008340
18919    0.038666
19043    0.021391
19050    0.023013
19327    0.027371
19770    0.034836
20182    0.024937
20275    0.009477
20349    0.038666
20437    0.028767
20464    0.011606
20587    0.016328
20717    0.019708
20796    0.062646
20844    0.024218
20845    0.015776
20859    0.019875
20868    0.008526
21057    0.013113
21090    0.027177
21129    0.017436
21177    0.031007
21304    0.038666
21307    0.037790
