79
1451    0.019598
1740    0.030069
1781    0.046517
2658    0.044466
2659    0.059442
2744    0.022053
3227    0.082335
3264    0.082335
3567    0.019372
3850    0.030208
4578    0.042321
5043    0.024231
5140    0.069411
5501    0.016342
5915    0.046517
6085    0.032522
6086    0.050476
6538    0.046517
6613    0.054071
6738    0.033225
7351    0.028395
7482    0.052160
7754    0.035190
7932    0.100952
8107    0.018828
8159    0.039854
8638    0.034167
8730    0.066026
9319    0.044005
9418    0.045970
9454    0.047734
9682    0.066026
9824    0.041562
11063    0.053101
11103    0.009341
11218    0.017615
11290    0.056486
11334    0.024891
11434    0.022627
11499    0.044466
11503    0.019206
11683    0.015510
11729    0.027036
11762    0.148361
11841    0.013588
12048    0.031699
12446    0.063401
12687    0.045447
12999    0.013554
13356    0.044947
13662    0.074181
14065    0.009727
14537    0.023154
14742    0.008404
14811    0.041936
15160    0.029528
15712    0.026310
15912    0.021242
16632    0.049717
16706    0.042321
16717    0.051288
16734    0.016515
16880    0.028275
17144    0.018564
17413    0.038363
17484    0.013725
18716    0.051288
18717    0.060138
18724    0.036312
19265    0.046517
19278    0.014771
19546    0.039854
19835    0.059442
19844    0.007702
20178    0.056486
20745    0.036312
21094    0.038086
21129    0.018564
21247    0.011936
