269
467    0.016390
483    0.009494
555    0.016390
630    0.008852
716    0.009047
773    0.006543
868    0.009621
1095    0.008425
1097    0.010981
1199    0.010209
1275    0.008273
1276    0.007637
1280    0.012194
1384    0.019242
1436    0.011809
1477    0.011809
1490    0.004404
1499    0.016390
1699    0.001946
1762    0.004203
1764    0.008947
1918    0.006881
1922    0.009621
1941    0.005257
2047    0.009311
2048    0.013156
2102    0.004102
2207    0.037862
2283    0.006578
2744    0.004390
2861    0.007810
3050    0.004549
3396    0.005491
3561    0.016390
3583    0.007188
3647    0.009249
3772    0.011244
3788    0.007424
3790    0.006474
3861    0.007998
3886    0.007475
4137    0.003993
4277    0.009260
4385    0.009047
4461    0.006099
4521    0.021549
4522    0.006963
4603    0.012621
4666    0.007228
4803    0.010997
4870    0.005064
4958    0.013143
5044    0.014096
5075    0.002852
5080    0.010048
5086    0.031991
5115    0.016127
5352    0.017957
5414    0.011704
5439    0.008671
5495    0.003144
5501    0.016265
5670    0.010048
5694    0.010209
5819    0.009260
5924    0.015502
5991    0.006013
5998    0.017343
6056    0.016403
6085    0.038844
6365    0.005403
6372    0.003901
6430    0.014273
6598    0.004228
6613    0.026909
6705    0.016676
6707    0.033352
6738    0.013228
6844    0.006374
7107    0.011833
7147    0.010048
7189    0.009494
7229    0.016390
7325    0.007276
7332    0.012621
7531    0.008509
7779    0.006543
7802    0.004346
7849    0.010570
7851    0.016390
7928    0.016390
7932    0.020096
7987    0.006508
7996    0.027852
8159    0.007933
8455    0.010048
8500    0.025228
8505    0.026312
8534    0.005278
8577    0.008201
8581    0.003634
8774    0.007048
8812    0.009047
8958    0.013817
9146    0.011244
9153    0.006041
9192    0.011833
9209    0.007475
9324    0.010048
9364    0.005491
9424    0.014010
9664    0.016472
9885    0.012194
9976    0.008760
10020    0.016390
10096    0.007871
10226    0.012194
10261    0.012306
10354    0.005852
10445    0.006963
10637    0.022745
10846    0.010981
10892    0.025652
11062    0.007871
11063    0.021141
11093    0.006187
11098    0.008586
11201    0.003879
11218    0.003506
11289    0.006187
11342    0.009151
11344    0.015502
11413    0.009755
11503    0.003823
11561    0.010048
11570    0.010240
11757    0.005491
11841    0.008115
11958    0.006614
12045    0.007005
12191    0.008131
12415    0.005045
12591    0.019471
12642    0.009151
12645    0.012194
12660    0.005904
12668    0.007048
12675    0.005064
12684    0.010349
12711    0.011244
12765    0.005120
12904    0.004294
12927    0.027679
13014    0.010812
13029    0.014767
13050    0.004139
13179    0.012197
13228    0.005257
13311    0.007182
13317    0.014767
13454    0.020419
13466    0.003834
13553    0.010383
13580    0.003993
13622    0.016390
13623    0.012621
13627    0.016390
13647    0.008697
13825    0.020096
13886    0.008179
13897    0.007693
13909    0.006474
14065    0.017427
14250    0.011833
14305    0.007475
14489    0.012621
14491    0.014767
14719    0.008671
14742    0.003346
14769    0.007637
14863    0.007810
15497    0.005491
15601    0.005986
15604    0.007373
15801    0.006650
15826    0.013143
15912    0.004228
15952    0.032679
15957    0.013143
15983    0.006407
16023    0.009260
16026    0.021276
16237    0.018017
16269    0.007810
16299    0.007810
16302    0.016403
16393    0.013817
16521    0.007475
16578    0.007637
16628    0.037118
16631    0.014767
16649    0.020174
16683    0.016390
16705    0.012883
16706    0.008425
16734    0.003288
16797    0.049170
16880    0.022514
17144    0.007391
17145    0.009374
17303    0.017894
17306    0.027634
17407    0.005278
17484    0.005464
17669    0.007780
17830    0.005750
17870    0.005120
17892    0.010570
18159    0.006279
18160    0.009047
18282    0.012705
18428    0.012621
18535    0.009621
18550    0.010997
18614    0.009151
18649    0.038183
18670    0.005701
18711    0.010383
18717    0.005986
18879    0.011244
18882    0.003535
18888    0.005491
18889    0.016390
18898    0.006217
18987    0.030638
18992    0.014273
19032    0.014767
19169    0.013156
19225    0.005513
19226    0.007780
19361    0.012621
19366    0.004556
19410    0.009096
19543    0.011601
19546    0.007933
19577    0.007475
19675    0.010570
19676    0.010570
19756    0.008852
19772    0.005582
19773    0.008228
19844    0.001533
20055    0.011833
20178    0.011244
20260    0.005573
20363    0.016390
20710    0.012621
20742    0.007528
20803    0.003253
20848    0.004255
20977    0.009621
21076    0.012621
21077    0.013817
21118    0.006342
21129    0.007391
21150    0.001869
21235    0.021995
21242    0.010383
21347    0.013143
