146
147    0.010713
523    0.016181
653    0.036168
1184    0.010788
1646    0.066867
2102    0.018245
2460    0.017370
2667    0.029230
2708    0.032840
2744    0.009763
2995    0.018565
3249    0.023962
3327    0.016181
3635    0.015213
3686    0.016861
3758    0.072901
3790    0.014398
4137    0.008881
4258    0.010116
4666    0.016075
4871    0.015213
5010    0.020848
5260    0.014790
5415    0.013191
5998    0.019285
6016    0.036451
6086    0.022346
6313    0.016861
6432    0.025620
6613    0.023938
6693    0.036451
6738    0.014709
6907    0.022705
6908    0.009014
7039    0.018565
7098    0.036451
7180    0.017238
7531    0.009462
7636    0.015040
7712    0.018240
7754    0.031158
8107    0.008335
8181    0.011922
8185    0.020351
8509    0.048916
8534    0.011737
8622    0.010941
8774    0.015675
9066    0.036451
9106    0.018400
9209    0.008312
9388    0.012413
9454    0.010566
9484    0.014104
9517    0.042514
9518    0.007756
9631    0.013895
10140    0.011559
10228    0.027118
10354    0.013014
10636    0.088040
11050    0.072901
11062    0.017505
11165    0.021694
11218    0.007798
11223    0.020848
11244    0.020848
11334    0.011019
11439    0.014872
11503    0.017006
11562    0.017370
11567    0.015871
11619    0.029230
11744    0.010902
11781    0.032840
11782    0.027122
11841    0.012031
12190    0.029230
12258    0.040703
12367    0.050013
12598    0.036451
12659    0.012311
12687    0.060360
12693    0.029230
12873    0.021115
12904    0.009551
12932    0.015675
12987    0.005232
13050    0.009205
13179    0.013563
13434    0.003310
13482    0.041891
13528    0.028068
13921    0.017933
14042    0.036451
14065    0.004306
14271    0.026316
14536    0.015772
14857    0.015040
15081    0.026028
15160    0.013072
15394    0.023091
15400    0.031544
15497    0.012211
15952    0.060565
16484    0.019481
16628    0.033019
16631    0.032840
16649    0.014955
16705    0.009551
16706    0.018736
16734    0.029246
16883    0.026316
16959    0.010980
17044    0.015972
17090    0.109352
17091    0.036451
17117    0.008908
17145    0.020848
17306    0.030729
17331    0.013499
17524    0.014323
17951    0.020594
18074    0.026316
18282    0.005651
18340    0.014872
18567    0.015772
18674    0.019898
18679    0.027118
18681    0.023091
18713    0.030427
18716    0.022705
18717    0.013312
19048    0.020351
19640    0.045119
19955    0.032840
19978    0.081355
20088    0.017109
20439    0.018913
21066    0.029230
21119    0.017786
21120    0.011692
21129    0.008219
21152    0.016288
21244    0.036451
21290    0.026502
