38
72    0.107467
219    0.046244
333    0.041702
621    0.058457
1846    0.058206
2048    0.066877
2113    0.067610
2277    0.069956
3164    0.117121
4380    0.063929
4927    0.084870
5769    0.047015
6217    0.140474
6628    0.051482
6809    0.071218
10074    0.095623
10837    0.026223
11103    0.018904
11184    0.077079
12230    0.051671
12300    0.042726
12928    0.060854
13319    0.054286
13321    0.166631
13580    0.040600
14065    0.019686
16030    0.061136
16176    0.169739
16207    0.073969
16585    0.009687
16592    0.035844
18005    0.042466
18167    0.025641
19785    0.045943
20260    0.014165
20282    0.036439
21155    0.067241
21253    0.036641
