365
115    0.006067
312    0.010931
333    0.003553
457    0.005760
574    0.008993
638    0.008223
670    0.008843
746    0.011384
750    0.014196
851    0.006261
909    0.014196
914    0.012790
1097    0.004756
1424    0.008993
1477    0.010228
1606    0.014196
1646    0.026042
1699    0.001686
1707    0.010465
1712    0.005002
1752    0.006220
1772    0.010249
1862    0.005786
1918    0.005960
1919    0.009960
1942    0.006871
1949    0.009511
2047    0.004032
2081    0.009525
2092    0.006871
2093    0.004246
2102    0.007105
2283    0.005697
2344    0.003428
2380    0.006430
2387    0.011384
2396    0.007653
2432    0.002451
2595    0.008993
2756    0.019050
2867    0.005792
2903    0.031684
2920    0.006261
2965    0.011384
2985    0.007366
2988    0.007926
3046    0.021862
3050    0.011819
3298    0.006261
3299    0.009155
3338    0.012362
3410    0.016666
3451    0.032309
3526    0.014196
3534    0.014196
3538    0.012790
3558    0.010561
3567    0.003340
3628    0.012790
3647    0.012016
3687    0.011384
3734    0.006430
3735    0.010931
3839    0.009978
3945    0.010931
3999    0.011967
4029    0.010931
4110    0.011384
4137    0.003459
4385    0.015671
4390    0.005667
4439    0.010931
4445    0.010931
4450    0.011554
4505    0.006927
4521    0.009332
4870    0.004386
4976    0.014196
5043    0.004178
5056    0.008020
5115    0.006984
5414    0.005068
5415    0.005137
5434    0.010561
5476    0.010931
5482    0.008993
5493    0.008119
5515    0.011554
5532    0.003553
5544    0.006386
5840    0.008119
5851    0.007437
5865    0.012772
5884    0.011384
5888    0.014196
5915    0.008020
5975    0.004354
5977    0.003839
6056    0.014207
6058    0.014196
6061    0.018664
6313    0.006567
6324    0.029217
6328    0.015671
6425    0.007366
6538    0.008020
6546    0.011384
6596    0.003574
6610    0.014731
6613    0.004661
6614    0.014196
6738    0.011457
6918    0.005667
7001    0.009332
7010    0.006927
7048    0.005307
7147    0.008703
7245    0.014196
7247    0.011967
7320    0.014196
7330    0.004246
7456    0.004795
7486    0.010274
7523    0.005465
7571    0.011099
7636    0.005857
7686    0.011384
7687    0.012790
7727    0.011384
7736    0.004172
7753    0.007752
7754    0.012135
7815    0.011967
7932    0.008703
7933    0.014196
7987    0.005637
7996    0.018092
8052    0.009739
8107    0.012985
8159    0.006871
8487    0.007926
8528    0.007926
8573    0.013968
8596    0.003766
8600    0.010931
8703    0.009978
8806    0.012790
8812    0.007836
8874    0.038369
8989    0.011384
9009    0.013854
9160    0.006871
9162    0.012790
9163    0.014196
9202    0.009332
9203    0.008119
9209    0.006474
9324    0.008703
9427    0.014196
9454    0.008230
9457    0.008993
9484    0.005493
9517    0.006623
9518    0.018123
9523    0.023297
9664    0.004756
9668    0.009332
9731    0.014196
9736    0.007667
9909    0.011967
10105    0.004046
10106    0.006567
10261    0.003553
10408    0.008119
10690    0.012790
10697    0.006663
10773    0.004834
10830    0.010931
10865    0.010561
11003    0.012790
11062    0.013635
11063    0.018311
11098    0.014873
11117    0.003521
11127    0.011967
11165    0.016898
11201    0.003359
11213    0.004519
11244    0.008119
11334    0.004291
11347    0.014196
11358    0.004795
11387    0.008703
11434    0.007803
11445    0.005760
11453    0.006663
11472    0.009978
11503    0.003311
11528    0.004699
11569    0.008064
11571    0.009332
11587    0.015671
11622    0.008119
11710    0.014196
11712    0.010249
11744    0.004246
11754    0.008572
11782    0.007042
11806    0.009332
11841    0.007028
12005    0.005710
12074    0.008993
12190    0.022768
12231    0.009978
12273    0.004468
12300    0.003640
12454    0.010561
12522    0.004661
12582    0.014196
12618    0.011919
12640    0.009978
12660    0.005114
12663    0.023935
12687    0.007836
12692    0.011384
12729    0.008572
12818    0.006474
12850    0.014196
12853    0.004519
12907    0.011395
12911    0.009142
12924    0.010561
12947    0.018905
12949    0.006220
12968    0.011967
13014    0.006243
13030    0.014196
13043    0.028392
13044    0.014196
13050    0.003585
13175    0.006713
13357    0.005963
13402    0.014196
13434    0.003867
13462    0.006261
13580    0.006918
13581    0.007926
13647    0.015066
13743    0.008572
13774    0.010249
13828    0.014196
13866    0.005891
13890    0.020497
14065    0.005031
14183    0.009978
14207    0.008993
14213    0.008993
14234    0.009155
14269    0.011384
14372    0.012790
14536    0.006142
14742    0.002898
14920    0.007366
15081    0.015205
15160    0.015273
15333    0.007587
15466    0.005002
15478    0.020781
15589    0.022768
15643    0.008993
15783    0.006302
15818    0.004322
15822    0.004216
15853    0.009978
15907    0.008552
15953    0.007667
15955    0.006302
15983    0.011099
16117    0.005068
16204    0.008223
16268    0.008119
16337    0.007749
16404    0.010931
16409    0.007103
16461    0.005824
16493    0.011967
16501    0.004172
16585    0.004951
16628    0.019289
16629    0.008223
16630    0.009525
16633    0.018664
16649    0.005824
16705    0.007439
16706    0.007297
16763    0.009332
16880    0.004875
16885    0.006520
16944    0.003827
17034    0.007297
17089    0.009978
17144    0.006402
17159    0.010931
17201    0.008119
17262    0.011384
17311    0.008703
17369    0.011274
17451    0.005891
17484    0.002366
17531    0.008092
17617    0.008572
17681    0.012790
17688    0.009525
17727    0.008993
17728    0.014196
17782    0.004980
17827    0.011967
17899    0.008993
17973    0.014196
18138    0.005891
18182    0.002190
18282    0.006602
18382    0.005385
18437    0.009525
18469    0.010561
18619    0.003651
18690    0.007667
18717    0.005184
18754    0.009332
18818    0.012790
18868    0.014196
18880    0.012790
18993    0.006713
19020    0.010561
19225    0.004775
19226    0.003369
19347    0.007749
19366    0.001973
19433    0.005359
19543    0.010048
19675    0.009155
19756    0.015333
19765    0.014196
19779    0.023935
19785    0.023484
19844    0.001328
19942    0.012790
20090    0.002408
20183    0.011967
20260    0.001207
20559    0.007230
20617    0.015671
20672    0.007230
20673    0.006261
20785    0.004814
20899    0.007749
20901    0.004402
21041    0.010931
21083    0.005925
21111    0.005925
21150    0.001619
21164    0.009155
21172    0.007749
21173    0.010561
21247    0.002058
