293
115    0.007331
121    0.011768
147    0.005041
219    0.004760
220    0.017153
267    0.015033
283    0.017153
354    0.011510
460    0.006960
538    0.013209
610    0.012950
616    0.009468
638    0.009936
696    0.023536
699    0.017153
767    0.017153
773    0.006848
776    0.013209
851    0.007565
852    0.009168
853    0.017634
855    0.062154
857    0.032205
858    0.022406
920    0.007516
924    0.026451
1017    0.008986
1210    0.010685
1326    0.009577
1413    0.008986
1681    0.007038
1682    0.008986
1689    0.005460
1698    0.004654
1699    0.004073
1804    0.007665
1807    0.015454
1852    0.017153
2050    0.009577
2095    0.043382
2120    0.005440
2170    0.008900
2333    0.019873
2334    0.013411
2396    0.009248
2432    0.002962
2447    0.010685
2458    0.016348
2538    0.017153
2675    0.028637
2678    0.017020
2684    0.005770
2706    0.004776
2734    0.013209
2735    0.017153
2806    0.006044
2819    0.010879
2853    0.008510
2857    0.006539
2909    0.016103
3053    0.007244
3117    0.013755
3238    0.006293
3609    0.017153
3635    0.007159
3659    0.008583
3690    0.017153
3706    0.008900
3879    0.011276
3897    0.015229
3913    0.013755
3934    0.015454
4183    0.017153
4260    0.006207
4324    0.005966
4456    0.007038
4631    0.014461
4689    0.009264
4690    0.017167
4762    0.009075
4982    0.011276
5043    0.007572
5096    0.004494
5129    0.017153
5440    0.006671
5485    0.047269
5486    0.026417
5495    0.003290
5626    0.007287
5975    0.005261
5991    0.006293
6330    0.011768
6351    0.010358
6372    0.004083
6460    0.008737
6596    0.004319
6599    0.017153
6664    0.013755
6729    0.012762
6790    0.009168
7097    0.006604
7176    0.008737
7459    0.009468
7535    0.017153
7584    0.012057
7618    0.010516
7650    0.006413
7666    0.011063
7736    0.010083
7757    0.009577
7802    0.004548
7861    0.015454
7918    0.014461
7921    0.017153
8131    0.014844
8159    0.008303
8252    0.010516
8253    0.013209
8275    0.006507
8283    0.015454
8362    0.007287
8417    0.005746
8452    0.011276
8487    0.009577
8500    0.003772
8505    0.013769
8530    0.012384
8585    0.010685
8596    0.004551
8736    0.014461
8779    0.022552
8873    0.009691
8918    0.011355
8933    0.013755
9002    0.007935
9023    0.006444
9118    0.005419
9179    0.007287
9226    0.072303
9227    0.017153
9228    0.011063
9336    0.008112
9457    0.010867
9534    0.010358
9774    0.013755
9777    0.007935
9798    0.028846
9898    0.008737
10108    0.009811
10445    0.007287
10542    0.012057
10545    0.007935
10582    0.017153
10662    0.010209
10721    0.014461
10846    0.005746
10892    0.003835
11071    0.010516
11080    0.017153
11103    0.009730
11122    0.015454
11183    0.006604
11355    0.003334
11383    0.016103
11434    0.028284
11562    0.024522
11569    0.009744
11570    0.005359
11619    0.013755
11782    0.004254
11848    0.009075
11928    0.008112
11968    0.026210
12131    0.013209
12269    0.012384
12373    0.017153
12378    0.015454
12526    0.008659
12548    0.005545
12659    0.005794
12776    0.017153
12967    0.011063
12974    0.006507
13014    0.003772
13040    0.012384
13078    0.009811
13125    0.007878
13177    0.009364
13179    0.006383
13434    0.001558
13466    0.012038
13472    0.007878
13491    0.024336
13540    0.017153
13992    0.010867
14218    0.011510
14288    0.034306
14339    0.026416
14340    0.013769
14341    0.007769
14342    0.009577
14343    0.007078
14406    0.010408
14412    0.006848
14607    0.005817
15080    0.008112
15170    0.012057
15282    0.021032
15342    0.009168
15384    0.012057
15385    0.012762
15468    0.006775
15503    0.006848
16094    0.006413
16237    0.009428
16283    0.010867
16432    0.026550
16509    0.005916
16579    0.009075
16585    0.005983
16666    0.011510
16686    0.017153
16714    0.009691
16771    0.010867
16907    0.009552
16912    0.012762
16914    0.012762
16946    0.024909
16988    0.017634
17018    0.011063
17080    0.008737
17101    0.018968
17117    0.008384
17238    0.017153
17269    0.020418
17313    0.007769
17351    0.009577
17369    0.006811
17413    0.007992
17590    0.017153
17666    0.013755
17788    0.010516
17817    0.007992
17830    0.006018
17833    0.017153
17849    0.013209
18072    0.015454
18374    0.010516
18626    0.013755
18752    0.015454
18784    0.008174
18882    0.003700
19021    0.012762
19046    0.006604
19086    0.010069
19147    0.011768
19173    0.008174
19232    0.005379
19261    0.005130
19278    0.003077
19289    0.017153
19296    0.010358
19327    0.004048
19365    0.010516
19370    0.005460
19389    0.028731
19394    0.008303
19397    0.009168
19433    0.006475
19464    0.004792
19503    0.007422
19530    0.009811
19844    0.001604
20233    0.008439
20260    0.002916
20372    0.017153
20409    0.008370
20449    0.017153
20713    0.004639
20771    0.007331
20803    0.006809
20841    0.004523
20868    0.015129
20915    0.009075
20994    0.014753
21005    0.016444
21019    0.013769
21061    0.014461
21087    0.004989
21243    0.015557
21247    0.004973
21270    0.017153
21290    0.012471
