352
147    0.004633
236    0.014201
270    0.013288
271    0.010362
333    0.003945
526    0.010362
568    0.006069
574    0.009985
633    0.009131
638    0.018262
746    0.012640
913    0.015762
914    0.014201
915    0.015762
926    0.015762
1209    0.014201
1477    0.005678
1646    0.005783
1682    0.008257
1691    0.005018
1698    0.004276
1699    0.001872
1707    0.005810
1752    0.006907
1766    0.011727
1772    0.011380
1910    0.008424
1949    0.005281
1958    0.014201
2085    0.014201
2093    0.004714
2102    0.007890
2122    0.016357
2344    0.003807
2396    0.012747
2546    0.022158
2668    0.013288
2691    0.008424
2706    0.008778
2768    0.008028
2818    0.015762
2920    0.006952
2981    0.007570
3050    0.017498
3119    0.015762
3159    0.012640
3160    0.014201
3161    0.031525
3187    0.011079
3226    0.014201
3274    0.011079
3297    0.006009
3298    0.006952
3299    0.010166
3326    0.005603
3341    0.005056
3371    0.009985
3451    0.011958
3484    0.018763
3571    0.005810
3583    0.003456
3647    0.013342
3672    0.007755
3683    0.015762
3747    0.008801
3835    0.010576
3839    0.022158
3850    0.005783
4107    0.015762
4137    0.003841
4385    0.008700
4390    0.006292
4439    0.012138
4997    0.009985
5043    0.002319
5080    0.019326
5127    0.012138
5206    0.007570
5248    0.008028
5480    0.014582
5501    0.006257
5532    0.015779
5850    0.011727
5853    0.011079
5977    0.008525
6056    0.015775
6059    0.013288
6249    0.011727
6313    0.007291
6378    0.009253
6401    0.009253
6481    0.022759
6482    0.011727
6538    0.008905
6558    0.010362
6610    0.008178
6613    0.010351
6633    0.010166
6738    0.006361
6769    0.008102
6841    0.008905
7018    0.012640
7147    0.009663
7168    0.003137
7191    0.010576
7486    0.005704
7543    0.013288
7687    0.014201
7726    0.008178
7753    0.004304
7754    0.006737
7770    0.007957
7869    0.012640
7910    0.009663
7996    0.040178
8107    0.007209
8181    0.005155
8246    0.012640
8275    0.005979
8411    0.015762
8500    0.003466
8534    0.005076
8573    0.007755
8594    0.018206
8781    0.009704
8787    0.009518
8806    0.014201
8812    0.008700
8976    0.011727
9077    0.008801
9150    0.015762
9153    0.005810
9160    0.007630
9202    0.010362
9203    0.009015
9209    0.003594
9210    0.005893
9314    0.019637
9411    0.011970
9454    0.009138
9484    0.006099
9517    0.007354
9518    0.003354
9524    0.015762
9533    0.004906
9667    0.013288
9668    0.010362
9828    0.014201
10105    0.004492
10408    0.009015
10636    0.009518
10831    0.015762
10837    0.004961
10840    0.005368
11062    0.007570
11063    0.010166
11087    0.005506
11089    0.007957
11098    0.008257
11112    0.004374
11117    0.003910
11218    0.003372
11244    0.009015
11324    0.015762
11334    0.004765
11371    0.009518
11386    0.005346
11390    0.007091
11444    0.005578
11445    0.006396
11468    0.011060
11503    0.007354
11528    0.005217
11530    0.007570
11531    0.005324
11569    0.004477
11781    0.014201
11841    0.010405
11855    0.015762
11891    0.009518
12055    0.013288
12074    0.009985
12122    0.003957
12137    0.015762
12230    0.004888
12273    0.014883
12581    0.011380
12586    0.011380
12591    0.004681
12642    0.017601
12654    0.009819
12663    0.013288
12684    0.003318
12729    0.009518
12760    0.014201
12855    0.003646
12904    0.004130
12905    0.015762
12911    0.005076
12947    0.013994
12949    0.006907
12995    0.015640
13050    0.003981
13070    0.007630
13228    0.005056
13349    0.008102
13466    0.003687
13470    0.007291
13472    0.007239
13580    0.003841
13604    0.014201
13647    0.004182
13730    0.010576
14043    0.014201
14044    0.015762
14065    0.014897
14200    0.006737
14228    0.010576
14284    0.010814
14305    0.007189
14331    0.008178
14332    0.011380
14334    0.012640
14918    0.013288
15037    0.009015
15074    0.015762
15081    0.011255
15121    0.015762
15160    0.011306
15185    0.009819
15216    0.006009
15439    0.010362
15601    0.005756
15604    0.007091
15623    0.006038
15728    0.009819
15820    0.010918
15853    0.011079
15871    0.023454
15906    0.005436
15952    0.005238
15953    0.008513
15955    0.006997
15983    0.006162
16038    0.013288
16045    0.015762
16048    0.008339
16117    0.005628
16119    0.007887
16160    0.011380
16302    0.007887
16392    0.015762
16408    0.028403
16461    0.012934
16494    0.013288
16498    0.016849
16535    0.014201
16562    0.018031
16585    0.003665
16628    0.021418
16630    0.021153
16649    0.019401
16678    0.008905
16713    0.007511
16737    0.015762
16840    0.014201
16880    0.005413
16944    0.004249
17008    0.010814
17044    0.013814
17089    0.011079
17108    0.006069
17117    0.003852
17140    0.009518
17144    0.003554
17199    0.015762
17209    0.009663
17239    0.013288
17258    0.015762
17304    0.009819
17345    0.007091
17352    0.011380
17395    0.008424
17451    0.006541
17527    0.008605
17531    0.004492
17605    0.015762
17648    0.015762
17661    0.008424
17678    0.010576
17688    0.010576
17710    0.015762
17718    0.011727
17814    0.005135
17964    0.008257
18020    0.009253
18071    0.013288
18182    0.002432
18190    0.007239
18282    0.002444
18317    0.012652
18383    0.004906
18523    0.015762
18649    0.007344
18717    0.005756
18754    0.010362
19014    0.014201
19043    0.004360
19278    0.002828
19360    0.014201
19366    0.002191
19410    0.002916
19426    0.003096
19433    0.005950
19444    0.007511
19460    0.003656
19491    0.015762
19543    0.011156
19577    0.007189
19741    0.007399
19751    0.007399
19755    0.012138
19756    0.008513
19757    0.007820
19773    0.003957
19785    0.013038
19844    0.002949
19852    0.012138
19907    0.008605
20090    0.002674
20252    0.012640
20260    0.001340
20330    0.047287
20331    0.031525
20423    0.015762
20545    0.009015
20617    0.008700
20672    0.008028
20688    0.007399
20691    0.010166
20700    0.008424
20778    0.007399
20783    0.013288
20785    0.032075
20841    0.012468
20846    0.014201
20901    0.004888
20983    0.004924
21047    0.012138
21118    0.012198
21123    0.011727
21250    0.011380
