407
246    0.004070
247    0.010633
288    0.004711
450    0.005274
455    0.003954
484    0.008097
831    0.008295
835    0.008520
972    0.009464
1066    0.006443
1116    0.005139
1171    0.009464
1242    0.004233
1260    0.006244
1271    0.007476
1278    0.005274
1279    0.007126
1309    0.003875
1364    0.005014
1382    0.005540
1458    0.005383
1477    0.004252
1480    0.005499
1599    0.015516
1604    0.005383
1677    0.004815
1686    0.005806
1698    0.006404
1699    0.001401
1824    0.006244
1862    0.002405
1889    0.006750
1949    0.003954
2093    0.003530
2248    0.006123
2345    0.005581
2382    0.008295
2432    0.002038
2450    0.006443
2496    0.014703
2497    0.007235
2706    0.003286
2710    0.004371
2723    0.003297
2737    0.012159
2739    0.007352
2744    0.003161
2754    0.008780
2792    0.006374
2844    0.009949
2909    0.005540
2931    0.007235
2934    0.006928
2987    0.007024
3082    0.010633
3116    0.008097
3149    0.009949
3309    0.005014
3318    0.006837
3326    0.004195
3358    0.007919
3396    0.003954
3567    0.002777
3571    0.004350
3583    0.002588
3647    0.006660
3726    0.004122
3739    0.010633
3825    0.006928
3826    0.007126
3842    0.003830
3903    0.004455
3955    0.009949
4047    0.008780
4055    0.005957
4135    0.004984
4137    0.005751
4143    0.007235
4150    0.005107
4195    0.003181
4236    0.009088
4258    0.003275
4319    0.005855
4325    0.007919
4450    0.006404
4501    0.004499
4589    0.009464
4621    0.006668
4643    0.007476
4697    0.004330
4704    0.007611
4723    0.009464
4724    0.007024
4777    0.004686
4790    0.008520
4811    0.005107
4889    0.007476
4899    0.003493
4904    0.006668
4916    0.008097
5043    0.006946
5072    0.007024
5075    0.004107
5096    0.009277
5131    0.007919
5167    0.010633
5211    0.005239
5212    0.004087
5214    0.007126
5220    0.015225
5239    0.007126
5495    0.013584
5549    0.005139
5578    0.004477
5614    0.004053
5719    0.006704
5856    0.003786
5879    0.009133
6006    0.010633
6192    0.007352
6438    0.008780
6596    0.005943
6598    0.003045
6621    0.009464
6655    0.004567
6758    0.002574
6761    0.006466
6762    0.004567
6908    0.002918
7053    0.005459
7097    0.004544
7129    0.012022
7134    0.008520
7141    0.010547
7142    0.010343
7168    0.002349
7178    0.004955
7366    0.008295
7482    0.007476
7524    0.003375
7667    0.010633
7786    0.010633
7802    0.003129
8007    0.007611
8019    0.005684
8040    0.005979
8069    0.006443
8078    0.002374
8116    0.005119
8200    0.009577
8218    0.014336
8233    0.004521
8323    0.004252
8342    0.005855
8407    0.005107
8505    0.004737
8630    0.004055
8638    0.004897
8655    0.008780
8684    0.007611
8711    0.004087
8756    0.007476
8899    0.005906
8951    0.009464
9209    0.002691
9210    0.004412
9282    0.007060
9361    0.004158
9440    0.009949
9459    0.005581
9466    0.008520
9470    0.008780
9533    0.003673
9631    0.004499
9664    0.003954
9739    0.005806
9768    0.006308
9872    0.007476
9873    0.007346
9877    0.007758
9878    0.013336
9883    0.007024
9919    0.006750
9979    0.006244
9991    0.005581
9999    0.018199
10175    0.004590
10186    0.005906
10219    0.008295
10221    0.007758
10261    0.005907
10341    0.006244
10350    0.007126
10407    0.009464
10408    0.006750
10442    0.027000
10472    0.008780
10610    0.005759
10837    0.001857
10932    0.010618
10942    0.063778
10943    0.005624
11103    0.008033
11117    0.002927
11130    0.005806
11146    0.003938
11180    0.002646
11181    0.006529
11213    0.003757
11218    0.010100
11225    0.004926
11283    0.004711
11334    0.007136
11340    0.005713
11355    0.002294
11434    0.003243
11566    0.005499
11569    0.003352
11684    0.005499
11744    0.003530
11890    0.006750
11897    0.007758
12005    0.002374
12064    0.004686
12085    0.004105
12162    0.005540
12166    0.004391
12266    0.007919
12307    0.074924
12309    0.017483
12314    0.016193
12345    0.006445
12365    0.004412
12470    0.007476
12675    0.007293
12684    0.004968
12818    0.005383
12853    0.003757
12855    0.002730
12864    0.011020
12867    0.005420
12978    0.005075
12987    0.006776
12999    0.001943
13145    0.011079
13185    0.006928
13246    0.007476
13252    0.008295
13319    0.003845
13345    0.009088
13347    0.005459
13348    0.009630
13355    0.002745
13357    0.001652
13434    0.001072
13495    0.006668
13591    0.005668
13877    0.019818
13909    0.004662
13910    0.006487
14014    0.005806
14065    0.002789
14339    0.004544
14340    0.004737
14343    0.004870
14354    0.007352
14358    0.006066
14439    0.014210
14519    0.007611
14536    0.005107
14538    0.004815
14562    0.008520
14604    0.010100
14607    0.008005
14742    0.006023
14743    0.020510
14745    0.005413
14754    0.004711
14796    0.007542
14874    0.004252
14903    0.005957
14942    0.006837
14952    0.005581
15003    0.006514
15016    0.004870
15019    0.009968
15108    0.009464
15142    0.004614
15147    0.006589
15312    0.008780
15360    0.010633
15466    0.004158
15478    0.005759
15488    0.004544
15569    0.009088
15710    0.004984
15755    0.009088
15769    0.019898
15818    0.003594
15821    0.005107
15849    0.005624
15850    0.007611
15910    0.004271
16034    0.004412
16119    0.005906
16279    0.006123
16309    0.008097
16371    0.014777
16484    0.006308
16527    0.007907
16529    0.006727
16585    0.006861
16657    0.026369
16668    0.006443
16705    0.006185
16729    0.001923
16766    0.004590
16923    0.003275
16941    0.002206
16944    0.006363
16950    0.011335
16952    0.004984
16959    0.003555
17072    0.006183
17074    0.008825
17075    0.009180
17440    0.008780
17445    0.005420
17447    0.005759
17484    0.001967
17643    0.007293
17757    0.005806
17801    0.010633
17810    0.007126
17914    0.006928
17949    0.010213
17963    0.006123
18004    0.006668
18088    0.008780
18159    0.004521
18160    0.006514
18167    0.007264
18180    0.006374
18182    0.003641
18247    0.004371
18320    0.011802
18336    0.006589
18383    0.003673
18392    0.007235
18397    0.008780
18435    0.004177
18441    0.008780
18518    0.010633
18547    0.006443
18609    0.005957
18652    0.009191
18655    0.003771
18887    0.005420
18888    0.003954
19043    0.003265
19177    0.003386
19261    0.007060
19266    0.003421
19309    0.004637
19327    0.002785
19366    0.001640
19416    0.004019
19426    0.002318
19441    0.010633
19457    0.005855
19635    0.007919
19685    0.004391
19693    0.006183
19710    0.007352
19772    0.012058
19817    0.004614
20082    0.005075
20090    0.006007
20131    0.006244
20260    0.003010
20274    0.004105
20294    0.009088
20464    0.007085
20504    0.009464
20534    0.007875
20582    0.004433
20601    0.004087
20713    0.006383
20717    0.012031
20731    0.008097
20758    0.012365
20768    0.002777
20807    0.005075
20868    0.002602
20901    0.003660
20902    0.011672
20986    0.006837
21016    0.004477
21039    0.006308
21055    0.009464
21115    0.002769
21129    0.002661
21150    0.002691
21247    0.005133
21306    0.018550
21307    0.015379
21310    0.009577
