162
780    0.020817
855    0.014343
857    0.029728
979    0.020817
1346    0.030416
1349    0.019726
1430    0.028492
1699    0.007520
1741    0.011869
1746    0.019425
1804    0.028301
1808    0.020424
1839    0.017891
2025    0.031667
2095    0.026696
2333    0.018344
2334    0.024759
2675    0.039651
2736    0.023560
2806    0.011158
2857    0.012071
2909    0.014864
3052    0.031667
3306    0.016431
3659    0.015846
3706    0.016431
3818    0.023560
3900    0.022258
4248    0.031667
4645    0.026696
5372    0.019726
5485    0.029089
5495    0.006075
5615    0.026906
5626    0.013453
5975    0.009713
6349    0.031667
6372    0.007538
6460    0.032258
6598    0.008170
6659    0.031667
6719    0.010652
6809    0.013535
6861    0.031667
7508    0.014151
7562    0.020817
7631    0.012575
7632    0.014864
7644    0.015208
7650    0.011839
7663    0.031667
7704    0.015711
7772    0.021725
7802    0.020990
7833    0.008120
8116    0.013736
8131    0.013702
8153    0.032555
8352    0.031667
8362    0.026906
8489    0.013217
8500    0.013927
8581    0.007022
8590    0.025395
8736    0.026696
9147    0.031667
9228    0.020424
9715    0.028531
9945    0.013535
10545    0.014648
10844    0.018112
10846    0.021218
10892    0.007080
10946    0.017681
11112    0.008789
11279    0.011565
11384    0.028531
11406    0.031667
11434    0.017406
11566    0.014755
11570    0.009893
11848    0.016754
11930    0.022258
11966    0.027236
12006    0.015090
12042    0.014246
12098    0.016590
12122    0.015898
12127    0.015711
12245    0.008349
12378    0.028531
12519    0.007559
12526    0.015985
12668    0.013618
12928    0.034695
13034    0.028531
13050    0.007997
13070    0.015328
13228    0.010158
13382    0.022258
13403    0.031667
13434    0.005751
13466    0.014816
13670    0.020817
13752    0.028531
13964    0.013535
13983    0.017102
14160    0.015208
14275    0.023560
14339    0.036576
15309    0.016754
15497    0.010609
15503    0.012642
15927    0.013217
16379    0.023560
16432    0.049014
16436    0.016754
16527    0.021218
16580    0.028531
16585    0.001841
16645    0.016277
16666    0.021249
16729    0.005161
16814    0.021725
16907    0.017635
16945    0.032555
16946    0.091971
16948    0.053393
16988    0.032555
17122    0.091971
17547    0.015985
17652    0.031667
17664    0.025395
17892    0.040847
18182    0.009770
18282    0.004910
18347    0.034959
18799    0.035783
18882    0.006831
19084    0.015090
19146    0.031667
19232    0.029789
19278    0.005681
19365    0.019414
19366    0.008802
19389    0.017681
19410    0.005858
19529    0.014443
20057    0.021725
20090    0.010745
20233    0.015580
20260    0.002692
20361    0.031667
20458    0.020424
20713    0.008564
20841    0.008349
20868    0.013966
20915    0.016754
21005    0.010119
21016    0.012012
21085    0.012444
21086    0.029728
