74
231    0.050050
591    0.064281
1385    0.077844
1454    0.072838
1698    0.023440
2275    0.059275
2426    0.086401
2658    0.046662
2659    0.062378
3207    0.172803
3790    0.034128
4028    0.034866
4029    0.066532
4138    0.060729
4589    0.069287
4636    0.039967
4872    0.039683
5079    0.028259
5146    0.072838
5286    0.072838
5501    0.017149
5532    0.021623
5872    0.086401
5977    0.023365
6484    0.086401
6613    0.056741
6726    0.086401
6738    0.034866
6844    0.033603
7406    0.045263
7465    0.047692
7567    0.086401
7833    0.022154
8091    0.086401
9143    0.033603
9484    0.033433
10106    0.039967
10663    0.172803
10897    0.025218
11103    0.009802
11762    0.155688
11782    0.021430
12367    0.059275
12687    0.047692
12999    0.014223
13434    0.015691
13896    0.088013
13939    0.025393
14065    0.010208
14643    0.053820
14865    0.033433
15081    0.030848
15160    0.030986
15911    0.045263
15912    0.022291
16265    0.041493
16424    0.077844
16568    0.059275
16628    0.078268
16649    0.035449
16706    0.044411
17094    0.041172
17669    0.020506
18037    0.040257
18210    0.069287
18282    0.013395
18310    0.064281
18403    0.056798
18716    0.053820
19433    0.032615
20549    0.062378
20726    0.066532
20965    0.069287
21129    0.019481
