507
267    0.004150
481    0.003999
738    0.006837
1095    0.004868
1097    0.006345
1105    0.007292
1240    0.006006
1245    0.003628
1271    0.005999
1311    0.006354
1365    0.017417
1392    0.008532
1423    0.003953
1436    0.003412
1687    0.009470
1698    0.005138
1699    0.003373
1740    0.003459
1780    0.005350
1816    0.014341
1862    0.001930
1904    0.012994
1914    0.006225
1957    0.006656
1998    0.007984
2044    0.007984
2047    0.002690
2058    0.009478
2111    0.007292
2156    0.056325
2157    0.031772
2173    0.002823
2174    0.004445
2292    0.003843
2297    0.004072
2396    0.002553
2432    0.003271
2475    0.007046
2487    0.006497
2508    0.004023
2575    0.009470
2604    0.009882
2651    0.021137
2711    0.003999
2826    0.004584
2898    0.009470
2909    0.004445
2914    0.011798
2920    0.012530
3044    0.005170
3462    0.008532
3473    0.030031
3479    0.043024
3521    0.019294
3567    0.002228
3593    0.002727
3594    0.006108
3647    0.008016
3654    0.004961
3672    0.004659
3686    0.008761
3713    0.011403
3715    0.004621
3861    0.004621
3944    0.006006
3950    0.005170
3970    0.007594
4029    0.007292
4055    0.023902
4063    0.006656
4071    0.005999
4080    0.005416
4082    0.007984
4141    0.004023
4171    0.006837
4195    0.002553
4240    0.001940
4258    0.002628
4319    0.004698
4384    0.006837
4397    0.007292
4450    0.007708
4456    0.007771
4560    0.007046
4607    0.006656
4609    0.008532
4621    0.005350
4696    0.031772
4697    0.003475
4701    0.004659
4703    0.007984
4709    0.008532
4729    0.006171
4730    0.004548
4763    0.009470
4771    0.017155
4772    0.007984
4854    0.006656
4871    0.003953
4899    0.002803
4905    0.005227
4949    0.004048
5028    0.004621
5043    0.002787
5055    0.004584
5075    0.001648
5093    0.003907
5099    0.009470
5152    0.003885
5315    0.007292
5355    0.005636
5381    0.007984
5495    0.003633
5501    0.005639
5532    0.002370
5537    0.004048
5563    0.003801
5567    0.002663
5614    0.003252
5615    0.004023
5624    0.008532
5628    0.002708
5642    0.007594
5647    0.007292
5719    0.005380
5725    0.032782
5769    0.002672
5784    0.009470
5825    0.009470
5841    0.009470
5989    0.007046
6103    0.006837
6132    0.006225
6138    0.008532
6263    0.007594
6275    0.005806
6276    0.012994
6417    0.009470
6583    0.006497
6598    0.002443
6622    0.006108
6624    0.010229
6689    0.014741
6692    0.007046
6707    0.009635
6758    0.010326
6841    0.005350
6872    0.007292
6908    0.004684
6918    0.003781
6939    0.007292
6994    0.004914
7029    0.006225
7046    0.009470
7097    0.003646
7106    0.006497
7168    0.009423
7261    0.005899
7330    0.005665
7343    0.004445
7388    0.009470
7425    0.006108
7431    0.005636
7466    0.003337
7531    0.002458
7670    0.007984
7675    0.009470
7709    0.017277
7712    0.004739
7713    0.021877
7754    0.004048
7759    0.007292
7779    0.007561
7802    0.002511
7846    0.007984
7935    0.013335
7965    0.008699
8073    0.005718
8164    0.006656
8220    0.004513
8233    0.003628
8323    0.003412
8327    0.005899
8342    0.004698
8343    0.004914
8351    0.007046
8385    0.009470
8417    0.003173
8442    0.003592
8446    0.002569
8471    0.007984
8476    0.012105
8581    0.004200
8594    0.003646
8596    0.002513
8624    0.011722
8639    0.007292
8651    0.007984
8688    0.004914
8697    0.009470
8740    0.008532
8743    0.008532
8774    0.008145
8783    0.003122
8793    0.009470
8848    0.005486
8964    0.003741
8978    0.005999
9005    0.005010
9009    0.004621
9018    0.008532
9068    0.005718
9118    0.002992
9143    0.011049
9155    0.004381
9156    0.025988
9160    0.004584
9218    0.006497
9292    0.007046
9319    0.005061
9320    0.003953
9459    0.004479
9494    0.006497
9500    0.009470
9644    0.003976
9705    0.007292
9753    0.014585
9756    0.009470
9782    0.005559
9799    0.005288
9815    0.006656
9903    0.008532
9919    0.005416
9976    0.005061
10038    0.007046
10133    0.009470
10146    0.004548
10175    0.003683
10227    0.007046
10244    0.004513
10252    0.005288
10310    0.007046
10420    0.003801
10422    0.020489
10525    0.004232
10558    0.005486
10589    0.007048
10605    0.008528
10625    0.005899
10764    0.007594
10775    0.006354
10784    0.015863
10837    0.001490
10846    0.003173
10984    0.023951
10986    0.006656
10992    0.005718
11089    0.004780
11112    0.002628
11157    0.005559
11235    0.019969
11271    0.003337
11355    0.005522
11358    0.003199
11361    0.008532
11381    0.006837
11390    0.004260
11415    0.003953
11434    0.005205
11503    0.002209
11518    0.007594
11528    0.003134
11567    0.004123
11581    0.003822
11587    0.005227
11661    0.004548
11750    0.007610
11841    0.004689
11854    0.005227
11889    0.004123
11918    0.007046
12095    0.007561
12103    0.009470
12130    0.006837
12230    0.005873
12245    0.004994
12357    0.007594
12421    0.007685
12441    0.009470
12462    0.006108
12468    0.009470
12477    0.005115
12505    0.003427
12535    0.006497
12583    0.008532
12684    0.005980
12698    0.008532
12817    0.006450
12818    0.004319
12855    0.002190
12864    0.002948
12935    0.009470
12987    0.004078
13106    0.006497
13107    0.041022
13109    0.005999
13110    0.007594
13125    0.004350
13164    0.018940
13198    0.004698
13292    0.009470
13351    0.002222
13367    0.006656
13434    0.002580
13491    0.004479
13492    0.004584
13501    0.004812
13511    0.008532
13514    0.006225
13547    0.005416
13706    0.007594
13776    0.009470
13899    0.007602
13901    0.034129
13910    0.005205
13921    0.004659
13931    0.007984
13939    0.002783
14065    0.001119
14100    0.008532
14131    0.004513
14314    0.003999
14316    0.003097
14340    0.007602
14343    0.003907
14360    0.007046
14406    0.005746
14408    0.011118
14430    0.003702
14439    0.015964
14485    0.003491
14508    0.009470
14536    0.012293
14537    0.002663
14539    0.004204
14545    0.007984
14603    0.006497
14607    0.003212
14629    0.005486
14742    0.000967
14745    0.002172
14944    0.003843
14971    0.006225
14976    0.008532
15009    0.004698
15017    0.006656
15130    0.005486
15140    0.005188
15147    0.005288
15204    0.006294
15209    0.010021
15210    0.010099
15247    0.008532
15252    0.009470
15259    0.009470
15262    0.009470
15265    0.007984
15271    0.006982
15275    0.007594
15276    0.008532
15277    0.018940
15334    0.004548
15437    0.017065
15466    0.006674
15497    0.003173
15556    0.004072
15717    0.007594
15797    0.007046
15820    0.003280
15821    0.004098
15874    0.004479
15928    0.006616
15931    0.011342
16094    0.003541
16237    0.002603
16241    0.008046
16265    0.004548
16311    0.007984
16351    0.008532
16353    0.004260
16409    0.004739
16432    0.003664
16465    0.009470
16501    0.002783
16509    0.003266
16575    0.004150
16585    0.002753
16623    0.007594
16724    0.003294
16732    0.002356
16767    0.005486
16791    0.004381
16890    0.004350
16907    0.002637
16923    0.010513
16944    0.002553
16984    0.007984
17025    0.027668
17027    0.015735
17029    0.008353
17032    0.005227
17101    0.003491
17108    0.003646
17117    0.004629
17216    0.023998
17332    0.007594
17372    0.004659
17407    0.003049
17688    0.006354
17689    0.005350
17730    0.009470
17755    0.005061
17808    0.005288
17811    0.004232
17830    0.003322
17831    0.009470
17905    0.007046
17982    0.006354
18082    0.004048
18116    0.005559
18132    0.007292
18158    0.003541
18167    0.001457
18303    0.007984
18369    0.015189
18435    0.006703
18451    0.009478
18550    0.006354
18652    0.002458
18676    0.009470
18690    0.005115
18807    0.004914
18888    0.003173
18972    0.004823
19226    0.002248
19249    0.007594
19262    0.003212
19274    0.005061
19278    0.001699
19327    0.002235
19366    0.001316
19384    0.007594
19426    0.001860
19443    0.006497
19461    0.007046
19578    0.006108
19715    0.006225
19757    0.004698
19772    0.003225
19773    0.002377
19817    0.003702
19820    0.003199
19844    0.000886
19889    0.007984
19894    0.004914
20038    0.006497
20062    0.007594
20142    0.008532
20203    0.007046
20227    0.006656
20274    0.006588
20275    0.002321
20301    0.006656
20599    0.009470
20620    0.008468
20625    0.005486
20626    0.003885
20648    0.007443
20713    0.002561
20724    0.009470
20734    0.006225
20756    0.007594
20768    0.002228
20803    0.005639
20807    0.004072
20841    0.007491
20844    0.001977
20848    0.002458
20859    0.004868
20894    0.002611
20927    0.002294
20952    0.007984
20978    0.004350
20983    0.005917
21012    0.005899
21033    0.006108
21052    0.005718
21053    0.009470
21068    0.008532
21087    0.002755
21115    0.004444
21118    0.003664
21150    0.003240
21154    0.006354
21243    0.004295
21266    0.002561
21279    0.003396
