381
88    0.009998
219    0.003603
253    0.011698
552    0.004901
702    0.009663
1138    0.008712
1184    0.003843
1227    0.025968
1240    0.008235
1245    0.004974
1260    0.006870
1262    0.005327
1440    0.005451
1456    0.005922
1614    0.005419
1680    0.005483
1691    0.004133
1699    0.003083
1759    0.007249
1769    0.012984
1862    0.002646
1918    0.005451
1919    0.004555
1926    0.006336
1940    0.004440
1983    0.012984
1984    0.010412
1985    0.012984
2047    0.003688
2084    0.013606
2129    0.010412
2211    0.014853
2225    0.008226
2292    0.005268
2301    0.010946
2380    0.005881
2383    0.009374
2396    0.003500
2446    0.012984
2462    0.011698
2688    0.004535
2710    0.004809
2744    0.017389
2745    0.003856
2754    0.009660
2819    0.004118
2962    0.011698
2967    0.010412
3021    0.011698
3063    0.010412
3126    0.006388
3341    0.008330
3525    0.011698
3563    0.004087
3583    0.002847
3632    0.005327
3671    0.014025
3694    0.007728
3732    0.005726
3743    0.015534
3760    0.020825
3892    0.007840
3943    0.005764
3961    0.009660
4023    0.003240
4026    0.006006
4168    0.036567
4212    0.032838
4258    0.003603
4289    0.006870
4364    0.012984
4463    0.005549
4496    0.007960
4620    0.006870
4636    0.006006
4690    0.006497
4697    0.004764
4739    0.016451
4777    0.005156
4890    0.008088
4910    0.008374
4926    0.004720
5075    0.002259
5112    0.007521
5130    0.008535
5179    0.006613
5209    0.006388
5211    0.005764
5212    0.008994
5334    0.010412
5350    0.010946
5351    0.009998
5408    0.020022
5440    0.005050
5495    0.002491
5532    0.003250
5548    0.005802
5769    0.003664
5856    0.004165
5991    0.004764
6099    0.009374
6201    0.011698
6365    0.004280
6429    0.005240
6604    0.009998
6705    0.004404
6738    0.005240
6812    0.011698
6815    0.012984
6888    0.008088
6908    0.003211
6940    0.019663
6982    0.011698
7000    0.006442
7087    0.010715
7088    0.005922
7090    0.040812
7117    0.005802
7168    0.002584
7180    0.006140
7181    0.004332
7188    0.004595
7189    0.007521
7194    0.004925
7196    0.007622
7351    0.004478
7446    0.007960
7514    0.020406
7595    0.004214
7600    0.011682
7605    0.009126
7619    0.008143
7726    0.006737
7728    0.012984
7833    0.003329
8019    0.003127
8078    0.002611
8087    0.008535
8223    0.005726
8252    0.007960
8254    0.007521
8269    0.005881
8270    0.070860
8367    0.008374
8395    0.005841
8476    0.004149
8548    0.010412
8581    0.002879
8594    0.004999
8596    0.003445
8601    0.006095
8781    0.007994
8783    0.004280
8785    0.008226
8786    0.005802
8787    0.007840
9137    0.006737
9193    0.006737
9209    0.005921
9231    0.007336
9280    0.005963
9411    0.002465
9518    0.005525
9527    0.017071
9631    0.004949
9664    0.008700
9676    0.012984
9803    0.007249
9908    0.008908
9966    0.009126
9980    0.005451
10096    0.006235
10156    0.008374
10226    0.009660
10291    0.007840
10295    0.007728
10334    0.007553
10336    0.008088
10338    0.018565
10408    0.007426
10445    0.005516
10466    0.010412
10495    0.006050
10605    0.003897
10714    0.004497
10837    0.002043
10892    0.005806
10897    0.003790
11087    0.004535
11146    0.012997
11178    0.004720
11183    0.004999
11184    0.018018
11320    0.007840
11355    0.002523
11358    0.004385
11434    0.003568
11444    0.004595
11528    0.004298
11530    0.006235
11531    0.004385
11683    0.002446
11707    0.010412
11729    0.004264
11737    0.009374
11750    0.003478
11810    0.007012
11841    0.002143
11917    0.038953
11958    0.005240
11961    0.008088
11969    0.010412
12004    0.007728
12005    0.005223
12048    0.004999
12064    0.005156
12110    0.003511
12122    0.003259
12191    0.012884
12245    0.003423
12273    0.008173
12411    0.007728
12420    0.008226
12432    0.008374
12434    0.007249
12519    0.003100
12535    0.008908
12735    0.006336
12749    0.007336
12786    0.012984
12853    0.004133
12882    0.012984
12999    0.002137
13096    0.006336
13179    0.009663
13211    0.009126
13228    0.004165
13352    0.003925
13353    0.020097
13357    0.019998
13434    0.004716
13514    0.017071
13580    0.009491
13705    0.010412
13897    0.006095
13917    0.008712
13964    0.005549
13978    0.010412
14024    0.023397
14065    0.006136
14332    0.018748
14368    0.010412
14406    0.003939
14425    0.009165
14536    0.005618
14538    0.005298
14539    0.005764
14616    0.012984
14634    0.012984
14815    0.007822
15063    0.007426
15081    0.004636
15130    0.007521
15131    0.017071
15140    0.003557
15209    0.006870
15216    0.004949
15382    0.007426
15391    0.009374
15555    0.008956
15781    0.008535
15783    0.017291
15818    0.007907
15820    0.004497
15906    0.004478
15907    0.007822
15908    0.013604
15912    0.006700
15937    0.009374
16061    0.007728
16284    0.007167
16301    0.008088
16314    0.009126
16315    0.010946
16317    0.011099
16351    0.011698
16430    0.007840
16585    0.006038
16729    0.008464
16732    0.003230
16748    0.011698
16811    0.011698
16815    0.007249
16849    0.010946
16880    0.004459
16885    0.005963
16907    0.003615
16949    0.020609
16957    0.021892
16958    0.005516
16959    0.003911
17059    0.006187
17105    0.007528
17108    0.004999
17117    0.003173
17129    0.019768
17144    0.002928
17209    0.007960
17429    0.009998
17436    0.016451
17484    0.002164
17662    0.011698
17817    0.006050
17830    0.004555
17870    0.004056
17931    0.005963
18005    0.003309
18017    0.006497
18033    0.012984
18039    0.010946
18040    0.011698
18109    0.010412
18167    0.007992
18182    0.002003
18186    0.004878
18187    0.008908
18282    0.002013
18331    0.011307
18400    0.009660
18483    0.012984
18536    0.008535
18661    0.010412
18704    0.012984
18725    0.005240
18726    0.004949
18841    0.005024
18962    0.006095
19074    0.012984
19106    0.005764
19151    0.045355
19261    0.003884
19262    0.008807
19266    0.003764
19278    0.002329
19366    0.001805
19383    0.006006
19386    0.038639
19387    0.012984
19416    0.004422
19460    0.003012
19462    0.007840
19543    0.004595
19580    0.007426
19715    0.017071
19817    0.005076
19844    0.006073
19875    0.010946
19894    0.006737
19954    0.021892
20079    0.012984
20115    0.009660
20246    0.009374
20260    0.002208
20289    0.007167
20291    0.019997
20339    0.015043
20366    0.007249
20460    0.004615
20534    0.004332
20535    0.006674
20690    0.012984
20713    0.007023
20782    0.007088
20824    0.005240
20844    0.002711
20848    0.010112
20910    0.005764
21147    0.006940
21150    0.001481
21191    0.005841
21266    0.007023
