210
147    0.007851
246    0.009212
268    0.024066
288    0.010663
331    0.024066
370    0.010721
457    0.021677
464    0.015680
610    0.010083
616    0.029489
773    0.010663
778    0.017560
852    0.028553
853    0.054921
855    0.048395
857    0.050152
858    0.011631
920    0.011705
923    0.013860
924    0.027460
979    0.017560
1017    0.013994
1097    0.008949
1446    0.015474
1603    0.010721
1699    0.003172
1707    0.009846
1715    0.015898
1736    0.019873
1741    0.010012
1774    0.024066
1805    0.017923
1862    0.005444
1920    0.021421
1949    0.008949
1956    0.018775
2096    0.015898
2277    0.005607
2292    0.010838
2334    0.010442
2432    0.004613
2675    0.022297
2676    0.013605
2678    0.013252
2684    0.008985
2760    0.021421
2920    0.011780
2968    0.012538
3013    0.012828
3688    0.012268
3790    0.010551
3897    0.011858
3945    0.020569
4171    0.019285
4207    0.014744
4260    0.009666
4265    0.013860
4351    0.016129
4458    0.016376
4762    0.014132
4921    0.021421
5093    0.011022
5260    0.010838
5455    0.022519
5615    0.011348
5713    0.020569
5961    0.024066
6468    0.018775
6472    0.014744
6598    0.006891
6632    0.013366
6663    0.012828
6719    0.008985
6779    0.019873
6789    0.020569
6790    0.014276
6988    0.024066
7311    0.014914
7486    0.009666
7644    0.012828
7689    0.024066
7736    0.015701
7802    0.003541
7839    0.019873
7840    0.024066
7965    0.012268
8019    0.006432
8036    0.016922
8176    0.048133
8362    0.022696
8374    0.017923
8545    0.018326
8674    0.010898
8677    0.020569
9200    0.007270
9453    0.024066
9517    0.006231
9631    0.010182
9898    0.013605
10261    0.006685
10723    0.041579
10833    0.042841
11103    0.003030
11562    0.012729
11569    0.007587
11592    0.024066
11841    0.004408
11874    0.024066
11927    0.015474
11938    0.014582
11966    0.034460
11995    0.019873
12062    0.020569
12089    0.022519
12127    0.013252
12474    0.021421
12485    0.024066
12660    0.009623
12911    0.008601
12974    0.020265
13014    0.005874
13040    0.019285
13041    0.022519
13361    0.010959
13397    0.024066
13410    0.018775
13434    0.002426
13466    0.006249
13472    0.012268
13491    0.012632
13607    0.024066
13669    0.018775
13694    0.017560
13897    0.012538
13930    0.015278
14240    0.018326
14339    0.010284
14406    0.016208
14412    0.031990
14636    0.024066
15043    0.021421
15170    0.018775
15190    0.018775
15229    0.012183
15466    0.009412
15591    0.022833
15801    0.010838
15820    0.009251
15889    0.013994
16024    0.014276
16034    0.009987
16275    0.019873
16432    0.031008
16508    0.033844
16585    0.001553
16702    0.020569
16907    0.007438
16946    0.025859
17018    0.017227
17051    0.007823
17105    0.015486
17117    0.013055
17223    0.067556
17296    0.017560
17351    0.014914
17465    0.019285
17469    0.024066
17496    0.013142
17577    0.024066
17588    0.011705
17677    0.018326
17685    0.015680
18034    0.019285
18204    0.013730
18247    0.009892
18288    0.020569
18547    0.014582
18810    0.017923
18890    0.024066
19084    0.012729
19232    0.025128
19238    0.018326
19278    0.009584
19327    0.006303
19345    0.024066
19366    0.007425
19394    0.012930
19460    0.006196
19464    0.014924
19836    0.012446
19844    0.004997
19856    0.024066
19863    0.018775
20204    0.024066
20409    0.013034
20464    0.008018
20611    0.042841
20796    0.014426
20803    0.005302
20868    0.005890
20946    0.007200
20994    0.080407
21005    0.017071
21016    0.010132
21018    0.015278
21083    0.011149
21087    0.015539
21114    0.029828
21243    0.006057
21269    0.014276
