229
147    0.006902
246    0.008099
268    0.021159
288    0.009375
314    0.009802
331    0.021159
370    0.009426
457    0.019058
464    0.013786
610    0.008865
616    0.025926
686    0.009582
702    0.008738
773    0.009375
778    0.015438
852    0.050207
853    0.060358
855    0.042549
857    0.055116
858    0.020451
920    0.010291
923    0.012185
924    0.024143
979    0.015438
1017    0.012303
1097    0.007868
1211    0.023485
1446    0.013604
1603    0.009426
1699    0.002789
1707    0.008657
1715    0.013978
1736    0.017472
1741    0.008802
1774    0.021159
1805    0.015758
1862    0.004786
1920    0.018833
1949    0.007868
1956    0.016507
2096    0.013978
2277    0.004930
2292    0.009529
2334    0.009181
2432    0.004056
2675    0.029406
2676    0.011961
2678    0.011652
2684    0.007900
2760    0.018833
2920    0.010357
2968    0.011023
3013    0.011278
3568    0.019798
3688    0.010786
3790    0.009277
3897    0.010425
3945    0.018084
4171    0.016955
4207    0.012963
4260    0.008499
4265    0.012185
4351    0.014181
4458    0.014398
4762    0.012425
4921    0.018833
5043    0.003456
5093    0.009690
5260    0.009529
5455    0.019798
5615    0.009977
5713    0.018084
5961    0.021159
6468    0.016507
6472    0.012963
6598    0.006059
6632    0.011752
6663    0.011278
6719    0.007900
6779    0.017472
6789    0.018084
6790    0.012552
6807    0.019798
6988    0.021159
7311    0.013112
7486    0.008499
7644    0.011278
7689    0.021159
7736    0.013804
7802    0.006227
7839    0.017472
7840    0.021159
7965    0.010786
8019    0.005655
8036    0.014878
8131    0.010162
8176    0.042318
8362    0.019954
8374    0.015758
8545    0.016112
8674    0.009582
8677    0.018084
8769    0.013978
9200    0.006392
9336    0.022212
9453    0.021159
9517    0.005478
9631    0.008952
9898    0.011961
10261    0.005877
10495    0.010942
10723    0.048741
10833    0.037666
11103    0.005329
11108    0.016955
11562    0.011191
11569    0.006671
11592    0.021159
11841    0.003876
11874    0.021159
11927    0.013604
11928    0.011106
11938    0.012820
11966    0.040396
11995    0.034945
12062    0.018084
12084    0.009582
12089    0.019798
12127    0.011652
12365    0.017560
12474    0.018833
12485    0.021159
12660    0.008460
12911    0.007562
12974    0.017817
13014    0.005164
13040    0.016955
13041    0.019798
13361    0.009635
13397    0.021159
13410    0.016507
13434    0.002132
13466    0.005494
13472    0.010786
13491    0.011106
13607    0.021159
13669    0.016507
13694    0.015438
13897    0.011023
13930    0.013432
14240    0.016112
14339    0.009042
14406    0.014250
14412    0.037501
14636    0.021159
15043    0.018833
15170    0.016507
15190    0.016507
15229    0.010711
15466    0.008275
15591    0.020075
15801    0.009529
15820    0.008134
15889    0.012303
16024    0.012552
16034    0.008780
16275    0.017472
16432    0.036350
16508    0.029755
16585    0.001365
16702    0.018084
16899    0.014181
16907    0.006539
16946    0.022736
17018    0.015146
17051    0.006878
17105    0.013615
17117    0.011478
17223    0.059395
17296    0.015438
17351    0.013112
17422    0.023485
17465    0.016955
17469    0.021159
17496    0.011554
17577    0.021159
17588    0.010291
17677    0.016112
17685    0.013786
18034    0.016955
18204    0.012072
18247    0.008697
18288    0.018084
18547    0.012820
18784    0.011191
18810    0.015758
18890    0.021159
19084    0.011191
19232    0.022092
19238    0.016112
19278    0.012639
19327    0.005542
19345    0.021159
19366    0.006528
19394    0.011368
19460    0.005447
19464    0.013121
19467    0.013978
19836    0.010942
19844    0.004393
19856    0.021159
19863    0.016507
20204    0.021159
20409    0.011460
20464    0.007049
20611    0.037666
20796    0.012683
20803    0.004661
20868    0.005178
20946    0.006331
20994    0.080793
21005    0.015009
21016    0.008908
21018    0.013432
21083    0.009802
21087    0.013662
21114    0.026225
21243    0.005325
21269    0.012552
