61
702    0.040062
1349    0.067068
1451    0.025628
1689    0.034274
1762    0.027608
1873    0.056964
2327    0.107669
2734    0.082909
2857    0.041043
4301    0.048112
4450    0.029210
7536    0.107669
8530    0.077732
8674    0.043929
8711    0.037289
8868    0.064081
8918    0.035637
9129    0.063202
9336    0.050917
9517    0.025116
9798    0.030178
9944    0.048767
10491    0.045741
10723    0.055865
10776    0.070779
10892    0.048147
11109    0.080104
11841    0.017769
11928    0.050917
11938    0.058776
11966    0.046300
12084    0.043929
12365    0.040254
12928    0.039321
13152    0.062370
13451    0.047795
13466    0.025188
13757    0.072245
14240    0.073866
14343    0.044425
15184    0.107669
15997    0.064081
16237    0.029590
16432    0.041662
16907    0.029979
17051    0.031535
17521    0.056964
17640    0.097006
18018    0.055865
18282    0.016692
19226    0.051107
19278    0.019315
19529    0.049105
20409    0.052538
20868    0.023741
20994    0.046300
21005    0.034405
21020    0.060831
21087    0.062636
21243    0.048827
21266    0.029116
