172
115    0.023278
454    0.027232
460    0.022098
477    0.018272
481    0.023000
689    0.027492
773    0.010871
780    0.017901
857    0.012782
858    0.023714
924    0.013997
1326    0.015204
1346    0.013078
1699    0.003233
1712    0.009595
1839    0.015385
1843    0.020969
1918    0.011432
2334    0.053226
2618    0.015985
2806    0.019190
3430    0.024534
3568    0.022957
3659    0.013626
3900    0.038281
4446    0.038281
4448    0.017563
5485    0.012507
5626    0.011569
5646    0.014554
5975    0.016704
5988    0.011049
6036    0.013288
6330    0.018682
6401    0.111895
6460    0.027739
6462    0.016207
6734    0.011300
6807    0.022957
6918    0.021742
6937    0.014707
6984    0.008116
7072    0.027232
7255    0.020260
7531    0.007069
7710    0.019140
7736    0.016007
7802    0.010830
7833    0.006983
8116    0.011812
8127    0.018272
8335    0.027232
8417    0.009123
8568    0.006072
8674    0.022221
8711    0.009431
9106    0.013746
9336    0.090146
9338    0.027232
9432    0.017251
10096    0.013078
10383    0.024534
10542    0.019140
10545    0.012597
10946    0.015204
11103    0.006179
11355    0.010585
11383    0.012782
11413    0.016207
11566    0.012688
11567    0.011857
11928    0.012878
11929    0.027232
11938    0.014866
11966    0.011710
12084    0.022221
12085    0.009471
12098    0.014266
12526    0.041239
12684    0.005732
12987    0.007817
13409    0.019140
13466    0.031852
13471    0.021837
13546    0.039320
13590    0.018272
13670    0.017901
13871    0.013078
13906    0.013398
13907    0.019660
13908    0.020969
14240    0.018682
14339    0.031453
14340    0.010929
14342    0.015204
14343    0.011236
14617    0.016207
14900    0.017901
15029    0.014866
15030    0.017563
15278    0.018272
15384    0.038281
15385    0.020260
15386    0.019140
15440    0.065512
15556    0.011710
15697    0.014707
15745    0.027232
15860    0.027232
16018    0.027232
16224    0.049069
16259    0.012976
16432    0.042149
16532    0.012420
16585    0.011081
16907    0.015165
16912    0.040519
16945    0.013997
16946    0.013181
16947    0.024534
16948    0.022957
16988    0.083984
17080    0.013870
17269    0.016207
17355    0.017251
17420    0.027232
17500    0.070251
17521    0.014407
17588    0.011933
17591    0.018272
17811    0.012169
17916    0.009945
18396    0.016694
18452    0.014407
18458    0.136158
18531    0.024534
18552    0.024534
18793    0.016443
18989    0.022957
18992    0.011857
19212    0.044442
19213    0.013510
19226    0.006463
19278    0.009770
19297    0.027232
19314    0.014866
19327    0.006426
19366    0.011354
19394    0.013181
19397    0.014554
19398    0.024534
19416    0.009274
19464    0.007607
19518    0.013746
19530    0.015575
19728    0.017901
19844    0.005094
20043    0.017251
20045    0.021837
20166    0.017563
20409    0.013288
20771    0.023278
20868    0.006005
20994    0.023420
21003    0.015031
21005    0.008702
21019    0.021859
21086    0.025564
21087    0.023763
21129    0.006140
21243    0.006175
21247    0.003948
