439
246    0.003783
247    0.009883
288    0.004379
450    0.004902
455    0.003675
484    0.007526
831    0.007710
835    0.007919
972    0.008797
1066    0.005988
1116    0.004776
1171    0.008797
1184    0.003246
1224    0.007919
1242    0.003934
1260    0.005804
1271    0.006949
1278    0.004902
1279    0.006624
1309    0.003602
1364    0.004660
1382    0.005149
1436    0.003952
1458    0.005003
1477    0.003952
1480    0.005111
1599    0.014422
1604    0.005003
1677    0.004476
1686    0.005397
1698    0.005952
1699    0.002605
1824    0.005804
1862    0.002236
1889    0.006274
1949    0.007350
2093    0.009843
2248    0.005692
2345    0.005188
2352    0.006055
2382    0.007710
2432    0.001894
2450    0.005988
2496    0.013666
2497    0.006725
2706    0.003054
2710    0.004062
2723    0.003064
2737    0.011301
2739    0.006833
2744    0.002938
2754    0.008161
2792    0.005924
2844    0.009247
2909    0.005149
2931    0.006725
2934    0.006439
2987    0.006529
3082    0.009883
3116    0.007526
3149    0.009247
3309    0.004660
3318    0.006354
3326    0.003899
3358    0.007360
3396    0.003675
3567    0.002581
3571    0.004043
3583    0.002405
3647    0.006190
3726    0.003832
3732    0.004838
3739    0.009883
3825    0.006439
3826    0.006624
3842    0.003560
3903    0.004141
3955    0.009247
4023    0.002737
4047    0.008161
4055    0.005537
4135    0.004632
4137    0.005345
4143    0.006725
4146    0.009883
4150    0.004746
4195    0.002957
4236    0.008447
4258    0.003044
4319    0.005442
4325    0.007360
4450    0.005952
4501    0.004181
4576    0.005489
4589    0.008797
4621    0.006197
4643    0.013898
4689    0.005924
4697    0.004025
4704    0.007075
4723    0.008797
4724    0.006529
4777    0.004356
4790    0.007919
4810    0.004605
4811    0.004746
4889    0.006949
4899    0.003246
4904    0.006197
4916    0.007526
5043    0.006456
5072    0.006529
5075    0.005726
5096    0.008623
5131    0.007360
5167    0.009883
5211    0.004869
5212    0.003799
5214    0.006624
5220    0.014151
5239    0.006624
5240    0.009247
5495    0.006313
5549    0.004776
5578    0.004161
5614    0.003767
5719    0.006232
5856    0.003519
5879    0.008489
5925    0.006055
6006    0.009883
6192    0.006833
6421    0.006354
6438    0.008161
6560    0.007919
6598    0.002830
6621    0.008797
6655    0.004245
6758    0.002392
6761    0.006010
6762    0.004245
6908    0.002713
6918    0.004379
7053    0.005074
7097    0.004223
7129    0.011174
7134    0.007919
7141    0.009803
7142    0.009613
7168    0.002183
7178    0.004605
7366    0.007710
7393    0.004902
7482    0.006949
7524    0.003137
7667    0.009883
7786    0.009883
7802    0.002908
8007    0.007075
8019    0.005283
8040    0.005557
8069    0.005988
8078    0.004412
8116    0.004758
8200    0.008902
8218    0.015989
8219    0.005268
8233    0.004202
8323    0.003952
8342    0.005442
8407    0.004746
8505    0.004403
8630    0.003769
8638    0.004552
8655    0.008161
8684    0.007075
8711    0.003799
8756    0.006949
8899    0.005489
8951    0.008797
9209    0.005003
9210    0.004101
9282    0.006562
9361    0.003865
9440    0.009247
9459    0.005188
9466    0.007919
9470    0.008161
9533    0.003414
9631    0.004181
9664    0.003675
9739    0.005397
9768    0.005863
9872    0.006949
9873    0.006828
9877    0.007211
9878    0.012395
9883    0.006529
9919    0.006274
9979    0.005804
9991    0.005188
9999    0.016915
10175    0.004266
10186    0.005489
10219    0.007710
10221    0.007211
10261    0.005491
10341    0.005804
10350    0.006624
10407    0.008797
10408    0.006274
10442    0.025096
10472    0.008161
10610    0.005353
10837    0.001726
10932    0.009869
10942    0.062985
10943    0.005227
11103    0.007467
11117    0.002721
11130    0.005397
11146    0.003660
11180    0.004919
11181    0.006069
11213    0.003492
11218    0.009387
11225    0.004578
11283    0.004379
11334    0.006632
11340    0.005310
11355    0.002132
11434    0.003015
11503    0.002559
11527    0.005863
11566    0.005111
11569    0.003116
11684    0.005111
11744    0.003281
11890    0.006274
11897    0.007211
12005    0.002206
12064    0.004356
12085    0.003815
12162    0.005149
12166    0.004082
12266    0.007360
12307    0.069639
12309    0.016249
12314    0.015051
12345    0.005990
12365    0.004101
12470    0.006949
12675    0.006778
12684    0.004618
12818    0.005003
12853    0.003492
12855    0.002537
12864    0.010242
12867    0.005038
12916    0.006725
12978    0.004717
12987    0.007873
12999    0.003612
13145    0.010298
13146    0.010969
13185    0.006439
13246    0.006949
13252    0.007710
13319    0.003574
13345    0.008447
13347    0.005074
13348    0.008951
13355    0.002552
13357    0.001536
13434    0.000996
13495    0.006197
13591    0.005268
13670    0.007211
13877    0.018420
13909    0.004333
13910    0.006029
13997    0.007526
14014    0.005397
14065    0.002592
14339    0.004223
14340    0.004403
14343    0.004526
14354    0.006833
14358    0.005638
14359    0.005268
14439    0.013208
14519    0.007075
14536    0.004746
14538    0.004476
14562    0.007919
14604    0.009387
14607    0.007441
14742    0.005599
14743    0.019063
14745    0.005031
14754    0.004379
14796    0.007010
14865    0.004245
14874    0.003952
14903    0.005537
14942    0.006354
14952    0.005188
14958    0.010969
15003    0.006055
15016    0.004526
15019    0.009265
15108    0.008797
15142    0.004288
15147    0.006125
15312    0.008161
15360    0.009883
15466    0.003865
15478    0.005353
15488    0.004223
15569    0.008447
15710    0.009265
15755    0.008447
15769    0.018495
15818    0.003340
15821    0.009493
15849    0.005227
15850    0.007075
15907    0.003304
15910    0.003970
16034    0.004101
16116    0.003258
16119    0.005489
16279    0.005692
16309    0.007526
16371    0.013735
16484    0.005863
16527    0.007350
16529    0.006253
16585    0.006377
16657    0.024509
16668    0.005988
16705    0.005748
16729    0.001788
16766    0.004266
16923    0.003044
16941    0.002050
16944    0.005914
16950    0.010536
16952    0.004632
16959    0.003304
17072    0.005747
17074    0.008202
17075    0.008532
17440    0.008161
17445    0.005038
17447    0.005353
17484    0.001829
17643    0.006778
17757    0.005397
17801    0.009883
17810    0.006624
17914    0.006439
17949    0.009493
17963    0.005692
18004    0.006197
18088    0.008161
18098    0.004379
18159    0.004202
18160    0.006055
18167    0.006752
18182    0.003384
18247    0.004062
18321    0.010969
18336    0.006125
18383    0.003414
18392    0.006725
18397    0.008161
18435    0.003882
18441    0.008161
18478    0.009883
18518    0.009883
18547    0.005988
18609    0.005537
18652    0.008543
18655    0.003505
18785    0.007211
18887    0.005038
18888    0.003675
18927    0.006949
19043    0.003034
19177    0.003147
19261    0.006562
19266    0.003180
19309    0.004310
19327    0.005177
19366    0.001525
19416    0.003736
19426    0.002154
19441    0.009883
19457    0.005442
19635    0.007360
19685    0.004082
19693    0.005747
19710    0.006833
19772    0.011207
19817    0.004288
20082    0.004717
20090    0.005583
20131    0.005804
20260    0.002798
20274    0.003815
20294    0.008447
20464    0.009878
20504    0.008797
20534    0.007320
20582    0.004121
20601    0.003799
20678    0.005863
20713    0.005933
20717    0.011182
20731    0.007526
20758    0.011493
20768    0.002581
20803    0.002177
20807    0.004717
20868    0.002419
20901    0.003402
20902    0.010849
20986    0.006354
21016    0.004161
21039    0.005863
21055    0.008797
21115    0.002574
21129    0.002473
21150    0.002502
21247    0.004771
21306    0.017241
21307    0.014295
21310    0.008902
