52
103    0.042725
464    0.076077
696    0.088913
857    0.060832
858    0.056431
1018    0.093567
1873    0.068568
2675    0.054092
2676    0.132019
4258    0.035968
4301    0.057913
4871    0.054092
5096    0.033958
6342    0.103930
7181    0.043242
7531    0.033643
7833    0.033232
8116    0.028109
8674    0.052877
8714    0.077135
8729    0.074126
8868    0.077135
9129    0.076077
9517    0.030232
10445    0.055058
10491    0.055058
10776    0.085197
10965    0.078258
10966    0.129602
11103    0.014703
12042    0.058303
12928    0.047331
12983    0.037698
13228    0.041573
13434    0.011768
14341    0.058701
14857    0.053475
16519    0.207860
16945    0.066617
17588    0.056790
17814    0.042222
17922    0.046068
18018    0.067245
18097    0.082103
19084    0.061758
19177    0.037187
19226    0.030759
19278    0.023250
19370    0.041256
19464    0.036205
20464    0.038901
21129    0.029222
