259
215    0.021208
219    0.005886
272    0.017878
415    0.013210
435    0.013210
447    0.009414
666    0.009064
799    0.012449
851    0.009353
929    0.014549
964    0.021208
990    0.013678
996    0.017007
1357    0.021208
1451    0.005048
1458    0.009672
1466    0.009176
1608    0.016331
1689    0.013502
1741    0.003974
1862    0.004322
2047    0.006024
2183    0.021208
2268    0.013435
2432    0.003662
2654    0.021208
2684    0.007134
2806    0.007472
2849    0.021208
2908    0.038214
2988    0.011841
3084    0.011453
3341    0.013606
3416    0.015778
3451    0.008045
3484    0.012622
3567    0.004990
3592    0.011577
3638    0.017878
3647    0.011967
3745    0.018706
3783    0.015311
3790    0.008377
3821    0.012806
3842    0.006882
3850    0.007781
3854    0.012285
3861    0.010348
3970    0.119047
4027    0.017007
4141    0.009010
4195    0.005717
4389    0.011110
4390    0.008466
4450    0.005753
4505    0.010348
4708    0.014906
4729    0.006909
4899    0.006277
4901    0.011453
5074    0.007048
5075    0.007380
5079    0.006936
5143    0.017878
5439    0.011220
5495    0.008136
5532    0.005308
5563    0.008512
5628    0.006065
5641    0.017878
5743    0.021208
5959    0.019107
5977    0.011470
6085    0.008377
6132    0.013941
6136    0.019107
6465    0.013435
6483    0.021208
6613    0.006964
6618    0.029099
6644    0.012130
6655    0.008206
6663    0.010185
6738    0.034232
6984    0.006321
7001    0.013941
7125    0.021208
7168    0.008441
7191    0.014230
7456    0.007163
7500    0.061244
7523    0.008165
7524    0.006065
7579    0.013210
7632    0.009954
7677    0.015778
8058    0.015311
8078    0.004265
8107    0.004850
8417    0.007105
8500    0.004663
8533    0.007019
8535    0.012285
8573    0.010434
8576    0.019107
8581    0.004702
8731    0.021208
8781    0.006528
8783    0.006991
8785    0.013435
8820    0.014549
8821    0.042690
8862    0.010522
8955    0.021208
8984    0.008333
9023    0.007967
9045    0.017007
9167    0.016331
9209    0.004836
9364    0.007105
9411    0.004026
9418    0.011841
9429    0.021208
9644    0.008903
9677    0.021208
9947    0.004947
10354    0.007572
10662    0.012622
10837    0.010012
10838    0.013678
10840    0.007222
10897    0.006190
11004    0.021208
11087    0.014816
11093    0.008005
11103    0.002406
11112    0.005886
11180    0.004755
11218    0.009074
11220    0.012130
11334    0.019234
11386    0.007193
11387    0.013001
11569    0.006024
11683    0.003995
11744    0.012686
11840    0.017007
11947    0.010522
12005    0.004265
12187    0.021208
12273    0.006675
12283    0.004176
12300    0.005438
12358    0.013210
12456    0.017878
12534    0.021208
12642    0.011841
12730    0.021208
12810    0.021208
12864    0.006601
12876    0.011335
12911    0.006829
12987    0.003044
13014    0.004663
13145    0.009954
13231    0.010802
13347    0.009810
13388    0.008005
13543    0.027355
13570    0.016331
13671    0.017878
13785    0.021208
13886    0.010583
13897    0.009954
13899    0.008512
13939    0.012466
14012    0.008333
14065    0.015033
14077    0.017878
14101    0.017878
14308    0.014906
14439    0.020428
14441    0.012622
14485    0.007817
14604    0.004537
14625    0.038214
14651    0.021208
14914    0.017878
14997    0.009672
15140    0.005809
15160    0.007606
15335    0.012622
15688    0.015778
15713    0.009810
15807    0.022440
15982    0.014230
15983    0.008290
15994    0.017007
15995    0.019107
16136    0.013435
16240    0.021208
16241    0.009010
16333    0.010522
16378    0.015311
16384    0.016331
16408    0.133750
16424    0.019107
16501    0.006233
16585    0.006164
16628    0.038423
16629    0.012285
16630    0.056920
16692    0.011004
16705    0.005557
16706    0.010901
16724    0.007376
16734    0.004254
16944    0.005717
17144    0.009563
17145    0.012130
17433    0.013435
17445    0.009740
17496    0.010434
17526    0.015778
17669    0.010066
17994    0.011982
18041    0.012806
18068    0.012130
18158    0.007929
18586    0.019107
18619    0.005455
19069    0.021208
19085    0.010185
19089    0.014549
19095    0.011220
19228    0.011577
19261    0.006343
19266    0.006148
19277    0.009540
19309    0.008333
19410    0.007847
19448    0.012806
19820    0.007163
19997    0.009672
20251    0.008701
20260    0.001803
20332    0.017878
20534    0.014152
20620    0.006321
20717    0.032429
20730    0.021208
20758    0.011110
20775    0.021208
20964    0.006481
21090    0.014906
21115    0.009951
21166    0.019107
21243    0.004809
21247    0.006149
