169
1    0.017414
103    0.023908
333    0.009075
791    0.036262
1069    0.017020
1072    0.017552
1157    0.012889
1262    0.014878
1327    0.032670
1422    0.022588
1689    0.011543
1691    0.011543
2277    0.022835
2278    0.014713
2396    0.009775
2617    0.019380
2644    0.015789
2872    0.016313
2933    0.018815
2947    0.026126
3011    0.023837
3029    0.015992
3053    0.015313
3113    0.026978
3278    0.021582
3567    0.008532
3586    0.024877
3665    0.019380
3675    0.015223
3705    0.029079
3819    0.032670
4380    0.013912
5079    0.011860
5115    0.017840
5202    0.023353
5205    0.024331
5461    0.032670
5500    0.029079
5521    0.015690
5544    0.016313
5573    0.034041
5869    0.020016
5975    0.011122
5977    0.009806
6376    0.018639
6487    0.021896
6771    0.036262
6978    0.023387
7168    0.007216
7325    0.016097
7330    0.010846
7355    0.021896
7377    0.020327
7409    0.030569
7486    0.013122
7636    0.014962
7650    0.013557
7736    0.010657
7930    0.018815
8233    0.013891
8375    0.021896
8505    0.014554
8573    0.035680
8581    0.008040
8594    0.013961
8848    0.021006
8922    0.036262
9242    0.017694
9364    0.012148
9398    0.011370
9411    0.006884
9517    0.008459
10605    0.021769
10837    0.011413
10846    0.012148
10892    0.008108
11013    0.027923
11103    0.004114
11168    0.026179
11334    0.010962
11355    0.007047
11576    0.045944
11622    0.020740
11636    0.023387
11661    0.034828
11673    0.020487
11750    0.009713
11782    0.008994
12040    0.029079
12042    0.016313
12085    0.012612
12132    0.022588
12505    0.013122
12508    0.018305
12573    0.026978
12617    0.036262
12889    0.008315
12894    0.016896
12999    0.005969
13311    0.015890
13320    0.013961
13434    0.006585
13470    0.016774
13519    0.024877
13647    0.009621
13886    0.009048
13924    0.036262
13925    0.036262
14063    0.011286
14233    0.019795
14290    0.029079
14330    0.032670
15006    0.018305
15103    0.020016
15308    0.032670
15497    0.012148
15591    0.015498
15833    0.030569
15906    0.012505
16509    0.012505
16592    0.031201
16734    0.007274
16871    0.025487
16959    0.010923
17037    0.011456
17185    0.022588
17281    0.030592
17288    0.022972
17292    0.022826
17303    0.019795
17347    0.015047
17372    0.017840
17376    0.036262
17407    0.023353
17526    0.026978
17834    0.036262
17868    0.014476
17954    0.027923
18133    0.015890
18159    0.013891
18167    0.005580
18190    0.016655
18223    0.018996
18256    0.017990
18282    0.016865
18670    0.012612
18848    0.023387
18882    0.007822
19128    0.013243
19261    0.010846
19262    0.012298
19410    0.006708
19503    0.015690
19586    0.023387
19842    0.036262
20014    0.036262
20120    0.036262
20275    0.008888
20282    0.007930
20283    0.036262
20465    0.018145
20642    0.018639
20700    0.019380
20705    0.030569
20909    0.048662
20956    0.014399
21015    0.036262
21150    0.004135
21219    0.036262
