240
1    0.010341
17    0.017268
115    0.018407
226    0.019401
260    0.021534
288    0.008596
447    0.009559
469    0.006702
621    0.007555
916    0.021534
1008    0.016582
1031    0.021534
1097    0.007214
1116    0.009376
1163    0.010183
1240    0.013658
1477    0.007757
1514    0.009622
1691    0.006855
1692    0.010261
1707    0.015875
1853    0.012816
1862    0.004389
2047    0.006117
2048    0.008643
2051    0.013003
2121    0.016582
2195    0.021534
2299    0.016582
2432    0.003719
2546    0.015136
2644    0.009376
2668    0.018154
2688    0.007522
2706    0.011992
2860    0.015136
2872    0.019375
2985    0.011173
3279    0.019401
3341    0.013815
3371    0.013642
3377    0.014773
3451    0.008168
3469    0.013888
3470    0.014449
3567    0.005067
3592    0.011755
3647    0.006076
3745    0.009497
3790    0.008506
3886    0.009821
4130    0.009890
4141    0.009148
4236    0.016582
4271    0.011393
4354    0.104667
4356    0.021534
4390    0.017193
4421    0.019401
4450    0.005842
4456    0.008835
4487    0.014449
4871    0.008988
4894    0.013888
4899    0.006373
5047    0.010033
5075    0.007494
5079    0.049301
5170    0.023259
5217    0.010508
5244    0.021534
5330    0.019401
5352    0.007864
5414    0.007688
5415    0.007793
5501    0.004274
5515    0.005842
5865    0.019375
5916    0.011281
5924    0.010183
6050    0.007334
6085    0.008506
6191    0.021534
6333    0.017268
6613    0.014142
6655    0.008332
6663    0.010341
6705    0.007303
6738    0.034758
6907    0.013414
6908    0.005325
6918    0.017193
6926    0.012474
7100    0.043068
7117    0.009622
7168    0.017141
7181    0.007185
7286    0.010508
7325    0.009559
7524    0.006158
7696    0.026827
7753    0.011759
7895    0.011755
7932    0.013201
7962    0.012816
8040    0.005455
8159    0.010423
8581    0.009549
8630    0.003700
8712    0.011173
8812    0.011886
8918    0.007127
8943    0.013414
8945    0.018154
9039    0.013003
9073    0.021534
9209    0.009821
9325    0.018154
9364    0.014428
9411    0.004088
9418    0.012023
9424    0.046018
9818    0.016582
9947    0.005023
9950    0.030271
10027    0.026403
10060    0.013003
10261    0.005389
10341    0.011393
10495    0.010033
10592    0.019401
10593    0.022786
10837    0.003389
11007    0.010870
11063    0.013888
11089    0.010870
11093    0.008129
11103    0.002443
11440    0.021740
11444    0.007621
11445    0.034949
11569    0.006117
11712    0.015546
11747    0.008012
11753    0.010261
11757    0.007214
11841    0.007107
11845    0.021534
12084    0.008786
12249    0.021534
12300    0.005522
12305    0.021534
12522    0.007071
12642    0.036069
12643    0.017268
12645    0.016021
12836    0.011755
12911    0.006934
13154    0.008129
13357    0.003015
13434    0.001955
13552    0.014449
13580    0.005247
13647    0.011427
13871    0.010341
14065    0.005088
14073    0.029831
14224    0.011173
14305    0.009821
14325    0.017268
14719    0.011393
14742    0.002198
14787    0.013888
14874    0.007757
14891    0.036307
14892    0.016582
14952    0.010183
15160    0.038613
15378    0.012474
15530    0.013201
15591    0.009204
15604    0.009687
15688    0.016021
16137    0.021534
16202    0.012816
16299    0.020523
16302    0.010775
16334    0.021534
16409    0.010775
16430    0.013003
16585    0.002504
16628    0.048767
16629    0.012474
16630    0.043347
16632    0.013003
16649    0.017670
16706    0.011069
16910    0.019401
17051    0.012614
17117    0.005262
17144    0.009711
17164    0.021534
17484    0.007179
17531    0.006137
17597    0.021534
17660    0.018154
17669    0.005111
17867    0.033519
18034    0.015546
18182    0.013288
18282    0.003338
18333    0.013642
18454    0.013201
18536    0.014156
18670    0.007490
18717    0.007864
19085    0.010341
19234    0.016582
19266    0.006242
19327    0.005081
19569    0.011630
19572    0.011755
19640    0.008885
19741    0.010108
19773    0.005405
19793    0.019401
20090    0.014614
20281    0.007793
20333    0.021534
20507    0.012816
20713    0.005823
20717    0.010976
20796    0.011630
20868    0.004748
21027    0.021534
21094    0.009961
21115    0.005052
21120    0.020722
21243    0.004883
21266    0.005823
