207
191    0.010086
246    0.008620
288    0.009978
335    0.016431
461    0.019247
464    0.014672
466    0.024995
610    0.018870
616    0.013796
690    0.018596
696    0.017147
851    0.011023
852    0.026717
853    0.064238
855    0.022642
857    0.046928
858    0.043532
887    0.018045
924    0.012848
1018    0.018045
1021    0.014479
1712    0.008807
1919    0.008769
2095    0.021071
2334    0.009771
2447    0.015569
2499    0.013499
2675    0.031296
2678    0.024801
2819    0.007926
2909    0.011732
3029    0.011023
3568    0.021071
3818    0.018596
3842    0.008111
3897    0.011095
3905    0.013224
3959    0.017568
4192    0.024995
4223    0.049292
4258    0.013873
4260    0.009045
5086    0.012196
5096    0.006549
5251    0.020044
5485    0.091838
5486    0.019247
5495    0.004795
5615    0.010618
5626    0.010618
5670    0.015323
5803    0.016431
5988    0.010142
6330    0.017147
6345    0.015569
6372    0.005949
6622    0.016120
6623    0.022519
6784    0.040087
6790    0.013359
6807    0.021071
6971    0.018596
7071    0.017568
7168    0.004974
7188    0.008845
7325    0.011095
7330    0.007476
7531    0.012977
7540    0.042142
7609    0.024995
7700    0.021071
7736    0.014692
7744    0.009978
7802    0.009940
7822    0.018045
7833    0.006409
8101    0.010748
8131    0.021630
8218    0.006072
8305    0.022519
8362    0.031855
8363    0.028958
8530    0.018045
8568    0.005573
8581    0.005542
8596    0.006632
8622    0.007502
8729    0.014296
8736    0.021071
8753    0.020044
8779    0.016431
8868    0.014876
9006    0.020044
9027    0.024995
9336    0.011820
9368    0.033542
9392    0.012297
9533    0.007779
9798    0.028022
10426    0.024995
10445    0.021237
10542    0.017568
10844    0.028591
10965    0.015093
11010    0.019247
11103    0.005671
11178    0.009086
11271    0.008807
11355    0.004858
11383    0.011732
11447    0.042142
11503    0.005830
11531    0.008442
11569    0.014199
11570    0.007808
11683    0.004708
11782    0.006199
11786    0.012297
11841    0.004125
11848    0.013224
11927    0.014479
11928    0.011820
11966    0.075238
11968    0.038191
12089    0.021071
12127    0.012401
12203    0.021071
12245    0.006590
12365    0.009345
12660    0.009004
12796    0.024995
12928    0.009128
13017    0.024995
13234    0.021071
13394    0.017147
13434    0.004539
13466    0.005847
13491    0.011820
14173    0.024995
14275    0.037191
14339    0.009623
14340    0.020063
14341    0.011321
14406    0.007583
14412    0.009978
14604    0.005347
14780    0.012730
15090    0.021071
15137    0.014121
15170    0.017568
15273    0.018596
15344    0.009128
15466    0.008807
16432    0.009672
16436    0.026448
16519    0.020044
16579    0.013224
16585    0.004359
16831    0.019247
16907    0.006959
16914    0.018596
16946    0.024197
17080    0.012730
17101    0.027639
17117    0.006108
17122    0.012099
17223    0.021071
17351    0.013955
17409    0.042142
17410    0.024995
17468    0.021071
17896    0.024995
18452    0.026448
18469    0.018596
18847    0.021071
19046    0.009623
19055    0.020044
19243    0.021071
19278    0.008968
19288    0.017568
19290    0.024995
19327    0.011796
19366    0.006947
19370    0.007957
19412    0.014121
19467    0.029752
19518    0.025234
19529    0.011399
19741    0.011732
19844    0.007014
20409    0.012196
20464    0.015005
20736    0.024995
20803    0.004961
20868    0.005511
20994    0.021497
21005    0.007987
21016    0.009481
21020    0.014121
21085    0.009821
21087    0.007270
21229    0.024995
21243    0.005667
21247    0.003623
21290    0.009086
21293    0.018596
21296    0.012507
