35
1430    0.089953
1699    0.023743
1707    0.073705
1804    0.089352
2054    0.144360
2334    0.078167
3659    0.100057
3994    0.160349
4301    0.089352
5485    0.091838
7833    0.051272
8131    0.086521
8218    0.048577
9129    0.117375
9761    0.160349
10496    0.199957
10554    0.168568
10662    0.119008
10704    0.168568
10946    0.111642
11017    0.160349
11383    0.093855
11848    0.105791
12660    0.072034
13466    0.046778
14160    0.096026
15137    0.112971
16432    0.077373
16579    0.105791
16645    0.102780
17122    0.096788
17407    0.064388
18018    0.103749
20234    0.160349
20868    0.044091
