311
191    0.005717
219    0.007863
246    0.024429
267    0.012416
312    0.010909
314    0.005913
335    0.009313
354    0.009506
457    0.011496
460    0.011496
461    0.010909
464    0.008316
610    0.010696
616    0.015640
636    0.011943
689    0.007151
696    0.029158
774    0.010909
851    0.006248
852    0.015143
853    0.058256
855    0.051334
857    0.019949
858    0.061686
910    0.011943
923    0.022052
924    0.014564
978    0.005748
1017    0.007422
1038    0.012764
1272    0.005174
1346    0.006803
1349    0.017650
1363    0.010228
1430    0.050986
1431    0.009719
1680    0.005983
1699    0.003364
1712    0.004992
1741    0.002655
1804    0.006331
1808    0.009137
1839    0.008004
1862    0.008662
1916    0.008825
2054    0.010228
2334    0.005538
2336    0.010540
2396    0.003819
2432    0.002446
2499    0.007651
2558    0.015467
2675    0.065042
2678    0.007029
2734    0.021818
2909    0.006650
3064    0.012764
3238    0.020791
3260    0.010540
3298    0.006248
3326    0.005036
3327    0.006289
3501    0.007351
3659    0.007089
3706    0.007351
3792    0.008975
3818    0.010540
3897    0.018867
3994    0.056804
4086    0.012764
4223    0.009313
4323    0.012764
4505    0.006913
4541    0.008207
5096    0.011136
5261    0.012764
5372    0.008825
5439    0.007495
5485    0.013013
5487    0.006055
5549    0.006169
5615    0.006019
5626    0.012037
5646    0.015143
5856    0.004544
5975    0.004345
6077    0.010540
6351    0.008554
6372    0.006744
6401    0.008316
6445    0.012764
6596    0.007134
6605    0.010540
6632    0.007089
6705    0.004805
6784    0.011361
6790    0.007572
6851    0.014167
6862    0.012764
6908    0.003503
6926    0.008207
7077    0.007282
7297    0.010228
7331    0.010540
7402    0.008316
7478    0.010540
7540    0.011943
7631    0.005626
7644    0.006803
7650    0.015890
7666    0.009137
7754    0.006055
7769    0.008432
7802    0.007512
7807    0.011361
7824    0.008432
8068    0.005656
8107    0.003240
8116    0.009218
8131    0.018390
8133    0.010909
8155    0.011361
8218    0.003442
8339    0.012764
8362    0.036111
8363    0.008207
8417    0.004746
8497    0.011943
8500    0.006230
8581    0.003141
8590    0.011361
8622    0.008505
8674    0.005780
8991    0.008554
9037    0.009506
9168    0.022715
9226    0.023886
9256    0.010161
9499    0.008975
9517    0.013219
9534    0.008554
9761    0.011361
9774    0.022722
9798    0.003971
10105    0.008075
10428    0.010540
10445    0.012037
10545    0.006553
10583    0.009313
10662    0.016864
10691    0.009958
10721    0.011943
10752    0.011943
10820    0.010909
10844    0.008103
10846    0.004746
10946    0.007910
10953    0.012764
10963    0.011943
11103    0.001607
11183    0.010909
11286    0.009506
11355    0.005507
11383    0.006650
11434    0.003893
11447    0.011943
11498    0.014167
11503    0.003305
11562    0.006751
11567    0.006169
11570    0.004426
11757    0.004746
11848    0.007495
11910    0.012764
11923    0.012764
11927    0.016413
11966    0.018276
11968    0.028863
12084    0.005780
12085    0.009855
12087    0.009137
12127    0.007029
12203    0.011943
12204    0.012764
12259    0.009958
12365    0.005297
12412    0.009506
12526    0.007151
12684    0.002982
12928    0.005174
12976    0.009958
13014    0.012461
13031    0.009506
13070    0.006857
13234    0.011943
13381    0.008685
13434    0.003859
13466    0.013257
13906    0.006970
13916    0.012764
13939    0.004164
13964    0.006055
13983    0.007651
14001    0.012764
14160    0.006803
14217    0.008554
14275    0.010540
14341    0.006417
14343    0.005845
14345    0.026474
14406    0.004298
14412    0.005656
14804    0.038292
14865    0.005482
15030    0.009137
15081    0.005058
15082    0.009137
15085    0.010540
15170    0.009958
15192    0.008004
15278    0.009506
15282    0.017370
15309    0.007495
15468    0.005596
15591    0.006055
16094    0.005297
16120    0.007651
16237    0.007787
16277    0.011361
16332    0.012764
16432    0.010964
16456    0.012764
16508    0.008975
16532    0.006461
16540    0.012764
16579    0.007495
16585    0.007412
16645    0.080102
16666    0.009506
16714    0.008004
16778    0.011943
16827    0.011361
16907    0.007889
16945    0.029128
16946    0.006857
16959    0.004268
16988    0.007282
17101    0.010444
17102    0.010909
17117    0.017310
17122    0.034287
17141    0.014564
17468    0.011943
17529    0.005427
17531    0.008075
17588    0.006208
17591    0.009506
17635    0.008685
17637    0.008825
17677    0.009719
17893    0.019915
17899    0.008975
17966    0.005454
18282    0.002196
18328    0.009137
18374    0.008685
18631    0.012764
18800    0.011361
18847    0.011943
18888    0.004746
19021    0.010540
19147    0.009719
19177    0.004065
19225    0.004765
19232    0.004442
19278    0.005083
19346    0.019915
19366    0.001969
19370    0.004510
19389    0.007910
19397    0.007572
19412    0.008004
19503    0.006130
19530    0.008103
19583    0.017109
19587    0.009137
19772    0.004825
19836    0.006601
19844    0.006626
19863    0.009958
19892    0.012764
20260    0.003613
20343    0.009719
20540    0.005845
20609    0.018626
20713    0.003831
20716    0.005596
20771    0.006055
20803    0.002812
20844    0.005916
20894    0.007812
21005    0.004527
21016    0.016122
21018    0.008103
21019    0.005686
21086    0.006650
21087    0.012362
21122    0.004652
21150    0.003231
21299    0.016864
21300    0.012764
