83
103    0.046143
1345    0.039075
1430    0.031484
1699    0.008310
1707    0.025797
1839    0.039540
2054    0.050526
2260    0.063054
2334    0.027358
2806    0.024659
3501    0.036312
3659    0.035020
3994    0.056122
4301    0.062546
4572    0.052068
4574    0.042905
5485    0.032143
5646    0.037404
6365    0.023072
6372    0.016658
6498    0.056122
7188    0.024767
7631    0.027790
7633    0.048013
7802    0.009278
7989    0.024446
8131    0.030282
8218    0.017002
8500    0.015389
8568    0.015604
9129    0.082163
9256    0.025099
9761    0.056122
9798    0.019616
10545    0.032373
10554    0.117998
10662    0.041653
10704    0.117998
10723    0.036312
10892    0.015648
10946    0.039075
11017    0.056122
11128    0.063054
11360    0.063054
11383    0.032849
11750    0.018745
11848    0.037027
12042    0.062967
12522    0.091921
12660    0.025212
12684    0.014731
13462    0.030865
13466    0.016372
13692    0.069985
13775    0.035973
14139    0.046959
14339    0.080833
14342    0.039075
14345    0.043595
14835    0.140878
14900    0.046006
15344    0.025559
15474    0.041653
15681    0.069985
16432    0.027081
16579    0.037027
16645    0.035973
16907    0.019487
16945    0.035973
17122    0.033876
17407    0.022536
18016    0.063054
18018    0.072624
18882    0.015096
19084    0.033349
19226    0.016610
19397    0.037404
19844    0.013093
19987    0.069985
20844    0.014612
20868    0.030864
21242    0.044336
21269    0.074808
