241
1    0.009414
219    0.005441
333    0.004906
863    0.009810
1099    0.006907
1189    0.011837
1204    0.006789
1247    0.010477
1283    0.015703
1304    0.009004
1435    0.010270
1460    0.013779
1496    0.010477
1511    0.012887
1699    0.004655
1707    0.007226
1712    0.006907
1762    0.005027
1859    0.008182
1861    0.015720
1862    0.007991
1941    0.006288
1977    0.014153
1989    0.011667
1990    0.021403
2002    0.012643
2048    0.007868
2102    0.004906
2203    0.010945
2230    0.012643
2277    0.012345
2292    0.023862
2745    0.011644
2747    0.018007
2819    0.024867
2872    0.008819
3031    0.015095
3039    0.012977
3043    0.008819
3084    0.010587
3089    0.014039
3283    0.013449
3665    0.010477
3688    0.009004
3732    0.008646
3743    0.011727
3877    0.040347
3887    0.013449
4023    0.004891
4118    0.010270
4128    0.012018
4168    0.027605
4258    0.005441
4271    0.010372
4300    0.009645
4324    0.006818
4362    0.066625
4363    0.014585
4380    0.030084
4383    0.008182
4402    0.012887
4450    0.005318
4463    0.025136
4636    0.009068
4650    0.018541
4662    0.006938
4955    0.013779
5043    0.005769
5137    0.035002
5202    0.006313
5495    0.003761
5567    0.005513
5580    0.012887
5628    0.028029
5629    0.013779
5769    0.005531
5866    0.005251
5897    0.012887
5933    0.012887
6100    0.014585
6197    0.013449
6358    0.009645
6365    0.012925
6844    0.007624
6994    0.010171
7010    0.009566
7110    0.010372
7168    0.003901
7330    0.011727
7362    0.014585
7389    0.014585
7508    0.008760
7523    0.007547
7562    0.012887
7580    0.033053
7736    0.011523
7755    0.012419
7779    0.023477
8025    0.005370
8218    0.023812
8275    0.007436
8534    0.006313
8630    0.003368
8811    0.017662
8831    0.026308
9016    0.020997
9282    0.005863
9481    0.042459
9740    0.015095
9857    0.017662
9900    0.014153
9914    0.014153
9980    0.008230
10013    0.011837
10074    0.005625
10175    0.007624
10215    0.006676
10290    0.006789
10334    0.011404
10420    0.007868
10589    0.029177
10837    0.003085
10857    0.011667
11218    0.004194
11408    0.046670
11531    0.006621
11683    0.003693
11744    0.005863
11750    0.005251
11884    0.011667
12053    0.009068
12110    0.005301
12283    0.007720
12286    0.011667
12876    0.010477
12880    0.006488
12889    0.004495
12898    0.008819
12900    0.008379
12911    0.006313
12920    0.010077
12927    0.006621
12939    0.015720
13228    0.006288
13262    0.015720
13319    0.006387
13351    0.004599
13355    0.004560
13357    0.008235
13434    0.005340
13484    0.007663
13821    0.024423
14002    0.011507
14054    0.009068
14137    0.008135
14303    0.005644
14320    0.006649
14335    0.011507
14498    0.015653
14656    0.010477
14716    0.010171
14724    0.016526
14774    0.011212
14781    0.010372
15009    0.019452
15032    0.008702
15037    0.011212
15103    0.021642
15484    0.008430
15505    0.016526
15578    0.012018
15686    0.013936
15794    0.015095
15892    0.014585
15906    0.006761
15907    0.005905
15943    0.012419
16482    0.012643
16500    0.014153
16585    0.010256
16592    0.008434
16707    0.007062
16724    0.006818
16729    0.003195
16870    0.015720
16875    0.035324
16923    0.010881
16924    0.015720
16941    0.014657
17037    0.006193
17101    0.007226
17108    0.007547
17281    0.005513
17292    0.024680
17366    0.007473
17669    0.013958
17782    0.006877
17846    0.008819
17875    0.007998
17916    0.014319
17922    0.006968
18179    0.006999
18182    0.003024
18386    0.015095
18553    0.009566
18572    0.012643
18587    0.006013
18624    0.014153
18653    0.009985
18670    0.006818
19124    0.010477
19127    0.020482
19128    0.028637
19212    0.007998
19225    0.006594
19271    0.021780
19277    0.026457
19366    0.002724
19383    0.009068
19410    0.003627
19615    0.026898
19643    0.013779
19897    0.016526
20077    0.016526
20131    0.010372
20260    0.006666
20274    0.013637
20281    0.007094
20282    0.004287
20420    0.010702
20641    0.014585
20714    0.006463
20807    0.008430
20817    0.015095
20956    0.007784
20993    0.007030
21129    0.004420
21150    0.006706
21188    0.009068
21253    0.004311
21266    0.005301
