346
428    0.007621
437    0.010648
440    0.009445
443    0.008760
460    0.006439
786    0.006204
796    0.008860
1090    0.012726
1095    0.008157
1157    0.011282
1184    0.004697
1446    0.009193
1599    0.020864
1696    0.014298
1698    0.004305
1762    0.004069
1939    0.011457
2093    0.004747
2396    0.004278
2432    0.005481
2440    0.008314
2450    0.008663
2604    0.005520
2609    0.012099
2684    0.005338
2722    0.010648
2723    0.004433
2737    0.010900
2745    0.004713
3050    0.004404
3129    0.009729
3142    0.012220
3150    0.012220
3326    0.005641
3353    0.012726
3417    0.013378
3495    0.014298
3571    0.005850
3583    0.003480
3838    0.013378
3960    0.011154
4195    0.004278
4240    0.003252
4450    0.004305
4515    0.010432
4516    0.006867
4572    0.011807
4621    0.008966
4704    0.010235
4762    0.008396
4847    0.010887
5043    0.009341
5055    0.015363
5074    0.005274
5075    0.002761
5078    0.011154
5155    0.010432
5233    0.014298
5234    0.010235
5235    0.014298
5237    0.013378
5479    0.013378
5549    0.006910
5563    0.006369
5614    0.010900
5626    0.006742
5702    0.014298
5705    0.014298
5708    0.008314
5717    0.006172
5730    0.014298
5816    0.009885
5820    0.007139
5968    0.010235
5975    0.009735
5988    0.006439
5991    0.005822
6150    0.014298
6265    0.012726
6312    0.014298
6518    0.010648
6588    0.009445
6598    0.004094
6630    0.015010
6687    0.012220
6697    0.007941
6712    0.014298
6758    0.010383
6761    0.008694
6762    0.006141
6793    0.011807
6918    0.012670
6930    0.025712
7129    0.008083
7141    0.007091
7142    0.006954
7144    0.011457
7168    0.009474
7182    0.014298
7317    0.012220
7356    0.010648
7379    0.008314
7493    0.007394
7554    0.013378
7619    0.004976
7632    0.007449
7650    0.005933
7684    0.014298
7715    0.010887
7744    0.006335
7787    0.006999
7802    0.006311
8019    0.003822
8040    0.004020
8116    0.003442
8161    0.013378
8285    0.014298
8295    0.011807
8500    0.003490
8511    0.010648
8781    0.004885
8801    0.010887
8984    0.006236
8990    0.013378
9280    0.007289
9282    0.004747
9388    0.005405
9442    0.007238
9533    0.004939
9763    0.012726
9767    0.012220
9769    0.008396
9824    0.008011
9945    0.006783
10050    0.013378
10055    0.014298
10140    0.005033
10261    0.003972
10325    0.013378
10397    0.006511
10430    0.014298
10480    0.009885
10593    0.008396
10773    0.005405
10837    0.002497
10860    0.013378
10881    0.006824
10930    0.014298
10932    0.014278
11093    0.005990
11103    0.003601
11112    0.008808
11168    0.011457
11178    0.005769
11180    0.003558
11181    0.004390
11218    0.010185
11241    0.010432
11271    0.005592
11434    0.004361
11490    0.013378
11503    0.007404
11510    0.014298
11513    0.014298
11528    0.005253
11567    0.006910
11569    0.009015
11609    0.009885
11683    0.002989
11747    0.005905
11757    0.005316
11786    0.007808
11819    0.011154
11837    0.012726
11841    0.005238
12300    0.004069
12307    0.047975
12309    0.023508
12357    0.012726
12435    0.014298
12438    0.014298
12661    0.008083
12684    0.006681
12740    0.014298
12764    0.017519
12771    0.014298
12857    0.029656
12858    0.014298
12896    0.014298
12928    0.005796
12946    0.009729
12983    0.004616
12987    0.002278
13003    0.014298
13351    0.003723
13355    0.007383
13434    0.002882
13501    0.008064
13529    0.006702
13583    0.012220
13601    0.007238
13647    0.004211
13857    0.013378
13867    0.012220
13910    0.008723
14065    0.003750
14073    0.005496
14140    0.009077
14208    0.011154
14303    0.004569
14365    0.009583
14376    0.014298
14425    0.003734
14430    0.006204
14439    0.007643
14480    0.006439
14485    0.005850
14492    0.022914
14574    0.014298
14597    0.009193
14604    0.003395
14739    0.012220
14742    0.004860
14944    0.006439
14968    0.010235
15008    0.009729
15026    0.009729
15038    0.008157
15077    0.014298
15080    0.007505
15098    0.012220
15204    0.005274
15212    0.007873
15299    0.012407
15343    0.008482
15368    0.007562
15697    0.008571
15710    0.006702
15782    0.009316
15806    0.013378
15818    0.004832
15832    0.012220
15932    0.010053
15969    0.014298
16012    0.007873
16060    0.006204
16063    0.006268
16105    0.010648
16130    0.008860
16225    0.010887
16241    0.006742
16432    0.006141
16485    0.005150
16687    0.012726
16862    0.005567
16907    0.004419
16944    0.004278
17072    0.033254
17074    0.029665
17075    0.012344
17077    0.007941
17079    0.109307
17210    0.009077
17221    0.008083
17331    0.005877
17347    0.006585
17367    0.014298
17373    0.009077
17407    0.005110
17421    0.021775
17480    0.007188
17484    0.002645
17531    0.004523
17643    0.004903
17811    0.007091
17817    0.007394
17991    0.014298
18041    0.009583
18159    0.006079
18167    0.007326
18182    0.002448
18198    0.009583
18212    0.010235
18282    0.002460
18371    0.009193
18425    0.010648
18435    0.005616
18451    0.007941
18472    0.010432
18620    0.007341
18664    0.011154
18711    0.010053
18712    0.009445
18828    0.011154
18883    0.004867
19043    0.008780
19113    0.012726
19129    0.013378
19223    0.005743
19261    0.009493
19278    0.002847
19366    0.002206
19400    0.014298
19416    0.005405
19499    0.010235
19642    0.013378
19664    0.007873
19707    0.005190
19744    0.012726
19783    0.013378
19784    0.014298
19844    0.001484
19881    0.014298
19997    0.007238
20082    0.006824
20090    0.002692
20108    0.007621
20226    0.008157
20275    0.003890
20459    0.013378
20557    0.005253
20620    0.009460
20626    0.006511
20628    0.007394
20717    0.016178
20758    0.024941
20803    0.003150
20844    0.003313
20851    0.010053
20868    0.003499
20901    0.004921
20915    0.008396
21005    0.010142
21019    0.006369
21058    0.004648
21062    0.014298
21085    0.006236
21087    0.004616
21129    0.010735
21150    0.003619
21243    0.003598
21247    0.004601
21266    0.004292
21306    0.006236
21307    0.015510
21310    0.006439
