83
103    0.022400
1278    0.030362
1457    0.057281
1699    0.016136
1949    0.022763
2287    0.032630
4621    0.038388
4724    0.040440
4726    0.057281
5043    0.019996
5075    0.011823
5230    0.031893
5614    0.023334
5717    0.026426
5879    0.026292
6132    0.044666
6596    0.017107
6758    0.029636
6984    0.020251
7393    0.030362
7458    0.067947
8040    0.017211
8218    0.033013
8533    0.022489
8701    0.054488
9768    0.036315
9919    0.038862
10442    0.077724
10612    0.035255
10942    0.068848
10943    0.032378
11103    0.007708
11180    0.015235
11182    0.033710
12110    0.018374
12166    0.050564
12283    0.013380
12307    0.102704
12345    0.018553
12551    0.017693
12659    0.022949
12932    0.029219
12987    0.029259
13252    0.047758
13356    0.037092
13877    0.028525
14014    0.033429
14303    0.019562
14323    0.023734
14445    0.029041
14604    0.014536
14745    0.015581
15235    0.061217
15818    0.020689
16529    0.019365
16585    0.003950
16705    0.035606
16732    0.016903
16734    0.027258
17075    0.052851
17643    0.020993
17922    0.024152
18182    0.010482
18340    0.027722
18547    0.037092
18553    0.033155
18761    0.052321
18882    0.014656
18942    0.057281
19043    0.037591
19173    0.032378
19177    0.019496
19426    0.013345
19464    0.018981
19617    0.036315
20090    0.011528
20260    0.005776
20601    0.023532
20624    0.033710
21005    0.021712
21040    0.050551
21307    0.066408
21310    0.027569
