316
39    0.014201
103    0.005196
1165    0.008178
1178    0.012640
1194    0.007755
1244    0.008700
1247    0.008424
1262    0.012934
1272    0.005756
1309    0.005176
1323    0.014201
1324    0.010166
1326    0.017601
1440    0.006617
1451    0.007504
1452    0.011727
1456    0.007189
1458    0.007189
1690    0.007511
1741    0.008862
1762    0.004042
1764    0.008605
1847    0.007291
1862    0.003213
1971    0.013288
2074    0.016515
2131    0.015762
2174    0.007399
2711    0.013313
2713    0.009015
2857    0.006009
2867    0.006431
3044    0.008605
3094    0.009663
3297    0.006009
3473    0.005554
3521    0.008028
3743    0.014143
3850    0.005783
3933    0.009985
4123    0.011380
4221    0.015762
4240    0.029067
4245    0.026952
4258    0.004374
4273    0.011380
4338    0.025280
4650    0.014908
4672    0.009253
4743    0.007691
4767    0.010166
4776    0.009253
4777    0.006259
4778    0.025018
4811    0.006820
4847    0.010814
4926    0.017190
5050    0.028144
5055    0.007630
5115    0.015510
5253    0.012138
5487    0.006737
5495    0.009071
5523    0.012585
5527    0.011727
5555    0.015762
5567    0.004433
5570    0.009015
5583    0.009819
5734    0.015762
5769    0.004447
5796    0.015762
5879    0.006099
5975    0.004834
6091    0.015762
6323    0.007291
6409    0.010814
6596    0.003969
6908    0.003898
7053    0.007291
7164    0.009985
7166    0.006467
7168    0.003137
7173    0.006467
7181    0.005259
7241    0.007511
7291    0.022158
7329    0.011380
7465    0.008700
7514    0.008257
7515    0.013288
7524    0.004507
7569    0.008178
7571    0.006162
7595    0.010230
7610    0.012138
7650    0.005893
7715    0.010814
7716    0.007630
7736    0.009265
7738    0.015762
7744    0.012585
7757    0.017601
7802    0.004179
7833    0.004042
7985    0.007755
8078    0.009510
8223    0.013903
8281    0.007630
8417    0.010561
8500    0.003466
8569    0.009985
8596    0.004182
8630    0.005416
8674    0.006431
8837    0.007399
9023    0.005921
9065    0.014201
9077    0.008801
9170    0.014201
9209    0.003594
9231    0.008905
9256    0.005653
9454    0.004569
9510    0.005628
9517    0.003677
9518    0.016769
9618    0.011079
9947    0.007354
9980    0.019852
9999    0.008102
10000    0.017401
10146    0.007570
10175    0.006130
10247    0.007043
10411    0.006292
10413    0.007957
10419    0.013288
10464    0.026576
10478    0.007399
10558    0.009131
10589    0.005865
10605    0.014194
10626    0.010166
10627    0.019971
10667    0.025280
10671    0.009518
10700    0.010576
10711    0.010166
10714    0.005459
10781    0.047287
10840    0.005368
10851    0.009663
10894    0.015762
10897    0.004601
10898    0.008178
11103    0.003576
11146    0.005259
11150    0.015762
11160    0.006696
11206    0.007691
11218    0.006744
11262    0.010166
11295    0.066440
11320    0.009518
11334    0.004765
11355    0.003063
11381    0.011380
11386    0.010692
11415    0.006579
11434    0.004332
11465    0.013288
11527    0.008424
11569    0.004477
11607    0.009518
11655    0.009015
11661    0.007570
11683    0.008908
11750    0.004222
11987    0.019326
12005    0.003170
12087    0.010166
12109    0.007043
12202    0.007189
12292    0.009381
12293    0.011380
12411    0.009381
12522    0.005176
12526    0.023870
12675    0.034089
12684    0.006635
12817    0.005368
12864    0.004906
12866    0.009253
12944    0.008424
12987    0.004525
13050    0.007961
13232    0.008905
13246    0.009985
13311    0.006907
13351    0.011094
13355    0.003666
13388    0.005950
13434    0.010019
13529    0.006656
13580    0.003841
13586    0.009985
13746    0.012138
13862    0.019511
13865    0.021418
13886    0.003933
13896    0.008028
13984    0.014201
13999    0.008339
14039    0.010166
14063    0.004906
14065    0.003724
14106    0.011727
14161    0.016849
14357    0.014201
14439    0.003796
14449    0.011727
14537    0.004433
14604    0.006744
14742    0.009654
14746    0.018877
14754    0.006292
14815    0.004748
14994    0.009131
15007    0.010814
15063    0.009015
15132    0.012640
15137    0.008905
15228    0.009518
15394    0.009985
15439    0.041447
15570    0.008424
15695    0.005893
15791    0.006069
15831    0.009985
15944    0.007344
15988    0.007957
16027    0.014201
16182    0.013288
16321    0.011620
16396    0.007043
16585    0.000916
16734    0.003162
16743    0.013641
16959    0.004748
17029    0.006952
17050    0.013288
17103    0.011513
17144    0.007108
17355    0.009985
17386    0.012138
17448    0.010814
17484    0.002628
17821    0.005554
17867    0.008178
17931    0.007239
18005    0.008034
18057    0.008605
18282    0.007331
18340    0.006431
18382    0.005979
18391    0.009985
18563    0.011380
18672    0.010814
18719    0.007755
18728    0.008605
18841    0.006099
18972    0.008028
19046    0.006069
19136    0.009819
19138    0.021627
19139    0.013288
19169    0.006326
19173    0.007511
19200    0.009518
19224    0.015762
19225    0.010604
19226    0.007482
19261    0.004714
19271    0.005837
19329    0.009253
19366    0.008763
19373    0.009985
19410    0.014580
19411    0.007887
19416    0.005368
19426    0.003096
19453    0.010604
19707    0.005155
19724    0.015762
19766    0.009381
19769    0.009253
19770    0.014201
19844    0.001474
20528    0.011380
20686    0.008905
20695    0.006863
20713    0.004263
20768    0.003709
20837    0.011079
20848    0.004092
20941    0.015762
20946    0.021245
20964    0.004817
20994    0.006778
21111    0.006579
21112    0.014201
21113    0.007511
21150    0.001797
21247    0.002285
21266    0.004263
