175
103    0.021070
333    0.007998
1095    0.016426
1189    0.019296
1190    0.014782
1236    0.031957
1343    0.022461
1446    0.018512
1459    0.023775
1712    0.011260
1741    0.005989
1977    0.023071
2050    0.017842
2084    0.011163
2173    0.009524
2277    0.006708
2432    0.005518
2688    0.011163
2715    0.022461
2933    0.016581
2966    0.031957
3089    0.007628
3571    0.011779
3574    0.012966
3583    0.007008
3665    0.034159
3688    0.014677
3877    0.021924
3915    0.017639
4072    0.019906
4133    0.018759
4258    0.008869
4362    0.040728
4363    0.023775
4380    0.018391
4456    0.013111
4463    0.013658
4893    0.023775
5043    0.004702
5112    0.018512
5202    0.010290
5331    0.015347
5495    0.024521
5539    0.020610
5628    0.036553
6462    0.019020
6984    0.009524
7188    0.011309
7192    0.027317
7476    0.017842
7618    0.019591
7644    0.030693
7736    0.009392
8025    0.008754
8052    0.021924
8105    0.014575
8116    0.006931
8254    0.018512
8281    0.015468
8500    0.007027
8568    0.007125
8698    0.019020
8711    0.011068
8805    0.013576
8991    0.019296
9204    0.019591
9209    0.007287
9304    0.015594
9947    0.007454
10245    0.019906
10261    0.007998
10421    0.012826
10501    0.019296
10589    0.011891
10837    0.005029
11082    0.020245
11196    0.030937
11203    0.011260
11334    0.009661
11355    0.006211
11386    0.010838
11444    0.022618
11744    0.009558
11750    0.008560
11782    0.007926
11841    0.010548
11987    0.019591
12008    0.016426
12122    0.008022
12659    0.010794
12675    0.009873
12684    0.006726
12855    0.007391
12940    0.019020
12983    0.009295
13050    0.008070
13137    0.025627
13310    0.019591
13434    0.008705
13451    0.014186
13645    0.031957
13903    0.028792
13939    0.009392
14065    0.003775
14430    0.012492
14717    0.013338
14824    0.030225
15063    0.045692
15103    0.017639
15140    0.008754
15204    0.010620
15235    0.028792
15666    0.023071
15818    0.009730
15906    0.011021
15915    0.021443
16029    0.012623
16030    0.023449
16034    0.011947
16179    0.026940
16237    0.017565
16270    0.024608
16592    0.006874
16713    0.015228
16734    0.019230
16923    0.053213
16941    0.011947
17029    0.014094
17032    0.017639
17044    0.028006
17101    0.011779
17103    0.011671
17105    0.037054
17281    0.008987
17292    0.010058
17355    0.020245
17395    0.017080
17407    0.010290
17784    0.026940
17966    0.012303
18133    0.014003
18160    0.017639
18182    0.004930
18619    0.008219
18761    0.049215
18882    0.006893
19043    0.008840
19128    0.011671
19226    0.015169
19366    0.008883
19410    0.005912
19772    0.010883
19773    0.008022
19844    0.002989
20071    0.038039
20090    0.005422
20260    0.002717
20282    0.006988
20326    0.031957
20413    0.018055
20614    0.057583
20712    0.031957
20768    0.007519
20803    0.006343
20825    0.023071
20910    0.014186
20983    0.009983
20993    0.022921
21083    0.013338
21085    0.012557
21150    0.003644
21247    0.004633
21253    0.007027
21261    0.017259
21299    0.019020
