71
1245    0.033099
1283    0.023069
1451    0.020565
1712    0.030443
1903    0.069287
1905    0.086401
2102    0.021623
2819    0.027400
3089    0.020625
3665    0.046178
3861    0.042160
3877    0.059275
4216    0.069287
4362    0.073411
4380    0.016574
4383    0.036061
4463    0.036928
4468    0.044411
4500    0.038354
5002    0.077844
5174    0.077844
5628    0.024707
5866    0.023143
6098    0.064281
7001    0.056798
7010    0.042160
7367    0.069287
7465    0.047692
7486    0.031267
7487    0.053820
7581    0.069287
7753    0.023592
7754    0.036928
8025    0.023668
9802    0.086401
10011    0.049417
10589    0.032149
10850    0.052172
11528    0.028597
12053    0.039967
12283    0.017014
12551    0.022498
12675    0.026694
12889    0.039627
14064    0.062378
14498    0.022996
14675    0.086401
15575    0.056798
15792    0.030577
15906    0.059594
16734    0.034662
16880    0.029671
16923    0.023979
16941    0.016150
17292    0.027194
17480    0.039134
17575    0.066532
18587    0.026500
18882    0.018637
19128    0.063108
19277    0.077737
19278    0.015500
19410    0.015984
19464    0.024137
20260    0.029380
20282    0.018894
20817    0.133063
20993    0.030986
21129    0.019481
21253    0.018999
21254    0.026892
