116
457    0.019720
1204    0.016832
1267    0.074848
2107    0.032611
2334    0.018999
3509    0.036158
3718    0.074848
3897    0.021574
3944    0.015412
3950    0.026531
3954    0.043787
4026    0.044963
4305    0.048601
4496    0.029795
4798    0.028529
4870    0.015015
5484    0.028529
5501    0.009646
5520    0.043787
5532    0.012163
5567    0.013667
5621    0.035087
5669    0.033342
5689    0.043787
5864    0.030789
6097    0.048601
6863    0.036158
7116    0.029347
7456    0.016415
7460    0.021162
7565    0.037424
7649    0.033342
7779    0.019402
7781    0.048601
7802    0.006443
8003    0.033342
8078    0.029323
8107    0.022227
8218    0.011807
8529    0.040972
8837    0.136872
9242    0.023715
9336    0.022984
9533    0.015127
10189    0.043787
10229    0.036158
10478    0.022812
10552    0.048601
10668    0.022812
10711    0.062689
10713    0.048601
10723    0.025217
10753    0.291605
11037    0.048601
11185    0.038974
11528    0.016086
11928    0.022984
11968    0.024754
12045    0.020772
12098    0.025460
12127    0.024112
12684    0.010230
12735    0.094861
12855    0.011240
13154    0.018346
13198    0.024112
13228    0.015590
13307    0.033342
13410    0.034160
13434    0.004413
13466    0.011370
13554    0.028926
13821    0.030274
13831    0.048601
13999    0.025713
14047    0.029795
14322    0.022166
14341    0.044026
14697    0.037424
14971    0.031949
15439    0.031949
15468    0.019197
15478    0.023715
15552    0.043787
15906    0.016761
16034    0.018170
16063    0.019197
16117    0.017352
16237    0.013356
16432    0.018806
16527    0.016282
16585    0.005650
16705    0.012734
17316    0.031344
17351    0.027135
17369    0.019299
18018    0.050434
18652    0.012616
18799    0.027458
19084    0.046319
19232    0.015240
19278    0.008719
19366    0.006754
19529    0.022166
19835    0.035087
19912    0.087574
19927    0.048601
20281    0.017588
20413    0.109833
20713    0.013143
20969    0.022322
21086    0.022812
21129    0.010958
21247    0.007046
21266    0.013143
21267    0.048601
