29
825    0.241328
912    0.241328
1762    0.061879
2344    0.058284
3745    0.106431
5916    0.126424
5959    0.217426
6613    0.079242
7040    0.217426
9143    0.093857
9418    0.134740
9960    0.158642
10047    0.217426
10837    0.037978
11103    0.027378
11218    0.051629
13357    0.033790
14065    0.028511
14537    0.067865
15063    0.069010
15160    0.086547
15907    0.072695
15911    0.126424
16021    0.217426
16629    0.139796
16706    0.124045
18717    0.088133
20678    0.128980
20745    0.106431
