250
1    0.009208
219    0.005321
333    0.004799
863    0.009595
1099    0.006756
1204    0.006641
1247    0.010248
1283    0.015358
1304    0.008806
1435    0.010045
1460    0.013477
1496    0.010248
1511    0.012604
1699    0.004553
1707    0.007068
1712    0.006756
1762    0.004916
1861    0.015376
1862    0.007816
1941    0.006150
1977    0.013843
1989    0.011412
1990    0.020934
2002    0.012366
2048    0.007695
2102    0.004799
2203    0.010705
2230    0.012366
2277    0.012075
2292    0.023339
2745    0.011389
2747    0.017613
2819    0.024322
2872    0.008626
3031    0.014765
3039    0.012692
3043    0.008626
3084    0.010355
3089    0.013731
3283    0.013154
3665    0.010248
3688    0.008806
3732    0.008456
3743    0.011470
3877    0.039463
3887    0.013154
4023    0.004784
4118    0.010045
4128    0.011755
4168    0.026999
4258    0.005321
4260    0.006939
4300    0.009433
4324    0.006669
4362    0.065165
4363    0.014265
4380    0.029425
4383    0.008003
4402    0.012604
4450    0.005202
4463    0.024585
4569    0.016164
4636    0.008869
4650    0.018135
4678    0.007737
4955    0.013477
5043    0.005643
5137    0.034235
5202    0.006174
5495    0.003678
5567    0.005392
5580    0.012604
5628    0.027415
5629    0.013477
5769    0.005410
5866    0.005136
5897    0.012604
5933    0.012604
5975    0.005881
6100    0.014265
6197    0.013154
6358    0.009433
6365    0.018963
6844    0.007457
6994    0.009949
7010    0.009356
7110    0.010144
7168    0.003816
7330    0.005735
7343    0.009000
7362    0.014265
7389    0.014265
7508    0.008568
7523    0.007382
7562    0.012604
7580    0.032328
7736    0.011271
7755    0.012147
7779    0.022963
8025    0.005252
8107    0.008769
8218    0.018632
8275    0.007273
8534    0.006174
8630    0.003294
8811    0.017275
8831    0.025731
9016    0.020537
9282    0.005735
9481    0.041528
9740    0.014765
9857    0.017275
9900    0.013843
9914    0.013843
9980    0.008049
10013    0.011578
10074    0.005502
10175    0.007457
10215    0.006530
10290    0.006641
10334    0.011154
10589    0.028538
10837    0.003017
10857    0.011412
11196    0.009281
11218    0.004102
11408    0.045647
11531    0.006476
11683    0.003612
11744    0.005735
11750    0.005136
11884    0.011412
12053    0.008869
12110    0.005185
12283    0.007551
12286    0.011412
12876    0.010248
12880    0.006346
12889    0.004397
12898    0.008626
12900    0.008195
12911    0.006174
12920    0.009856
12927    0.012952
12928    0.007002
12939    0.015376
12987    0.005504
12999    0.003156
13228    0.006150
13262    0.015376
13319    0.006247
13351    0.004498
13355    0.004460
13357    0.002685
13434    0.005223
13484    0.007495
13494    0.012866
13821    0.023887
14002    0.011255
14054    0.008869
14063    0.005968
14137    0.007957
14303    0.005520
14320    0.006503
14335    0.011255
14498    0.015310
14656    0.010248
14716    0.009949
14724    0.016164
14774    0.010967
14781    0.010144
15009    0.019025
15011    0.013843
15032    0.008511
15037    0.010967
15103    0.021167
15484    0.008245
15505    0.016164
15578    0.011755
15686    0.013631
15792    0.006786
15892    0.014265
15906    0.006612
15907    0.005776
15943    0.012147
16482    0.012366
16500    0.013843
16585    0.008917
16592    0.008249
16707    0.006907
16724    0.006669
16729    0.003125
16870    0.015376
16875    0.034550
16923    0.010643
16924    0.015376
16941    0.014336
17037    0.006058
17101    0.007068
17108    0.007382
17281    0.005392
17292    0.024139
17366    0.007309
17669    0.013652
17782    0.006727
17846    0.008626
17875    0.007823
17916    0.007002
17922    0.006815
18182    0.002958
18386    0.014765
18553    0.009356
18572    0.012366
18587    0.005881
18624    0.013843
18653    0.009766
18670    0.006669
19124    0.010248
19127    0.020033
19128    0.035012
19212    0.007823
19225    0.006450
19271    0.021302
19277    0.025877
19366    0.002665
19383    0.008869
19410    0.003547
19426    0.003766
19615    0.026308
19643    0.013477
19897    0.016164
20077    0.016164
20131    0.010144
20260    0.006520
20274    0.013338
20281    0.006939
20282    0.004193
20420    0.010467
20492    0.013477
20641    0.014265
20714    0.006321
20807    0.008245
20817    0.014765
20956    0.007614
20993    0.006876
21129    0.004323
21150    0.006559
21188    0.008869
21253    0.004216
21266    0.005185
