165
109    0.031957
115    0.013658
239    0.024608
265    0.031957
288    0.012757
314    0.040013
335    0.021007
348    0.015000
457    0.025933
461    0.024608
502    0.022461
686    0.013038
692    0.023775
773    0.012757
840    0.020610
853    0.049278
855    0.014474
857    0.015000
858    0.097401
923    0.016581
924    0.016426
1028    0.024608
1292    0.025627
1346    0.015347
1349    0.019906
1446    0.018512
1451    0.007606
1680    0.013495
1699    0.003794
1736    0.023775
1846    0.011163
2096    0.019020
2334    0.024985
2396    0.008614
2432    0.005518
2447    0.019906
2675    0.066689
2678    0.015855
2723    0.008927
2761    0.031957
3238    0.011725
3239    0.031957
3282    0.015468
3326    0.011359
3682    0.021007
3879    0.021007
3897    0.014186
3911    0.011779
3915    0.017639
4207    0.017639
4260    0.011564
4461    0.011891
5096    0.016746
5495    0.006130
5563    0.012826
6352    0.025627
6495    0.018055
6547    0.023775
6588    0.019020
7077    0.016426
7204    0.025627
7625    0.026940
7642    0.012896
7736    0.009392
7802    0.008473
8078    0.006427
8116    0.006931
8131    0.013827
8200    0.012966
8206    0.031957
8207    0.028792
8362    0.013576
8464    0.031957
8500    0.007027
8677    0.024608
8769    0.019020
8918    0.010577
9033    0.028792
9074    0.063913
9168    0.034159
9336    0.075562
9337    0.031957
9510    0.011410
10108    0.018278
10278    0.031957
10439    0.023775
10498    0.024608
10604    0.026940
10611    0.013495
11017    0.025627
11103    0.003625
11117    0.007926
11178    0.011617
11253    0.023071
11562    0.015228
11569    0.027231
11600    0.018512
11743    0.047550
11928    0.030225
11966    0.013742
11968    0.016276
11970    0.024608
11995    0.095100
12230    0.009910
12365    0.047790
12411    0.019020
12684    0.006726
12974    0.012122
12983    0.009295
13434    0.002902
13466    0.014952
13472    0.014677
13494    0.021443
14341    0.014474
14412    0.012757
14537    0.008987
14952    0.015112
15081    0.011410
15190    0.022461
15342    0.017080
15384    0.022461
15444    0.076880
16275    0.023775
16362    0.014782
16432    0.024731
16436    0.016907
16508    0.020245
16705    0.008373
16899    0.019296
16907    0.017796
16946    0.015468
17080    0.032553
17101    0.023559
17117    0.031237
17311    0.039182
17331    0.011835
17484    0.005327
17547    0.032263
17554    0.028792
17637    0.019906
17747    0.024608
18041    0.019296
18452    0.016907
18607    0.017842
18617    0.031957
18882    0.006893
18911    0.025627
18922    0.053880
19056    0.022461
19202    0.028792
19248    0.018759
19278    0.011466
19370    0.010173
19467    0.038039
19844    0.005978
19904    0.023775
20166    0.041220
20543    0.025627
20796    0.017259
20986    0.018512
20994    0.054969
21005    0.010212
21018    0.018278
21243    0.007246
21266    0.008642
