71
1    0.042012
48    0.067363
161    0.036943
348    0.041062
504    0.048843
523    0.038834
1480    0.040761
1699    0.010387
1845    0.042345
1863    0.048843
2872    0.039355
3094    0.053631
3745    0.038581
4220    0.067363
4240    0.017925
4245    0.029917
4743    0.042687
4778    0.046283
4926    0.127208
5495    0.016781
6409    0.060016
7330    0.026165
7647    0.070153
7736    0.025711
7750    0.047245
7757    0.048843
8078    0.017594
8116    0.018973
8170    0.034738
8172    0.070153
8674    0.035692
9256    0.031373
9510    0.031234
9618    0.061488
9947    0.020407
10334    0.025446
10700    0.058699
10711    0.056420
10774    0.043775
10851    0.053631
11103    0.019849
11225    0.036512
11415    0.036512
11457    0.056420
11661    0.042012
11725    0.056420
12202    0.039898
12292    0.052066
12551    0.068338
12591    0.025982
12675    0.027028
13667    0.087481
13775    0.044966
13865    0.079247
14065    0.010335
14537    0.024601
14742    0.008930
14745    0.020061
14943    0.051352
15210    0.031096
15697    0.047245
15775    0.050035
16729    0.014257
16940    0.055420
17103    0.095845
17741    0.058699
18719    0.043040
19844    0.008183
20837    0.061488
20950    0.050676
21115    0.020524
