149
103    0.011652
246    0.012190
439    0.023235
928    0.035346
1097    0.011841
1682    0.018517
1691    0.011252
1775    0.127591
1786    0.035346
1814    0.044783
1862    0.007204
1946    0.017842
2174    0.016591
2226    0.017842
2396    0.009528
2432    0.006104
2713    0.020216
2744    0.009467
2819    0.022418
2988    0.019735
3126    0.017390
3563    0.022250
3620    0.063691
3632    0.014502
4137    0.008612
4301    0.031589
4833    0.018891
4872    0.016234
5293    0.021669
5515    0.009589
5781    0.035346
5851    0.018517
5988    0.043025
6465    0.022392
6486    0.033431
6613    0.034819
6632    0.017687
6738    0.028526
6908    0.008741
7264    0.027218
7524    0.040430
7607    0.018517
7631    0.014035
7633    0.024249
7753    0.009651
7802    0.004686
7909    0.017390
8218    0.008587
8220    0.016843
8223    0.015588
8500    0.007772
8504    0.019970
8737    0.020475
9009    0.017247
9077    0.019735
9209    0.008060
9417    0.019089
9426    0.021343
9430    0.026297
9454    0.010246
9818    0.027218
9965    0.023717
10140    0.011209
10647    0.020475
10775    0.023717
10892    0.023709
10898    0.018339
11103    0.004010
11203    0.012454
11207    0.012676
11225    0.014752
11444    0.012509
11445    0.014342
11528    0.011699
11530    0.016974
11561    0.043338
11753    0.016843
12252    0.069706
12455    0.020216
12503    0.028345
12591    0.010498
12618    0.089032
12621    0.046471
12664    0.023235
12826    0.035346
12904    0.009261
12947    0.015690
12967    0.022796
12983    0.010281
12999    0.005819
13096    0.017247
13348    0.014421
13434    0.003210
13838    0.031845
13927    0.028345
14065    0.004176
14200    0.015107
14303    0.030529
15488    0.013608
15626    0.035346
16116    0.010498
16119    0.017687
16237    0.009714
16628    0.048028
16629    0.020475
16649    0.058008
16724    0.012294
16880    0.024277
16907    0.009842
16944    0.038112
17144    0.007970
17269    0.021037
17407    0.011382
17484    0.005892
17638    0.028345
17808    0.019735
17811    0.015794
17906    0.029797
17953    0.035346
17963    0.018339
18198    0.021343
18282    0.005480
18382    0.013408
18627    0.035346
18717    0.012908
18719    0.034779
18887    0.016234
19050    0.021037
19064    0.022392
19204    0.014035
19366    0.014737
19543    0.012509
19757    0.017536
19772    0.012037
19925    0.026297
20260    0.015024
20403    0.106038
20404    0.035346
20713    0.009558
20803    0.007015
20848    0.009175
20868    0.007794
21083    0.014752
21084    0.024844
21094    0.016350
21122    0.011606
21146    0.014668
21247    0.005124
21290    0.012849
