292
552    0.006231
1116    0.007187
1250    0.008407
1272    0.006028
1309    0.027099
1355    0.014871
1382    0.007747
1451    0.003929
1460    0.011602
1480    0.007691
1529    0.006355
1677    0.006734
1699    0.001960
1741    0.003093
1747    0.007187
2084    0.005766
2092    0.007990
2174    0.007747
2292    0.006697
2394    0.009967
2432    0.002850
2737    0.005668
3151    0.011075
3284    0.010119
3298    0.007279
3299    0.010645
3473    0.063974
3479    0.016664
3574    0.006697
3583    0.003620
3593    0.014256
3596    0.009689
3618    0.005717
3619    0.012839
3815    0.014871
3825    0.009689
3911    0.006084
4001    0.025221
4002    0.014871
4005    0.016506
4153    0.007806
4240    0.010146
4456    0.013544
4485    0.012710
4495    0.010282
4501    0.012584
4522    0.007012
4578    0.008484
4697    0.006056
4729    0.005377
4888    0.012710
4931    0.011075
5074    0.005485
5075    0.002872
5180    0.020913
5230    0.007747
5331    0.007927
5355    0.009824
5495    0.003166
5525    0.010851
5537    0.035273
5592    0.016506
5627    0.014871
5628    0.014160
5647    0.012710
5718    0.013699
5790    0.014871
5832    0.012710
5856    0.005295
5857    0.016506
5962    0.008054
5975    0.010125
5987    0.009561
5988    0.006697
6042    0.008189
6132    0.010851
6171    0.008914
6173    0.013915
6202    0.019934
6341    0.016506
6429    0.006661
6486    0.007806
6707    0.005598
6734    0.006849
6758    0.003600
6944    0.011075
7029    0.010851
7168    0.006569
7228    0.007990
7343    0.030990
7744    0.006589
7802    0.004376
7935    0.007747
7967    0.008484
8040    0.037629
8078    0.003320
8116    0.003580
8218    0.012030
8281    0.007990
8374    0.011075
8476    0.005274
8500    0.003630
8533    0.005463
8534    0.005315
8552    0.020563
8568    0.003680
8603    0.009216
8604    0.016506
8613    0.061294
8639    0.006355
8893    0.011917
9143    0.006419
9204    0.010119
9518    0.003512
9533    0.005137
9739    0.024362
9798    0.004626
9818    0.012710
9944    0.007476
9947    0.007701
10075    0.011075
10146    0.007927
10158    0.014871
10178    0.016506
10247    0.007376
10261    0.004131
10285    0.011602
10349    0.011602
10353    0.012280
10355    0.017643
10360    0.010851
10420    0.006625
10422    0.028568
10442    0.009441
10486    0.008914
10637    0.007635
10693    0.010851
10803    0.006589
10892    0.011072
10942    0.022300
11007    0.008332
11103    0.001873
11112    0.004581
11180    0.007402
11206    0.008054
11260    0.016506
11283    0.006589
11293    0.014871
11327    0.008822
11355    0.003208
11369    0.011917
11434    0.004536
11570    0.005156
11744    0.004937
11750    0.004421
11854    0.009111
11968    0.008407
11984    0.006734
12049    0.010282
12066    0.022151
12085    0.005741
12110    0.004464
12111    0.013236
12191    0.008189
12245    0.004352
12283    0.013001
12307    0.024949
12345    0.009014
12413    0.008332
12580    0.016506
12605    0.006355
12675    0.005100
12765    0.005156
12855    0.003817
12864    0.005137
12946    0.010119
13060    0.009561
13125    0.007581
13219    0.007376
13357    0.002311
13359    0.010851
13434    0.001499
13492    0.007990
13501    0.004194
13581    0.009216
13591    0.007927
14065    0.001950
14135    0.009441
14140    0.009441
14200    0.007055
14323    0.011531
14430    0.038715
14471    0.016506
14742    0.013479
14745    0.015140
14796    0.005274
14950    0.009824
14982    0.010119
15142    0.019357
15378    0.009561
15395    0.013236
15481    0.013236
15571    0.009441
15573    0.012710
15591    0.007055
15778    0.006171
15890    0.014871
15928    0.005766
15931    0.006589
16012    0.008189
16060    0.006452
16237    0.009072
16273    0.010457
16371    0.020667
16527    0.011059
16529    0.028225
16531    0.026465
16585    0.009595
16705    0.004325
16729    0.002690
16732    0.004106
16923    0.004581
16941    0.003085
17027    0.016455
17051    0.004834
17066    0.007425
17108    0.006355
17111    0.006970
17209    0.010119
17219    0.010282
17338    0.014871
17366    0.006292
17426    0.009011
17643    0.005100
17703    0.014871
17814    0.005377
17911    0.016506
18003    0.012584
18005    0.008413
18167    0.002540
18179    0.005893
18182    0.002546
18247    0.012225
18336    0.009216
18580    0.007327
18652    0.004285
18655    0.010549
18670    0.011482
19073    0.013915
19151    0.005766
19219    0.033012
19278    0.002961
19327    0.003895
19426    0.003242
19562    0.007327
19617    0.008822
19766    0.009824
19773    0.004143
19786    0.009689
19820    0.005575
19844    0.001544
20078    0.016506
20090    0.002800
20210    0.014871
20251    0.006772
20255    0.014871
20260    0.001403
20274    0.005741
20452    0.017679
20461    0.010282
20487    0.009967
20499    0.016506
20582    0.006201
20601    0.005717
20648    0.006486
20737    0.013915
20771    0.007055
20841    0.004352
20845    0.006734
20848    0.004285
20860    0.009967
20946    0.004449
20964    0.005044
20969    0.007581
20998    0.008733
21016    0.006261
21058    0.004834
21129    0.003722
21150    0.003764
21247    0.004786
21307    0.016132
21310    0.006697
