37
314    0.069547
1699    0.019786
2334    0.065139
2913    0.166631
3389    0.140474
4075    0.082670
7704    0.082670
8105    0.075996
8116    0.072280
9336    0.078801
10611    0.070368
10723    0.086457
11715    0.103796
11928    0.078801
11938    0.090963
12659    0.056280
12660    0.060028
13152    0.096525
13466    0.038981
14240    0.114316
15095    0.117121
16432    0.128955
16945    0.256951
17080    0.084870
17122    0.161314
17141    0.085650
18347    0.091977
18349    0.166631
19337    0.111808
19464    0.046550
20233    0.081980
20409    0.081309
20994    0.071655
21019    0.066877
21020    0.094143
21105    0.117121
21269    0.089057
