301
115    0.013235
143    0.009645
147    0.009101
212    0.007268
239    0.011923
246    0.005340
288    0.006181
314    0.012925
372    0.010178
457    0.012565
460    0.018847
463    0.013053
481    0.013077
568    0.005961
610    0.011689
616    0.017093
689    0.007816
693    0.011923
694    0.012416
773    0.012362
774    0.011923
851    0.006829
852    0.008275
853    0.047752
855    0.035065
857    0.036338
858    0.067417
860    0.009809
920    0.006785
923    0.016067
924    0.023876
953    0.011178
1017    0.008111
1037    0.013053
1097    0.005187
1213    0.009809
1242    0.005553
1272    0.005655
1294    0.026106
1345    0.008645
1346    0.007436
1490    0.004160
1619    0.010622
1699    0.001838
1715    0.009215
1736    0.011519
1741    0.002902
1804    0.006919
1806    0.012416
1862    0.003156
2050    0.008645
2054    0.011178
2334    0.018158
2432    0.008021
2499    0.016724
2675    0.058161
2684    0.010416
2692    0.013950
3238    0.011361
3326    0.005504
3327    0.006873
3449    0.013950
3544    0.013950
3682    0.010178
3776    0.012416
3897    0.020620
3905    0.008192
3961    0.011519
4051    0.013053
4075    0.007682
4207    0.008546
4282    0.009349
4351    0.009349
4450    0.008401
4461    0.011522
4943    0.013950
5043    0.002278
5044    0.006658
5096    0.012171
5103    0.014871
5104    0.013950
5236    0.013950
5372    0.019290
5400    0.013950
5670    0.018984
5713    0.011923
5749    0.013053
5975    0.009498
6076    0.009349
6352    0.012416
6598    0.003995
6624    0.008362
6719    0.005208
6779    0.011519
6920    0.007682
7026    0.013053
7077    0.007959
7204    0.012416
7510    0.008969
7625    0.013053
7632    0.007268
7636    0.006389
7664    0.013053
7704    0.015363
7762    0.011519
7802    0.002053
7833    0.003970
7839    0.011519
8094    0.011178
8131    0.013399
8153    0.007959
8200    0.006282
8345    0.011178
8362    0.019733
8363    0.017938
8487    0.017290
8500    0.003405
8585    0.009645
8596    0.008216
8677    0.011923
8729    0.008856
8766    0.013950
8769    0.018431
8868    0.009215
8957    0.010178
9127    0.007618
9168    0.016551
9179    0.006578
9200    0.004214
9282    0.004631
9301    0.007268
9336    0.014644
9368    0.010389
9499    0.009809
9510    0.011056
9517    0.003612
9631    0.005902
9687    0.007618
9798    0.004340
10108    0.008856
10428    0.011519
10439    0.011519
10604    0.013053
10723    0.024101
10881    0.006658
10965    0.018699
11096    0.013950
11103    0.001757
11117    0.003840
11141    0.010178
11178    0.005629
11271    0.005456
11434    0.008510
11503    0.003612
11562    0.007378
11569    0.008796
11600    0.008969
11603    0.011519
11683    0.002917
11707    0.012416
11715    0.009645
11729    0.005084
11743    0.011519
11750    0.004147
11901    0.013950
11928    0.007322
11938    0.008452
11966    0.026633
11968    0.007886
11995    0.011519
12062    0.023845
12085    0.016156
12087    0.019972
12127    0.007682
12365    0.005789
12434    0.008645
12659    0.005230
12660    0.005578
12674    0.009349
12684    0.003259
12907    0.006214
13014    0.010214
13050    0.003910
13078    0.008856
13152    0.017938
13409    0.032649
13466    0.010866
13593    0.011178
13834    0.013053
14074    0.009986
14218    0.010389
14240    0.010622
14339    0.005961
14340    0.012429
14341    0.014026
14343    0.006389
14345    0.028934
14354    0.009645
14527    0.008034
14537    0.004354
14682    0.009986
14769    0.014428
14773    0.007886
14863    0.007378
15170    0.010883
15191    0.012416
15342    0.008275
15444    0.012416
15468    0.006116
15497    0.005187
15668    0.010389
15801    0.006282
16275    0.011519
16349    0.008748
16362    0.007162
16432    0.017974
16443    0.010883
16508    0.019618
16519    0.037249
16585    0.008101
16705    0.004057
16899    0.009349
16907    0.012934
16945    0.055711
16955    0.012105
17017    0.008969
17018    0.009986
17080    0.047317
17081    0.013053
17101    0.011414
17111    0.006539
17117    0.015135
17129    0.009429
17130    0.013950
17407    0.004986
17465    0.011178
17519    0.008362
17521    0.008192
17747    0.011923
17893    0.010883
17955    0.012416
17964    0.008111
18097    0.009809
18159    0.005931
18160    0.008546
18203    0.005145
18374    0.009492
18400    0.011519
18436    0.009215
18440    0.009492
18452    0.008192
18484    0.026106
18614    0.008645
18770    0.013950
18772    0.013950
18800    0.012416
18888    0.005187
18911    0.024833
18922    0.013053
19055    0.024833
19056    0.021766
19165    0.013950
19177    0.004443
19206    0.013950
19225    0.005208
19248    0.009089
19410    0.005729
19464    0.008651
19535    0.005629
19836    0.014428
20056    0.009986
20206    0.013053
20260    0.001316
20409    0.045332
20464    0.004647
20516    0.027900
20543    0.012416
20609    0.010178
20700    0.008275
20713    0.008374
20714    0.005104
20740    0.012416
20771    0.006618
20803    0.006146
20805    0.011519
20857    0.013950
20858    0.013053
20986    0.008969
20994    0.013316
21003    0.008546
21006    0.020778
21016    0.011746
21019    0.018643
21086    0.007268
21087    0.009007
21105    0.032649
21150    0.001765
21152    0.006919
21243    0.003511
21269    0.008275
21272    0.010883
