316
115    0.012463
143    0.009082
147    0.008570
212    0.006844
239    0.011227
246    0.005028
288    0.005820
314    0.012171
335    0.009585
372    0.009585
457    0.011832
460    0.017748
463    0.012291
464    0.008559
481    0.012314
568    0.005613
610    0.011008
616    0.016096
689    0.007360
692    0.010847
693    0.011227
694    0.011692
773    0.017461
774    0.011227
851    0.006430
852    0.007793
853    0.044966
855    0.033019
857    0.041062
858    0.063485
860    0.009237
920    0.006389
923    0.015130
924    0.029978
953    0.010526
1017    0.007638
1037    0.012291
1097    0.004884
1213    0.018473
1242    0.005229
1272    0.005325
1294    0.024583
1345    0.008141
1346    0.007002
1490    0.003918
1619    0.010003
1715    0.008678
1736    0.010847
1741    0.002732
1806    0.011692
1862    0.002972
2050    0.008141
2054    0.010526
2096    0.008678
2334    0.017099
2396    0.003930
2432    0.007553
2499    0.015748
2675    0.054768
2684    0.004904
2692    0.026272
3238    0.010699
3326    0.010365
3327    0.006472
3449    0.013136
3544    0.013136
3682    0.009585
3776    0.011692
3897    0.019417
3905    0.007714
3961    0.010847
4051    0.012291
4075    0.007234
4207    0.008048
4282    0.008804
4351    0.008804
4450    0.007911
4461    0.010850
4943    0.013136
5043    0.002145
5044    0.006270
5096    0.011461
5103    0.014004
5104    0.013136
5236    0.013136
5372    0.018164
5400    0.013136
5670    0.017877
5713    0.033682
5749    0.012291
5975    0.008944
6076    0.008804
6352    0.011692
6596    0.003671
6598    0.003762
6624    0.007874
6719    0.004904
6727    0.008938
6779    0.010847
6920    0.007234
7026    0.012291
7077    0.007494
7204    0.011692
7625    0.012291
7632    0.006844
7636    0.006016
7642    0.005884
7664    0.012291
7704    0.007234
7736    0.004285
7762    0.010847
7770    0.007360
7802    0.001933
7833    0.007477
7839    0.010847
8021    0.005531
8094    0.010526
8131    0.012618
8153    0.007494
8200    0.005916
8345    0.010526
8362    0.024776
8363    0.016892
8487    0.016281
8500    0.003206
8585    0.009082
8596    0.007737
8677    0.011227
8729    0.008339
8766    0.013136
8769    0.017355
8868    0.008678
8957    0.009585
9127    0.007173
9168    0.015585
9179    0.006194
9200    0.003968
9282    0.004361
9301    0.006844
9336    0.013790
9368    0.009783
9499    0.009237
9510    0.010411
9517    0.003401
9631    0.005558
9687    0.007173
9798    0.004087
10108    0.008339
10428    0.010847
10439    0.010847
10604    0.012291
10723    0.022695
10881    0.006270
10965    0.017608
11096    0.013136
11103    0.001654
11117    0.003616
11141    0.009585
11178    0.010601
11271    0.005137
11279    0.005325
11434    0.008014
11503    0.003401
11569    0.012424
11600    0.008446
11603    0.010847
11683    0.002747
11707    0.011692
11715    0.009082
11729    0.004788
11743    0.010847
11750    0.003905
11901    0.013136
11928    0.006895
11938    0.007959
11966    0.018810
11968    0.007426
11995    0.010847
12062    0.022454
12085    0.015214
12087    0.018807
12127    0.007234
12365    0.005451
12434    0.008141
12659    0.004925
12660    0.005252
12674    0.008804
12684    0.003069
12907    0.005852
13014    0.009618
13078    0.008339
13152    0.016892
13409    0.030744
13466    0.010233
13591    0.007002
13593    0.010526
13834    0.012291
14074    0.009403
14218    0.009783
14240    0.010003
14339    0.011227
14340    0.011704
14341    0.013208
14343    0.006016
14345    0.018164
14354    0.009082
14412    0.005820
14527    0.007565
14537    0.004100
14682    0.009403
14769    0.013587
14773    0.007426
14863    0.006948
15170    0.010248
15191    0.011692
15342    0.007793
15444    0.011692
15468    0.005759
15497    0.004884
15668    0.009783
15801    0.005916
16275    0.010847
16349    0.008237
16362    0.006744
16432    0.016925
16443    0.010248
16508    0.018473
16519    0.035076
16585    0.007628
16705    0.007641
16899    0.008804
16907    0.016239
16945    0.052461
16955    0.011399
17017    0.008446
17018    0.009403
17080    0.044557
17081    0.012291
17101    0.016123
17111    0.006157
17117    0.021378
17122    0.007057
17129    0.008879
17130    0.013136
17407    0.004695
17465    0.010526
17519    0.007874
17521    0.007714
17547    0.007360
17635    0.008938
17747    0.011227
17893    0.010248
17955    0.011692
17964    0.007638
18097    0.009237
18159    0.005585
18160    0.008048
18203    0.004845
18374    0.008938
18400    0.010847
18436    0.008678
18440    0.008938
18452    0.007714
18484    0.024583
18614    0.008141
18713    0.006085
18770    0.013136
18772    0.013136
18800    0.011692
18888    0.004884
18911    0.023384
18922    0.012291
19055    0.023384
19056    0.020496
19165    0.013136
19177    0.004183
19206    0.013136
19225    0.004904
19248    0.008559
19346    0.010248
19410    0.005395
19464    0.008146
19535    0.005300
19836    0.013587
19844    0.001364
20056    0.009403
20206    0.012291
20233    0.007173
20260    0.001239
20409    0.042687
20464    0.004376
20516    0.026272
20543    0.011692
20609    0.009585
20700    0.007793
20713    0.007886
20714    0.004807
20740    0.011692
20771    0.006232
20803    0.005788
20805    0.010847
20857    0.013136
20858    0.012291
20986    0.008446
20994    0.012540
21003    0.008048
21006    0.019566
21016    0.005531
21019    0.017555
21086    0.006844
21087    0.008482
21105    0.030744
21150    0.001663
21152    0.006515
21243    0.003306
21269    0.007793
