190
1    0.014302
67    0.025106
441    0.014191
1037    0.025106
1245    0.011409
1255    0.013978
1272    0.010876
1309    0.009779
1323    0.026831
1456    0.013582
1480    0.013876
1712    0.010493
1941    0.009553
1942    0.014415
1949    0.009977
1993    0.018866
2071    0.020932
2174    0.013978
2297    0.012806
2298    0.020932
2432    0.005143
2570    0.023882
2589    0.014775
2609    0.011352
2706    0.008292
2872    0.013397
3298    0.013134
3341    0.009553
3457    0.022932
3483    0.036053
3559    0.015168
3618    0.010314
3943    0.013220
4141    0.012652
4206    0.015168
4240    0.024408
4245    0.010184
4492    0.021457
4573    0.044313
4774    0.013978
4778    0.015756
4829    0.022932
4863    0.019983
4873    0.016438
4926    0.010826
5051    0.026831
5052    0.022156
5081    0.017251
5526    0.022156
5537    0.012728
5719    0.008459
6050    0.010142
6076    0.017983
6370    0.025106
6689    0.015452
6940    0.030066
7097    0.011466
7168    0.005926
7180    0.014084
7234    0.019577
7261    0.037102
7466    0.010493
7635    0.025106
7650    0.011134
7736    0.008753
7750    0.016084
7760    0.020932
8170    0.011826
8290    0.029781
8323    0.010728
8457    0.022932
8471    0.025106
8534    0.009590
8690    0.019983
8711    0.010314
8836    0.023882
8837    0.013978
8881    0.016257
9023    0.011187
9256    0.010680
9518    0.006337
9739    0.014652
9916    0.020431
9945    0.012728
10027    0.018257
10096    0.014302
10342    0.023882
10420    0.011953
10478    0.013978
10586    0.020431
11103    0.006757
11146    0.009936
11181    0.008238
11197    0.019577
11207    0.010680
11315    0.025106
11334    0.009003
11415    0.012430
11434    0.008184
11439    0.012151
11531    0.010059
11697    0.018866
11704    0.025106
11809    0.039965
11938    0.016257
12071    0.010826
12202    0.013582
12292    0.177247
12293    0.021500
12300    0.007636
12566    0.043001
12820    0.014532
12911    0.019179
12987    0.004275
13172    0.022932
13256    0.020431
13351    0.006987
13357    0.004170
13509    0.029781
13533    0.015033
13553    0.018866
13775    0.015308
13862    0.086015
13886    0.007431
13910    0.008184
14046    0.023882
14141    0.021500
14191    0.025106
14348    0.019983
14350    0.016257
14359    0.014302
14742    0.006080
14745    0.006829
14750    0.020431
14801    0.029781
14815    0.017942
14992    0.020932
15023    0.028604
15032    0.013220
15072    0.014902
15245    0.017983
15550    0.015168
15551    0.021554
15556    0.012806
15591    0.012728
15906    0.010270
15958    0.017983
16042    0.022932
16061    0.017725
16116    0.008845
16207    0.013220
16333    0.014775
16385    0.017033
16585    0.005194
16705    0.007803
16901    0.025106
16940    0.094331
17103    0.021752
17125    0.017983
17127    0.022932
17144    0.006715
17440    0.022156
17531    0.008488
17867    0.015452
18005    0.007590
18203    0.009897
18382    0.011297
18435    0.010539
18637    0.022156
18652    0.007731
19416    0.010142
19426    0.005849
19844    0.005571
20008    0.029781
20226    0.015308
20260    0.005063
20359    0.016257
20530    0.021500
20689    0.021500
20695    0.012967
20844    0.012436
20946    0.016056
20964    0.009101
20999    0.020932
21115    0.006987
21150    0.006791
21188    0.013776
21243    0.006753
21247    0.008635
21282    0.029781
