72
161    0.034366
1260    0.043054
1699    0.019325
1746    0.024959
1862    0.016586
2539    0.033577
2867    0.033202
3338    0.035433
3483    0.032839
3942    0.034994
3944    0.051614
4023    0.020305
4102    0.043949
4123    0.058751
4240    0.033349
4245    0.055659
4611    0.052484
4743    0.119128
4926    0.029583
5043    0.011974
5212    0.028184
5912    0.057198
6409    0.055829
6507    0.039081
7401    0.054604
7459    0.044919
7595    0.026408
7714    0.035433
7736    0.023917
7750    0.043949
8078    0.065466
8837    0.038197
9159    0.055829
9231    0.045977
9411    0.015449
9526    0.041829
9618    0.057198
9944    0.036859
10605    0.024426
10825    0.065258
11328    0.058751
11415    0.033965
11661    0.039081
12202    0.037115
12292    0.048434
12388    0.057198
12398    0.062664
12439    0.060544
12675    0.050284
12855    0.018821
13434    0.007389
13445    0.047769
13863    0.081442
13865    0.073718
13906    0.040037
13980    0.060544
14004    0.057198
14350    0.044424
14742    0.016613
14815    0.024513
15554    0.047769
16317    0.034781
16362    0.037643
16923    0.022584
16929    0.044919
18382    0.030869
18719    0.040037
20458    0.052484
20695    0.035433
20837    0.057198
20894    0.022437
20950    0.094281
