84
103    0.023785
119    0.060824
314    0.030113
853    0.074171
855    0.032679
857    0.033865
858    0.031415
923    0.037435
1245    0.027639
2054    0.052089
2333    0.041795
2334    0.028204
2977    0.072150
3260    0.053678
3706    0.037435
4051    0.060824
4301    0.032240
5372    0.044943
5749    0.060824
6632    0.036103
7699    0.072150
7704    0.035795
7802    0.009565
7839    0.053678
8078    0.014511
8131    0.031219
8155    0.057858
8795    0.055557
9129    0.042352
9263    0.052089
9336    0.034120
9945    0.030837
10720    0.057858
10723    0.037435
10888    0.041795
11448    0.052089
11715    0.044943
11928    0.034120
11938    0.039386
11966    0.062052
12098    0.037797
12127    0.071591
12670    0.048412
13152    0.041795
13228    0.023143
13434    0.006551
13466    0.016879
13591    0.034649
13761    0.060824
13834    0.060824
14240    0.049498
15444    0.057858
15927    0.030113
16432    0.055836
16945    0.259600
16946    0.034924
17051    0.021131
17080    0.036748
17141    0.074171
17403    0.052089
17407    0.046466
17547    0.036420
18018    0.037435
18319    0.024171
18484    0.060824
18888    0.024171
18911    0.057858
18921    0.072150
19094    0.060824
19232    0.022624
19278    0.012943
19464    0.020156
20233    0.035497
20409    0.035206
20464    0.021656
20543    0.057858
20697    0.060824
20805    0.053678
20868    0.015909
20994    0.031026
21018    0.041266
21086    0.067731
21129    0.016268
21269    0.038561
