292
17    0.012095
219    0.004186
271    0.009915
288    0.012042
429    0.019830
432    0.011221
433    0.009108
453    0.007243
469    0.004694
568    0.005807
608    0.015083
674    0.008234
840    0.019455
841    0.015083
949    0.015083
1188    0.007614
1243    0.009247
1245    0.005778
1260    0.007980
1276    0.007028
1326    0.008421
1482    0.012715
1698    0.004092
1699    0.001791
1712    0.005314
1741    0.002827
1762    0.003867
1934    0.010601
2047    0.008568
2084    0.005269
2090    0.009915
2093    0.004511
2113    0.006120
2173    0.004495
2278    0.006120
2297    0.012972
2365    0.012715
2524    0.010348
2539    0.006223
2545    0.012095
2920    0.006652
3020    0.030166
3029    0.006652
3090    0.006408
3301    0.127758
3341    0.009676
3369    0.010348
3567    0.003549
3675    0.018996
3685    0.009555
3743    0.018045
3788    0.006832
3861    0.007360
3912    0.007301
3928    0.012095
3944    0.038265
3950    0.008234
4010    0.013589
4128    0.009247
4240    0.006181
4245    0.005158
4260    0.005458
4480    0.006927
4492    0.021734
4500    0.006695
4524    0.010889
4525    0.010348
4527    0.020241
4533    0.015083
4633    0.012715
4672    0.008854
4736    0.015083
4777    0.011978
4798    0.008854
4849    0.010348
4926    0.010966
5004    0.013589
5043    0.002219
5044    0.006486
5051    0.013589
5081    0.008737
5096    0.007904
5179    0.007682
5209    0.007421
5211    0.033477
5347    0.008522
5374    0.009728
5430    0.030166
5515    0.004092
5693    0.012715
5744    0.011614
5745    0.018461
5920    0.008977
6126    0.012095
6169    0.010889
6251    0.007301
6488    0.010889
6495    0.008522
6497    0.007980
6532    0.007243
6579    0.012095
6719    0.005074
6734    0.006259
6788    0.010601
7168    0.006003
7199    0.004660
7241    0.007187
7286    0.007360
7380    0.022885
7389    0.011221
7464    0.008146
7504    0.010889
7524    0.004313
7619    0.009459
7722    0.012095
7753    0.008237
7890    0.012715
7892    0.005866
7895    0.008234
8078    0.006067
8181    0.004933
8223    0.006652
8265    0.011614
8343    0.007826
8417    0.010106
8503    0.010889
8532    0.009728
8630    0.005183
8689    0.008737
8777    0.006486
8805    0.012815
8837    0.007080
8848    0.008737
8869    0.060332
8903    0.030166
8918    0.004992
9105    0.008977
9319    0.008061
9510    0.005385
9532    0.009395
9746    0.008325
9890    0.010889
9925    0.013589
9945    0.019340
9947    0.003518
10000    0.016651
10116    0.007421
10282    0.013589
10335    0.008522
10354    0.010770
10355    0.016122
10420    0.006054
10525    0.006740
10558    0.008737
10586    0.010348
10668    0.007080
10717    0.011614
10774    0.007547
10837    0.004747
10986    0.010601
11103    0.006844
11112    0.004186
11117    0.003741
11160    0.006408
11218    0.006454
11253    0.010889
11255    0.010348
11310    0.009555
11315    0.012715
11440    0.007614
11772    0.012095
11809    0.020241
11841    0.002489
11880    0.012095
11938    0.008234
12109    0.006740
12110    0.004079
12300    0.003867
12475    0.009915
12591    0.008959
12817    0.005137
12827    0.030166
12983    0.013162
12985    0.010348
12987    0.008660
13089    0.011221
13191    0.012095
13198    0.007483
13241    0.008421
13256    0.010348
13319    0.004914
13351    0.021232
13353    0.011673
13355    0.007017
13434    0.002739
13497    0.008146
13530    0.006120
13580    0.003675
13644    0.008522
13865    0.006832
13884    0.054646
13885    0.015083
14065    0.005346
14085    0.009728
14106    0.011221
14322    0.006879
14350    0.008234
14352    0.011221
14425    0.007098
14532    0.015083
14592    0.009108
14742    0.003079
14746    0.006021
14815    0.040891
14816    0.018493
14817    0.008234
14871    0.010601
14874    0.005434
14896    0.012095
14919    0.008854
14941    0.015083
14996    0.008421
14997    0.013758
15283    0.009915
15297    0.010889
15503    0.006021
15555    0.005202
15756    0.015083
15791    0.023228
15818    0.004593
16237    0.004145
16300    0.010889
16313    0.010348
16315    0.012715
16317    0.038679
16410    0.144866
16411    0.075415
16472    0.010121
16490    0.006609
16585    0.008768
16705    0.019760
16732    0.003752
16941    0.005639
17052    0.033699
17053    0.006086
17054    0.015960
17103    0.011017
17111    0.019109
17318    0.013589
17369    0.005989
17761    0.007826
18498    0.013589
18650    0.010348
18719    0.007421
18721    0.015083
18883    0.004626
18888    0.005053
19127    0.003940
19261    0.009023
19366    0.008385
19377    0.012095
19426    0.002962
19635    0.010121
19685    0.011224
19707    0.009866
19742    0.009108
19751    0.007080
19760    0.009108
19773    0.003786
19844    0.002822
19978    0.011221
20048    0.010348
20119    0.015083
20145    0.012095
20260    0.003847
20518    0.015083
20535    0.007753
20686    0.008522
20714    0.004972
20727    0.012095
20824    0.012173
20830    0.006785
20868    0.006652
20946    0.004066
20947    0.011614
20964    0.009219
20993    0.005409
21118    0.005836
21150    0.001720
21243    0.017100
21247    0.013119
21279    0.010818
