609
115    0.003116
147    0.004285
161    0.003079
219    0.002023
267    0.003194
292    0.005424
314    0.003043
321    0.006146
341    0.005846
365    0.007290
368    0.006146
372    0.004792
379    0.007290
399    0.007290
440    0.004339
447    0.006472
481    0.003079
632    0.004402
702    0.002713
738    0.005263
786    0.002850
822    0.003617
827    0.007290
920    0.003194
1157    0.002591
1240    0.002312
1242    0.002614
1245    0.005585
1267    0.005614
1278    0.009773
1307    0.005614
1309    0.002394
1345    0.004070
1374    0.005001
1396    0.005846
1433    0.003980
1451    0.001735
1490    0.003918
1529    0.002807
1680    0.003079
1691    0.006962
1699    0.001731
1741    0.004099
1746    0.011180
1747    0.003174
1762    0.005608
1809    0.006146
1862    0.001486
1880    0.007290
1919    0.002558
1957    0.005124
2048    0.002926
2114    0.002895
2120    0.002312
2167    0.004541
2172    0.006844
2173    0.002173
2192    0.009082
2281    0.002835
2295    0.005124
2359    0.007290
2369    0.007290
2373    0.006146
2380    0.003302
2396    0.001965
2432    0.001259
2468    0.004792
2510    0.004223
2512    0.005424
2558    0.003980
2604    0.002536
2675    0.003043
2684    0.002452
2688    0.002546
2706    0.002030
2711    0.003079
2744    0.001953
2826    0.010586
2847    0.005846
2857    0.002779
2867    0.005949
2897    0.006568
2920    0.006430
2923    0.006568
2929    0.004892
2981    0.003501
2988    0.008141
3000    0.007290
3282    0.003529
3297    0.002779
3338    0.003174
3355    0.006146
3356    0.007290
3393    0.003397
3396    0.002442
3473    0.071922
3479    0.011040
3483    0.005884
3521    0.011139
3563    0.002294
3593    0.002099
3594    0.009403
3635    0.003043
3654    0.022914
3686    0.003372
3754    0.006895
3838    0.012291
3856    0.007290
3858    0.006472
3886    0.003325
3921    0.004339
3933    0.009237
3977    0.004402
3982    0.007290
3983    0.004892
3991    0.005001
4001    0.011139
4023    0.001819
4072    0.004541
4099    0.003474
4135    0.015393
4144    0.012291
4195    0.001965
4198    0.004024
4240    0.022406
4245    0.004986
4354    0.007874
4378    0.003372
4384    0.005263
4406    0.003680
4457    0.005001
4488    0.003557
4505    0.003557
4521    0.004792
4546    0.011227
4628    0.005846
4673    0.003896
4696    0.004892
4707    0.004892
4729    0.004750
4730    0.003501
4859    0.003937
4860    0.004170
4864    0.005424
4899    0.002158
4926    0.002650
4927    0.003713
4928    0.005263
4931    0.004892
4995    0.005001
5043    0.002145
5075    0.002537
5081    0.004223
5089    0.009783
5096    0.007641
5172    0.005263
5260    0.002958
5352    0.002662
5355    0.004339
5374    0.004702
5431    0.006146
5482    0.004618
5495    0.005594
5523    0.002910
5567    0.002050
5570    0.004170
5577    0.004618
5578    0.002765
5583    0.004541
5602    0.003397
5614    0.002504
5615    0.006194
5620    0.004223
5628    0.004169
5718    0.006050
5739    0.003448
5768    0.005424
5838    0.006146
5869    0.004024
5962    0.003557
5987    0.004223
6036    0.003557
6203    0.009783
6403    0.003557
6467    0.004541
6476    0.007290
6493    0.007290
6494    0.007290
6507    0.003501
6566    0.006568
6596    0.001835
6632    0.003648
6655    0.005642
6689    0.007565
6697    0.003648
6700    0.004618
6705    0.002472
6719    0.004904
6733    0.006146
6752    0.005424
6756    0.005504
6758    0.014308
6762    0.002821
6835    0.005001
6836    0.005424
6863    0.005424
6864    0.003680
6888    0.004541
6918    0.005820
6994    0.003783
7004    0.005846
7020    0.005263
7042    0.006146
7045    0.006568
7127    0.005846
7168    0.001451
7286    0.010672
7441    0.003501
7446    0.004469
7514    0.003819
7524    0.002085
7537    0.004402
7571    0.011399
7574    0.005001
7619    0.002286
7631    0.002895
7736    0.004285
7798    0.003713
7802    0.010631
7833    0.003739
7857    0.005424
7964    0.003680
7985    0.003587
8019    0.001756
8031    0.005846
8078    0.005865
8107    0.001667
8136    0.006568
8151    0.006568
8233    0.005585
8343    0.003783
8407    0.003154
8417    0.002442
8476    0.006989
8551    0.007290
8559    0.007290
8596    0.001934
8603    0.004070
8613    0.009024
8616    0.004024
8630    0.002505
8639    0.002807
8640    0.003648
8648    0.005614
8711    0.002525
8712    0.003783
8725    0.005846
8831    0.009783
8881    0.003980
8908    0.007290
8928    0.007290
8964    0.011518
8984    0.005729
8986    0.006568
9016    0.002603
9159    0.005001
9196    0.005614
9237    0.007290
9282    0.002180
9320    0.006085
9339    0.005846
9353    0.007290
9357    0.004070
9361    0.005137
9411    0.001384
9445    0.005001
9459    0.003448
9510    0.002603
9517    0.001701
9518    0.018614
9650    0.006146
9664    0.002442
9822    0.006568
9834    0.004223
9873    0.002269
9877    0.004792
9917    0.026316
9918    0.011227
9919    0.020848
9920    0.007290
9946    0.004119
9947    0.001701
9951    0.016271
10000    0.004024
10140    0.002312
10244    0.003474
10401    0.004223
10421    0.011704
10544    0.006568
10605    0.004376
10608    0.006146
10637    0.003372
10714    0.010099
10784    0.008141
11020    0.006568
11051    0.003587
11087    0.002546
11103    0.004962
11105    0.007290
11117    0.003616
11136    0.011692
11178    0.002650
11181    0.006050
11182    0.003617
11201    0.001725
11213    0.002321
11218    0.007798
11241    0.004792
11355    0.002834
11373    0.004892
11374    0.005001
11380    0.005263
11439    0.005949
11563    0.011692
11637    0.006146
11683    0.002747
11750    0.001953
11772    0.005846
11786    0.003587
11947    0.003617
12053    0.003372
12072    0.009237
12084    0.002974
12109    0.003258
12110    0.003943
12118    0.003302
12151    0.005001
12162    0.003422
12210    0.006568
12272    0.004469
12344    0.006568
12358    0.009082
12364    0.004541
12413    0.003680
12510    0.004702
12556    0.014580
12579    0.005614
12591    0.002165
12698    0.006568
12765    0.002277
12840    0.005001
12853    0.006962
12855    0.008430
12865    0.004170
12904    0.001910
12928    0.002662
12946    0.004469
12987    0.010464
12995    0.003617
13008    0.003174
13014    0.001603
13108    0.006568
13125    0.003348
13141    0.004618
13195    0.003501
13246    0.013855
13300    0.004892
13348    0.005949
13351    0.013683
13352    0.002204
13355    0.001696
13434    0.005958
13466    0.001705
13495    0.008237
13497    0.003937
13529    0.009236
13533    0.007360
13610    0.005001
13633    0.004702
13719    0.013136
13750    0.005263
13759    0.006146
13771    0.006568
13841    0.013408
13865    0.009906
13866    0.003025
13871    0.003501
13899    0.002926
13906    0.003587
13980    0.005424
14058    0.007714
14065    0.001723
14090    0.005424
14176    0.005424
14320    0.002472
14331    0.003783
14358    0.003747
14359    0.003501
14406    0.004424
14425    0.001715
14445    0.003116
14460    0.007290
14485    0.002687
14523    0.002926
14603    0.005001
14604    0.003119
14640    0.005124
14694    0.005846
14717    0.003043
14729    0.004279
14742    0.014139
14745    0.003344
14746    0.002910
14803    0.004892
14809    0.004541
14830    0.005614
14919    0.004279
14943    0.004279
14944    0.008874
14945    0.004892
15016    0.006016
15019    0.003079
15026    0.004469
15063    0.004169
15065    0.005424
15130    0.008446
15140    0.001997
15204    0.002423
15224    0.006146
15299    0.002850
15326    0.007290
15328    0.006568
15334    0.003501
15344    0.002662
15451    0.008446
15566    0.005846
15596    0.004339
15600    0.003302
15672    0.003896
15677    0.004119
15740    0.013136
15903    0.004279
15928    0.005093
15931    0.002910
15939    0.003617
16029    0.002880
16030    0.002675
16051    0.007290
16176    0.003713
16237    0.002003
16278    0.006146
16353    0.003280
16362    0.003372
16399    0.007290
16436    0.003857
16437    0.003043
16501    0.002143
16585    0.003390
16626    0.005614
16705    0.003820
16706    0.003747
16732    0.003627
16743    0.003154
16749    0.011692
16771    0.004618
16794    0.004170
16892    0.007173
16907    0.002030
16923    0.002023
16941    0.004088
16944    0.001965
16950    0.003501
16954    0.003680
16958    0.003097
17025    0.003043
17027    0.004845
17056    0.004279
17093    0.003501
17101    0.002687
17103    0.002662
17105    0.004226
17117    0.003563
17123    0.004170
17125    0.004402
17154    0.005124
17209    0.004469
17210    0.004170
17229    0.007290
17313    0.003302
17345    0.003280
17438    0.003325
17451    0.003025
17484    0.004861
17496    0.003587
17529    0.002793
17598    0.006568
17658    0.005263
17735    0.005124
17755    0.003896
17785    0.005846
17821    0.007706
17829    0.003648
17905    0.005424
17913    0.003501
17922    0.002591
17931    0.003348
17941    0.011227
17982    0.004892
18082    0.003116
18105    0.003819
18118    0.005614
18133    0.003194
18167    0.001122
18180    0.003937
18182    0.002249
18253    0.004024
18256    0.014467
18282    0.002260
18317    0.005852
18385    0.004339
18418    0.004792
18429    0.006568
18491    0.005614
18496    0.004702
18553    0.003557
18619    0.001875
18652    0.003785
18668    0.009839
18670    0.002536
18806    0.006146
18807    0.003783
18841    0.002821
18882    0.004717
18972    0.007426
18993    0.003448
19097    0.002865
19151    0.002546
19184    0.006146
19189    0.006568
19261    0.002180
19266    0.008453
19278    0.002616
19308    0.007290
19321    0.007290
19344    0.005424
19366    0.001013
19392    0.005614
19426    0.001432
19460    0.003382
19533    0.007290
19553    0.005424
19569    0.007874
19608    0.004618
19707    0.002384
19772    0.002483
19820    0.002462
19838    0.005424
19844    0.002046
19859    0.007290
19988    0.005263
20090    0.002474
20095    0.004024
20131    0.003857
20226    0.003747
20274    0.002536
20275    0.001787
20452    0.002603
20464    0.002188
20537    0.006568
20565    0.007290
20620    0.006518
20626    0.005982
20627    0.002926
20648    0.002865
20672    0.003713
20688    0.003422
20689    0.010526
20768    0.001715
20776    0.006744
20778    0.003422
20797    0.004339
20824    0.002942
20830    0.003280
20844    0.001522
20847    0.004892
20848    0.005677
20868    0.003215
20901    0.004521
20946    0.021616
20950    0.004223
20964    0.004456
20969    0.003348
20983    0.006832
20993    0.002614
21016    0.005531
21019    0.002926
21023    0.005846
21058    0.004270
21063    0.004119
21085    0.002865
21111    0.003043
21115    0.010262
21122    0.002394
21143    0.005124
21150    0.001663
21247    0.004227
21279    0.005229
21293    0.005424
21346    0.003937
