162
103    0.022291
161    0.014278
271    0.022225
552    0.012762
970    0.033809
978    0.013718
1072    0.016365
1179    0.028502
1309    0.011102
1423    0.014111
1699    0.004014
1746    0.010369
2102    0.008461
2712    0.033809
2756    0.022686
2867    0.041382
3473    0.011913
3931    0.022225
3991    0.023195
4102    0.018259
4123    0.024409
4179    0.016498
4240    0.034637
4245    0.011562
4338    0.027112
4926    0.024581
5260    0.013718
5389    0.022686
5495    0.006486
5912    0.023764
6050    0.011514
6376    0.017378
6409    0.023195
6460    0.017220
6864    0.017067
6908    0.016721
7168    0.006728
7188    0.011965
7537    0.020415
7538    0.033809
7595    0.010972
7646    0.030461
7736    0.009937
7802    0.004482
8078    0.020399
8220    0.016111
8223    0.014911
8323    0.012180
8417    0.011326
8476    0.010804
8533    0.011190
8594    0.013017
8596    0.008970
8598    0.027112
8622    0.020296
8630    0.005809
8688    0.017542
8689    0.019585
8690    0.022686
8711    0.011709
8837    0.015869
8919    0.033809
9152    0.016365
9159    0.023195
9231    0.019101
9242    0.016498
9395    0.019846
9411    0.006418
9442    0.015420
9510    0.024142
9517    0.015773
9518    0.021581
9526    0.017378
9681    0.033809
9687    0.016634
9777    0.015639
9947    0.007887
9976    0.018070
10310    0.025153
10311    0.025153
10478    0.015869
10605    0.020296
10773    0.011514
10892    0.022678
11103    0.007671
11112    0.009383
11203    0.023825
11271    0.011913
11334    0.010221
11355    0.006571
11519    0.041154
11569    0.009603
11655    0.019337
11661    0.016236
11841    0.011159
11975    0.021418
12005    0.006800
12398    0.026034
12503    0.027112
12663    0.028502
12675    0.010446
12684    0.014232
12765    0.010562
12987    0.009706
13050    0.008538
13434    0.006140
13865    0.045940
13886    0.008436
13980    0.025153
14065    0.003994
14350    0.018456
14604    0.007233
14611    0.018259
14742    0.017255
14745    0.007753
14746    0.013497
14830    0.026034
15026    0.020727
15344    0.012347
15497    0.011326
15697    0.036518
16220    0.023195
16237    0.009291
16362    0.015639
16585    0.001965
16722    0.030461
16729    0.011020
16923    0.009383
16949    0.017887
16959    0.010184
17029    0.014911
17103    0.024694
17616    0.018877
17984    0.023764
18021    0.021060
18182    0.015647
18655    0.010804
18670    0.011759
18719    0.016634
18807    0.017542
19138    0.023195
19169    0.013569
19226    0.008024
19261    0.010112
19366    0.014096
19426    0.006640
19636    0.025153
19707    0.022116
19844    0.003162
20090    0.011472
20648    0.013285
20688    0.015869
20768    0.015910
20946    0.027341
21072    0.030461
21088    0.019846
21118    0.013082
21122    0.011102
21247    0.004901
21264    0.013950
21279    0.012125
21288    0.026034
