107
3    0.044191
103    0.018167
147    0.016196
469    0.017151
1097    0.018461
1262    0.022609
1278    0.049249
1480    0.025676
1709    0.044191
1712    0.019417
1846    0.019249
2799    0.055106
2819    0.017475
4240    0.011291
4243    0.055106
4458    0.033783
5043    0.016217
5495    0.031713
5501    0.010937
6409    0.037805
6699    0.030417
6778    0.032798
6908    0.013627
7053    0.025491
7168    0.010966
7466    0.019417
7552    0.049649
7709    0.025133
7802    0.007305
8078    0.011083
8476    0.035218
8533    0.018239
8581    0.012219
8598    0.044191
8622    0.016541
8688    0.028592
8978    0.034910
9256    0.019763
9330    0.046456
9356    0.049649
9361    0.038833
9510    0.019675
9518    0.011725
9834    0.063844
9885    0.040998
9917    0.039784
10074    0.015812
10610    0.026890
10646    0.057737
10668    0.025866
11103    0.031258
11354    0.044191
11355    0.010710
11503    0.025709
11528    0.018239
11570    0.034430
11661    0.026464
12046    0.030767
12202    0.050265
12300    0.014130
12364    0.034326
12591    0.016366
13434    0.005004
13865    0.024960
14065    0.006510
14425    0.012966
14742    0.005625
15140    0.015095
15299    0.021542
15488    0.021216
15818    0.016779
15947    0.031922
16117    0.019675
16585    0.003203
16743    0.023844
17484    0.009186
17949    0.023844
17950    0.106621
18250    0.055106
18382    0.020903
18524    0.040998
18670    0.019167
18719    0.027112
18882    0.023773
19169    0.022117
19177    0.015812
19211    0.034910
19226    0.026157
19366    0.015317
19370    0.017542
19410    0.010195
19426    0.010823
19453    0.018536
19773    0.013833
19817    0.021542
19820    0.018612
20131    0.029155
20260    0.004685
20894    0.015194
20910    0.024462
20946    0.014855
21088    0.032348
21115    0.012929
21146    0.022867
21150    0.006283
21243    0.012495
21247    0.007989
