201
523    0.024177
552    0.010279
1091    0.013626
1184    0.008059
1416    0.012507
1419    0.018682
1595    0.014407
1662    0.013746
1691    0.008669
1966    0.037364
1999    0.017901
2058    0.013626
2102    0.006815
2230    0.017563
2589    0.013510
2693    0.017563
2856    0.022957
3087    0.024534
3140    0.013510
3455    0.019140
3459    0.019660
3472    0.015985
3521    0.013870
3571    0.010038
3574    0.011049
3575    0.026795
3617    0.016694
3618    0.009431
3619    0.021182
3647    0.007683
3688    0.012507
4141    0.011569
4142    0.025564
4153    0.012878
4173    0.012507
4260    0.009854
4324    0.009471
4328    0.040193
4344    0.016963
4354    0.014707
4488    0.013288
4801    0.018272
4810    0.011432
5020    0.011110
5063    0.018272
5075    0.014215
5084    0.025376
5096    0.021405
5548    0.012169
5776    0.020969
5795    0.027232
5856    0.008735
5988    0.011049
6319    0.012976
6406    0.018682
6451    0.016694
6655    0.010537
6697    0.013626
6758    0.011877
6761    0.007460
6788    0.019140
6844    0.010591
6850    0.021837
7270    0.016207
7387    0.016963
7489    0.016694
7558    0.019140
7679    0.016207
7714    0.011857
7748    0.012688
7802    0.003610
7833    0.006983
8025    0.007460
8078    0.005477
8107    0.006227
8218    0.006616
8286    0.020969
8428    0.013078
8442    0.020659
8816    0.052725
8982    0.021837
9068    0.016443
9229    0.016963
9518    0.005794
9947    0.006352
10096    0.013078
10098    0.027232
10150    0.016963
10261    0.006815
10290    0.009431
10382    0.016207
10451    0.031150
10454    0.047730
10701    0.060817
10794    0.011173
10897    0.007948
10916    0.017563
11112    0.007557
11138    0.014129
11180    0.024423
11229    0.020260
11416    0.015204
11527    0.014554
11569    0.007735
11591    0.013288
11683    0.005130
11729    0.017883
11750    0.007294
11841    0.004494
11946    0.027232
12046    0.015204
12283    0.005362
12346    0.016207
12591    0.008088
12618    0.022864
12765    0.017014
12820    0.013288
12861    0.074728
12920    0.013997
12949    0.011933
12983    0.015842
12987    0.003909
13151    0.014707
13319    0.017743
13357    0.003813
13434    0.002473
13501    0.020757
13556    0.021837
13584    0.069987
13585    0.031549
13591    0.013078
13866    0.022601
13892    0.014129
13899    0.010929
14065    0.003217
14113    0.018272
14439    0.006558
14441    0.016207
14537    0.007658
14604    0.011652
14742    0.002780
14745    0.006245
14780    0.013870
14906    0.015775
14944    0.011049
15212    0.013510
15342    0.014554
15379    0.022957
15478    0.013288
15507    0.014129
15764    0.012688
15820    0.009431
15925    0.020260
16030    0.009991
16047    0.014866
16321    0.010038
16485    0.017674
16490    0.023865
16501    0.008003
16509    0.009391
16585    0.004749
16705    0.014270
16941    0.005090
16977    0.017901
17144    0.012280
17484    0.004539
17669    0.006463
18133    0.011933
18167    0.004190
18182    0.004201
18203    0.009049
18247    0.010085
18282    0.004222
18333    0.017251
18383    0.008476
18486    0.022957
18509    0.015985
18589    0.015575
18655    0.026105
18656    0.015385
18668    0.036751
19037    0.011236
19234    0.020969
19261    0.008145
19277    0.012250
19343    0.015385
19460    0.006316
19563    0.019660
19835    0.019660
20071    0.016207
20150    0.016207
20251    0.011173
20274    0.009471
20275    0.006674
20288    0.016207
20534    0.018172
20620    0.016232
20742    0.012507
20868    0.006005
20901    0.008444
21150    0.003105
