38
103    0.057679
271    0.115015
1278    0.078183
2684    0.058853
3338    0.076182
3393    0.081521
3473    0.061648
4240    0.035850
7736    0.051422
8476    0.055908
8598    0.140305
9183    0.110839
9917    0.126315
9947    0.040813
10714    0.060595
11729    0.057451
12508    0.088319
12853    0.055696
12987    0.025114
13141    0.110839
13351    0.041048
13495    0.098850
13864    0.108986
14065    0.020670
14604    0.037431
14742    0.053578
14944    0.070991
16148    0.084690
16585    0.010171
17496    0.086079
18182    0.026990
18340    0.071384
19410    0.032368
19608    0.110839
20090    0.029684
20648    0.068750
20768    0.041166
21115    0.041048
