276
147    0.005261
161    0.015117
506    0.016126
578    0.017899
599    0.017899
952    0.017899
1099    0.006307
1120    0.014353
1240    0.005676
1262    0.007344
1309    0.005877
1353    0.017899
1423    0.022412
1451    0.008521
1480    0.025019
1490    0.019238
1514    0.007998
1689    0.005698
1692    0.008529
1809    0.045268
1862    0.007296
1954    0.017899
1957    0.012581
2090    0.011766
2102    0.004480
2117    0.009994
2119    0.008163
2120    0.005676
2192    0.011149
2236    0.020475
2297    0.007697
2356    0.011766
2387    0.014353
2396    0.004825
2432    0.009273
2604    0.012451
2656    0.012922
2909    0.008401
2917    0.016126
2920    0.007894
3057    0.016126
3151    0.012010
3326    0.006362
3472    0.010507
3473    0.012613
3479    0.009035
3567    0.004211
3583    0.011775
3679    0.016126
3831    0.010973
3858    0.007945
3879    0.011766
3996    0.010653
4023    0.004466
4055    0.009035
4196    0.014353
4240    0.058680
4245    0.018363
4282    0.010808
4394    0.017899
4501    0.006823
4525    0.012280
4810    0.007514
5221    0.015089
5260    0.014525
5352    0.006537
5493    0.010237
5507    0.011339
5614    0.006147
5633    0.017899
5719    0.005084
5771    0.010653
6372    0.008521
6376    0.009200
6491    0.017899
6624    0.009667
6719    0.012042
6743    0.010237
6806    0.017899
6865    0.013316
7094    0.013783
7168    0.003562
7178    0.007514
7220    0.013316
7322    0.017899
7426    0.017899
7531    0.004646
7537    0.010808
7571    0.006997
7613    0.012010
7631    0.007107
7726    0.009287
7736    0.005261
7796    0.013783
7902    0.017913
7980    0.017899
8019    0.012931
8078    0.021599
8220    0.017059
8223    0.023681
8233    0.006857
8275    0.006790
8289    0.011149
8417    0.011993
8425    0.014353
8446    0.004856
8499    0.017899
8536    0.007945
8568    0.007982
8581    0.007937
8596    0.018996
8600    0.027566
8622    0.005373
8711    0.006199
8805    0.007604
8918    0.005924
8967    0.017899
8992    0.014353
9023    0.006724
9039    0.010808
9256    0.006419
9320    0.007471
9411    0.010194
9442    0.008163
9518    0.011425
9631    0.006823
9798    0.010034
9919    0.010237
10038    0.013316
10261    0.004480
10421    0.007184
10501    0.010808
10538    0.010973
10539    0.017899
10589    0.006660
10605    0.005373
10647    0.010368
10784    0.009994
10892    0.008004
10897    0.005224
11052    0.011339
11103    0.004061
11155    0.013783
11195    0.011339
11207    0.006419
11218    0.011488
11271    0.006307
11334    0.010822
11354    0.014353
11355    0.003479
11374    0.012280
11380    0.012922
11518    0.014353
11519    0.007262
11570    0.016775
11782    0.004439
11841    0.002954
12015    0.014353
12118    0.008107
12365    0.006692
12416    0.007745
12505    0.012954
12552    0.017899
12591    0.015948
12632    0.011766
12855    0.004140
12987    0.010277
13141    0.011339
13228    0.005741
13351    0.012598
13388    0.006757
13434    0.004876
13647    0.004749
13663    0.028707
13773    0.017899
13865    0.008107
14113    0.012010
14200    0.007650
14203    0.015089
14310    0.014353
14316    0.017563
14325    0.014353
14353    0.011149
14391    0.007559
14399    0.035798
14495    0.016126
14741    0.006391
14742    0.009135
14743    0.010368
14745    0.004105
14857    0.007385
15344    0.006537
15345    0.012581
15468    0.007070
15598    0.015089
15660    0.009377
15838    0.014353
15861    0.012010
15910    0.006477
16148    0.008664
16220    0.012280
16353    0.008052
16409    0.008957
16501    0.005261
16585    0.010405
16626    0.013783
16705    0.018759
16732    0.004453
16734    0.003590
16865    0.013783
16921    0.007145
16944    0.004825
17025    0.007471
17054    0.009470
17057    0.017899
17059    0.008529
17105    0.005188
17116    0.013783
17280    0.016126
17369    0.007107
17407    0.005764
17438    0.016327
17457    0.011339
17522    0.012010
17527    0.009771
17632    0.009470
17637    0.011149
17638    0.014353
17814    0.005831
17870    0.005592
17914    0.010507
17916    0.006537
17922    0.006362
17966    0.006891
18020    0.010507
18052    0.017899
18098    0.007145
18182    0.005522
18282    0.005550
18317    0.007184
18326    0.007107
18425    0.012010
18888    0.005996
18997    0.025844
19043    0.004951
19131    0.013316
19151    0.006252
19278    0.006422
19366    0.009950
19410    0.003311
19426    0.003515
19460    0.004151
19513    0.017899
19572    0.009771
19614    0.015089
19820    0.012091
20020    0.017899
20090    0.006073
20226    0.009200
20573    0.013783
20673    0.007894
20688    0.008401
20713    0.004840
20734    0.011766
20768    0.012634
20844    0.003737
20868    0.003947
20946    0.014475
20993    0.006419
21011    0.009200
21039    0.009566
21113    0.008529
21150    0.002041
21247    0.005190
21266    0.004840
21279    0.012838
