56
1320    0.091382
1490    0.027254
1707    0.037387
1762    0.026007
1922    0.059538
2102    0.025384
2604    0.035278
2684    0.034118
3483    0.040929
3991    0.069584
4240    0.103912
5768    0.075460
6372    0.024142
6472    0.055986
7114    0.061245
7714    0.044163
8019    0.024425
8078    0.040798
8568    0.045230
9204    0.062181
9411    0.019255
9518    0.021581
9663    0.057304
9798    0.028428
10334    0.029502
10421    0.040708
10803    0.040490
11207    0.036375
11218    0.021699
12027    0.085506
12675    0.094010
12987    0.014559
13351    0.047592
13434    0.009210
13647    0.026911
13863    0.050754
13865    0.045940
13906    0.049901
14308    0.071291
14353    0.063180
14741    0.036213
14742    0.010353
14745    0.023259
14809    0.063180
15488    0.039050
16734    0.040690
16944    0.027341
17438    0.046259
18282    0.031449
18719    0.049901
19410    0.037528
20260    0.008622
20768    0.023865
20785    0.034399
20946    0.054682
21279    0.036375
