40
1430    0.146435
1699    0.019325
1804    0.072728
1808    0.104968
2334    0.127248
3509    0.121087
3900    0.114397
5077    0.117502
5103    0.078161
5484    0.095538
5485    0.074752
5626    0.069143
6784    0.130517
7736    0.047834
7745    0.130517
9168    0.086986
9242    0.079418
11384    0.146636
11927    0.094281
12098    0.085263
13466    0.038075
14160    0.078161
14339    0.062662
15185    0.101383
15466    0.057347
16645    0.083658
16945    0.083658
18018    0.168894
18020    0.095538
18182    0.025107
18887    0.074752
18888    0.054524
19084    0.077557
19232    0.051035
19410    0.030110
19412    0.091953
19529    0.074229
19773    0.040855
19822    0.088848
20090    0.027613
