42
1320    0.131362
1490    0.039177
1762    0.037385
2604    0.050712
2684    0.049044
3483    0.058836
3991    0.100027
4240    0.119499
5768    0.108474
6472    0.080479
7114    0.088040
7714    0.063485
8019    0.035110
8078    0.058647
9411    0.027680
9663    0.082375
10334    0.042410
10421    0.058518
10803    0.058205
11207    0.052289
12027    0.122915
12675    0.090093
12987    0.020928
13351    0.034207
13434    0.013239
13647    0.038684
13863    0.072958
13865    0.066039
13906    0.071733
14308    0.102481
14741    0.052056
14742    0.014883
14745    0.033435
14809    0.090822
15488    0.056134
18719    0.071733
19410    0.053947
20260    0.012394
20768    0.034305
20785    0.049449
20946    0.039303
21279    0.052289
