180
192    0.028334
218    0.019915
271    0.018626
314    0.011826
330    0.028334
407    0.025528
439    0.018626
444    0.014991
450    0.012661
457    0.011496
462    0.028334
674    0.015467
702    0.010543
859    0.021080
1272    0.010348
1582    0.021818
1712    0.009983
1862    0.005775
1945    0.032826
2223    0.023886
2297    0.024369
2432    0.004893
2688    0.009897
2965    0.045443
3010    0.021818
3396    0.009492
3556    0.028334
3567    0.006667
3743    0.016949
3908    0.168640
3909    0.047772
3912    0.013715
4028    0.011434
4112    0.021080
4137    0.006904
4150    0.012260
4195    0.007638
4240    0.023222
4245    0.009690
4524    0.020456
4526    0.021080
4527    0.019012
4530    0.025528
4660    0.017950
4853    0.021818
4926    0.010300
5082    0.014178
5086    0.013826
5096    0.022272
5103    0.013607
5475    0.016864
5487    0.012110
5501    0.005624
5532    0.035455
5542    0.047772
5567    0.015936
5976    0.027880
6251    0.013715
6507    0.027214
6596    0.007134
6699    0.015640
6700    0.017950
7168    0.005638
7199    0.008754
7281    0.015302
7284    0.020456
7330    0.008475
7619    0.035538
7802    0.011268
8005    0.021080
8446    0.007687
8500    0.006230
8568    0.006318
8573    0.041820
8630    0.009736
8638    0.011758
8836    0.022722
9102    0.056668
9200    0.007712
9210    0.010593
9533    0.008819
9617    0.113336
9973    0.025528
10104    0.022722
10115    0.016008
10121    0.032016
10288    0.017950
10501    0.017109
10637    0.013107
10671    0.017109
10676    0.015820
10689    0.023652
10794    0.011625
10840    0.019299
11146    0.009454
11160    0.012037
11197    0.018626
11224    0.018274
11285    0.018274
11334    0.008566
11386    0.019219
11399    0.013299
11729    0.009304
11736    0.016413
11879    0.021818
11927    0.016413
12005    0.005698
12037    0.028334
12047    0.017650
12735    0.013826
12817    0.009649
12911    0.009124
13155    0.019012
13177    0.015467
13320    0.010909
13386    0.017950
13434    0.005146
13531    0.022722
13580    0.006904
13726    0.022722
13731    0.017950
13821    0.035299
13863    0.014178
13884    0.017109
14065    0.006695
14130    0.036111
14169    0.017650
14406    0.008596
14643    0.035299
14742    0.008677
14815    0.017070
14874    0.010207
14982    0.017370
14991    0.022722
15016    0.011691
15140    0.015523
15542    0.019915
15550    0.014431
15763    0.017650
15764    0.013202
15861    0.019012
15914    0.023886
16144    0.019438
16245    0.019915
16386    0.017950
16509    0.009771
16585    0.013177
16705    0.014848
16772    0.011496
17051    0.008299
17052    0.050645
17053    0.011434
17054    0.014991
17123    0.016206
17144    0.006389
17389    0.028334
17484    0.004723
17613    0.018274
18110    0.028334
18668    0.012746
19109    0.056668
19143    0.016632
19264    0.021818
19278    0.005083
19284    0.028334
19366    0.003938
19377    0.022722
19573    0.025528
19685    0.010543
20207    0.028334
20260    0.004817
20624    0.014057
20628    0.013202
20964    0.008659
20983    0.017703
21058    0.008299
21063    0.016008
21150    0.009692
21195    0.013299
21247    0.004108
