447
143    0.006953
271    0.007338
348    0.005239
372    0.007338
415    0.020859
420    0.006232
428    0.005360
429    0.007338
431    0.006384
433    0.006740
440    0.013286
447    0.004955
450    0.004988
451    0.007798
453    0.005360
457    0.004529
610    0.004213
666    0.004771
674    0.006093
702    0.004153
819    0.007071
840    0.007199
941    0.008595
1121    0.011162
1253    0.007071
1256    0.006466
1260    0.005905
1326    0.006232
1440    0.004686
1457    0.009410
1479    0.005447
1483    0.008595
1582    0.017190
1662    0.011269
1690    0.005319
1691    0.003553
1699    0.006627
1741    0.002092
1746    0.003423
1747    0.004860
1752    0.004891
1780    0.006306
1816    0.011269
1847    0.005163
1863    0.006232
1914    0.007338
1942    0.005403
2047    0.003170
2069    0.008304
2070    0.008058
2074    0.005847
2090    0.007338
2093    0.003338
2173    0.003327
2223    0.009410
2344    0.002696
2432    0.003855
2539    0.013816
2684    0.003755
2867    0.004554
2965    0.008951
3005    0.008058
3089    0.002664
3301    0.008595
3338    0.009720
3429    0.008951
3483    0.013513
3503    0.006643
3521    0.005685
3583    0.002448
3593    0.006427
3654    0.005847
3675    0.004686
3688    0.005127
3736    0.007490
3743    0.006677
3881    0.004771
3908    0.016608
3909    0.009410
3942    0.004800
3944    0.010619
4020    0.008304
4023    0.005570
4123    0.016117
4141    0.004742
4179    0.005447
4198    0.006161
4206    0.005685
4240    0.022871
4245    0.015269
4260    0.004039
4279    0.009410
4337    0.007845
4347    0.008595
4504    0.007338
4512    0.005685
4525    0.007658
4527    0.014979
4611    0.007199
4637    0.005491
4688    0.011162
4743    0.010893
4798    0.006552
4800    0.008951
4847    0.007658
4907    0.007199
4926    0.020288
4927    0.005685
4928    0.016117
4947    0.009410
5081    0.006466
5082    0.005585
5096    0.002925
5212    0.007731
5293    0.006843
5352    0.004076
5487    0.004771
5495    0.002141
5501    0.002215
5515    0.003028
5523    0.017823
5525    0.007338
5532    0.002793
5542    0.009410
5566    0.007845
5570    0.006384
5622    0.007490
5641    0.009410
5769    0.003149
5912    0.015691
5913    0.008595
6050    0.003801
6131    0.008951
6247    0.007338
6372    0.002657
6507    0.010721
6700    0.007071
6707    0.003786
6918    0.004456
6926    0.006466
6946    0.011162
6990    0.010056
6999    0.006466
7006    0.009410
7056    0.009410
7087    0.004605
7161    0.008951
7164    0.007071
7180    0.005279
7212    0.010056
7213    0.011162
7214    0.009410
7281    0.006028
7284    0.008058
7421    0.006843
7456    0.003770
7486    0.004039
7514    0.005847
7521    0.010056
7595    0.007244
7619    0.014000
7649    0.007658
7701    0.010056
7714    0.009720
7736    0.006561
7748    0.005201
7750    0.006028
7782    0.007338
7802    0.001480
7892    0.004341
7967    0.005737
8078    0.024693
8087    0.007338
8116    0.002421
8159    0.005403
8170    0.017729
8186    0.005538
8218    0.002712
8269    0.005056
8417    0.003739
8500    0.002454
8533    0.003694
8573    0.005491
8624    0.004605
8630    0.001918
8639    0.004297
8644    0.007845
8674    0.004554
8698    0.006643
8699    0.010056
8733    0.010056
8805    0.004742
8837    0.010478
8918    0.003694
9017    0.010056
9065    0.010056
9132    0.008304
9159    0.015315
9196    0.017190
9231    0.006306
9320    0.004659
9358    0.008595
9388    0.003801
9396    0.007845
9411    0.002119
9517    0.007811
9526    0.005737
9533    0.003474
9618    0.007845
9644    0.004686
9650    0.009410
9692    0.004456
9769    0.005905
9783    0.005966
9798    0.003128
9890    0.008058
9944    0.005056
9945    0.009541
9985    0.005021
9998    0.011162
10000    0.006161
10074    0.003203
10223    0.010056
10323    0.008595
10334    0.012987
10411    0.004456
10457    0.007199
10478    0.005239
10491    0.004742
10510    0.005447
10605    0.003350
10626    0.007199
10668    0.005239
10671    0.006740
10711    0.007199
10714    0.003866
10794    0.004580
10826    0.013906
10837    0.001757
10840    0.003801
10897    0.003258
10995    0.009410
11093    0.004213
11112    0.003098
11117    0.008305
11146    0.007448
11180    0.005005
11207    0.004003
11218    0.004776
11262    0.007199
11274    0.008951
11295    0.009410
11310    0.007071
11320    0.006740
11328    0.008058
11381    0.008058
11415    0.009317
11457    0.007199
11666    0.017902
11683    0.004205
11750    0.002990
11782    0.005537
11854    0.006161
12028    0.035994
12029    0.008951
12071    0.004058
12108    0.008951
12202    0.005091
12245    0.002943
12283    0.002198
12292    0.006643
12388    0.023536
12397    0.010056
12398    0.008595
12439    0.008304
12454    0.008304
12475    0.007338
12526    0.005634
12551    0.005813
12735    0.005447
12765    0.003487
12770    0.007658
12853    0.003553
12855    0.002582
12866    0.013104
12876    0.005966
12878    0.017902
12879    0.011162
12889    0.002560
13172    0.008595
13241    0.006232
13246    0.007071
13351    0.002619
13355    0.002596
13434    0.004054
13445    0.013104
13529    0.004714
13531    0.008951
13533    0.011269
13580    0.005439
13727    0.007338
13743    0.006740
13862    0.036844
13863    0.005585
13864    0.006953
13865    0.005056
13886    0.002785
13895    0.007490
13906    0.016474
13963    0.007845
14004    0.007845
14039    0.007199
14063    0.003474
14065    0.001319
14131    0.010638
14161    0.005966
14348    0.014979
14350    0.006093
14351    0.008304
14427    0.006953
14449    0.008304
14537    0.003139
14643    0.006953
14742    0.006836
14815    0.047072
14816    0.006843
14859    0.006028
14863    0.005319
14997    0.030544
15016    0.004605
15210    0.007935
15283    0.007338
15294    0.012768
15334    0.005360
15410    0.004554
15551    0.004039
15591    0.004771
15596    0.006643
15695    0.004173
15792    0.003950
15818    0.003399
15820    0.003866
15863    0.008595
15874    0.005279
15928    0.003899
15939    0.005538
15970    0.007658
15991    0.005239
16047    0.006093
16116    0.003315
16117    0.003985
16186    0.008951
16205    0.005791
16237    0.003068
16252    0.012056
16317    0.004771
16333    0.005538
16344    0.008951
16353    0.005021
16362    0.010326
16371    0.004659
16386    0.007071
16409    0.005585
16410    0.015315
16585    0.003244
16649    0.004580
16705    0.005849
16718    0.008595
16724    0.003882
16743    0.004830
16923    0.003098
16929    0.006161
17029    0.004923
17051    0.009807
17052    0.004988
17053    0.018017
17054    0.011811
17103    0.004076
17124    0.007071
17125    0.006740
17144    0.002517
17154    0.007845
17331    0.004134
17332    0.008951
17445    0.005127
17450    0.008304
17484    0.005582
17531    0.003181
17616    0.006232
17689    0.012612
17854    0.009845
17906    0.037639
18055    0.005091
18057    0.006093
18098    0.004456
18105    0.005847
18251    0.008058
18326    0.004432
18382    0.004234
18473    0.011162
18563    0.008058
18719    0.010983
18793    0.006740
18799    0.006306
18813    0.008951
18822    0.020113
18972    0.005685
18998    0.006028
19096    0.007658
19097    0.008772
19136    0.013906
19143    0.013104
19151    0.003899
19226    0.002649
19450    0.008304
19464    0.003118
19535    0.008115
19564    0.007338
19569    0.006028
19685    0.004153
19689    0.010056
19844    0.006264
19867    0.008058
19968    0.011162
19969    0.008951
20260    0.002847
20275    0.002736
20281    0.004039
20468    0.005905
20532    0.008595
20695    0.004860
20717    0.002845
20837    0.007845
20843    0.009410
20868    0.002461
20894    0.003078
20927    0.002704
20950    0.045261
20983    0.003487
20994    0.004800
21009    0.006843
21028    0.007071
21091    0.007490
21119    0.005447
21129    0.002517
21147    0.005966
21247    0.004854
