381
89    0.011943
96    0.010909
143    0.008825
146    0.011943
269    0.011943
348    0.006650
372    0.009313
419    0.010909
428    0.006803
429    0.009313
431    0.008103
432    0.010540
433    0.008554
440    0.016864
441    0.006751
447    0.006289
450    0.012661
451    0.004949
453    0.006803
457    0.005748
460    0.005748
469    0.004409
504    0.007910
668    0.011943
744    0.007495
749    0.008103
753    0.009719
806    0.008316
814    0.008825
819    0.008975
840    0.009137
851    0.006248
879    0.010228
941    0.010909
1184    0.004193
1234    0.010909
1256    0.008207
1607    0.011943
1691    0.004510
1698    0.003843
1699    0.006729
1814    0.008975
1862    0.002887
2069    0.010540
2084    0.009897
2090    0.009313
2093    0.004237
2113    0.005748
2114    0.005626
2209    0.010540
2226    0.007151
2297    0.006092
2380    0.006417
2539    0.005845
2544    0.010909
2555    0.010228
2609    0.005400
2874    0.009719
2892    0.011943
3089    0.006764
3129    0.026055
3213    0.011943
3272    0.010540
3301    0.010909
3338    0.006169
3429    0.011361
3503    0.008432
3593    0.012236
3654    0.014843
3670    0.011361
3675    0.005948
3736    0.009506
3743    0.004237
3942    0.006092
3943    0.006289
3944    0.017971
4020    0.010540
4028    0.005717
4102    0.015302
4123    0.030684
4137    0.003452
4151    0.012260
4179    0.006913
4240    0.005806
4245    0.019379
4337    0.009958
4503    0.009958
4504    0.009313
4524    0.010228
4525    0.009719
4527    0.009506
4536    0.005913
4580    0.010909
4613    0.019012
4672    0.008316
4687    0.010909
4738    0.010540
4777    0.005626
4798    0.033264
4800    0.011361
4847    0.009719
4901    0.007651
4926    0.025751
5081    0.008207
5082    0.007089
5084    0.006601
5096    0.003712
5182    0.011361
5212    0.004906
5320    0.011943
5495    0.002718
5515    0.003843
5521    0.006130
5523    0.005656
5525    0.009313
5535    0.006857
5556    0.005322
5567    0.003984
5623    0.007572
5628    0.004051
5718    0.005879
5770    0.008554
5895    0.011943
5912    0.029873
5913    0.010909
6050    0.004825
6092    0.011943
6247    0.009313
6251    0.006857
6267    0.011361
6497    0.007495
6507    0.006803
6598    0.003655
6719    0.004765
6931    0.007572
7087    0.005845
7161    0.034082
7164    0.008975
7218    0.011943
7378    0.007282
7421    0.008685
7515    0.011943
7524    0.004051
7600    0.006373
7619    0.004442
7721    0.009719
7782    0.009313
7802    0.001878
7833    0.007265
7847    0.015467
7892    0.005510
8021    0.005374
8078    0.011397
8087    0.009313
8107    0.006479
8130    0.010228
8159    0.006857
8265    0.021818
8446    0.003843
8500    0.003115
8520    0.012764
8532    0.009137
8594    0.005454
8624    0.005845
8630    0.004868
8670    0.011943
8673    0.009313
8805    0.006019
8837    0.039898
9083    0.035829
9143    0.005510
9159    0.019438
9196    0.010909
9198    0.011361
9200    0.003856
9231    0.008004
9311    0.006857
9411    0.005379
9518    0.003014
9526    0.007282
9664    0.004746
9783    0.015143
9834    0.008207
9859    0.009958
9878    0.008004
9941    0.010228
10085    0.012764
10156    0.009137
10259    0.007422
10263    0.008432
10334    0.004121
10421    0.005686
10605    0.004252
10612    0.007351
10659    0.007651
10668    0.006650
10689    0.005913
10774    0.007089
10821    0.010540
10826    0.008825
10837    0.002229
10986    0.009958
11051    0.006970
11093    0.005348
11117    0.003514
11160    0.006019
11180    0.006353
11207    0.005081
11218    0.006062
11310    0.008975
11328    0.010228
11374    0.009719
11381    0.010228
11415    0.005913
11458    0.009137
11475    0.008975
11561    0.008685
11655    0.008103
11666    0.045443
11854    0.007820
11857    0.007089
11885    0.009719
11973    0.007351
12005    0.002849
12008    0.007282
12028    0.018274
12071    0.005150
12108    0.011361
12110    0.003831
12194    0.009137
12300    0.007265
12388    0.009958
12439    0.010540
12475    0.009313
12490    0.010909
12522    0.004652
12551    0.007378
12668    0.006092
12853    0.004510
12855    0.003277
12864    0.004409
12878    0.011361
12978    0.006092
12987    0.002033
13008    0.006169
13241    0.007910
13294    0.007910
13348    0.005780
13351    0.006647
13433    0.011943
13445    0.008316
13529    0.005983
13530    0.005748
13738    0.011361
13863    0.007089
13865    0.006417
13892    0.007351
13895    0.009506
13963    0.009958
14002    0.008316
14004    0.009958
14063    0.004409
14065    0.001674
14106    0.021080
14131    0.006751
14161    0.007572
14349    0.010228
14350    0.030935
14425    0.003333
14427    0.008825
14428    0.007351
14533    0.009958
14742    0.004338
14781    0.007495
14809    0.008825
14815    0.029873
14816    0.008685
14858    0.010909
14859    0.007651
14875    0.011361
14942    0.008207
14961    0.008207
14997    0.006461
15016    0.011691
15283    0.018626
15294    0.008103
15297    0.010228
15550    0.007216
15695    0.005297
15697    0.015302
15706    0.008825
15778    0.005297
15821    0.006130
15849    0.006751
15863    0.010909
15991    0.006650
16061    0.008432
16186    0.034082
16205    0.007351
16252    0.015302
16317    0.012110
16333    0.007029
16344    0.011361
16362    0.006553
16371    0.011826
16410    0.029158
16472    0.009506
16501    0.004164
16585    0.001647
16649    0.005813
16705    0.003712
16923    0.003932
16929    0.007820
17027    0.004708
17052    0.025322
17053    0.017151
17055    0.009719
17101    0.010444
17103    0.015521
17105    0.004107
17111    0.011965
17117    0.003462
17129    0.004314
17137    0.011943
17154    0.009958
17155    0.008975
17275    0.010540
17471    0.006417
17484    0.002362
17496    0.006970
17508    0.011943
17559    0.009958
17900    0.011943
17966    0.005454
18078    0.011943
18167    0.004360
18332    0.010540
18563    0.010228
18567    0.006130
18655    0.009054
18719    0.013940
18793    0.008554
18799    0.008004
18813    0.011361
18888    0.004746
18972    0.007216
19021    0.010540
19043    0.003919
19097    0.016700
19131    0.010540
19138    0.019438
19151    0.004949
19188    0.011943
19366    0.005907
19564    0.009313
19567    0.008316
19685    0.005271
19686    0.009313
19688    0.009506
19844    0.006626
19867    0.010228
19969    0.011361
20102    0.011943
20113    0.008825
20136    0.011361
20165    0.011361
20260    0.001204
20274    0.004927
20275    0.003472
20768    0.003333
20824    0.005717
20950    0.008207
20993    0.010161
21009    0.008685
21119    0.006913
21147    0.007572
21150    0.003231
21193    0.009958
21243    0.003212
21247    0.010269
21279    0.010161
