582
115    0.003617
147    0.002487
209    0.008463
218    0.005948
233    0.008463
236    0.007624
271    0.005563
292    0.006296
341    0.006786
367    0.008463
373    0.008463
415    0.005271
428    0.004064
447    0.003757
506    0.007624
588    0.008463
593    0.008463
621    0.002969
730    0.008463
738    0.006110
778    0.005563
800    0.006516
821    0.008463
920    0.003708
1113    0.005678
1157    0.003008
1204    0.002931
1240    0.002684
1245    0.006484
1247    0.004523
1260    0.004477
1267    0.006516
1278    0.003782
1309    0.002779
1333    0.006110
1374    0.005806
1440    0.003553
1451    0.002014
1480    0.003943
1490    0.002274
1529    0.003258
1649    0.008463
1680    0.003574
1689    0.002694
1699    0.002010
1740    0.006181
1741    0.003172
1746    0.007787
1747    0.007369
1762    0.006510
1809    0.007134
1862    0.001725
1871    0.007134
1922    0.004968
1957    0.005948
1997    0.005563
2005    0.008463
2102    0.002118
2120    0.002684
2396    0.002281
2432    0.001461
2499    0.004570
2512    0.006296
2531    0.007624
2558    0.009239
2598    0.005678
2604    0.002943
2644    0.007369
2674    0.005806
2684    0.002847
2706    0.002356
2826    0.004096
2847    0.013572
2867    0.003453
2916    0.006516
2920    0.007464
2923    0.007624
2929    0.005678
2964    0.008463
2978    0.006516
2981    0.004064
2988    0.004725
3013    0.004064
3254    0.008463
3326    0.003008
3338    0.003685
3341    0.002715
3393    0.007886
3428    0.008463
3467    0.005678
3473    0.071562
3479    0.021359
3483    0.003415
3521    0.017241
3571    0.006239
3583    0.003711
3593    0.002436
3598    0.008463
3654    0.008867
3675    0.007105
3726    0.002956
3738    0.008463
3842    0.002746
3879    0.005563
3886    0.003860
3911    0.003119
3933    0.005361
3942    0.003639
3989    0.004781
4001    0.004310
4002    0.007624
4023    0.002112
4099    0.004033
4102    0.004570
4135    0.003574
4144    0.007134
4240    0.017340
4245    0.002894
4258    0.002349
4267    0.004272
4331    0.006516
4378    0.003915
4384    0.006110
4450    0.002296
4463    0.003617
4546    0.006516
4561    0.005458
4611    0.005458
4673    0.004523
4697    0.003105
4707    0.005678
4729    0.005514
4730    0.004064
4859    0.004570
4864    0.006296
4913    0.006296
5044    0.003639
5075    0.004418
5089    0.005678
5096    0.004435
5255    0.006110
5260    0.010301
5355    0.005037
5389    0.005678
5392    0.007624
5432    0.007134
5434    0.012592
5482    0.005361
5495    0.004870
5567    0.002380
5578    0.003210
5602    0.011829
5614    0.002906
5615    0.003595
5628    0.007260
5693    0.007134
5719    0.004807
5725    0.007323
5736    0.005806
5739    0.004002
5768    0.006296
5869    0.004671
5912    0.005948
5987    0.004902
6050    0.002882
6203    0.005678
6270    0.004968
6276    0.005806
6358    0.004163
6365    0.008369
6403    0.004129
6461    0.005458
6470    0.008463
6507    0.004064
6655    0.003275
6663    0.008128
6705    0.002870
6709    0.007624
6719    0.005693
6733    0.007134
6758    0.005537
6761    0.002318
6762    0.006549
6908    0.004185
6918    0.006757
6937    0.004570
6994    0.004391
7029    0.005563
7042    0.007134
7045    0.007624
7053    0.003915
7112    0.006296
7126    0.007624
7168    0.003368
7175    0.006516
7188    0.002995
7254    0.004840
7286    0.008259
7327    0.008463
7329    0.006110
7402    0.004968
7441    0.004064
7456    0.002858
7524    0.007260
7571    0.009924
7574    0.011611
7619    0.002654
7636    0.003492
7736    0.002487
7762    0.006296
7769    0.005037
7770    0.004272
7802    0.005609
7833    0.004340
7845    0.008463
7846    0.007134
7860    0.004781
7923    0.007624
7935    0.003972
7964    0.004272
7987    0.006721
8019    0.002038
8073    0.005110
8078    0.005106
8101    0.003639
8105    0.003860
8107    0.001935
8136    0.007624
8196    0.007624
8233    0.003242
8431    0.005948
8452    0.005563
8457    0.006516
8476    0.005408
8500    0.001861
8505    0.003396
8535    0.004902
8558    0.007134
8568    0.001887
8570    0.006296
8581    0.003753
8596    0.002245
8613    0.013967
8616    0.004671
8619    0.008463
8622    0.005080
8648    0.006516
8726    0.004840
8755    0.008463
8781    0.005210
8831    0.005678
8943    0.005271
8964    0.010028
8970    0.004781
8971    0.005110
8984    0.003325
9002    0.003915
9023    0.003179
9118    0.002674
9141    0.005563
9159    0.011611
9179    0.007190
9200    0.004606
9209    0.001930
9320    0.003532
9348    0.007624
9361    0.005964
9388    0.002882
9392    0.004163
9411    0.003213
9477    0.007134
9510    0.003021
9518    0.012604
9633    0.006516
9738    0.007134
9798    0.007116
9917    0.030548
9919    0.009680
9947    0.003948
10090    0.008463
10256    0.007134
10478    0.003972
10538    0.010376
10544    0.007624
10605    0.005080
10608    0.007134
10693    0.005563
10714    0.011723
10794    0.003472
11018    0.004433
11020    0.007624
11103    0.000960
11112    0.002349
11117    0.004198
11136    0.013572
11153    0.005678
11155    0.006516
11178    0.003076
11181    0.004682
11207    0.003035
11218    0.007242
11241    0.005563
11374    0.017417
11531    0.002858
11569    0.002404
11570    0.002644
11583    0.006296
11637    0.007134
11747    0.006298
11750    0.002267
11890    0.009680
11947    0.004198
12028    0.005458
12072    0.010722
12085    0.002943
12110    0.004577
12162    0.003972
12358    0.005271
12398    0.006516
12413    0.004272
12508    0.004272
12510    0.005458
12591    0.002513
12632    0.005563
12660    0.006097
12677    0.004477
12817    0.002882
12820    0.004129
12836    0.004620
12853    0.005388
12855    0.007829
12864    0.005268
12987    0.012147
12995    0.004198
13050    0.002137
13108    0.007624
13179    0.003149
13195    0.004064
13246    0.021444
13348    0.003453
13351    0.007942
13434    0.003842
13450    0.007134
13458    0.006296
13472    0.003887
13494    0.005678
13495    0.014343
13497    0.004570
13519    0.005806
13529    0.003574
13530    0.003434
13533    0.004272
13545    0.004620
13683    0.005361
13771    0.007624
13841    0.015564
13862    0.003492
13865    0.003833
13871    0.004064
13886    0.002112
13906    0.004163
13939    0.002487
13963    0.005948
13980    0.006296
13983    0.004570
14065    0.001000
14271    0.006110
14303    0.002436
14340    0.003396
14358    0.004350
14361    0.014268
14391    0.003574
14406    0.002567
14410    0.005806
14425    0.003982
14445    0.003617
14461    0.008463
14464    0.008463
14465    0.007134
14485    0.003119
14545    0.007134
14603    0.005806
14670    0.007624
14741    0.003021
14742    0.006911
14745    0.001941
14746    0.003378
14789    0.005563
14872    0.005458
14942    0.004902
14943    0.014903
14944    0.003434
14946    0.004902
15007    0.005806
15011    0.006110
15019    0.007147
15023    0.004064
15147    0.004725
15204    0.002812
15216    0.003226
15220    0.005361
15224    0.007134
15325    0.009342
15344    0.006181
15368    0.004033
15437    0.007624
15468    0.003343
15493    0.005037
15551    0.003062
15563    0.008463
15566    0.006786
15583    0.004902
15600    0.003833
15623    0.003242
15672    0.004523
15740    0.007624
15837    0.005458
15874    0.004002
15929    0.008463
15931    0.013513
16028    0.005806
16041    0.006786
16135    0.008463
16176    0.004310
16207    0.003757
16222    0.008463
16237    0.004651
16252    0.004570
16265    0.004064
16279    0.004391
16353    0.003807
16362    0.003915
16377    0.005271
16437    0.003532
16485    0.002746
16489    0.004235
16500    0.006110
16501    0.002487
16585    0.002952
16626    0.013033
16705    0.002217
16724    0.002943
16729    0.001379
16749    0.006786
16794    0.004840
16907    0.007069
16921    0.003378
16923    0.009394
16929    0.004671
16941    0.004745
16958    0.003595
17025    0.003532
17027    0.011249
17029    0.003732
17037    0.002674
17094    0.004033
17105    0.002453
17117    0.002068
17129    0.002577
17209    0.005188
17219    0.005271
17226    0.007134
17325    0.004968
17432    0.007134
17445    0.003887
17457    0.005361
17484    0.002821
17496    0.008327
17685    0.014903
17712    0.006296
17714    0.007624
17755    0.004523
17785    0.006786
17817    0.003943
17821    0.005964
17922    0.003008
17931    0.003887
17941    0.013033
17962    0.006296
17966    0.003258
17982    0.005678
17994    0.004781
18003    0.003226
18023    0.005361
18082    0.003617
18098    0.003378
18136    0.005678
18158    0.003164
18162    0.008463
18167    0.002604
18256    0.004198
18282    0.002624
18299    0.008463
18317    0.003396
18326    0.003360
18401    0.007134
18428    0.006516
18509    0.004968
18544    0.005563
18652    0.002197
18655    0.002704
18668    0.007614
18719    0.004163
18762    0.008463
18785    0.005563
18806    0.007134
18807    0.013172
18841    0.003275
18951    0.004096
18972    0.004310
18987    0.003164
18993    0.004002
18998    0.004570
19046    0.003258
19064    0.005361
19152    0.008463
19170    0.005563
19204    0.006721
19225    0.002847
19226    0.002008
19314    0.004620
19344    0.006296
19366    0.001176
19416    0.005764
19426    0.001662
19460    0.001963
19499    0.005458
19535    0.006153
19553    0.006296
19569    0.004570
19630    0.005678
19660    0.007624
19728    0.005563
19810    0.007134
19838    0.006296
19844    0.001583
19902    0.008463
20082    0.003639
20095    0.004671
20202    0.004620
20275    0.002074
20347    0.007624
20452    0.006043
20464    0.002540
20620    0.005044
20624    0.004198
20626    0.003472
20627    0.006793
20688    0.003972
20689    0.006110
20768    0.003982
20771    0.003617
20778    0.019861
20824    0.003415
20827    0.004350
20848    0.002197
20859    0.004350
20868    0.001866
20890    0.006786
20894    0.002333
20901    0.002624
20916    0.004198
20946    0.011406
20950    0.004902
20969    0.003887
20983    0.010575
20993    0.006070
21006    0.005678
21009    0.005188
21016    0.003210
21026    0.005458
21045    0.008463
21057    0.002870
21064    0.006786
21085    0.003325
21087    0.004923
21115    0.009927
21122    0.002779
21143    0.005948
21150    0.001930
21247    0.004907
21279    0.006070
