518
251    0.006209
394    0.015095
412    0.006724
435    0.006106
437    0.006577
440    0.011667
443    0.005410
444    0.005186
996    0.007860
1029    0.009802
1242    0.003515
1260    0.005186
1279    0.005919
1351    0.005538
1445    0.008831
1597    0.006724
1638    0.009802
1692    0.004671
1698    0.002659
1699    0.001164
1712    0.010361
1780    0.005538
1930    0.009802
1942    0.004745
2058    0.004905
2093    0.014659
2102    0.007359
2172    0.009202
2268    0.006209
2283    0.003934
2313    0.006106
2343    0.010372
2344    0.002367
2496    0.006106
2604    0.003409
2622    0.006009
2629    0.007292
2665    0.008831
2684    0.006594
2706    0.002729
2737    0.006732
2744    0.002625
2793    0.013779
2806    0.003454
2819    0.003108
2920    0.004323
2931    0.006009
3002    0.008831
3005    0.007076
3084    0.005294
3110    0.005678
3129    0.006009
3177    0.007076
3238    0.007192
3309    0.008328
3311    0.019330
3320    0.009802
3334    0.009802
3359    0.009802
3360    0.008263
3396    0.009851
3548    0.008831
3672    0.004822
3770    0.009802
3813    0.009802
3850    0.007192
3854    0.005678
3862    0.004164
3904    0.007548
3940    0.008831
3943    0.004351
4023    0.002446
4031    0.015095
4037    0.004992
4040    0.013154
4195    0.010569
4202    0.004164
4304    0.009802
4317    0.005086
4320    0.009802
4446    0.006889
4448    0.006322
4450    0.002659
4456    0.004022
4467    0.003934
4500    0.004351
4515    0.006443
4516    0.004241
4550    0.007292
4701    0.004822
4707    0.013154
4764    0.006889
4811    0.004241
4875    0.008831
4899    0.005802
5043    0.004327
5074    0.003257
5093    0.008089
5103    0.004707
5110    0.005678
5131    0.006577
5211    0.008702
5218    0.008831
5225    0.009566
5362    0.008263
5495    0.003761
5501    0.001945
5567    0.002756
5642    0.007860
5690    0.007076
5694    0.006106
5709    0.006322
5717    0.003812
5718    0.004067
5856    0.003144
5873    0.009802
5875    0.009802
5920    0.005834
5964    0.009802
5965    0.009802
5968    0.006322
5971    0.013154
6002    0.006889
6047    0.007548
6121    0.007860
6197    0.006724
6372    0.002333
6420    0.008263
6563    0.019604
6598    0.002529
6655    0.003793
6697    0.004905
6699    0.005410
6758    0.004275
6778    0.005834
6779    0.007292
6908    0.007272
6931    0.005239
6932    0.009802
6984    0.011685
7000    0.004863
7075    0.005538
7097    0.007547
7106    0.006724
7127    0.007860
7141    0.013140
7168    0.001951
7178    0.004115
7255    0.007292
7281    0.005294
7283    0.008831
7302    0.009802
7305    0.007292
7307    0.007548
7343    0.004601
7368    0.008831
7437    0.009802
7456    0.003311
7466    0.003454
7472    0.005754
7486    0.010641
7508    0.021900
7510    0.005678
7569    0.005086
7601    0.009802
7619    0.006147
7623    0.011212
7644    0.004707
7657    0.009802
7741    0.009802
7744    0.003913
7779    0.019565
7797    0.005919
7802    0.001299
7856    0.006009
7858    0.007860
8019    0.011802
8025    0.002685
8052    0.006724
8104    0.008263
8107    0.002241
8218    0.002381
8323    0.003531
8364    0.007076
8395    0.004409
8446    0.002659
8485    0.007548
8487    0.005473
8491    0.007548
8534    0.003156
8552    0.006106
8557    0.008831
8568    0.002185
8577    0.004905
8581    0.002173
8630    0.001684
8684    0.006322
8899    0.009810
8984    0.003852
9023    0.003682
9257    0.008831
9260    0.008831
9335    0.007860
9361    0.003454
9388    0.003338
9392    0.004822
9411    0.001861
9644    0.008230
9735    0.009802
9743    0.006889
9799    0.010945
9800    0.014153
9804    0.007548
9942    0.008831
9947    0.002286
9952    0.008831
9963    0.015115
9979    0.005186
9991    0.004635
10000    0.005410
10028    0.007860
10030    0.008831
10069    0.006889
10093    0.009802
10104    0.007860
10173    0.009802
10195    0.006724
10261    0.004906
10386    0.007860
10408    0.005606
10460    0.005678
10610    0.004783
10626    0.006322
10794    0.004022
10812    0.009802
10850    0.005919
10911    0.005834
10932    0.013228
10942    0.009932
10943    0.004671
11103    0.002224
11112    0.002720
11146    0.003270
11160    0.004164
11180    0.002198
11203    0.003454
11213    0.009361
11271    0.003454
11344    0.004635
11355    0.003810
11371    0.005919
11434    0.002694
11503    0.004573
11519    0.003977
11569    0.005568
11700    0.008831
11782    0.002431
11802    0.007076
11817    0.006443
11841    0.003235
11865    0.007076
11869    0.005351
11898    0.006577
11931    0.008831
11958    0.003955
12002    0.009802
12045    0.008379
12064    0.003892
12122    0.002460
12144    0.006209
12162    0.004601
12186    0.007076
12245    0.010337
12307    0.038521
12309    0.003630
12326    0.004745
12345    0.002676
12366    0.008263
12432    0.006322
12480    0.005538
12505    0.003547
12542    0.005410
12605    0.007547
12661    0.014977
12690    0.008831
12856    0.007292
12857    0.006106
12867    0.004502
12916    0.006009
12919    0.006889
12987    0.001407
13039    0.009802
13105    0.009802
13139    0.037739
13225    0.006889
13311    0.004295
13347    0.004534
13361    0.004022
13434    0.005340
13466    0.002293
13501    0.002490
13505    0.006577
13529    0.008279
13625    0.008831
13731    0.006209
13844    0.009802
13877    0.016460
13889    0.007860
13935    0.009802
13939    0.005762
13977    0.013779
13997    0.006724
14014    0.004822
14065    0.004632
14085    0.006322
14093    0.004164
14127    0.008831
14143    0.009802
14196    0.016526
14208    0.013779
14272    0.009802
14290    0.007860
14296    0.007548
14303    0.002822
14328    0.008831
14339    0.003774
14340    0.003934
14356    0.008831
14379    0.008831
14406    0.002974
14425    0.011531
14445    0.012568
14485    0.003613
14540    0.009802
14541    0.009802
14604    0.004194
14607    0.006649
14618    0.008831
14627    0.009802
14683    0.005351
14743    0.005678
14745    0.002248
14749    0.003352
14754    0.003913
14796    0.003132
14924    0.009802
14957    0.006577
14961    0.005678
15016    0.020222
15019    0.004139
15023    0.004707
15029    0.016052
15038    0.005038
15135    0.004671
15145    0.008263
15195    0.009802
15204    0.013029
15228    0.005919
15410    0.007998
15484    0.004215
15555    0.006761
15710    0.012418
15711    0.006724
15742    0.019604
15766    0.007860
15818    0.002985
15849    0.004671
15914    0.008263
15922    0.007292
15927    0.004091
15996    0.007076
15997    0.011667
16053    0.008831
16165    0.012211
16166    0.008831
16167    0.020540
16168    0.009802
16170    0.006577
16241    0.004164
16265    0.004707
16268    0.005606
16279    0.005086
16379    0.007292
16381    0.009802
16444    0.009802
16482    0.006322
16485    0.006362
16488    0.006009
16585    0.002279
16724    0.003409
16729    0.001597
16732    0.002438
16735    0.005834
16762    0.009802
16796    0.007292
16866    0.006577
16921    0.003913
16927    0.009802
16954    0.004948
16958    0.004164
17044    0.004295
17051    0.002871
17072    0.005135
17074    0.025652
17075    0.022873
17077    0.009810
17079    0.009645
17117    0.002395
17344    0.008831
17373    0.005606
17568    0.008831
17643    0.003028
17656    0.009802
17695    0.005294
17769    0.013154
17781    0.006106
17793    0.008831
17846    0.004409
17885    0.015881
17907    0.006209
17963    0.005086
17971    0.009802
18037    0.004567
18068    0.005606
18082    0.004189
18086    0.005186
18140    0.006889
18167    0.003017
18182    0.001512
18190    0.004502
18282    0.003039
18303    0.008263
18317    0.003934
18337    0.014585
18338    0.007548
18352    0.008263
18366    0.005919
18371    0.005678
18411    0.004091
18415    0.006889
18425    0.006577
18436    0.005834
18442    0.008831
18460    0.011837
18462    0.009134
18482    0.011212
18547    0.005351
18652    0.002544
18663    0.008263
18665    0.008263
18695    0.005834
18845    0.006577
18928    0.006889
18993    0.004635
19010    0.004905
19043    0.002711
19086    0.005754
19106    0.004351
19223    0.007094
19261    0.002932
19306    0.007860
19334    0.009802
19341    0.007292
19366    0.004087
19410    0.003627
19457    0.004863
19474    0.006209
19506    0.009802
19511    0.009802
19577    0.004470
19680    0.006106
19693    0.010270
19769    0.005754
19773    0.002460
19844    0.000917
19894    0.010171
19945    0.005186
20000    0.007548
20002    0.006443
20082    0.004215
20208    0.006577
20219    0.007860
20251    0.004022
20260    0.000833
20274    0.006818
20275    0.002402
20459    0.008263
20464    0.002942
20534    0.003270
20535    0.010077
20548    0.009802
20601    0.003395
20620    0.002921
20695    0.008536
20703    0.008831
20717    0.014988
20803    0.001945
20807    0.004215
20841    0.002584
20844    0.004093
20848    0.002544
20894    0.002703
20925    0.008263
20927    0.004748
20964    0.005991
20983    0.006124
20999    0.006889
21016    0.003718
21058    0.002871
21120    0.003144
21133    0.005473
21150    0.003353
21247    0.002842
21266    0.007952
21269    0.005239
21306    0.007703
21310    0.003977
21329    0.009802
