248
4    0.013261
75    0.014730
161    0.007757
246    0.006335
271    0.012075
293    0.018369
348    0.017244
435    0.011442
449    0.008821
450    0.016416
451    0.019249
504    0.010256
1128    0.009531
1260    0.009718
1372    0.015485
1439    0.009192
1707    0.006771
1816    0.009272
1830    0.012075
1847    0.008497
1863    0.010256
1945    0.010641
1975    0.016550
1976    0.018369
2072    0.018369
2074    0.019246
2120    0.005825
2200    0.013666
2539    0.007579
2545    0.014730
2871    0.018369
3440    0.013261
3483    0.022237
3726    0.012833
3743    0.005494
3944    0.005825
4075    0.009113
4206    0.009356
4240    0.026346
4245    0.012563
4480    0.008437
4512    0.009356
4522    0.007804
4536    0.007667
4666    0.008101
4777    0.007294
4798    0.021565
4847    0.012602
4870    0.005675
4926    0.026710
4928    0.053046
5043    0.002703
5044    0.023697
5050    0.010933
5055    0.008891
5081    0.010641
5212    0.006362
5293    0.011261
5523    0.007333
5525    0.012075
5537    0.007851
5556    0.006900
5718    0.007622
5769    0.005183
5889    0.025204
5977    0.004967
6372    0.004372
7114    0.011092
7168    0.003655
7456    0.006204
7486    0.006647
7514    0.019246
7619    0.005760
7646    0.016550
7649    0.025204
7719    0.012325
7736    0.005399
7758    0.024651
7798    0.018711
7802    0.002435
8078    0.022166
8116    0.003984
8170    0.029176
8223    0.008101
8300    0.010378
8500    0.004039
8568    0.004096
8581    0.004073
8624    0.007579
8631    0.018369
8688    0.009531
8698    0.010933
8711    0.006362
8804    0.033099
8837    0.043109
8872    0.011442
9143    0.007144
9256    0.006588
9320    0.015333
9388    0.006256
9411    0.006974
9468    0.013666
9517    0.004285
9518    0.003908
9618    0.025822
9644    0.007711
9674    0.012911
9692    0.014666
9777    0.008497
9898    0.009356
9947    0.004285
9980    0.007711
10121    0.020756
10290    0.006362
10332    0.011637
10334    0.010686
10335    0.010378
10354    0.006558
10491    0.007804
10578    0.008049
10589    0.006835
10673    0.015485
10697    0.008622
10711    0.011847
10714    0.006362
10780    0.013261
10846    0.006154
10893    0.011637
11051    0.009037
11103    0.002084
11146    0.018386
11251    0.013666
11279    0.006708
11334    0.005553
11341    0.009037
11342    0.010256
11358    0.006204
11399    0.008622
11415    0.007667
11434    0.005048
11445    0.007453
11457    0.023693
11503    0.004285
11687    0.030971
11757    0.006154
11841    0.003031
11857    0.009192
12028    0.094774
12029    0.029460
12245    0.004843
12382    0.016550
12388    0.012911
12551    0.023915
12876    0.009817
13179    0.006835
13351    0.004310
13355    0.004273
13434    0.001668
13808    0.039784
13862    0.045475
13863    0.009192
13906    0.027112
14049    0.012075
14065    0.004340
14350    0.040110
14445    0.007851
14619    0.013261
14742    0.005625
14815    0.022133
14858    0.028289
14865    0.007108
14903    0.018545
15063    0.005253
15139    0.011092
15210    0.006529
15468    0.014511
15488    0.007072
15697    0.009920
15751    0.012911
15792    0.006501
16237    0.005048
16321    0.006771
16333    0.009113
16353    0.016527
16409    0.009192
16501    0.010797
16526    0.018369
16585    0.012814
16616    0.015485
16705    0.014439
16718    0.014145
16724    0.006389
16950    0.008821
17052    0.016416
17053    0.029650
17103    0.033541
17105    0.005325
17111    0.007757
17234    0.012325
17484    0.006124
17689    0.031134
17811    0.008208
17854    0.008101
18075    0.018369
18154    0.036738
18179    0.006558
18242    0.012325
18251    0.013261
18282    0.002848
18313    0.012911
18326    0.007294
18719    0.018074
18998    0.009920
18999    0.018369
19037    0.007579
19097    0.007218
19223    0.019942
19226    0.008719
19278    0.009886
19309    0.007218
19366    0.007659
19529    0.008378
19535    0.013355
19685    0.013670
19780    0.036738
19867    0.013261
19933    0.011442
20100    0.022867
20145    0.014730
20620    0.005475
20648    0.007218
20652    0.033099
20713    0.004967
20716    0.007256
20771    0.007851
20837    0.012911
20917    0.015485
20927    0.004449
20950    0.053203
20956    0.007294
21085    0.007218
21090    0.012911
21111    0.007667
21113    0.008753
21122    0.006032
21150    0.006283
21243    0.008330
21247    0.002663
