81
246    0.024379
460    0.028683
610    0.053370
1430    0.031802
1699    0.008394
1746    0.021682
1804    0.031589
1808    0.045592
2334    0.027635
2336    0.052593
2675    0.029505
3260    0.052593
4301    0.031589
4500    0.031381
5180    0.044783
5975    0.021682
6180    0.042074
6351    0.042686
6372    0.016826
6598    0.018238
6727    0.043338
7168    0.014068
7178    0.029677
7631    0.056141
7757    0.039469
8116    0.030664
8533    0.023398
8622    0.021219
8674    0.028842
8711    0.024483
9129    0.041496
9228    0.045592
9411    0.013420
9534    0.042686
9631    0.026947
9774    0.056689
10720    0.056689
10888    0.040950
10892    0.015806
11355    0.027478
11848    0.037401
11927    0.040950
11966    0.030399
12042    0.031802
12084    0.028842
13434    0.006419
13466    0.033075
13491    0.033431
13591    0.033949
13939    0.020776
13964    0.030214
14160    0.067897
14340    0.085117
14478    0.052593
15192    0.039939
15309    0.037401
15497    0.023682
16237    0.038855
16579    0.037401
16645    0.036336
16907    0.019683
16945    0.218019
17103    0.025817
17122    0.102654
17547    0.035685
17588    0.030977
18018    0.036679
19232    0.022167
19262    0.023975
19278    0.012682
19337    0.047434
19365    0.043338
19370    0.022503
19410    0.013078
19412    0.039939
19844    0.013225
20697    0.059595
20803    0.028061
21016    0.026815
21094    0.032700
21129    0.015939
