37
103    0.060715
612    0.165931
852    0.098432
858    0.080191
1839    0.104052
2558    0.100538
3659    0.092158
4223    0.121069
5485    0.084587
6497    0.097439
6729    0.137020
7456    0.062205
8131    0.079690
10545    0.085192
10844    0.105336
10946    0.102828
11383    0.086446
11683    0.034693
11753    0.087762
12526    0.092968
15192    0.104052
15193    0.116673
16116    0.054698
16277    0.147690
16529    0.052489
16753    0.147690
16914    0.137020
16945    0.189332
16988    0.094666
17248    0.126350
17331    0.068205
17407    0.059305
18713    0.076868
19288    0.129449
19718    0.070205
21086    0.086446
21115    0.043209
