180
26    0.025541
83    0.027296
271    0.039832
333    0.015164
431    0.017328
896    0.018294
1069    0.014221
1072    0.014665
1204    0.010493
1512    0.022540
1698    0.008219
1699    0.007195
2173    0.009030
2297    0.013028
2609    0.011549
2819    0.009608
2867    0.012361
2874    0.041570
3151    0.020329
3503    0.018032
3671    0.016362
3693    0.017117
3743    0.027185
3791    0.020329
3915    0.016723
3931    0.019916
3944    0.028823
3961    0.022540
4133    0.017784
4240    0.024831
4245    0.010361
4258    0.008408
4496    0.018573
4532    0.018032
4776    0.017784
4890    0.018872
5044    0.013028
5050    0.018032
5081    0.017550
5220    0.013028
5495    0.005812
5545    0.019539
5719    0.008606
5750    0.018872
5933    0.019916
5975    0.009292
6409    0.020785
6707    0.010275
6845    0.021295
6940    0.015293
7141    0.013538
7164    0.019193
7181    0.010109
7224    0.020785
7355    0.018294
7493    0.014116
7760    0.021295
7802    0.004016
7892    0.011783
8078    0.006093
8269    0.013722
8275    0.022984
8289    0.018872
8417    0.010150
8494    0.060593
8500    0.013324
8532    0.019539
8596    0.008038
8622    0.009094
8689    0.035100
9159    0.020785
9242    0.014784
9256    0.010865
9381    0.027296
9490    0.018573
9517    0.007067
9798    0.008492
9947    0.007067
9999    0.015573
10064    0.013915
10363    0.018573
10406    0.018294
10460    0.035100
10638    0.060593
10892    0.006774
11103    0.003437
11107    0.020329
11146    0.020217
11207    0.010865
11415    0.012645
11570    0.009465
11661    0.014549
11683    0.005707
11747    0.011273
11782    0.007514
11786    0.014905
11841    0.005000
11854    0.033446
11922    0.024295
12008    0.015573
12245    0.007988
12300    0.007768
12522    0.009948
12675    0.018721
12817    0.010318
12983    0.008812
12987    0.013046
12999    0.004987
13343    0.021295
13351    0.007108
13357    0.004242
13370    0.014014
13434    0.005502
13723    0.027296
13775    0.062291
13862    0.012501
13863    0.015160
13865    0.041167
13980    0.022540
14065    0.007159
14140    0.017328
14742    0.012370
14785    0.017550
14824    0.014327
14996    0.016915
15063    0.008664
15210    0.010769
15225    0.039832
15245    0.018294
15283    0.019916
15507    0.015720
15555    0.010448
15596    0.018032
15643    0.019193
15820    0.010493
16205    0.094317
16213    0.056616
16430    0.018294
16547    0.030297
16585    0.001761
16729    0.004938
16732    0.015074
17304    0.018872
17484    0.005050
17761    0.015720
17964    0.015871
17966    0.034993
18182    0.004674
18719    0.014905
18799    0.034234
18972    0.015431
19196    0.030297
19213    0.015031
19226    0.007190
19366    0.004211
19453    0.010191
19460    0.007027
19518    0.015293
19543    0.010722
19564    0.019916
19567    0.017784
19685    0.011273
19772    0.010318
19773    0.007605
19971    0.020785
20090    0.005140
20196    0.027296
20260    0.002575
20274    0.010537
20275    0.007426
20366    0.016915
20868    0.006680
20881    0.019539
20894    0.016707
20946    0.008167
21150    0.003455
21247    0.017568
21264    0.012501
21279    0.032596
21296    0.030320
