202
141    0.024050
143    0.014981
147    0.007068
295    0.021668
314    0.010038
319    0.016904
417    0.017363
451    0.016802
453    0.011550
455    0.008057
460    0.009758
610    0.009078
612    0.021668
614    0.024050
773    0.009601
777    0.016499
852    0.012854
853    0.012362
855    0.021786
857    0.011288
858    0.010472
1346    0.011550
1451    0.005724
1689    0.007656
1707    0.008865
1712    0.016948
1834    0.021668
1839    0.013588
1904    0.016499
2102    0.006019
2334    0.037606
2432    0.004153
2558    0.013129
2675    0.010038
2676    0.012249
2684    0.008090
2806    0.008474
2857    0.009168
3245    0.013275
3326    0.008549
3467    0.016137
3576    0.020275
4075    0.011932
4171    0.017363
4223    0.015810
5096    0.006301
5266    0.016904
5485    0.033137
5547    0.024050
5602    0.011206
5626    0.010217
5646    0.012854
5910    0.016137
5991    0.008824
6345    0.014981
6401    0.028235
6460    0.012249
6734    0.009980
6813    0.024050
7053    0.011125
7168    0.004786
7186    0.015810
7188    0.008511
7264    0.018519
7460    0.010472
7531    0.006243
7631    0.009550
7634    0.014117
7709    0.010969
7744    0.009601
7770    0.012140
7802    0.003188
7908    0.021668
7989    0.016802
8036    0.015236
8131    0.041625
8362    0.020434
8374    0.016137
8505    0.009652
8568    0.005362
8581    0.005333
8585    0.014981
8594    0.009259
8596    0.006381
8622    0.021656
8674    0.039249
8711    0.008329
8932    0.024050
9005    0.012724
9009    0.011735
9119    0.021668
9200    0.006546
9303    0.024050
9336    0.022747
9620    0.021668
9639    0.020275
9798    0.013481
9947    0.005610
10439    0.017893
10445    0.020434
10844    0.013755
10892    0.010755
10946    0.147705
11103    0.005457
11178    0.017486
11289    0.009078
11341    0.011832
11355    0.004674
11383    0.033865
11386    0.008156
11566    0.011206
11569    0.013662
11587    0.013275
11591    0.011735
11619    0.019286
11683    0.013591
11743    0.017893
11744    0.007193
11757    0.008057
11928    0.022747
11938    0.013129
11966    0.020684
11968    0.024498
12061    0.016904
12098    0.012599
12684    0.005062
13014    0.005288
13070    0.011641
13303    0.016499
13410    0.016904
13462    0.010606
13466    0.033757
13871    0.011550
14224    0.012478
14240    0.016499
14339    0.009259
14340    0.009652
14341    0.021786
14342    0.026855
14343    0.019846
14406    0.007297
14838    0.018519
14889    0.015511
15192    0.027175
15193    0.030471
15345    0.016904
15466    0.008474
15470    0.013428
15497    0.016114
15591    0.010279
15819    0.017893
16060    0.009401
16136    0.015236
16237    0.006609
16277    0.077144
16432    0.074448
16509    0.008294
16585    0.009786
16734    0.004824
16907    0.020089
16944    0.006483
16945    0.024724
16946    0.023282
17018    0.015511
17024    0.016137
17101    0.008865
17129    0.007323
17500    0.015511
17547    0.012140
17588    0.042154
18160    0.013275
18282    0.003729
18607    0.013428
18619    0.012371
18773    0.017363
18882    0.005188
19232    0.007541
19278    0.004314
19366    0.013370
19370    0.015312
19394    0.011641
19397    0.012854
19398    0.021668
19460    0.005578
19518    0.024280
19523    0.012724
20166    0.015511
20233    0.011832
20260    0.002044
20771    0.010279
20844    0.005021
20868    0.010606
20910    0.010676
21003    0.039825
21005    0.007685
21016    0.018245
21018    0.013755
21083    0.010038
21132    0.010676
21243    0.016359
21247    0.003487
21264    0.009923
