289
115    0.007139
219    0.009271
246    0.011520
267    0.007319
333    0.004180
450    0.007464
453    0.008021
460    0.020331
604    0.008358
689    0.008431
776    0.012862
777    0.011459
851    0.007366
855    0.015131
857    0.023520
858    0.021818
860    0.010581
924    0.008585
978    0.013554
1210    0.010404
1271    0.010581
1307    0.012862
1430    0.022542
1466    0.007227
1741    0.003130
1804    0.014927
1839    0.009437
1850    0.010581
1862    0.006808
2229    0.009118
2334    0.019588
2370    0.012862
2396    0.004502
2432    0.002884
2610    0.010086
2676    0.008507
2723    0.004666
2760    0.013394
2797    0.016703
2806    0.017656
2819    0.010594
2861    0.007959
2909    0.007840
2968    0.007840
2975    0.015049
3009    0.009553
3238    0.006128
3286    0.009118
3326    0.005937
3327    0.007415
3575    0.008218
3659    0.008358
3722    0.015049
3897    0.014829
3903    0.006305
4186    0.013394
4187    0.016703
4500    0.007415
4505    0.008150
4576    0.008358
4921    0.013394
5043    0.002458
5044    0.007183
5079    0.005463
5086    0.016301
5130    0.010980
5132    0.010086
5180    0.010581
5257    0.016703
5464    0.016703
5476    0.012862
5485    0.007671
5501    0.006630
5583    0.010404
5614    0.017208
5626    0.014192
5851    0.008750
5899    0.007319
5975    0.005123
5991    0.006128
6077    0.012427
6192    0.010404
6343    0.011207
6351    0.010086
6365    0.011013
6372    0.011927
6495    0.009437
6505    0.016703
6734    0.006931
6790    0.008927
6811    0.011459
6908    0.004130
7168    0.009972
7176    0.008507
7472    0.019609
7486    0.006044
7631    0.006632
7644    0.008021
7706    0.016703
7736    0.009818
7757    0.009326
7802    0.002214
8001    0.008507
8036    0.010581
8116    0.007245
8200    0.006777
8220    0.015919
8275    0.006336
8362    0.007096
8500    0.003673
8533    0.005528
8596    0.004432
8622    0.005014
8674    0.006815
8868    0.009941
8873    0.009437
8977    0.010581
9002    0.007726
9033    0.015049
9228    0.010772
9256    0.005990
9534    0.010086
9535    0.015049
9668    0.010980
9736    0.018041
10019    0.012862
10175    0.012992
10445    0.007096
10545    0.007726
10665    0.011459
10892    0.007469
10897    0.004875
10946    0.009326
10965    0.010086
11087    0.005834
11103    0.003790
11118    0.006931
11178    0.024288
11218    0.003573
11355    0.009739
11383    0.007840
11434    0.004590
11562    0.015919
11566    0.015565
11567    0.014545
11569    0.014233
11744    0.009992
11749    0.013394
11841    0.008269
11848    0.008837
11927    0.116107
11966    0.021548
11968    0.017014
11971    0.016703
12005    0.003359
12098    0.008750
12122    0.004193
12166    0.006215
12245    0.004404
12269    0.012059
12319    0.009220
12326    0.008085
12526    0.008431
12928    0.006100
12974    0.012672
13014    0.007346
13466    0.015630
13476    0.011207
13491    0.007899
13591    0.008021
13595    0.016703
13605    0.015049
13778    0.011459
13897    0.007840
13946    0.010980
13964    0.007139
14160    0.016043
14167    0.016703
14340    0.026815
14341    0.022696
14354    0.010404
14406    0.005068
14412    0.013336
14478    0.012427
14579    0.007899
14713    0.011459
14769    0.007782
14863    0.007959
15029    0.009118
15140    0.004575
15190    0.011740
15192    0.018873
15309    0.017674
15368    0.007959
15468    0.006598
15523    0.015049
15550    0.008507
15591    0.007139
15622    0.016703
15629    0.016703
15695    0.006245
15820    0.005785
15822    0.004961
16093    0.010772
16116    0.009921
16443    0.011740
16521    0.007618
16579    0.017674
16585    0.007768
16645    0.120197
16812    0.016703
16887    0.010086
16907    0.004651
16944    0.009005
16946    0.008085
16988    0.008585
17067    0.006892
17101    0.024627
17103    0.006100
17104    0.009676
17105    0.004842
17117    0.012245
17184    0.016703
17368    0.010772
17438    0.015236
17480    0.007565
17484    0.002784
17588    0.007319
17591    0.011207
17668    0.013394
17669    0.003964
17711    0.014081
17830    0.005860
17999    0.011459
18116    0.009805
18282    0.005179
18374    0.020480
18454    0.010240
18619    0.012888
18674    0.009118
18824    0.012059
18882    0.003603
18898    0.006336
19177    0.004793
19226    0.003964
19232    0.005237
19238    0.011459
19278    0.005993
19283    0.013394
19327    0.003941
19365    0.010240
19366    0.004643
19370    0.010634
19397    0.008927
19410    0.006180
19412    0.009437
19464    0.004666
19529    0.022853
19530    0.009553
19717    0.016703
19773    0.004193
19785    0.004605
19844    0.006249
19907    0.009118
20233    0.016435
20260    0.001420
20289    0.009220
20439    0.008666
20462    0.009805
20464    0.015041
20609    0.010980
20678    0.008927
20771    0.007139
20798    0.016703
20830    0.007514
20868    0.007366
20899    0.009118
20964    0.005104
21003    0.018439
21005    0.010675
21016    0.006336
21018    0.009553
21019    0.006704
21058    0.004892
21086    0.007840
21129    0.007532
21150    0.001905
21243    0.003787
21247    0.007264
