321
67    0.012798
73    0.010960
90    0.013678
158    0.009980
430    0.012174
441    0.007234
443    0.008380
448    0.007348
450    0.006784
455    0.005086
523    0.006739
621    0.005326
822    0.007532
1097    0.005086
1153    0.013678
1184    0.004493
1217    0.011690
1221    0.009791
1255    0.028503
1256    0.008794
1309    0.004985
1327    0.013678
1446    0.008794
1455    0.008114
1456    0.006924
1586    0.011690
1662    0.007663
1691    0.004833
1699    0.003605
1817    0.009457
1918    0.012746
2047    0.004312
2057    0.011294
2058    0.007597
2225    0.009617
2226    0.007663
2283    0.006093
2344    0.007333
2396    0.004092
2539    0.006264
2542    0.013678
2543    0.012798
2589    0.007532
2684    0.005107
2706    0.004227
2715    0.010670
2747    0.006972
2806    0.005349
2819    0.004814
3094    0.009307
3297    0.005787
3318    0.008794
3324    0.030362
3328    0.011294
3329    0.015181
3400    0.008032
3483    0.030630
3559    0.007732
3615    0.048466
3632    0.006229
3641    0.010670
3692    0.012798
3743    0.009081
3791    0.010186
3829    0.015181
3881    0.006488
3911    0.011192
3918    0.015181
3947    0.023380
4141    0.006449
4150    0.006569
4240    0.006221
4397    0.011690
4492    0.005469
4532    0.018071
4536    0.006336
4578    0.007803
4689    0.008199
4778    0.008032
4847    0.010415
4872    0.006972
4873    0.008380
4894    0.009791
4987    0.015181
4992    0.011294
5079    0.004965
5081    0.017588
5212    0.005258
5241    0.012174
5326    0.015181
5453    0.015181
5501    0.003013
5521    0.006569
5764    0.009617
5765    0.009617
5914    0.015181
5946    0.011690
5984    0.013678
6050    0.005170
6122    0.015181
6135    0.010670
6136    0.013678
6365    0.020019
6372    0.003613
6473    0.015181
6592    0.015181
6689    0.015754
6707    0.005149
6808    0.007532
6940    0.007663
7097    0.005845
7241    0.007234
7261    0.009457
7455    0.012174
7466    0.005349
7478    0.011294
7524    0.013024
7617    0.012798
7619    0.023801
7627    0.012798
7634    0.008911
7635    0.012798
7649    0.010415
7746    0.016952
7748    0.014147
7751    0.013678
8013    0.015181
8078    0.003053
8104    0.012798
8108    0.010670
8110    0.010186
8170    0.012056
8223    0.013390
8288    0.008683
8300    0.008577
8431    0.010670
8448    0.008476
8460    0.015181
8471    0.012798
8534    0.004888
8623    0.009980
8656    0.015181
8837    0.014251
8964    0.005997
9055    0.011294
9077    0.008476
9118    0.004796
9186    0.012174
9210    0.005676
9214    0.006972
9282    0.009081
9518    0.003230
9782    0.008911
9799    0.008476
9824    0.007663
9878    0.008577
9947    0.003541
10102    0.011690
10179    0.017366
10333    0.006610
10341    0.008032
10344    0.015181
10445    0.006449
10700    0.010186
10895    0.018614
11109    0.022589
11132    0.012174
11146    0.010130
11181    0.004199
11196    0.007348
11225    0.006336
11320    0.009167
11334    0.004589
11339    0.013678
11439    0.006194
11570    0.004743
11683    0.002860
11750    0.004066
11757    0.005086
11782    0.003765
11841    0.010021
11889    0.006610
11891    0.018334
11895    0.027501
11918    0.011294
12005    0.012213
12071    0.011038
12110    0.004105
12150    0.012174
12166    0.005649
12202    0.013847
12292    0.216848
12293    0.065761
12300    0.011678
12324    0.010670
12384    0.015181
12434    0.008476
12551    0.003953
12566    0.021920
12660    0.005469
12684    0.006391
12855    0.003511
12983    0.004416
13133    0.012798
13189    0.012174
13283    0.008199
13343    0.010670
13351    0.003562
13357    0.002126
13434    0.001378
13499    0.009617
13581    0.016952
13706    0.012174
13862    0.043847
13863    0.007597
13932    0.013678
13939    0.004462
14046    0.012174
14065    0.003587
14191    0.012798
14193    0.036522
14303    0.004371
14322    0.006924
14350    0.016575
14352    0.011294
14358    0.007803
14717    0.006336
14742    0.007748
14745    0.006963
14815    0.009146
14903    0.015327
14953    0.012798
14992    0.010670
14997    0.006924
15005    0.027355
15032    0.006739
15063    0.013024
15110    0.009617
15212    0.007532
15455    0.012174
15551    0.005494
15707    0.010960
15733    0.012798
15735    0.015181
15763    0.009457
15791    0.011690
15841    0.009617
15885    0.013678
15942    0.009457
15958    0.055001
16024    0.008114
16047    0.008287
16064    0.009307
16116    0.004509
16207    0.006739
16585    0.007943
16647    0.010670
16729    0.002474
16732    0.003777
16791    0.014045
16807    0.010670
16815    0.008476
16901    0.012798
16940    0.057704
16941    0.002838
17037    0.004796
17052    0.006784
17111    0.006411
17144    0.003423
17207    0.030362
17271    0.012174
17369    0.006028
17531    0.004327
17830    0.005326
17857    0.008114
17875    0.006194
17963    0.007877
18005    0.007738
18198    0.009167
18382    0.005759
18383    0.004725
18564    0.012798
18567    0.006569
18583    0.010670
18866    0.009980
18887    0.006972
18928    0.010670
19015    0.012798
19177    0.004356
19226    0.010809
19366    0.002110
19760    0.009167
19821    0.015181
19982    0.010960
20098    0.030362
20100    0.012599
20116    0.016398
20275    0.003721
20358    0.010415
20452    0.010840
20527    0.012174
20530    0.010960
20540    0.006264
20546    0.013678
20689    0.032880
20695    0.013220
20716    0.005997
20744    0.015181
20818    0.010670
20927    0.003677
20946    0.004092
21005    0.004851
21058    0.004446
21115    0.003562
21129    0.003423
21147    0.008114
21150    0.003462
21152    0.006784
21195    0.014251
21247    0.002201
21290    0.005519
