353
219    0.003892
246    0.004837
287    0.014025
314    0.005854
334    0.014025
450    0.006267
451    0.004899
460    0.005691
629    0.009622
753    0.009622
775    0.012636
776    0.010800
851    0.006185
855    0.012705
857    0.019749
858    0.018320
860    0.008885
924    0.007209
1240    0.004448
1301    0.014025
1346    0.006735
1349    0.008736
1413    0.014695
1430    0.012619
1451    0.003338
1465    0.014025
1682    0.007347
1689    0.008929
1691    0.004465
1712    0.009883
1804    0.012534
1862    0.002858
1919    0.009841
1949    0.004698
1967    0.009622
1989    0.008347
2050    0.007831
2329    0.012636
2333    0.008124
2334    0.005483
2447    0.008736
2499    0.007574
2597    0.010434
2610    0.016938
2676    0.007143
2744    0.003757
2768    0.007143
2806    0.004942
2819    0.017791
2857    0.010692
2867    0.005722
2975    0.012636
3053    0.011846
3217    0.011247
3451    0.005320
3467    0.009411
3489    0.011247
3632    0.005754
3688    0.012883
3825    0.008233
3842    0.004551
3903    0.010588
4021    0.012636
4314    0.014025
4453    0.012636
4456    0.005754
4458    0.008598
4461    0.005219
4500    0.006226
4503    0.009858
4536    0.005854
4570    0.012636
4598    0.010800
4689    0.015149
4901    0.007574
5043    0.008255
5044    0.006031
5086    0.006844
5096    0.011024
5171    0.008124
5221    0.011823
5260    0.005691
5440    0.005455
5614    0.004816
5616    0.008598
5639    0.009411
5696    0.011247
5729    0.014025
5767    0.009858
5966    0.009622
5975    0.021508
6351    0.008469
6365    0.004624
6372    0.006677
6460    0.007143
6557    0.008885
6620    0.008469
6663    0.006735
6729    0.010434
6734    0.005820
6937    0.007574
6984    0.008360
7010    0.006844
7041    0.014025
7077    0.021627
7087    0.005787
7173    0.005754
7181    0.004680
7188    0.004963
7266    0.012636
7281    0.007574
7312    0.012636
7343    0.006583
7363    0.010800
7401    0.009411
7456    0.004737
7486    0.005075
7531    0.003641
7631    0.016707
7634    0.008233
7636    0.005787
7650    0.020974
7704    0.006958
7726    0.007277
7744    0.016796
7754    0.005994
7757    0.023492
7802    0.007437
7888    0.012636
7957    0.014025
7982    0.011247
8027    0.008347
8094    0.010125
8116    0.003042
8220    0.006683
8362    0.023833
8363    0.008124
8407    0.006069
8412    0.014025
8500    0.009252
8581    0.003110
8582    0.014025
8594    0.005400
8596    0.003721
8601    0.006583
8622    0.008420
8711    0.004857
8714    0.008347
8862    0.013916
8872    0.008736
8971    0.008469
8994    0.010434
9002    0.006488
9003    0.005146
9044    0.008598
9200    0.007634
9215    0.011823
9228    0.027136
9247    0.010125
9251    0.012636
9364    0.004698
9412    0.012636
9534    0.008469
9631    0.005346
9947    0.006543
10140    0.004448
10175    0.005455
10445    0.011916
10494    0.012636
10794    0.011509
10881    0.006031
10892    0.006272
11103    0.003182
11141    0.009220
11178    0.005099
11231    0.011823
11341    0.006900
11355    0.010903
11358    0.004737
11425    0.010125
11434    0.003854
11503    0.006543
11528    0.004642
11530    0.020206
11566    0.006535
11568    0.008736
11569    0.007967
11744    0.004195
11749    0.011247
11757    0.014095
11771    0.014025
11848    0.007420
11927    0.097493
11931    0.025272
11966    0.048249
11968    0.014287
12098    0.007347
12115    0.011823
12120    0.010125
12121    0.014025
12367    0.009622
12397    0.012636
12465    0.014025
12505    0.005075
12508    0.007080
12659    0.004737
12684    0.005904
12820    0.006844
12904    0.003675
12913    0.011247
12955    0.011247
12965    0.011823
12974    0.005320
12983    0.012238
13070    0.006789
13179    0.010437
13303    0.009622
13366    0.008736
13434    0.001274
13466    0.003281
13494    0.009411
13760    0.008022
13921    0.006900
13964    0.005994
14012    0.005511
14079    0.014025
14086    0.012636
14160    0.013471
14218    0.009411
14314    0.005923
14339    0.005400
14340    0.022516
14341    0.006352
14343    0.005787
14406    0.004255
14412    0.005599
14478    0.010434
14538    0.005722
14717    0.005854
14727    0.006900
14754    0.005599
14769    0.006535
15029    0.007656
15190    0.009858
15192    0.007924
15220    0.008885
15229    0.006396
15284    0.011247
15309    0.022261
15344    0.005122
15410    0.005722
15496    0.011247
15591    0.005994
15801    0.005691
15828    0.010800
15889    0.007347
15972    0.012636
15981    0.009045
16056    0.014025
16237    0.007709
16349    0.007924
16432    0.005427
16437    0.005854
16579    0.029681
16583    0.014025
16585    0.004892
16645    0.093718
16700    0.009622
16767    0.008124
16887    0.008469
16907    0.003905
16914    0.010434
16915    0.012636
17101    0.020679
17103    0.005122
17104    0.008124
17105    0.008131
17117    0.003427
17315    0.014025
17354    0.009858
17484    0.002338
17589    0.010434
17655    0.014025
17666    0.011247
17780    0.008124
17814    0.009138
17988    0.014025
18021    0.008736
18149    0.011823
18276    0.012636
18282    0.002174
18317    0.005629
18319    0.004698
18347    0.007742
18374    0.008598
18451    0.007018
18456    0.014025
18459    0.009622
18491    0.010800
18619    0.007214
18694    0.011247
18764    0.012636
18790    0.014025
18888    0.009397
18948    0.007742
19058    0.014025
19082    0.009858
19225    0.004718
19226    0.003329
19238    0.009622
19261    0.004195
19271    0.005194
19343    0.007924
19365    0.008598
19366    0.009746
19372    0.012636
19410    0.015568
19412    0.007924
19416    0.004776
19426    0.002754
19450    0.010434
19460    0.003253
19518    0.007080
19523    0.007420
19543    0.004963
19772    0.004776
19820    0.004737
19950    0.014025
20056    0.027136
20139    0.011823
20180    0.014025
20203    0.010434
20288    0.008347
20289    0.007742
20464    0.008420
20555    0.009622
20611    0.011247
20768    0.003300
20771    0.005994
20803    0.013918
20844    0.005856
20868    0.006185
20894    0.003867
20968    0.014025
21003    0.007742
21004    0.014025
21005    0.004482
21087    0.004079
21115    0.003290
21150    0.003198
21152    0.006267
21243    0.003180
21247    0.002033
