731
2    0.004421
4    0.008290
45    0.004145
85    0.005741
88    0.004421
89    0.004840
96    0.004421
143    0.003576
146    0.004840
191    0.002317
246    0.001980
267    0.002516
269    0.004840
348    0.002695
366    0.005741
372    0.003774
407    0.005173
417    0.004145
419    0.008842
428    0.002757
429    0.003774
431    0.003284
432    0.017085
437    0.003852
439    0.003774
440    0.006834
441    0.002736
444    0.009112
448    0.002779
449    0.002757
450    0.012827
451    0.002005
453    0.005514
455    0.001923
457    0.009318
460    0.002329
469    0.001787
504    0.003205
568    0.002210
621    0.010071
638    0.003326
668    0.004840
702    0.002136
731    0.003417
744    0.003037
749    0.006567
753    0.003939
806    0.003370
814    0.007153
819    0.003637
822    0.002848
840    0.007405
851    0.002532
863    0.002873
869    0.005741
879    0.004145
882    0.003326
927    0.003169
941    0.004421
1160    0.003169
1184    0.001699
1194    0.002825
1234    0.008842
1252    0.005741
1256    0.003326
1326    0.003205
1439    0.002873
1582    0.004421
1607    0.004840
1691    0.001828
1698    0.001558
1699    0.002727
1738    0.005741
1762    0.001472
1801    0.013812
1814    0.003637
1862    0.001170
1945    0.006651
1965    0.004271
1975    0.005173
2060    0.004271
2069    0.008543
2070    0.004145
2074    0.006015
2084    0.004011
2090    0.003774
2093    0.001717
2099    0.004840
2113    0.002329
2114    0.004559
2146    0.005741
2209    0.008543
2223    0.004840
2226    0.005796
2283    0.002304
2291    0.003774
2297    0.002469
2380    0.002600
2440    0.006015
2539    0.011844
2544    0.004421
2545    0.013812
2555    0.004145
2684    0.001931
2744    0.001538
2806    0.002023
2819    0.001821
2861    0.002736
2867    0.007027
2874    0.003939
2879    0.004604
2892    0.004840
2920    0.002532
2985    0.002979
3077    0.002157
3089    0.002741
3129    0.010559
3213    0.004840
3301    0.004421
3309    0.002439
3336    0.017224
3338    0.005000
3429    0.004604
3483    0.009267
3490    0.011482
3503    0.003417
3563    0.001807
3567    0.001351
3593    0.004959
3618    0.001988
3654    0.006015
3670    0.004604
3675    0.002410
3718    0.008842
3736    0.003852
3743    0.012020
3791    0.007705
3842    0.001863
3881    0.002454
3908    0.008543
3909    0.004840
3912    0.002779
3942    0.004938
3944    0.010924
3950    0.003134
3983    0.003852
3998    0.015518
4010    0.005173
4020    0.004271
4028    0.002317
4087    0.003520
4102    0.006201
4123    0.012435
4125    0.005741
4126    0.005173
4133    0.003370
4137    0.005595
4141    0.002439
4151    0.004968
4168    0.010779
4169    0.005173
4179    0.005603
4188    0.003467
4214    0.005741
4215    0.005741
4219    0.008842
4240    0.005882
4245    0.009817
4337    0.004035
4406    0.002898
4503    0.004035
4504    0.003774
4512    0.002924
4522    0.007317
4524    0.012435
4525    0.007877
4527    0.003852
4536    0.007189
4580    0.004421
4581    0.002715
4613    0.007705
4639    0.002825
4660    0.003637
4672    0.003370
4687    0.004421
4738    0.004271
4774    0.002695
4798    0.023591
4800    0.013812
4847    0.007877
4871    0.002396
4880    0.005741
4901    0.003101
4926    0.029219
4927    0.002924
4928    0.004145
5021    0.004840
5043    0.000845
5047    0.008025
5055    0.005558
5057    0.003939
5081    0.003326
5082    0.011491
5096    0.006017
5103    0.002757
5180    0.003637
5182    0.004604
5212    0.001988
5239    0.003467
5320    0.004840
5349    0.005173
5474    0.004604
5475    0.003417
5487    0.004908
5515    0.001558
5523    0.002292
5532    0.001437
5556    0.002157
5619    0.004840
5621    0.004145
5628    0.001642
5659    0.004840
5718    0.002382
5770    0.003467
5889    0.003939
5912    0.012106
5913    0.004421
5924    0.005430
5975    0.003522
5976    0.002825
6050    0.001955
6092    0.004840
6115    0.002979
6247    0.003774
6251    0.002779
6267    0.004604
6334    0.008545
6358    0.002825
6497    0.003037
6507    0.011028
6508    0.005741
6522    0.005741
6598    0.001481
6719    0.001931
6750    0.011482
6761    0.001573
6879    0.004145
6931    0.003068
6958    0.005173
7029    0.003774
7087    0.002369
7097    0.002210
7099    0.002848
7114    0.003467
7161    0.013812
7164    0.003637
7181    0.001916
7218    0.004840
7281    0.003101
7284    0.008290
7378    0.002951
7421    0.003520
7428    0.004421
7460    0.002500
7489    0.003520
7514    0.012031
7516    0.005741
7524    0.001642
7542    0.004145
7619    0.023403
7622    0.009680
7649    0.007877
7685    0.014520
7701    0.005173
7719    0.003852
7721    0.003939
7722    0.004604
7746    0.009616
7748    0.002675
7757    0.003205
7760    0.012106
7779    0.002292
7782    0.003774
7802    0.004567
7810    0.005173
7833    0.005888
7847    0.006268
7853    0.007153
7892    0.004466
7895    0.003134
7987    0.002280
8005    0.004271
8021    0.002178
8078    0.010392
8107    0.002626
8130    0.004145
8159    0.002779
8170    0.004559
8171    0.005741
8220    0.002736
8265    0.008842
8289    0.003576
8300    0.006487
8309    0.005741
8394    0.008071
8446    0.001558
8500    0.001262
8532    0.003703
8533    0.001900
8534    0.001849
8581    0.001273
8585    0.003576
8590    0.009208
8624    0.002369
8630    0.002959
8639    0.002210
8670    0.004840
8674    0.002342
8691    0.013812
8706    0.005741
8781    0.001767
8783    0.001893
8785    0.003637
8787    0.003467
8804    0.005173
8805    0.002439
8814    0.004840
8837    0.029643
8918    0.005701
9003    0.004213
9076    0.014520
9083    0.014520
9136    0.002484
9145    0.005741
9159    0.007877
9196    0.004421
9198    0.004604
9200    0.001563
9231    0.003244
9280    0.002637
9285    0.005741
9311    0.002779
9320    0.002396
9361    0.002023
9378    0.005741
9411    0.004360
9518    0.003665
9526    0.002951
9532    0.003576
9533    0.001787
9664    0.001923
9704    0.010345
9771    0.003939
9783    0.006137
9787    0.004604
9834    0.006651
9878    0.003244
9947    0.001339
9999    0.002951
10120    0.003774
10156    0.003703
10199    0.003939
10215    0.003910
10259    0.003008
10263    0.003417
10334    0.001670
10375    0.005741
10421    0.002304
10422    0.004968
10469    0.005741
10478    0.002695
10480    0.003576
10491    0.002439
10500    0.004604
10508    0.012822
10570    0.013263
10589    0.002136
10605    0.005170
10612    0.002979
10645    0.003703
10659    0.003101
10668    0.010779
10689    0.004792
10711    0.003703
10714    0.001988
10730    0.005741
10774    0.002873
10821    0.004271
10826    0.003576
10837    0.000903
10840    0.001955
10986    0.004035
11031    0.004271
11051    0.002825
11070    0.011482
11093    0.004334
11117    0.004272
11146    0.001916
11156    0.003852
11160    0.002439
11161    0.002979
11181    0.001588
11189    0.005173
11200    0.005741
11207    0.002059
11218    0.002457
11310    0.003637
11328    0.004145
11334    0.001736
11374    0.003939
11381    0.004145
11386    0.001947
11415    0.002396
11434    0.001578
11457    0.014811
11458    0.018514
11462    0.004840
11475    0.003637
11558    0.005741
11561    0.003520
11581    0.002317
11612    0.005741
11655    0.003284
11666    0.018416
11687    0.004840
11697    0.003637
11788    0.002979
11800    0.004145
11827    0.011322
11837    0.004604
11838    0.004604
11854    0.003169
11857    0.002873
11879    0.013263
11885    0.003939
11967    0.004421
11973    0.002979
12005    0.001155
12008    0.005902
12028    0.011108
12038    0.004271
12057    0.009680
12086    0.002898
12099    0.004604
12108    0.004604
12110    0.003105
12122    0.002882
12194    0.003703
12283    0.001131
12300    0.005888
12304    0.012536
12382    0.005173
12388    0.008071
12439    0.004271
12445    0.005741
12464    0.003774
12475    0.003774
12490    0.004421
12522    0.007541
12551    0.014950
12589    0.017224
12616    0.005741
12668    0.002469
12735    0.002801
12753    0.005173
12778    0.011482
12779    0.005741
12817    0.001955
12853    0.001828
12855    0.003983
12864    0.003574
12878    0.009208
12880    0.001900
12904    0.001504
12978    0.002469
12983    0.001670
12987    0.003296
13008    0.005000
13121    0.005741
13155    0.003852
13157    0.002439
13241    0.003205
13291    0.005741
13294    0.006411
13320    0.002210
13340    0.004840
13343    0.004035
13348    0.002342
13351    0.002694
13359    0.003774
13433    0.004840
13434    0.003128
13445    0.003370
13470    0.002656
13497    0.003101
13530    0.009318
13531    0.004604
13727    0.003774
13738    0.004604
13742    0.003939
13775    0.002951
13808    0.008290
13865    0.005201
13892    0.002979
13895    0.003852
13906    0.005649
13963    0.004035
13983    0.003101
14002    0.006740
14004    0.004035
14010    0.011482
14059    0.005173
14063    0.001787
14065    0.001357
14106    0.004271
14130    0.007317
14131    0.002736
14161    0.003068
14212    0.003637
14255    0.003852
14304    0.002600
14349    0.004145
14350    0.031341
14406    0.001742
14425    0.001351
14427    0.003576
14428    0.002979
14533    0.004035
14539    0.002549
14578    0.004840
14604    0.001228
14742    0.004102
14781    0.003037
14809    0.003576
14815    0.025941
14816    0.003520
14838    0.004421
14858    0.008842
14859    0.003101
14873    0.004421
14875    0.004604
14903    0.002898
14942    0.006651
14961    0.003326
14994    0.003326
14996    0.003205
14997    0.010474
15002    0.017224
15016    0.004738
15028    0.003467
15073    0.005741
15079    0.005741
15110    0.003637
15133    0.003774
15139    0.003467
15245    0.003467
15283    0.007548
15294    0.003284
15297    0.004145
15334    0.002757
15368    0.005472
15382    0.009851
15433    0.011482
15488    0.002210
15550    0.002924
15596    0.003417
15643    0.010911
15695    0.002146
15697    0.006201
15775    0.003284
15778    0.002146
15821    0.002484
15863    0.004421
15885    0.015518
15928    0.002005
15991    0.005390
16047    0.003134
16120    0.003101
16186    0.009208
16205    0.002979
16245    0.012106
16252    0.003101
16269    0.002736
16317    0.004908
16321    0.002116
16333    0.008545
16344    0.018416
16348    0.004145
16353    0.002583
16362    0.002656
16371    0.009585
16386    0.003637
16410    0.011816
16472    0.003852
16501    0.001687
16509    0.001980
16585    0.001001
16623    0.004604
16647    0.004035
16649    0.002356
16688    0.005173
16705    0.001504
16718    0.008842
16777    0.005173
16821    0.010345
16921    0.002292
16923    0.001593
16929    0.003169
16941    0.001073
17008    0.007877
17027    0.001908
17032    0.003169
17052    0.020524
17053    0.037068
17054    0.009112
17055    0.003939
17059    0.002736
17101    0.012697
17103    0.012580
17105    0.001664
17111    0.002424
17117    0.002806
17129    0.005244
17137    0.004840
17154    0.004035
17155    0.003637
17275    0.004271
17471    0.002600
17484    0.000957
17496    0.002825
17531    0.001636
17559    0.004035
17689    0.006487
17755    0.003068
17766    0.005741
17829    0.002873
17857    0.003068
17870    0.003587
17900    0.004840
17914    0.003370
17964    0.003008
18057    0.003134
18078    0.004840
18082    0.002454
18136    0.003852
18167    0.000883
18180    0.003101
18182    0.000886
18212    0.003703
18214    0.010400
18242    0.007705
18251    0.004145
18259    0.004840
18260    0.007274
18282    0.001780
18332    0.004271
18336    0.003205
18420    0.013263
18510    0.005741
18563    0.004145
18570    0.003852
18595    0.005741
18652    0.001490
18655    0.005504
18719    0.005649
18728    0.003134
18731    0.003101
18799    0.006487
18813    0.004604
18814    0.003703
18822    0.005173
18972    0.005848
19021    0.004271
19043    0.001588
19051    0.005741
19085    0.008271
19087    0.003703
19097    0.006768
19136    0.003576
19138    0.007877
19188    0.004840
19223    0.002078
19261    0.001717
19278    0.004120
19296    0.003467
19313    0.004145
19366    0.001596
19426    0.001128
19564    0.003774
19567    0.003370
19573    0.005173
19637    0.004604
19668    0.005741
19685    0.004272
19686    0.007548
19688    0.011557
19689    0.005173
19844    0.005907
19867    0.004145
19969    0.004604
20082    0.002469
20100    0.004765
20102    0.004840
20136    0.004604
20165    0.004604
20260    0.001464
20274    0.001997
20275    0.001407
20281    0.002078
20292    0.005741
20301    0.004035
20534    0.001916
20648    0.002256
20652    0.010345
20717    0.001463
20768    0.002702
20790    0.005741
20816    0.004604
20824    0.002317
20847    0.003852
20950    0.019954
20993    0.006177
21009    0.007039
21119    0.002801
21150    0.000655
21195    0.002695
21243    0.002604
21247    0.013317
21263    0.017224
21279    0.010295
21297    0.003939
