316
57    0.015148
73    0.010936
147    0.004452
212    0.007110
219    0.004204
312    0.011665
335    0.019916
449    0.007275
460    0.006146
481    0.006397
485    0.021295
596    0.015148
646    0.010392
725    0.012148
774    0.011665
852    0.008096
858    0.006596
920    0.006638
1039    0.010392
1188    0.007647
1345    0.008458
1430    0.020444
1451    0.003606
1459    0.011270
1699    0.001799
1707    0.011167
1804    0.006769
2003    0.012094
2053    0.012770
2173    0.004515
2328    0.010936
2333    0.035100
2334    0.017765
2336    0.011270
2337    0.027296
2432    0.005232
2691    0.008096
2734    0.011665
2736    0.022540
2737    0.005202
2773    0.010936
2806    0.005337
3013    0.014549
3140    0.007515
3185    0.015148
3338    0.013192
3506    0.015148
3659    0.007580
3665    0.008096
3706    0.015720
3842    0.004916
3862    0.006435
3897    0.026898
4075    0.007515
4109    0.009770
4223    0.029874
4260    0.005482
4276    0.009016
4277    0.008558
4313    0.009770
4450    0.004110
4561    0.019539
4580    0.011665
4881    0.012148
4933    0.011665
5096    0.007938
5234    0.009770
5321    0.072747
5372    0.009436
5485    0.041744
5492    0.036443
5495    0.002906
5501    0.003007
5526    0.011270
5537    0.006474
5615    0.012871
5626    0.019306
5966    0.010392
5975    0.004646
6235    0.011665
6330    0.041570
6394    0.009596
6401    0.017784
6460    0.015431
6532    0.007275
6596    0.007628
6622    0.009770
6816    0.013648
6918    0.006047
7051    0.009770
7166    0.006215
7176    0.007715
7178    0.006359
7179    0.011665
7493    0.007058
7524    0.004332
7555    0.011665
7571    0.005922
7618    0.046434
7623    0.008664
7693    0.007392
7753    0.004136
7770    0.007647
7802    0.002008
7806    0.009147
7833    0.007768
7856    0.009287
7989    0.005291
8116    0.009856
8133    0.011665
8153    0.007786
8275    0.005746
8448    0.008458
8450    0.012148
8489    0.006322
8504    0.008558
8505    0.006080
8529    0.012770
8534    0.004878
8581    0.003359
8622    0.004547
8674    0.012361
8711    0.005246
9009    0.007392
9106    0.007647
9182    0.015148
9263    0.032809
9264    0.015148
9343    0.012770
9454    0.004391
9666    0.012770
9744    0.024295
9798    0.004246
9812    0.005291
9944    0.013722
9961    0.008558
10011    0.008664
10261    0.007582
10427    0.011665
10432    0.015148
10509    0.006180
10542    0.010647
10545    0.007007
10605    0.004547
10689    0.006322
10691    0.010647
10723    0.007860
10844    0.017328
11087    0.005291
11103    0.001719
11269    0.015148
11355    0.002944
11358    0.005116
11383    0.028441
11391    0.012148
11413    0.009016
11416    0.008458
11448    0.021873
11528    0.005014
11534    0.009016
11567    0.006596
11569    0.008606
11571    0.009958
11683    0.002854
11744    0.004531
11750    0.004057
11753    0.007219
11856    0.013648
11966    0.026056
11969    0.012148
11987    0.009287
12032    0.068240
12064    0.006015
12098    0.015871
12109    0.006769
12245    0.003994
12300    0.007768
12522    0.029845
12526    0.007647
12551    0.007889
12591    0.004499
12660    0.005457
12668    0.006514
12670    0.030493
12684    0.006377
12765    0.004732
12860    0.015148
12864    0.004715
12936    0.010164
13050    0.007651
13198    0.015031
13357    0.002121
13381    0.009287
13434    0.002751
13466    0.007088
13471    0.012148
13491    0.007164
13513    0.009436
13871    0.014549
13964    0.012949
14006    0.015148
14339    0.005832
14340    0.006080
14341    0.006861
14342    0.042289
14343    0.018751
14391    0.012794
14406    0.004596
14536    0.006555
14780    0.007715
14835    0.020329
15171    0.015148
15192    0.008558
15193    0.009596
15228    0.009147
15440    0.012148
15551    0.005482
15623    0.011606
15713    0.007007
15912    0.003908
15927    0.006322
16060    0.005922
16251    0.013648
16283    0.009596
16485    0.004916
16489    0.015160
16501    0.004452
16527    0.005075
16529    0.004317
16585    0.009687
16705    0.011907
16734    0.003039
16907    0.004218
16944    0.008167
16945    0.007786
16946    0.014665
16954    0.007647
16983    0.013648
16988    0.007786
17019    0.016915
17024    0.010164
17061    0.009770
17074    0.005663
17122    0.007332
17209    0.009287
17298    0.045445
17346    0.019916
17347    0.006286
17522    0.010164
17579    0.013648
17591    0.020329
17651    0.010647
17814    0.004935
17892    0.029309
17902    0.015148
18004    0.008558
18008    0.012770
18011    0.013648
18146    0.008096
18159    0.005803
18182    0.007010
18282    0.002348
18319    0.005075
18347    0.008362
18544    0.009958
18619    0.011688
18652    0.003932
18660    0.009016
18670    0.005269
18690    0.008181
18752    0.013648
18784    0.007219
18799    0.008558
18882    0.003267
18903    0.007164
18987    0.028317
19043    0.004190
19084    0.014437
19223    0.005482
19225    0.005095
19226    0.003595
19229    0.009596
19237    0.015148
19278    0.002718
19523    0.016029
19529    0.006909
19530    0.008664
19568    0.009016
19772    0.005159
19830    0.006359
19844    0.001417
20090    0.007710
20233    0.007453
20260    0.002575
20458    0.009770
20556    0.010164
20714    0.004994
20778    0.007110
20827    0.023359
20844    0.006325
20848    0.003932
20894    0.004177
20946    0.012250
21016    0.005746
21086    0.007110
21087    0.004406
21105    0.010647
21114    0.016915
21150    0.006909
21198    0.027296
21243    0.010304
21247    0.002196
21266    0.004096
21269    0.008096
21299    0.009016
21308    0.019193
