412
348    0.005133
455    0.003663
552    0.004128
590    0.006812
835    0.007895
1099    0.003853
1101    0.009852
1243    0.013408
1250    0.005570
1477    0.003939
1508    0.009219
1597    0.007502
1612    0.008136
1677    0.008923
1686    0.005380
1689    0.003481
1690    0.005211
1699    0.006492
1700    0.009219
1730    0.008420
1919    0.003836
2093    0.003271
2107    0.007337
2173    0.003259
2289    0.009852
2345    0.005171
2440    0.005729
2684    0.003678
2710    0.008099
2725    0.009219
2737    0.011266
2738    0.009852
3193    0.006105
3238    0.004012
3297    0.004168
3396    0.007327
3431    0.008136
3460    0.006603
3461    0.009219
3508    0.009219
3583    0.002398
3593    0.003148
3618    0.007574
3632    0.004487
3842    0.003549
3858    0.004854
3881    0.004674
3890    0.007053
3903    0.004128
3926    0.007895
3944    0.003468
4004    0.009852
4023    0.002728
4055    0.005520
4137    0.002664
4319    0.027126
4463    0.004674
4467    0.004389
4541    0.006334
4620    0.011571
4697    0.004012
4724    0.006508
4801    0.014675
4811    0.004732
4816    0.009852
4870    0.003378
4899    0.006473
4949    0.004674
5043    0.006436
5047    0.005095
5079    0.003577
5224    0.009219
5417    0.007502
5480    0.005058
5483    0.008136
5501    0.002170
5523    0.004365
5563    0.004389
5614    0.003755
5628    0.003127
5692    0.009852
5719    0.003106
5844    0.006812
5856    0.003508
5879    0.004231
6178    0.008769
6294    0.009219
6412    0.009852
6421    0.006334
6433    0.009852
6588    0.006508
6598    0.002821
6632    0.005472
6673    0.007053
6756    0.004128
6758    0.004769
6761    0.008986
6841    0.006178
6908    0.002704
6938    0.007686
7053    0.005058
7097    0.004210
7109    0.014675
7141    0.014659
7168    0.004352
7173    0.004487
7181    0.003649
7228    0.005293
7351    0.003771
7423    0.006704
7441    0.005251
7456    0.007387
7460    0.004761
7524    0.003127
7618    0.006704
7619    0.017144
7623    0.006254
7624    0.009852
7748    0.005095
7779    0.004365
7802    0.001450
7902    0.005472
7909    0.016140
7948    0.005022
8040    0.005540
8078    0.002199
8218    0.010626
8279    0.009219
8307    0.008136
8323    0.003939
8407    0.009463
8442    0.004148
8446    0.002967
8476    0.003494
8533    0.003619
8547    0.009852
8568    0.004876
8630    0.015031
8684    0.007053
8718    0.018437
8827    0.008136
8899    0.005472
8991    0.006603
9002    0.005058
9007    0.009219
9009    0.016008
9082    0.008769
9153    0.004031
9209    0.002493
9256    0.003922
9434    0.008420
9456    0.006927
9510    0.003904
9736    0.005906
9737    0.009852
9768    0.005844
9873    0.003403
9919    0.012509
9944    0.004953
9979    0.011571
10074    0.003138
10162    0.006812
10181    0.012669
10185    0.009852
10247    0.014659
10252    0.006105
10254    0.009852
10259    0.005729
10261    0.002737
10285    0.007686
10290    0.007574
10442    0.006254
10445    0.004646
10610    0.005336
10773    0.007448
10774    0.005472
10932    0.004919
10942    0.055401
10943    0.005211
10948    0.008769
11089    0.005520
11090    0.005570
11103    0.002481
11146    0.007297
11160    0.004646
11180    0.007355
11181    0.003025
11225    0.004564
11238    0.014377
11239    0.012838
11279    0.007987
11289    0.004128
11342    0.006105
11355    0.004250
11471    0.019704
11503    0.005102
11519    0.004437
11540    0.006178
11683    0.004120
11729    0.003591
11735    0.006508
11747    0.004069
11750    0.002929
11753    0.010422
11804    0.007895
11841    0.001805
11897    0.028754
11898    0.007337
12005    0.004399
12084    0.013385
12085    0.003803
12110    0.005914
12122    0.005490
12148    0.009852
12166    0.004069
12275    0.009852
12283    0.004307
12306    0.009219
12307    0.059504
12309    0.028348
12345    0.014929
12346    0.006508
12347    0.009219
12374    0.007502
12448    0.009852
12519    0.007831
12540    0.023684
12542    0.006036
12591    0.003248
12605    0.004210
12660    0.003939
12668    0.004702
12765    0.010248
12853    0.003481
12864    0.003403
12916    0.006704
12941    0.006334
12974    0.004148
12975    0.006704
12983    0.003181
12987    0.012557
12995    0.005425
13014    0.002405
13050    0.005523
13066    0.009852
13068    0.009852
13151    0.011811
13167    0.005058
13177    0.005969
13192    0.009852
13320    0.004210
13348    0.004462
13351    0.002566
13354    0.006508
13434    0.001986
13451    0.004854
13488    0.006178
13501    0.013892
13529    0.004618
13535    0.006603
13794    0.006036
13835    0.019704
13847    0.009852
13855    0.009219
13860    0.009852
13861    0.009852
13877    0.032135
13899    0.017555
13910    0.015026
13926    0.005906
13927    0.008769
13997    0.022506
14065    0.001292
14066    0.006334
14130    0.004646
14316    0.003577
14439    0.007900
14440    0.007053
14445    0.004674
14485    0.004031
14490    0.005211
14539    0.004854
14607    0.003709
14741    0.003904
14742    0.001116
14745    0.005015
14747    0.009852
14863    0.005211
14865    0.008463
14944    0.008874
15063    0.003127
15080    0.005171
15140    0.002995
15183    0.009852
15210    0.003887
15551    0.003957
15570    0.005844
15778    0.004088
15780    0.008136
15818    0.003330
15822    0.009743
15897    0.007895
15912    0.002821
15919    0.013206
15989    0.009405
16034    0.004088
16043    0.009219
16117    0.003904
16165    0.006812
16167    0.011457
16170    0.007337
16485    0.007097
16501    0.006428
16527    0.007327
16585    0.009535
16657    0.004886
16705    0.025787
16710    0.010935
16716    0.009852
16734    0.002193
16766    0.008506
16772    0.004437
16955    0.004275
17066    0.004919
17067    0.004512
17074    0.012265
17075    0.008506
17079    0.005380
17309    0.009852
17366    0.004168
17374    0.005472
17643    0.003378
17757    0.010760
17758    0.007188
17816    0.007686
17821    0.011559
17830    0.003836
17922    0.003887
17949    0.009463
17963    0.005674
18005    0.002787
18068    0.006254
18098    0.004365
18138    0.004538
18151    0.009852
18167    0.001683
18175    0.007686
18182    0.001687
18265    0.009219
18302    0.009219
18317    0.004389
18421    0.009219
18536    0.007188
18652    0.002839
18653    0.016709
18655    0.003494
18668    0.009839
18763    0.008420
18901    0.005058
18904    0.005336
18962    0.005133
19043    0.003025
19087    0.007053
19261    0.003271
19271    0.004050
19301    0.009852
19329    0.006419
19358    0.036874
19366    0.001520
19535    0.003975
19664    0.005425
19707    0.003577
19772    0.003724
19773    0.002745
19844    0.003069
19933    0.006812
20030    0.007895
20090    0.003711
20095    0.006036
20280    0.009852
20431    0.009852
20464    0.003282
20584    0.008769
20601    0.003787
20620    0.003259
20686    0.006178
20691    0.007053
20713    0.002957
20714    0.003605
20716    0.004319
20718    0.008769
20803    0.002170
20844    0.002283
20847    0.007337
20860    0.006603
20901    0.003391
20964    0.013367
20983    0.017081
21026    0.007053
21065    0.004732
21087    0.006361
21115    0.002566
21122    0.003591
21129    0.002466
21150    0.006234
21152    0.004886
21243    0.002479
21302    0.009852
21306    0.012891
21307    0.010688
21308    0.034637
21311    0.006927
