320
2    0.012220
191    0.006404
271    0.010432
469    0.009879
1097    0.005316
1194    0.007808
1240    0.005033
1278    0.007091
1365    0.019458
1440    0.006662
1480    0.007394
1689    0.010104
1712    0.005592
1734    0.012220
1921    0.010053
1966    0.010887
1982    0.015870
2090    0.010432
2102    0.003972
2117    0.008860
2120    0.010065
2173    0.004730
2354    0.031739
2432    0.002740
2463    0.013378
2723    0.004433
2819    0.005033
2867    0.012950
3112    0.011154
3190    0.011457
3343    0.009729
3425    0.012726
3473    0.011183
3571    0.005850
3733    0.006335
3734    0.007188
3828    0.012220
3912    0.007682
3967    0.015870
3996    0.018890
4089    0.014298
4095    0.015870
4133    0.009316
4135    0.006702
4136    0.010648
4159    0.015870
4230    0.012220
4240    0.045523
4245    0.005427
4354    0.017141
4378    0.007341
4450    0.004305
4496    0.009729
4541    0.009193
5043    0.002335
5057    0.010887
5110    0.009193
5115    0.007808
5260    0.006439
5321    0.021775
5480    0.022023
5495    0.006089
5563    0.006369
5578    0.006020
5623    0.008482
5685    0.031739
5741    0.015870
5975    0.004867
6372    0.003777
6538    0.008966
6598    0.004094
6709    0.028596
6719    0.005338
6973    0.025452
6984    0.004730
7168    0.006316
7177    0.015870
7255    0.011807
7393    0.007091
7497    0.009583
7529    0.014298
7531    0.004120
7726    0.008234
7800    0.010432
7802    0.002104
8052    0.010887
8070    0.015870
8078    0.012767
8116    0.003442
8181    0.005190
8208    0.013378
8275    0.012039
8323    0.005717
8500    0.010469
8504    0.008966
8528    0.008860
8568    0.003538
8596    0.004211
8622    0.004763
8645    0.014298
8674    0.006475
8690    0.010648
8726    0.009077
8848    0.009193
8862    0.007873
8964    0.018805
8977    0.010053
8978    0.010053
8984    0.006236
9118    0.005014
9126    0.007188
9202    0.010432
9203    0.009077
9320    0.019871
9361    0.005592
9411    0.006026
9442    0.007238
9446    0.015870
9518    0.013507
9694    0.009729
9798    0.004448
9919    0.009077
10146    0.007621
10230    0.009445
10516    0.014298
10538    0.009729
10759    0.012726
11068    0.031739
11103    0.003601
11104    0.015870
11203    0.016775
11289    0.005990
11334    0.009595
11355    0.006169
11375    0.015870
11387    0.009729
11434    0.004361
11439    0.012950
11468    0.005567
11503    0.007404
11673    0.008966
11722    0.015870
12005    0.003192
12016    0.015870
12113    0.012220
12236    0.011457
12365    0.005933
12407    0.015870
12508    0.008011
12522    0.005211
12560    0.009193
12591    0.018853
12618    0.006662
12632    0.020864
12675    0.004903
12684    0.006681
12765    0.004958
12855    0.003670
12911    0.005110
12920    0.008157
12951    0.008663
12983    0.009232
12987    0.011389
12999    0.002612
13009    0.010432
13223    0.015870
13343    0.011154
13349    0.008157
13351    0.003723
13388    0.005990
13434    0.010087
13613    0.015870
13647    0.004211
13775    0.016314
13836    0.018153
13862    0.019644
13865    0.014376
13866    0.006585
13886    0.003960
14043    0.014298
14065    0.007499
14130    0.006742
14222    0.008860
14233    0.008663
14234    0.010235
14303    0.004569
14519    0.010235
14523    0.006369
14669    0.010235
14730    0.013378
14742    0.011339
14745    0.003639
14746    0.012670
14749    0.005427
14750    0.010887
14760    0.010053
14824    0.007505
14874    0.005717
14895    0.011457
14979    0.014298
15059    0.013378
15229    0.014475
15410    0.006475
15478    0.007744
15494    0.010432
15557    0.012220
15577    0.011457
15623    0.006079
15722    0.012726
15903    0.009316
15906    0.005473
15910    0.011486
15983    0.006204
16023    0.008966
16024    0.025445
16048    0.008396
16092    0.015870
16112    0.010648
16333    0.007873
16353    0.007139
16585    0.007380
16599    0.031739
16667    0.031739
16668    0.008663
16732    0.015792
16784    0.015870
16921    0.006335
16941    0.002966
16955    0.006204
17025    0.006624
17052    0.007091
17101    0.005850
17105    0.004600
17117    0.003878
17181    0.010235
17311    0.009729
17313    0.007188
17331    0.005877
17358    0.009193
17366    0.006049
17374    0.007941
17433    0.020107
17438    0.007238
17444    0.011457
17509    0.031739
17622    0.011154
17637    0.009885
17654    0.008482
17669    0.003766
17686    0.011154
17736    0.015870
17810    0.009583
17811    0.021274
17819    0.009885
17854    0.006999
17870    0.004958
17966    0.006110
18063    0.009316
18138    0.006585
18150    0.014298
18182    0.002448
18203    0.005274
18204    0.008157
18282    0.004921
18317    0.006369
18326    0.006302
18331    0.013820
18382    0.006020
18401    0.013378
18468    0.009729
18498    0.014298
18537    0.011154
18553    0.007744
18580    0.014089
18619    0.012245
18637    0.011807
18883    0.004867
18898    0.006020
19169    0.006369
19213    0.007873
19261    0.004747
19366    0.002206
19426    0.006234
19642    0.013378
19718    0.006049
19769    0.009316
19820    0.010720
19844    0.001484
19849    0.015870
20082    0.006824
20090    0.002692
20113    0.009885
20125    0.015870
20127    0.015870
20254    0.011807
20275    0.003890
20348    0.014298
20620    0.004730
20713    0.004292
20714    0.005232
20716    0.006268
20768    0.003734
20778    0.014898
20803    0.003150
20844    0.003313
20868    0.003499
20923    0.010235
20927    0.003844
20938    0.014298
20946    0.017111
20983    0.009915
20993    0.005691
21039    0.008482
21058    0.004648
21090    0.011154
21111    0.006624
21129    0.003578
21247    0.009202
21279    0.017074
21296    0.015882
