36
616    0.099052
855    0.081279
857    0.084229
1097    0.060117
1349    0.111781
1736    0.133506
2328    0.129554
2675    0.074897
2819    0.113815
2909    0.084229
7802    0.023789
8362    0.076235
8581    0.039789
8822    0.110012
11289    0.067738
11434    0.049316
11786    0.088286
11995    0.133506
13014    0.039460
13466    0.041980
14314    0.075781
15193    0.113681
15497    0.060117
16945    0.184478
17117    0.043852
18203    0.059633
18452    0.094940
18670    0.062414
19226    0.042589
19232    0.056269
19366    0.024940
20409    0.175128
20686    0.101384
20899    0.097960
20994    0.077167
21005    0.057342
