34
103    0.062356
108    0.159457
857    0.088782
858    0.082359
924    0.097225
1349    0.117823
1698    0.051315
1699    0.022459
2676    0.096338
2861    0.090134
3567    0.044504
3688    0.086874
3824    0.114214
3879    0.124341
4207    0.104406
6984    0.056374
7736    0.055591
8131    0.081844
8205    0.132948
8769    0.112576
9533    0.058871
10723    0.098141
11279    0.138155
11808    0.189149
12122    0.047480
12670    0.126917
13152    0.219139
14406    0.114774
16585    0.010996
16899    0.114214
16945    0.097225
18133    0.082883
19904    0.140723
21005    0.060442
