189
246    0.010015
274    0.026163
383    0.026163
526    0.019090
638    0.016822
686    0.011848
702    0.010805
929    0.019922
938    0.026163
958    0.026163
962    0.019922
1272    0.010605
1425    0.027676
1591    0.104653
1603    0.011655
1646    0.031963
1812    0.020965
1862    0.005918
1918    0.012191
2002    0.018729
2047    0.016497
2432    0.005015
2490    0.026163
2492    0.021605
2633    0.024481
2706    0.008086
2745    0.008625
2753    0.021605
3298    0.012807
3396    0.009728
3451    0.011015
3518    0.026163
3592    0.031705
4276    0.017283
4378    0.013433
4385    0.048087
4817    0.031366
5043    0.008546
5206    0.027891
5248    0.014791
5262    0.017803
5414    0.010368
5495    0.005571
5501    0.011527
5532    0.007268
5544    0.013064
5700    0.026163
5865    0.013064
5977    0.007853
5995    0.015853
6056    0.043593
6324    0.019922
6361    0.040822
6488    0.020965
6538    0.032813
6613    0.019071
6617    0.026163
6738    0.011718
7168    0.005779
7650    0.010857
7882    0.016214
8107    0.006640
8167    0.017535
8185    0.016214
8200    0.023565
8487    0.016214
8504    0.016407
8568    0.006475
8581    0.006439
8630    0.004989
8774    0.024975
9153    0.010704
9411    0.011026
9418    0.016214
9424    0.012412
9454    0.008418
9517    0.006774
9692    0.023185
9991    0.013733
10106    0.013433
10354    0.010368
10450    0.026163
10495    0.013530
10563    0.026163
10581    0.019485
10636    0.017535
10804    0.026163
10840    0.009890
11087    0.010144
11098    0.045639
11103    0.006589
11112    0.008059
11117    0.007203
11218    0.012425
11290    0.019922
11334    0.017558
11355    0.005644
11444    0.010277
11445    0.023565
11562    0.013838
11629    0.040822
11652    0.023287
11841    0.004792
12138    0.073443
12245    0.007657
12389    0.023287
12519    0.006932
12581    0.020965
12642    0.032427
12659    0.009808
12693    0.023287
12907    0.011655
12947    0.012891
12983    0.008447
12987    0.004168
13050    0.014667
13070    0.014056
13101    0.052327
13228    0.009315
13261    0.026163
14065    0.006861
14130    0.024674
14237    0.014927
14341    0.013153
15006    0.014659
15081    0.010368
15096    0.026163
15140    0.007955
15160    0.041658
15166    0.018729
15594    0.018089
15623    0.011125
15688    0.021605
15820    0.010057
15907    0.008748
15952    0.009650
15954    0.026163
15955    0.025782
16461    0.011914
16585    0.005064
16628    0.013153
16629    0.033644
16678    0.016407
16706    0.014927
16880    0.019945
16883    0.020965
16885    0.013337
17089    0.020411
17163    0.021605
17262    0.023287
17484    0.009682
17524    0.011411
17669    0.006892
17684    0.052327
17796    0.026163
17808    0.016214
17814    0.009461
17858    0.018397
17964    0.015213
18020    0.017046
18142    0.016407
18203    0.009650
18317    0.011655
18382    0.011015
18619    0.022407
18620    0.013433
18977    0.021605
19013    0.019485
19046    0.011180
19095    0.015364
19278    0.005210
19287    0.024481
19366    0.004036
19416    0.009890
19426    0.005703
19433    0.010962
19503    0.012565
19552    0.019922
19640    0.035946
19844    0.002716
20185    0.021605
20260    0.004937
20488    0.017283
20615    0.020965
20983    0.009072
21089    0.023287
21118    0.011237
21119    0.014170
21150    0.003311
