233
77    0.015538
88    0.017440
103    0.007467
184    0.017440
264    0.015538
312    0.017440
428    0.010877
568    0.008720
595    0.012796
786    0.008854
920    0.019849
1664    0.010402
1690    0.010793
1691    0.007210
1699    0.002689
1747    0.009862
1862    0.004616
2047    0.012867
2084    0.015823
2093    0.006774
2113    0.009190
2116    0.012954
2119    0.010330
2311    0.013120
2344    0.016410
2432    0.003911
2677    0.019094
2706    0.006306
2744    0.006066
2747    0.010402
2861    0.010793
3238    0.016619
3315    0.010711
3361    0.019094
3447    0.016351
3671    0.012232
3672    0.011143
3959    0.015919
4026    0.010477
4084    0.009345
4137    0.005518
4429    0.012364
4455    0.022649
4499    0.022649
4522    0.009622
4751    0.022649
4833    0.012105
4949    0.009680
4950    0.019094
5043    0.003333
5082    0.022667
5214    0.013676
5318    0.020406
5347    0.012796
5438    0.019094
5440    0.017617
5501    0.004495
5556    0.017017
5763    0.025592
5821    0.015919
5856    0.007265
6049    0.010711
6358    0.011143
6430    0.009862
6918    0.009041
7090    0.011865
7166    0.009292
7577    0.020406
7595    0.014700
7779    0.009041
7802    0.003002
7833    0.005807
8005    0.016850
8028    0.014889
8116    0.009824
8269    0.010258
8381    0.012502
8395    0.020378
8476    0.007237
8500    0.009961
8503    0.016351
8581    0.005022
8601    0.010631
8622    0.006798
8853    0.015538
8862    0.022473
8863    0.018163
8873    0.012796
8942    0.027770
9062    0.039360
9114    0.012232
9153    0.008348
9361    0.007980
9364    0.007588
9399    0.014607
9411    0.012899
9527    0.014889
9746    0.012502
10074    0.006499
10115    0.012796
10116    0.011143
10140    0.007182
10389    0.012364
10537    0.018163
10578    0.019849
10613    0.017440
10637    0.010477
10837    0.003564
10839    0.015538
10840    0.007713
11087    0.023734
11095    0.011237
11103    0.002569
11117    0.005618
11180    0.005078
11201    0.005360
11207    0.008123
11213    0.007210
11444    0.008015
11503    0.005283
11532    0.020406
11662    0.022649
11673    0.012796
11810    0.036695
11811    0.019094
11921    0.020406
12202    0.010330
12222    0.020406
12273    0.007129
12365    0.008468
12420    0.014348
12464    0.029777
12505    0.008196
12561    0.022649
12630    0.014348
12642    0.012646
12661    0.011536
12749    0.012796
12900    0.009680
12904    0.005934
12927    0.007650
12983    0.006588
12987    0.003251
12990    0.025592
13014    0.004980
13050    0.005720
13284    0.019094
13347    0.010477
13352    0.006847
13434    0.004113
13580    0.005518
13871    0.032630
13964    0.009680
14099    0.010963
14425    0.047961
14537    0.006369
14815    0.013645
15063    0.006477
15299    0.017708
15376    0.013120
15396    0.014889
15555    0.007811
15818    0.006896
15912    0.005843
16176    0.011536
16245    0.015919
16284    0.025003
16316    0.014607
16318    0.015919
16348    0.016351
16357    0.020406
16585    0.001317
16705    0.005934
16724    0.015755
16729    0.014765
16734    0.004543
16748    0.020406
17092    0.017440
17105    0.006565
17129    0.013793
17163    0.016850
17263    0.017440
17331    0.008388
17436    0.014348
17484    0.003775
17830    0.007946
17870    0.021226
18017    0.011333
18140    0.015919
18212    0.014607
18282    0.007023
18331    0.009862
18340    0.009241
18587    0.006947
18698    0.020406
18702    0.011752
18725    0.009140
18726    0.017267
18732    0.014348
18753    0.022649
18756    0.016351
18785    0.014889
18992    0.009862
18993    0.021422
19037    0.009345
19047    0.016351
19151    0.071203
19226    0.010751
19266    0.006565
19278    0.008126
19366    0.006295
19383    0.010477
19386    0.013480
19410    0.012570
19426    0.004448
19437    0.010553
19448    0.013676
19453    0.015237
19582    0.028696
19844    0.014830
20088    0.010631
20260    0.009627
20291    0.017440
20339    0.013120
20714    0.007467
20741    0.016351
20924    0.012502
21009    0.013885
21083    0.009453
21101    0.014108
21111    0.009453
21150    0.002583
21279    0.008123
