232
1    0.010154
73    0.015265
103    0.006970
259    0.021144
271    0.027798
333    0.005291
431    0.012093
448    0.010234
674    0.011542
748    0.019049
1204    0.007323
1260    0.011186
1275    0.010673
1309    0.006943
1689    0.006731
1699    0.007532
1746    0.006485
1862    0.004309
2061    0.014187
2292    0.017158
2297    0.009092
2380    0.009577
2383    0.015265
2396    0.005699
2432    0.003651
2567    0.012248
2618    0.012411
2806    0.007450
2857    0.008060
2861    0.010075
3166    0.014187
3299    0.013636
3341    0.006782
3743    0.050592
3745    0.009325
3791    0.014187
3944    0.013410
4240    0.030326
4245    0.014461
4450    0.005736
4527    0.014187
4536    0.008825
4834    0.019049
4894    0.013636
4895    0.016955
4904    0.011946
4905    0.011671
4931    0.014187
5050    0.012584
5209    0.010402
5211    0.009386
5495    0.008112
5550    0.010868
5719    0.012011
5750    0.013171
5764    0.013394
5769    0.011931
5771    0.012584
5803    0.027798
6372    0.010065
6461    0.013636
6472    0.011671
6725    0.017824
6819    0.010868
6931    0.011300
6973    0.016955
7053    0.009780
7097    0.008140
7150    0.017824
7164    0.026789
7168    0.004208
7181    0.007055
7221    0.021144
7224    0.029011
7351    0.007292
7465    0.011671
7472    0.012411
7522    0.012584
7619    0.006630
7650    0.007905
7734    0.021144
8008    0.021144
8078    0.012757
8170    0.008396
8181    0.006915
8269    0.009577
8270    0.010490
8446    0.005736
8532    0.013636
8534    0.006808
8536    0.009386
8568    0.004714
8630    0.003633
8689    0.012248
8984    0.008308
9118    0.006680
9256    0.007583
9301    0.009924
9361    0.007450
9392    0.010402
9490    0.012962
9517    0.004932
9518    0.008998
9783    0.011300
9798    0.005926
9873    0.006581
9947    0.009864
10261    0.005291
10263    0.012584
10354    0.007549
10363    0.012962
10460    0.012248
10714    0.014645
11036    0.016955
11093    0.007981
11103    0.009595
11146    0.014109
11160    0.008982
11161    0.032911
11218    0.004523
11225    0.008825
11415    0.008825
11445    0.008579
11519    0.008579
11570    0.006605
11683    0.007966
11744    0.006324
11753    0.010075
11782    0.010488
11854    0.023341
12008    0.010868
12151    0.014505
12300    0.010843
12675    0.006532
12684    0.004450
12717    0.017824
12898    0.028535
12900    0.009037
12911    0.020425
12983    0.006150
12987    0.003035
12999    0.010442
13228    0.006782
13351    0.004960
13355    0.009836
13370    0.019561
13434    0.009599
13492    0.010234
13639    0.014505
13862    0.043620
13864    0.026341
13865    0.047883
13910    0.005811
14065    0.009992
14131    0.010075
14135    0.012093
14160    0.020308
14350    0.011542
14617    0.012584
14741    0.007549
14742    0.008633
14745    0.009697
14785    0.012248
14802    0.013899
14857    0.008724
14996    0.011805
14997    0.009643
15225    0.027798
15368    0.010075
15486    0.015265
15576    0.013636
15906    0.007292
16205    0.087763
16213    0.026341
16237    0.005811
16386    0.013394
16472    0.014187
16501    0.006214
16585    0.002458
16729    0.013783
16732    0.005260
16734    0.008482
16741    0.021144
17054    0.011186
17103    0.007722
17104    0.012248
17524    0.008308
17565    0.021144
17632    0.011186
17808    0.011805
17908    0.016955
17966    0.008140
18182    0.003262
18435    0.007483
18459    0.014505
18493    0.011186
18606    0.016955
18619    0.005438
18794    0.021144
18799    0.011946
18841    0.008181
18903    0.009999
18972    0.032307
18976    0.013394
19177    0.006067
19226    0.010036
19261    0.006324
19366    0.008816
19410    0.003912
19450    0.015730
19453    0.007112
19503    0.009149
19562    0.009386
19567    0.024823
19685    0.007867
19757    0.010490
19844    0.003955
19861    0.014187
19997    0.009643
20016    0.021144
20090    0.003587
20202    0.011542
20260    0.010784
20288    0.012584
20487    0.012767
20768    0.004975
20771    0.009037
20946    0.011399
20964    0.006461
20994    0.018184
21247    0.006130
21279    0.007583
