50
1439    0.107754
2084    0.037610
2114    0.085508
2211    0.061581
3794    0.070779
4012    0.080104
4429    0.058776
5440    0.041875
5515    0.029210
5556    0.040447
7088    0.098211
7595    0.034940
8116    0.023352
8131    0.046588
8270    0.106835
8863    0.086342
9062    0.062370
9177    0.054839
9669    0.066007
10116    0.052972
10491    0.045741
11095    0.053418
11469    0.090768
11772    0.086342
11889    0.046881
12133    0.058776
12158    0.151356
12213    0.082909
13434    0.009777
13871    0.103413
14425    0.025333
14815    0.064866
15606    0.080104
15821    0.046588
16299    0.051307
16543    0.147732
17001    0.097006
17129    0.032784
17325    0.063202
17922    0.076543
18167    0.033136
18319    0.036070
18493    0.056964
18496    0.208320
18696    0.063202
19151    0.075219
19278    0.019315
19844    0.020142
20382    0.110687
21154    0.072245
