150
297    0.023583
457    0.015104
616    0.020548
854    0.037226
855    0.016861
856    0.037226
857    0.017473
1346    0.035755
1349    0.023189
1416    0.017097
1715    0.022156
1741    0.013952
1806    0.029852
2053    0.031382
2099    0.031382
2334    0.029105
2644    0.016209
2675    0.015537
2806    0.013117
2819    0.011805
2854    0.037226
3176    0.033539
3306    0.019315
3706    0.019315
3885    0.037226
3897    0.016525
4207    0.041096
4351    0.022478
4452    0.022822
4871    0.015537
5180    0.023583
5372    0.023189
5389    0.024978
5499    0.037226
5832    0.028665
6076    0.022478
6460    0.018960
6549    0.037226
6632    0.018628
6719    0.025044
6853    0.037226
6908    0.009206
6918    0.014861
7181    0.012421
7194    0.014121
7456    0.025147
7702    0.031382
7704    0.018469
7736    0.010941
7745    0.059704
8116    0.016148
8153    0.038269
8207    0.033539
8581    0.008254
8585    0.023189
8621    0.037226
8622    0.011174
8711    0.025785
8729    0.021291
9336    0.035209
9364    0.012471
10445    0.015815
10578    0.016312
10580    0.037226
10664    0.037226
10723    0.019315
10843    0.031382
11103    0.004223
11218    0.007964
11622    0.021291
11715    0.023189
11928    0.017604
12048    0.014332
12098    0.019502
12127    0.018469
12519    0.008886
12584    0.037226
12660    0.013410
12670    0.049957
12684    0.015671
12936    0.024978
13152    0.021564
13179    0.013851
13228    0.023882
13466    0.017417
13670    0.024471
13671    0.031382
13939    0.010941
13984    0.033539
14224    0.019315
14339    0.028664
14340    0.029881
14343    0.015360
14527    0.019315
14769    0.017345
15140    0.010197
15185    0.046377
16237    0.010231
16432    0.014405
16527    0.012471
16541    0.074452
16734    0.014934
16799    0.037226
16887    0.022478
16898    0.033539
16907    0.010365
16945    0.038269
16946    0.054057
16959    0.011214
17080    0.037920
17117    0.009097
17122    0.072076
17521    0.019695
17546    0.031382
17547    0.018791
17870    0.011629
17892    0.024009
18018    0.019315
18158    0.027835
18269    0.029852
18347    0.041096
18771    0.062765
18799    0.021032
19084    0.035478
19094    0.031382
19169    0.014941
19262    0.012625
19278    0.006678
19366    0.010347
19410    0.006887
19426    0.007311
19457    0.018469
19464    0.010399
19529    0.033956
19707    0.012175
20166    0.048017
20215    0.024009
20233    0.018315
20409    0.018165
20462    0.021852
20806    0.037226
20868    0.016417
20991    0.037226
20994    0.032016
21005    0.035686
21016    0.014121
21021    0.037226
21115    0.008734
21243    0.008441
21268    0.037226
