82
264    0.050540
1244    0.040663
1439    0.036863
2084    0.051466
2596    0.062104
2609    0.028082
3842    0.023907
4012    0.054808
4084    0.030396
4429    0.040215
4500    0.032702
5347    0.083242
5408    0.037866
5440    0.028651
5556    0.027674
6115    0.038223
6492    0.042674
6808    0.036549
7088    0.067197
7090    0.038593
7166    0.030225
7429    0.044483
7466    0.025957
7568    0.066372
7595    0.023907
7704    0.073098
8116    0.015978
8131    0.031876
8270    0.036549
8417    0.024679
8601    0.034578
9177    0.037521
9411    0.013986
9517    0.017185
9873    0.022929
10105    0.020995
10116    0.036244
10140    0.023362
10290    0.025514
10840    0.025088
10892    0.016471
11087    0.025733
11117    0.018272
11417    0.048428
11445    0.029891
11468    0.025844
11540    0.041621
11782    0.018272
11889    0.032076
12158    0.051780
12464    0.048428
12519    0.017586
12904    0.019302
13352    0.022271
13434    0.006689
13871    0.035378
14425    0.069333
14815    0.044382
15063    0.021066
15821    0.031876
15983    0.028798
16318    0.051780
16734    0.014777
17129    0.044863
17144    0.016610
17325    0.043244
17347    0.030570
18017    0.036863
18167    0.011336
18282    0.022842
18331    0.032076
18496    0.095023
18587    0.022595
18702    0.038223
18725    0.029728
19151    0.051466
19212    0.030057
19278    0.013216
19386    0.043845
19582    0.046669
19844    0.013782
20226    0.037866
