197
457    0.011404
1184    0.008318
1217    0.021643
1245    0.010767
1269    0.025323
1274    0.013605
1383    0.019755
1422    0.017508
1436    0.010125
1597    0.019282
1686    0.013828
1741    0.005267
1743    0.028106
1860    0.023694
1862    0.005728
1878    0.016972
2101    0.021643
2270    0.019755
2737    0.019304
2744    0.007528
3034    0.022539
3089    0.006709
3303    0.023694
3413    0.025323
3593    0.016184
3790    0.011102
3866    0.023694
3911    0.010360
4037    0.057261
4038    0.025323
4039    0.118472
4040    0.037718
4055    0.014188
4194    0.041821
4258    0.007800
4486    0.014064
4505    0.013715
4727    0.019755
5211    0.012477
5212    0.009734
5495    0.005392
5501    0.005578
5625    0.021643
5717    0.021862
5820    0.025288
5924    0.013292
6036    0.013715
6340    0.017231
6756    0.010610
6758    0.006129
6917    0.025323
7129    0.042946
7241    0.013393
7321    0.023694
7508    0.025119
7600    0.012644
7726    0.014583
8021    0.010661
8025    0.007699
8040    0.014239
8448    0.015693
8630    0.009658
8711    0.009734
8899    0.014064
9146    0.019282
9166    0.025323
9190    0.025323
9249    0.021643
9304    0.013715
9644    0.011799
9765    0.018127
9848    0.025323
9999    0.014447
10000    0.031028
10206    0.025323
10247    0.012559
10261    0.014068
10263    0.016728
10572    0.040583
10589    0.010458
10697    0.026385
10840    0.009572
10932    0.050576
10942    0.009493
11103    0.006377
11180    0.006302
11299    0.047389
11400    0.018127
11442    0.025323
11488    0.025323
11683    0.005295
11747    0.010458
11757    0.009416
11841    0.004638
12061    0.019755
12064    0.011161
12162    0.013193
12245    0.007411
12283    0.005535
12307    0.050981
12309    0.041635
12348    0.014583
12763    0.012644
12855    0.006500
12867    0.025818
12967    0.018127
12987    0.012103
12995    0.013944
12999    0.004627
13355    0.006538
13357    0.003935
13434    0.005104
13492    0.013605
13501    0.007141
13877    0.011799
13886    0.007013
14053    0.025323
14065    0.006641
14408    0.016499
14439    0.013537
14485    0.010360
14490    0.013393
14513    0.020292
14523    0.011281
14604    0.006013
14611    0.015179
14628    0.021643
14729    0.016499
14742    0.008607
14768    0.025323
14802    0.018476
14950    0.016728
15003    0.015514
15410    0.011467
15712    0.008981
15778    0.010508
15808    0.019755
15825    0.017805
15906    0.009693
15912    0.007251
15921    0.025323
16019    0.020911
16241    0.011940
16265    0.013498
16559    0.021643
16585    0.001634
16705    0.014729
16732    0.013984
16775    0.020911
16941    0.005254
17051    0.008232
17075    0.010931
17501    0.023694
17529    0.010767
17643    0.008684
17702    0.020292
17884    0.019755
18005    0.007163
18086    0.014870
18146    0.015022
18201    0.025323
18392    0.017231
18547    0.015343
18614    0.015693
18652    0.007296
18655    0.008981
19278    0.005042
19309    0.011044
19335    0.025323
19366    0.003906
19536    0.017508
19572    0.015343
19693    0.014724
19817    0.010987
20228    0.013393
20260    0.002389
20281    0.010171
20380    0.025323
20400    0.025323
20545    0.016075
20559    0.014315
20601    0.009734
20717    0.014326
20844    0.005868
20964    0.008589
21005    0.008981
21040    0.020911
21185    0.020911
21217    0.025323
21243    0.012746
21247    0.004075
21307    0.054940
21308    0.017805
21310    0.011404
21311    0.017805
21313    0.025323
21332    0.020292
