193
70    0.017333
431    0.014450
806    0.014831
1063    0.025265
1127    0.015489
1204    0.008750
1250    0.012868
1260    0.013367
1309    0.008296
1689    0.008043
1699    0.003000
1766    0.018797
1918    0.010607
1944    0.015256
1965    0.037594
1966    0.034666
1968    0.017333
2058    0.012643
2061    0.016953
2172    0.011859
2297    0.010865
2345    0.011948
2589    0.012535
2622    0.015489
3044    0.013792
3046    0.019455
3341    0.008104
3507    0.022763
3567    0.005945
3583    0.005540
3743    0.022670
3745    0.011143
3903    0.009537
3943    0.011215
3944    0.016024
4141    0.021467
4220    0.019455
4240    0.020707
4480    0.011604
4504    0.016609
4729    0.008231
4743    0.012328
4776    0.014831
4798    0.014831
5043    0.003718
5050    0.015037
5081    0.014636
5212    0.017500
5213    0.025265
5227    0.013645
5550    0.012987
5556    0.018982
5567    0.007105
5584    0.012987
5622    0.016953
5719    0.007176
5750    0.015738
5769    0.028514
5856    0.008104
6049    0.011948
6251    0.012230
6280    0.025265
6808    0.012535
6931    0.013503
6983    0.013645
7153    0.022763
7164    0.016006
7524    0.007225
7619    0.015845
7720    0.013792
7736    0.007426
7775    0.127796
7802    0.003349
7892    0.009826
8078    0.025407
8269    0.011444
8289    0.015738
8532    0.032589
8534    0.008136
8596    0.006703
8688    0.013109
8689    0.014636
8719    0.030074
8978    0.016006
9126    0.011444
9200    0.006876
9210    0.009446
9518    0.021504
9692    0.010086
9947    0.005894
10354    0.018041
10355    0.013503
10363    0.015489
10460    0.014636
10586    0.017333
10714    0.026251
10717    0.019455
11107    0.016953
11160    0.010733
11161    0.013109
11285    0.016295
11465    0.021299
11503    0.005894
11571    0.016609
11683    0.009519
11809    0.033906
11854    0.027892
11938    0.013792
11987    0.015489
12008    0.012987
12110    0.006832
12150    0.020261
12300    0.006478
12519    0.018094
12522    0.008296
12678    0.020261
12684    0.005318
12817    0.008604
13228    0.008104
13357    0.003538
13370    0.011687
13434    0.004588
13451    0.011215
13501    0.006419
13654    0.020261
13736    0.025265
13862    0.083397
13865    0.022887
13886    0.006304
13893    0.016295
13906    0.012430
13910    0.006943
14065    0.005970
14266    0.042599
14303    0.007274
14716    0.013109
14742    0.007737
14872    0.016295
14927    0.021299
14993    0.021299
14994    0.014636
14996    0.014106
14997    0.023046
15209    0.013367
15225    0.033217
15283    0.016609
15334    0.012133
15468    0.009980
15497    0.008464
15551    0.009143
15733    0.042599
15918    0.017758
16004    0.019455
16061    0.015037
16148    0.024459
16205    0.157309
16213    0.047214
16472    0.016953
16585    0.016156
16657    0.011290
16705    0.006620
16940    0.016006
17355    0.016006
17471    0.011444
17529    0.009679
18005    0.006439
18007    0.013236
18652    0.006559
18689    0.013792
18690    0.013645
18799    0.014274
18883    0.007749
18972    0.012868
18976    0.016006
19064    0.016006
19226    0.005996
19507    0.014831
19564    0.016609
19566    0.018797
19567    0.029662
19662    0.014106
19844    0.002363
19921    0.021299
20260    0.004296
20289    0.013946
20530    0.018240
20673    0.011143
20738    0.022763
20946    0.034053
20983    0.007893
21118    0.009776
21188    0.011687
21321    0.050531
