155
27    0.024372
61    0.035525
370    0.014258
436    0.035525
448    0.034392
449    0.017061
451    0.012409
453    0.017061
539    0.015372
540    0.024372
604    0.017777
621    0.024926
677    0.018987
681    0.044258
686    0.014494
786    0.041662
1052    0.049940
1443    0.070060
1664    0.016316
2047    0.010091
2084    0.024819
2092    0.017196
2188    0.038786
2332    0.020853
2430    0.046707
2458    0.016929
2675    0.014827
3327    0.015770
3448    0.024970
3583    0.007790
3647    0.010023
3788    0.016091
4026    0.016433
4151    0.015372
4177    0.032007
4379    0.035525
4399    0.026430
4926    0.012915
4928    0.025648
5043    0.005227
5115    0.017478
5293    0.021779
5352    0.012974
5521    0.015372
5820    0.015982
5977    0.009607
6047    0.027356
6358    0.017478
6429    0.014336
6486    0.016800
6738    0.028671
7000    0.017625
7524    0.010159
7606    0.028488
7930    0.018433
8143    0.029949
8377    0.026430
8381    0.039218
8417    0.011901
8476    0.011352
8601    0.016675
8622    0.010663
8942    0.021779
9062    0.020579
9118    0.022447
9282    0.010626
9397    0.035525
9411    0.020233
9418    0.019835
9502    0.014414
9692    0.014182
10044    0.025648
10108    0.020319
10199    0.024372
10637    0.016433
10659    0.019186
10829    0.020853
10836    0.018795
10883    0.027356
10897    0.010369
11095    0.017625
11117    0.008811
11244    0.020319
11334    0.021479
11440    0.017933
11635    0.071051
11782    0.008811
11893    0.029949
12122    0.017835
12166    0.013219
12202    0.016202
12252    0.023353
12548    0.011484
12551    0.009251
12618    0.014914
12660    0.012798
12665    0.026430
12735    0.034670
12749    0.020071
12904    0.009308
12990    0.020071
13054    0.035525
13917    0.047674
13964    0.015184
14002    0.020853
14259    0.035525
14780    0.018094
15140    0.009731
15245    0.021451
15376    0.020579
15392    0.059897
16246    0.022912
16284    0.019609
16313    0.073116
16317    0.030367
16355    0.021451
16356    0.035525
16585    0.002065
16726    0.027356
16791    0.016433
16994    0.028488
17052    0.015875
17111    0.105016
17155    0.045011
17253    0.021779
17347    0.014742
17348    0.022912
17381    0.028488
17484    0.005922
17531    0.010125
17580    0.032007
18017    0.017777
18084    0.026430
18319    0.011901
18331    0.015468
18567    0.015372
18690    0.019186
18725    0.014336
19151    0.012409
19278    0.006373
19304    0.032007
19347    0.019393
19460    0.008240
19551    0.035525
19844    0.009969
20100    0.014742
20260    0.003020
20460    0.012628
20822    0.020319
20894    0.009795
20983    0.022196
21083    0.029655
21085    0.027919
21150    0.004051
21247    0.030901
