37
1665    0.101658
1862    0.037536
2344    0.044480
2596    0.155260
3326    0.065464
3672    0.090610
4084    0.075990
4522    0.078241
4929    0.089868
5082    0.092158
5763    0.104052
7166    0.075563
8005    0.137020
8116    0.039944
8858    0.155260
9411    0.034964
10116    0.090610
10837    0.028983
11103    0.020893
12464    0.121069
12519    0.043964
12548    0.059535
13351    0.043209
13434    0.016723
13580    0.044874
14015    0.104052
14426    0.114722
14815    0.055478
16585    0.021412
17129    0.056078
17264    0.123577
17870    0.057535
19047    0.132963
19151    0.064332
19844    0.017227
20108    0.088445
20924    0.101658
