359
77    0.008714
88    0.009781
115    0.005429
147    0.003733
191    0.010251
246    0.008761
275    0.011443
288    0.005070
460    0.010307
539    0.005496
590    0.007912
621    0.004456
786    0.004965
988    0.008928
1184    0.003759
1244    0.007011
1255    0.005962
1326    0.007092
1451    0.003023
1588    0.010708
1665    0.007011
1668    0.007092
1699    0.001508
1747    0.005530
1752    0.005566
1762    0.003257
1862    0.007766
1864    0.007265
1910    0.006788
1940    0.004344
1941    0.004074
2047    0.003608
2051    0.007670
2084    0.013310
2107    0.008523
2109    0.008350
2113    0.005154
2114    0.015131
2120    0.004028
2283    0.005098
2311    0.007358
2344    0.049081
2380    0.005753
2396    0.006848
2555    0.009170
2706    0.003537
2744    0.003402
2867    0.005182
2934    0.007456
2952    0.010186
2994    0.012701
3019    0.010708
3053    0.005364
3326    0.004515
3525    0.011443
3671    0.013719
3672    0.018747
3673    0.011443
3747    0.007092
3833    0.011443
3911    0.009364
3983    0.008523
4012    0.009450
4023    0.003169
4026    0.005875
4084    0.005241
4277    0.007176
4316    0.008928
4429    0.013867
4446    0.008928
4522    0.005396
4737    0.006934
4910    0.016383
4925    0.020371
4926    0.004617
4927    0.006469
4929    0.024791
5082    0.006356
5115    0.006249
5212    0.008798
5319    0.009781
5409    0.009781
5501    0.002521
5515    0.003446
5548    0.005676
5740    0.011443
5763    0.007176
5769    0.010751
5879    0.004915
5975    0.007791
6100    0.009450
6358    0.006249
6410    0.011443
6501    0.007358
6573    0.021415
6881    0.018593
6908    0.003141
7060    0.009450
7087    0.020963
7088    0.011586
7166    0.005211
7226    0.009170
7393    0.005676
7429    0.007670
7497    0.007670
7524    0.003632
7571    0.004965
7595    0.004122
7606    0.010186
7607    0.006654
7613    0.008523
7637    0.034330
7704    0.006302
7892    0.004940
7987    0.005044
8005    0.009450
8087    0.008350
8107    0.002904
8116    0.005510
8162    0.007670
8220    0.006053
8270    0.018905
8381    0.007011
8399    0.011443
8476    0.004059
8500    0.002793
8568    0.005664
8581    0.002816
8594    0.004890
8601    0.005962
8698    0.007560
8737    0.007358
8848    0.007358
8853    0.008714
8858    0.021415
8862    0.006302
8863    0.010186
8907    0.023360
8910    0.012701
8942    0.031147
8973    0.008192
9062    0.014715
9114    0.020579
9160    0.006148
9177    0.006469
9361    0.004475
9388    0.004326
9411    0.009645
9687    0.006249
9739    0.006249
9890    0.009170
9947    0.005926
9961    0.007176
10074    0.003644
10115    0.021528
10116    0.049991
10121    0.007176
10140    0.012084
10338    0.003632
10389    0.020801
10495    0.005918
10519    0.009781
10534    0.008928
10637    0.005875
10659    0.006860
10714    0.008798
10783    0.007358
10802    0.009450
10829    0.007456
10837    0.003998
10838    0.008192
10892    0.002840
10959    0.012701
11093    0.004795
11095    0.006302
11103    0.002882
11112    0.003525
11117    0.003150
11183    0.004890
11196    0.006148
11213    0.004043
11218    0.005435
11334    0.007680
11355    0.004937
11418    0.010708
11473    0.007176
11528    0.012612
11534    0.007560
11540    0.007176
11683    0.002393
11788    0.006590
11889    0.005530
12004    0.007560
12005    0.012772
12045    0.005429
12046    0.007092
12122    0.003188
12158    0.008928
12202    0.005793
12245    0.006698
12273    0.007995
12415    0.003910
12480    0.007176
12519    0.012128
12522    0.008341
12548    0.004106
12615    0.008928
12618    0.010664
12630    0.032186
12738    0.008928
12749    0.007176
12904    0.003328
12911    0.004090
12974    0.004818
12990    0.007176
12999    0.002091
13050    0.003208
13060    0.007358
13298    0.005753
13348    0.010364
13352    0.007680
13353    0.009830
13355    0.002954
13388    0.004795
13434    0.002307
13519    0.008714
13580    0.009284
13647    0.006740
13693    0.012701
13787    0.007670
13866    0.005271
13871    0.042698
13911    0.010708
13939    0.007466
13964    0.005429
13968    0.007787
14014    0.006249
14065    0.001501
14228    0.008523
14267    0.008928
14314    0.005364
14320    0.004308
14425    0.008965
14426    0.015824
14513    0.009170
14607    0.004308
14642    0.008192
14815    0.026782
14818    0.008350
14952    0.006007
15081    0.004535
15140    0.003479
15149    0.011443
15299    0.004965
15376    0.007358
15391    0.009170
15397    0.010708
15545    0.011443
15556    0.005462
15804    0.017855
15821    0.005496
15843    0.011443
16148    0.006148
16176    0.006469
16246    0.008192
16284    0.042066
16313    0.008714
16316    0.008192
16317    0.021715
16355    0.007670
16501    0.007466
16543    0.017428
16585    0.017721
16649    0.005211
16705    0.006656
16760    0.011443
16761    0.010708
16855    0.009170
16944    0.006848
16952    0.005364
17052    0.005676
17111    0.005364
17129    0.007735
17263    0.009781
17320    0.007092
17347    0.005271
17366    0.009683
17369    0.005044
17381    0.010186
17484    0.004235
17531    0.003620
17613    0.016383
17637    0.007912
17816    0.008928
17870    0.003968
17873    0.006249
17877    0.007670
17913    0.006100
18017    0.006356
18043    0.008046
18167    0.007818
18175    0.008928
18282    0.003938
18307    0.006860
18331    0.016591
18340    0.005182
18465    0.011443
18535    0.007456
18619    0.003267
18670    0.004418
18702    0.006590
18705    0.015119
18725    0.005125
18726    0.004842
18736    0.008523
19047    0.009170
19151    0.026620
19212    0.005182
19220    0.009450
19223    0.004596
19278    0.002279
19366    0.001765
19370    0.008086
19383    0.011751
19416    0.004326
19426    0.002495
19464    0.003548
19582    0.008046
19670    0.008046
19734    0.010186
19779    0.010708
19844    0.007128
19936    0.010708
19995    0.011443
20088    0.005962
20108    0.006100
20382    0.006529
20688    0.005962
20713    0.010304
20714    0.012562
20716    0.005017
20727    0.010186
20803    0.002521
20804    0.012701
20824    0.005125
20845    0.005182
20848    0.003297
20901    0.003939
20924    0.007011
20927    0.003077
21006    0.008523
21101    0.023736
21147    0.006788
21154    0.017045
21203    0.010708
21206    0.012701
21247    0.001841
21293    0.009450
21315    0.045774
