272
108    0.015691
115    0.007955
140    0.015691
147    0.005470
244    0.011411
267    0.008156
288    0.014861
314    0.007769
412    0.012769
441    0.008870
444    0.009848
446    0.015691
451    0.006502
457    0.007552
460    0.015104
469    0.005793
523    0.008262
552    0.007026
610    0.014052
678    0.016770
689    0.009396
692    0.027695
694    0.014926
773    0.007430
780    0.012236
830    0.016770
851    0.008209
857    0.017473
858    0.016209
920    0.008156
924    0.009567
978    0.007552
1210    0.011594
1715    0.011078
1816    0.009396
1839    0.010516
1949    0.006236
2096    0.011078
2334    0.021828
2432    0.009643
2512    0.013848
2610    0.011239
2666    0.013848
2684    0.006261
2706    0.020730
2723    0.010399
2806    0.006558
2819    0.011805
2968    0.008737
3326    0.006616
3338    0.008104
3586    0.012769
3659    0.121080
3660    0.012769
3706    0.009657
3843    0.014926
3879    0.012236
3897    0.008262
4207    0.010274
4260    0.013471
4315    0.016770
4351    0.011239
4577    0.008672
4665    0.013438
4679    0.016770
4697    0.006829
4762    0.009848
4857    0.016770
4982    0.012236
5044    0.008004
5096    0.004877
5260    0.007552
5352    0.006797
5478    0.015691
5485    0.017097
5501    0.003694
5602    0.008672
5856    0.005971
5910    0.012489
6344    0.013083
6399    0.012489
6452    0.009567
6472    0.010274
6507    0.008939
6596    0.004686
6719    0.018783
6790    0.009948
6928    0.013848
7053    0.008610
7077    0.009567
7168    0.003704
7170    0.016770
7179    0.014333
7280    0.015691
7460    0.008104
7508    0.008317
7571    0.007276
7631    0.014782
7642    0.015022
7736    0.010941
7744    0.007430
7802    0.004935
7824    0.011078
7833    0.004773
7935    0.008737
7990    0.013848
8116    0.004037
8131    0.008054
8133    0.014333
8181    0.006088
8200    0.007552
8362    0.007907
8363    0.010782
8500    0.004093
8674    0.030376
8753    0.014926
8769    0.022156
8779    0.012236
8868    0.011078
9003    0.006829
9009    0.009082
9023    0.013984
9336    0.017604
9366    0.012489
9411    0.003534
9777    0.008610
9798    0.015651
9898    0.018960
9945    0.007955
10445    0.007907
10545    0.008610
10723    0.009657
10794    0.007637
10824    0.014926
10846    0.006236
10861    0.014926
10946    0.010392
10965    0.011239
11103    0.006335
11108    0.013438
11118    0.007724
11178    0.006766
11218    0.003982
11355    0.003617
11383    0.008737
11566    0.008672
11567    0.016209
11569    0.015861
11570    0.011629
11587    0.010274
11683    0.003506
11715    0.011594
11841    0.003072
11848    0.009848
11928    0.008802
11966    0.024012
11968    0.018960
12006    0.008870
12086    0.009396
12122    0.004672
12162    0.008737
12215    0.012489
12269    0.013438
12415    0.005730
12526    0.009396
12618    0.007814
12659    0.006287
12670    0.012489
12684    0.003918
12999    0.003064
13014    0.004093
13050    0.004701
13152    0.010782
13388    0.007026
13393    0.012769
13434    0.001690
13466    0.021772
13491    0.008802
13775    0.009567
14131    0.008870
14160    0.008939
14218    0.012489
14339    0.007166
14340    0.007470
14343    0.007680
14345    0.011594
14412    0.014861
14565    0.016770
14580    0.011594
14780    0.009480
14865    0.007202
15192    0.010516
15282    0.011411
15342    0.009948
15343    0.019896
15468    0.007352
15555    0.006419
15669    0.012769
15785    0.013438
15836    0.012489
16063    0.007352
16237    0.005115
16282    0.012769
16579    0.009848
16585    0.008656
16645    0.009567
16714    0.010516
16899    0.011239
16907    0.025913
16946    0.018019
16988    0.076539
17018    0.012004
17019    0.020784
17080    0.009480
17117    0.031840
17129    0.005667
17144    0.004197
17351    0.020784
17484    0.006205
17588    0.032624
17688    0.012489
17846    0.008373
18233    0.014333
18319    0.006236
18436    0.011078
18493    0.009848
18863    0.014333
18882    0.008030
19084    0.017739
19086    0.010926
19177    0.010681
19226    0.004417
19232    0.011673
19296    0.011239
19298    0.014926
19366    0.007760
19370    0.005925
19389    0.020784
19394    0.009010
19433    0.007026
19460    0.004317
19467    0.022156
19517    0.016770
19523    0.009848
19529    0.008489
19530    0.010646
19785    0.010264
19830    0.007814
19844    0.001741
19904    0.013848
20166    0.012004
20409    0.009082
20415    0.013848
20464    0.011174
20714    0.006136
20745    0.008209
20782    0.010161
20830    0.008373
20841    0.004907
20842    0.012236
20855    0.011594
20894    0.005132
20994    0.016008
21005    0.011895
21016    0.007060
21086    0.008737
21087    0.010828
21115    0.004367
21175    0.015691
21243    0.008441
21247    0.002698
21269    0.009948
