292
108    0.014148
115    0.007173
140    0.014148
147    0.004933
219    0.004658
244    0.010289
267    0.022062
288    0.013400
314    0.007005
412    0.011514
441    0.007997
444    0.008879
446    0.014148
451    0.005862
457    0.006810
460    0.013619
469    0.005224
523    0.007450
552    0.006335
610    0.012671
674    0.009162
678    0.015121
689    0.008472
692    0.024972
694    0.013459
773    0.006700
780    0.011033
830    0.015121
851    0.007402
857    0.023633
858    0.021923
920    0.007354
923    0.008708
924    0.008627
978    0.006810
1210    0.010454
1430    0.022650
1699    0.001993
1715    0.009989
1804    0.007500
1816    0.008472
1839    0.009482
1949    0.005622
2096    0.009989
2334    0.019682
2432    0.008695
2512    0.012486
2610    0.010134
2666    0.012486
2678    0.008326
2684    0.011291
2706    0.018692
2723    0.009377
2806    0.005913
2819    0.010645
2968    0.007878
3326    0.005966
3338    0.007308
3586    0.011514
3659    0.117573
3660    0.011514
3706    0.008708
3843    0.013459
3879    0.011033
3897    0.014900
4207    0.009264
4260    0.012147
4315    0.015121
4351    0.010134
4500    0.007450
4577    0.007820
4665    0.012117
4679    0.015121
4697    0.006158
4762    0.008879
4857    0.015121
4982    0.011033
5044    0.007217
5096    0.004397
5260    0.006810
5352    0.006129
5478    0.014148
5485    0.015416
5501    0.003331
5602    0.007820
5626    0.007130
5856    0.005383
5910    0.011261
6344    0.011796
6351    0.010134
6399    0.011261
6452    0.008627
6472    0.009264
6507    0.008060
6596    0.004226
6719    0.016936
6790    0.008970
6928    0.012486
7053    0.007763
7077    0.017253
7168    0.003340
7170    0.015121
7179    0.012923
7280    0.014148
7460    0.007308
7508    0.007500
7571    0.006561
7631    0.013329
7642    0.013545
7736    0.009865
7744    0.006700
7802    0.006675
7824    0.009989
7833    0.004303
7935    0.007878
7990    0.012486
8116    0.003640
8131    0.014524
8133    0.012923
8181    0.005489
8200    0.006810
8362    0.007130
8363    0.009722
8500    0.003690
8674    0.027390
8753    0.013459
8769    0.019977
8779    0.011033
8868    0.009989
9003    0.006158
9009    0.008189
9023    0.012609
9336    0.015874
9366    0.011261
9411    0.003186
9534    0.010134
9777    0.007763
9798    0.014112
9898    0.017096
9945    0.007173
10445    0.007130
10545    0.007763
10723    0.008708
10794    0.006886
10824    0.013459
10846    0.005622
10861    0.013459
10946    0.009370
10965    0.010134
11103    0.005712
11108    0.012117
11118    0.006964
11178    0.006101
11218    0.003591
11355    0.003262
11383    0.007878
11566    0.007820
11567    0.014615
11569    0.014301
11570    0.010486
11587    0.009264
11683    0.003161
11715    0.010454
11841    0.002770
11848    0.008879
11927    0.019444
11928    0.007937
11966    0.028868
11968    0.017096
12006    0.007997
12086    0.008472
12122    0.004213
12127    0.008326
12162    0.007878
12215    0.011261
12269    0.012117
12415    0.005166
12526    0.008472
12618    0.007046
12659    0.005669
12670    0.011261
12684    0.003533
12999    0.002763
13014    0.007381
13050    0.008477
13152    0.009722
13388    0.006335
13393    0.011514
13434    0.001524
13466    0.019631
13491    0.007937
13775    0.008627
13946    0.011033
14131    0.007997
14160    0.008060
14218    0.011261
14339    0.012923
14340    0.006736
14343    0.006925
14345    0.010454
14412    0.013400
14565    0.015121
14580    0.010454
14780    0.008548
14865    0.006494
15192    0.009482
15282    0.010289
15309    0.008879
15342    0.008970
15343    0.017940
15468    0.006629
15555    0.005788
15669    0.011514
15785    0.012117
15836    0.011261
16063    0.006629
16237    0.004612
16282    0.011514
16432    0.006494
16579    0.008879
16585    0.007805
16645    0.008627
16714    0.009482
16899    0.010134
16907    0.023365
16946    0.024371
16988    0.069013
17018    0.021648
17019    0.018741
17080    0.008548
17117    0.028709
17129    0.005110
17144    0.003784
17351    0.018741
17484    0.005595
17547    0.008472
17588    0.029417
17688    0.011261
17846    0.007550
18233    0.012923
18319    0.005622
18436    0.009989
18493    0.008879
18863    0.012923
18882    0.007240
19084    0.015995
19086    0.009852
19177    0.009631
19226    0.003983
19232    0.010525
19296    0.010134
19298    0.013459
19366    0.006997
19370    0.005343
19389    0.018741
19394    0.008124
19412    0.009482
19433    0.006335
19460    0.003893
19467    0.019977
19517    0.015121
19523    0.008879
19529    0.007654
19530    0.009599
19785    0.013882
19830    0.007046
19844    0.001570
19904    0.012486
20056    0.010824
20166    0.010824
20233    0.008257
20409    0.008189
20415    0.012486
20464    0.010075
20714    0.005533
20745    0.007402
20782    0.009162
20830    0.007550
20841    0.004425
20842    0.011033
20855    0.010454
20894    0.004627
20994    0.014434
21005    0.010726
21016    0.012732
21086    0.007878
21087    0.009763
21115    0.003937
21175    0.014148
21243    0.007611
21247    0.002433
21269    0.008970
