343
115    0.010664
118    0.009606
147    0.003666
218    0.008768
219    0.006924
246    0.004302
248    0.011240
250    0.012475
267    0.005466
288    0.009960
314    0.005207
412    0.008558
444    0.006600
446    0.010517
450    0.005575
451    0.008715
453    0.005991
457    0.010123
460    0.005062
481    0.005268
523    0.005538
556    0.008371
610    0.009418
622    0.011240
686    0.005090
689    0.012595
691    0.008768
692    0.018562
693    0.009606
780    0.008201
851    0.005502
852    0.006667
855    0.011301
857    0.011711
858    0.016296
860    0.007903
923    0.012946
978    0.005062
1210    0.007771
1237    0.011240
1430    0.056121
1431    0.017117
1698    0.003384
1699    0.002963
1715    0.007425
1804    0.022298
1820    0.009281
1839    0.007048
2096    0.007425
2126    0.008371
2277    0.002619
2328    0.009006
2334    0.034137
2432    0.004309
2499    0.006737
2610    0.007533
2675    0.036447
2676    0.012708
2706    0.003474
2723    0.003485
2806    0.008791
2819    0.003956
2909    0.005856
2948    0.008371
2981    0.005991
3238    0.004577
3286    0.006810
3326    0.008869
3327    0.011076
3389    0.021034
3567    0.002935
3583    0.002736
3635    0.005207
3659    0.024970
3660    0.008558
3706    0.006473
3774    0.008046
3788    0.005650
3862    0.005300
3897    0.027689
3905    0.006600
3912    0.006038
3960    0.008768
4207    0.006886
4265    0.006473
4351    0.007533
4469    0.008558
4689    0.006737
5043    0.003671
5079    0.004080
5096    0.009806
5139    0.011240
5485    0.017189
5501    0.002476
5626    0.010599
5639    0.016741
5911    0.011240
5975    0.011478
6193    0.007771
6242    0.010517
6323    0.005771
6351    0.007533
6365    0.008225
6394    0.007903
6399    0.008371
6461    0.008046
6532    0.005991
6596    0.006282
6719    0.008393
6918    0.004980
6920    0.006189
7053    0.005771
7075    0.007048
7077    0.012825
7181    0.004162
7460    0.005432
7530    0.009606
7531    0.003238
7579    0.007771
7581    0.010004
7634    0.014646
7642    0.005034
7736    0.007333
7802    0.004961
7833    0.003199
7877    0.008201
8001    0.006354
8068    0.004980
8078    0.002509
8116    0.013528
8127    0.008371
8131    0.005398
8181    0.004080
8200    0.005062
8233    0.004779
8252    0.007648
8275    0.004732
8362    0.015899
8363    0.021680
8417    0.004179
8500    0.002743
8568    0.002782
8581    0.002766
8594    0.004803
8596    0.006620
8622    0.011234
8674    0.035629
8769    0.014850
8805    0.005300
8868    0.007425
8991    0.007533
9023    0.004686
9200    0.003395
9210    0.004664
9256    0.004474
9336    0.011799
9364    0.004179
9366    0.008371
9388    0.004248
9411    0.009473
9455    0.006087
9534    0.022599
9631    0.004755
9639    0.010517
9679    0.009006
9687    0.006138
9777    0.005771
9898    0.006354
10277    0.008046
10445    0.005300
10545    0.005771
10723    0.006473
10794    0.005118
10846    0.004179
10881    0.010729
10888    0.007227
10946    0.020896
10965    0.007533
11103    0.007076
11117    0.003094
11178    0.009070
11355    0.002425
11383    0.005856
11434    0.003428
11461    0.011240
11503    0.002910
11562    0.005945
11566    0.005813
11567    0.010864
11569    0.007087
11570    0.007794
11683    0.004700
11715    0.007771
11757    0.004179
11841    0.004118
11848    0.006600
11869    0.006810
11889    0.010864
11927    0.057812
11928    0.005900
11966    0.010729
11968    0.012708
12033    0.011240
12087    0.016091
12127    0.018568
12142    0.009281
12415    0.003840
12505    0.004514
12510    0.008046
12519    0.002978
12526    0.006297
12670    0.008371
12684    0.002626
12904    0.003269
12911    0.004017
12983    0.003629
13014    0.002743
13050    0.003150
13096    0.006087
13152    0.007227
13388    0.004709
13434    0.003398
13466    0.014592
13476    0.025112
13939    0.003666
13964    0.005332
14160    0.005991
14339    0.004803
14340    0.015021
14341    0.005650
14345    0.015542
14363    0.009606
14406    0.003785
14412    0.014940
14617    0.007425
14775    0.009006
15140    0.003417
15190    0.008768
15192    0.014096
15282    0.007648
15309    0.033001
15342    0.013335
15466    0.004396
15468    0.009855
15470    0.006965
15524    0.010004
15591    0.010664
15821    0.005398
15828    0.019212
15836    0.008371
16237    0.003428
16432    0.004827
16443    0.008768
16501    0.007333
16508    0.023709
16579    0.013200
16585    0.007252
16645    0.032062
16702    0.009606
16717    0.007771
16732    0.003103
16899    0.007533
16907    0.027788
16946    0.012077
16948    0.010517
16949    0.013200
16988    0.019237
17017    0.007227
17018    0.008046
17019    0.041791
17080    0.006354
17101    0.009197
17102    0.009606
17103    0.004556
17111    0.005268
17117    0.021340
17122    0.018115
17129    0.003799
17141    0.006412
17144    0.002813
17347    0.005177
17368    0.008046
17407    0.008034
17484    0.008318
17588    0.032799
17591    0.008371
17811    0.005575
17817    0.005813
18159    0.004779
18347    0.006886
18374    0.007648
18561    0.007425
18784    0.005945
18796    0.009006
19084    0.005945
19204    0.004954
19226    0.002961
19232    0.011735
19278    0.002238
19302    0.011240
19310    0.008558
19366    0.006935
19370    0.003971
19394    0.006038
19410    0.002308
19412    0.007048
19453    0.004196
19464    0.003485
19467    0.007425
19529    0.022758
19530    0.007135
19535    0.004535
19583    0.007533
19728    0.008201
19785    0.003440
19836    0.005813
19844    0.001167
19904    0.009281
20166    0.008046
20260    0.003181
20275    0.003058
20409    0.006087
20464    0.007489
20609    0.008201
20610    0.012475
20672    0.006354
20745    0.005502
20803    0.002476
20841    0.003289
20868    0.002751
20894    0.003440
20994    0.010729
21003    0.020658
21005    0.011959
21019    0.010014
21086    0.005856
21087    0.018143
21099    0.011240
21115    0.002927
21150    0.001422
21243    0.014143
21247    0.003617
21269    0.006667
