319
118    0.010384
119    0.011368
218    0.009478
219    0.003742
245    0.013485
246    0.009301
248    0.012149
267    0.005909
288    0.005383
444    0.007134
450    0.006026
451    0.004710
453    0.006476
463    0.011368
523    0.005986
552    0.010180
622    0.012149
689    0.006807
692    0.010032
693    0.010384
780    0.008864
851    0.005947
852    0.007207
855    0.012215
857    0.012659
858    0.017614
860    0.008543
922    0.013485
923    0.013993
978    0.005471
1210    0.008400
1237    0.012149
1272    0.004925
1430    0.078861
1431    0.027753
1466    0.005835
1699    0.004803
1804    0.024103
1819    0.012149
1839    0.007618
1922    0.007915
2259    0.013485
2261    0.013485
2277    0.005661
2280    0.007529
2334    0.026357
2432    0.004657
2610    0.016285
2675    0.033768
2676    0.013736
2723    0.003767
2806    0.009503
2819    0.012829
2909    0.006329
2948    0.009048
2981    0.006476
3238    0.004947
3286    0.007361
3326    0.009586
3327    0.011972
3389    0.022736
3583    0.002957
3635    0.005628
3659    0.020243
3660    0.009251
3774    0.008697
3788    0.006108
3862    0.005729
3897    0.023944
3905    0.007134
3960    0.009478
4265    0.006997
4389    0.007064
4451    0.013485
4689    0.007283
4755    0.011368
5043    0.003968
5079    0.004410
5096    0.007066
5260    0.005471
5485    0.012387
5501    0.002676
5620    0.007811
5626    0.011457
5736    0.009251
5911    0.012149
5975    0.008272
6242    0.011368
6323    0.012475
6351    0.008142
6365    0.008891
6372    0.003210
6394    0.008543
6399    0.009048
6461    0.008697
6532    0.006476
6719    0.009072
6808    0.006690
6918    0.005383
6984    0.004019
7075    0.007618
7077    0.006931
7181    0.004499
7460    0.005871
7579    0.008400
7588    0.008400
7634    0.023746
7642    0.005441
7736    0.011889
7802    0.007150
7839    0.010032
7877    0.008864
8068    0.005383
8116    0.008774
8127    0.009048
8131    0.011669
8181    0.004410
8200    0.005471
8233    0.005166
8252    0.008267
8362    0.017186
8363    0.023434
8417    0.004517
8500    0.005930
8581    0.008970
8594    0.005192
8596    0.010733
8622    0.012143
8623    0.008864
8674    0.033010
8711    0.004670
8805    0.005729
8991    0.008142
9023    0.010131
9126    0.006108
9179    0.005729
9200    0.003670
9210    0.005041
9218    0.009251
9256    0.009672
9364    0.004517
9366    0.009048
9388    0.004592
9411    0.007680
9455    0.006580
9534    0.016285
9535    0.012149
9631    0.005140
9639    0.011368
9679    0.009735
9798    0.003779
9898    0.006868
9965    0.009048
10277    0.008697
10326    0.013485
10445    0.011457
10545    0.006238
10846    0.004517
10881    0.005799
10888    0.007811
10892    0.003015
10946    0.022587
11103    0.009179
11117    0.003345
11178    0.009804
11201    0.003191
11355    0.002621
11383    0.006329
11434    0.007412
11461    0.012149
11468    0.004731
11503    0.003146
11531    0.004554
11562    0.006426
11566    0.006283
11569    0.003830
11570    0.008425
11589    0.013485
11640    0.011368
11683    0.005080
11750    0.003612
11753    0.006426
11841    0.002225
11848    0.007134
11869    0.007361
11889    0.011743
11927    0.062490
11966    0.011597
11968    0.006868
12033    0.012149
12048    0.005192
12085    0.009380
12127    0.006690
12142    0.010032
12510    0.008697
12526    0.006807
12684    0.002838
12904    0.003533
12911    0.004342
12983    0.003922
13014    0.002965
13096    0.006580
13228    0.004325
13388    0.005090
13434    0.002449
13466    0.012618
13476    0.018096
13492    0.006527
13964    0.005763
13999    0.007134
14073    0.004670
14160    0.006476
14339    0.005192
14340    0.010824
14363    0.010384
14406    0.004091
14412    0.021532
14617    0.008026
14769    0.006283
14857    0.005564
15080    0.006377
15140    0.007388
15190    0.009478
15229    0.006150
15282    0.008267
15309    0.064208
15310    0.012149
15342    0.007207
15466    0.004751
15468    0.005326
15470    0.007529
15524    0.010814
15591    0.017290
15603    0.007529
15828    0.010384
15836    0.009048
16237    0.003706
16432    0.010436
16443    0.009478
16501    0.007926
16508    0.008543
16579    0.007134
16585    0.009407
16645    0.034656
16702    0.010384
16717    0.008400
16732    0.003355
16907    0.022528
16913    0.013485
16945    0.013862
16946    0.006527
16949    0.014268
16988    0.013862
17017    0.007811
17018    0.008697
17019    0.037644
17101    0.014911
17102    0.020767
17103    0.004925
17104    0.007811
17117    0.019772
17122    0.006527
17129    0.004106
17141    0.006931
17347    0.005596
17368    0.008697
17369    0.005355
17407    0.004342
17478    0.007811
17484    0.006744
17588    0.029544
17591    0.009048
17811    0.006026
17817    0.006283
18282    0.002091
18347    0.007443
18482    0.015425
18561    0.008026
18668    0.006066
18796    0.009735
19084    0.006426
19204    0.005355
19226    0.003200
19232    0.008457
19278    0.002419
19302    0.012149
19310    0.009251
19366    0.007496
19370    0.004293
19410    0.002495
19412    0.007618
19529    0.018450
19530    0.007712
19535    0.004902
19583    0.008142
19728    0.008864
19785    0.003718
19836    0.006283
19844    0.002523
19904    0.010032
20260    0.003439
20464    0.012143
20609    0.008864
20672    0.006868
20745    0.005947
20803    0.002676
20868    0.002973
20894    0.003718
21003    0.022330
21005    0.008618
21019    0.010824
21086    0.006329
21087    0.015689
21099    0.012149
21115    0.006327
21139    0.008026
21150    0.003075
21243    0.018345
21247    0.001955
