101
1435    0.030052
1440    0.024083
1941    0.018401
2047    0.016294
2084    0.020038
2105    0.057365
2113    0.023276
2283    0.023023
2344    0.027709
2432    0.009906
2596    0.048360
3343    0.070335
3671    0.061961
3675    0.024083
4084    0.023669
4137    0.013977
4195    0.015463
4429    0.125261
4500    0.025465
4681    0.041415
4920    0.114730
5043    0.016882
5082    0.028705
5339    0.048360
5408    0.029486
5440    0.022310
5602    0.026728
5763    0.032410
6358    0.028223
6372    0.013654
6598    0.014800
7090    0.030052
7166    0.023536
7330    0.017158
7595    0.018616
8028    0.075420
8116    0.024883
8269    0.025983
8270    0.028460
8476    0.018331
8503    0.082829
8568    0.025581
9062    0.033230
9126    0.025983
9177    0.029217
9976    0.030659
10140    0.018192
10478    0.026926
10659    0.030981
10892    0.012826
11095    0.028460
11112    0.015920
11472    0.040320
11810    0.030981
11906    0.057365
12042    0.025806
12122    0.014400
12749    0.032410
12990    0.032410
13352    0.017342
13580    0.013977
13647    0.015220
13871    0.027549
13886    0.014313
13959    0.042678
13964    0.024518
14425    0.040491
14538    0.023405
14815    0.017280
15063    0.016404
15712    0.018331
15821    0.024821
16284    0.031664
16585    0.003335
16729    0.018698
17141    0.029486
17316    0.036997
17407    0.018472
18043    0.072681
18167    0.017655
18254    0.033673
18587    0.017594
18702    0.029764
18883    0.017594
19034    0.057365
19151    0.020038
19309    0.045082
19366    0.007972
19410    0.010613
19582    0.036341
19769    0.033673
19844    0.010732
20108    0.027549
20339    0.066460
20382    0.029486
20927    0.013895
20946    0.015463
21011    0.029486
21101    0.035733
21122    0.018836
21264    0.047338
