32
700    0.194403
780    0.127795
855    0.088052
857    0.091248
858    0.169293
1839    0.109833
2328    0.140350
3659    0.194556
3896    0.266738
5485    0.089287
5626    0.082588
6719    0.065392
7456    0.065661
10545    0.089925
10946    0.108541
11383    0.091248
11683    0.036620
12526    0.098133
13228    0.062359
13466    0.045478
15212    0.096449
15468    0.076789
16907    0.054129
16945    0.099925
16988    0.099925
17024    0.130442
17122    0.094100
18347    0.214612
18690    0.104990
21086    0.091248
21115    0.045609
21243    0.044080
