548
147    0.002515
441    0.004077
444    0.009053
447    0.007596
448    0.004141
450    0.011469
453    0.004109
455    0.005732
457    0.003471
552    0.003230
633    0.004956
1184    0.005064
1187    0.007213
1225    0.008556
1309    0.022475
1351    0.004834
1364    0.003635
1382    0.004016
1415    0.003571
1455    0.009145
1458    0.003902
1480    0.003986
1490    0.002299
1516    0.028850
1520    0.007213
1529    0.003294
1597    0.017609
1604    0.019510
1677    0.003491
1681    0.003510
1682    0.004482
1698    0.002321
1699    0.001016
1712    0.003015
1725    0.020230
1741    0.009620
1746    0.002624
1762    0.002194
1825    0.006177
1846    0.002989
1889    0.009787
2058    0.008562
2061    0.005741
2062    0.005870
2084    0.002989
2090    0.005624
2092    0.004141
2093    0.005118
2128    0.008556
2173    0.002550
2217    0.005329
2292    0.003471
2341    0.007708
2356    0.005624
2387    0.006861
2432    0.001477
2440    0.004482
2482    0.006588
2497    0.026225
2604    0.002976
2684    0.002878
2704    0.008556
2706    0.007147
2711    0.003613
2737    0.023505
2745    0.002541
2749    0.008556
2804    0.008556
2819    0.002713
3021    0.007708
3089    0.002042
3148    0.054200
3150    0.046117
3151    0.005741
3267    0.007708
3297    0.003261
3309    0.003635
3326    0.003041
3373    0.008556
3396    0.002866
3473    0.006029
3483    0.003452
3567    0.004026
3618    0.002963
3647    0.002414
3693    0.004834
3727    0.004956
3790    0.003379
3794    0.005624
3824    0.005166
3845    0.004670
3942    0.003679
3943    0.003798
4026    0.003958
4027    0.006861
4087    0.010490
4140    0.006861
4168    0.004016
4240    0.010518
4258    0.002374
4389    0.004482
4390    0.003415
4496    0.005245
4498    0.006588
4500    0.003798
4515    0.005624
4587    0.006365
4650    0.004046
4674    0.005741
4701    0.012628
4707    0.005741
4709    0.007708
4730    0.004109
4764    0.006014
4833    0.009145
4835    0.005518
4837    0.005166
4871    0.003571
4899    0.002532
4918    0.005329
4967    0.007213
5043    0.005036
5044    0.003679
5075    0.002977
5094    0.008556
5095    0.008556
5211    0.003798
5212    0.002963
5225    0.008350
5232    0.004670
5308    0.007213
5373    0.017111
5440    0.003327
5501    0.001698
5502    0.017609
5523    0.020493
5524    0.009053
5527    0.006365
5539    0.005518
5549    0.003725
5556    0.003214
5562    0.004358
5563    0.003434
5567    0.004812
5572    0.007213
5665    0.008556
5693    0.007213
5695    0.005092
5771    0.005092
5832    0.006588
5844    0.005329
5968    0.005518
5987    0.004956
6015    0.007708
6028    0.006177
6035    0.011481
6036    0.008350
6038    0.004621
6042    0.004245
6049    0.004046
6148    0.007708
6179    0.006588
6180    0.005092
6241    0.014425
6286    0.008556
6324    0.005870
6378    0.005022
6421    0.004956
6501    0.009912
6598    0.002207
6621    0.006861
6628    0.005287
6630    0.004046
6705    0.002902
6758    0.001866
6761    0.002344
6809    0.003657
6819    0.004398
6840    0.005624
6901    0.006014
6908    0.008463
6938    0.006014
6944    0.005741
6952    0.007708
7110    0.004526
7128    0.008556
7141    0.019116
7142    0.007498
7144    0.006177
7180    0.004046
7508    0.003823
7523    0.003294
7531    0.002221
7571    0.003345
7602    0.004573
7650    0.006397
7698    0.006588
7709    0.003902
7712    0.004281
7744    0.003415
7752    0.006177
7802    0.003403
7892    0.003327
7902    0.004281
7955    0.006861
7962    0.005092
7973    0.005518
8015    0.007213
8019    0.008241
8022    0.006861
8025    0.004687
8040    0.002167
8078    0.001721
8089    0.007708
8116    0.001856
8169    0.025667
8200    0.003471
8209    0.005870
8264    0.008556
8276    0.008556
8442    0.003245
8500    0.001881
8536    0.003798
8568    0.001908
8594    0.003294
8616    0.004723
8623    0.005624
8774    0.003679
8783    0.002820
8786    0.003823
8845    0.003015
8862    0.004245
8899    0.004281
8904    0.008556
9192    0.006177
9200    0.002329
9204    0.005245
9206    0.008556
9386    0.059889
9387    0.008556
9392    0.004209
9395    0.005022
9424    0.003657
9507    0.007708
9518    0.005461
9533    0.002663
9700    0.006014
9769    0.004526
9878    0.004834
9947    0.003992
9980    0.007184
9999    0.004398
10220    0.004319
10244    0.004077
10259    0.004482
10261    0.002141
10355    0.004573
10408    0.004893
10491    0.003635
10508    0.004777
10597    0.008556
10605    0.002568
10689    0.003571
10742    0.007213
10743    0.008556
10773    0.002914
10837    0.001346
10840    0.008741
10850    0.010332
10855    0.008556
10927    0.008556
10932    0.023093
10942    0.002890
11007    0.004319
11087    0.005977
11103    0.001941
11112    0.004749
11130    0.004209
11132    0.006861
11196    0.004141
11201    0.002025
11213    0.002724
11251    0.006365
11255    0.005870
11261    0.007708
11310    0.005420
11334    0.002586
11340    0.004141
11342    0.004777
11434    0.004703
11439    0.003491
11503    0.001996
11530    0.004109
11531    0.002890
11586    0.007213
11683    0.004835
11684    0.003986
11744    0.002559
11747    0.003183
11750    0.002292
11782    0.002122
11841    0.004236
11873    0.008556
11890    0.004893
11937    0.005624
11950    0.006588
11951    0.007708
11961    0.005329
11966    0.003679
12005    0.001721
12040    0.006861
12041    0.007213
12064    0.003397
12085    0.002976
12110    0.002314
12119    0.006365
12126    0.008556
12215    0.005741
12216    0.008556
12230    0.002653
12307    0.064661
12309    0.012674
12505    0.003096
12508    0.004319
12531    0.007708
12547    0.007708
12645    0.006365
12661    0.004358
12684    0.003602
12764    0.009445
12855    0.001979
12864    0.005326
12867    0.019647
12928    0.003125
12941    0.004956
12944    0.004573
12983    0.004977
13145    0.004016
13198    0.004245
13256    0.005870
13280    0.006861
13300    0.005741
13320    0.003294
13351    0.004014
13355    0.001990
13357    0.003594
13361    0.003510
13367    0.006014
13434    0.001554
13466    0.002001
13482    0.003278
13491    0.004046
13497    0.009241
13501    0.004348
13526    0.007708
13556    0.006861
13612    0.008556
13644    0.004834
13647    0.002270
13794    0.004723
13869    0.005870
13886    0.010674
13891    0.005870
14012    0.003362
14018    0.015417
14065    0.003032
14095    0.008556
14099    0.008283
14124    0.003434
14130    0.003635
14131    0.004077
14137    0.003550
14140    0.009787
14141    0.006177
14304    0.003875
14316    0.002798
14425    0.002013
14430    0.013378
14439    0.002060
14604    0.007322
14607    0.002902
14717    0.003571
14741    0.009164
14742    0.001747
14745    0.001962
14863    0.008154
14865    0.006621
15038    0.004398
15103    0.004723
15127    0.005245
15128    0.006177
15204    0.002843
15212    0.004245
15270    0.008556
15304    0.007213
15384    0.006014
15394    0.005420
15410    0.003491
15468    0.003379
15488    0.003294
15503    0.003415
15518    0.006588
15578    0.005245
15705    0.005518
15710    0.007226
15711    0.005870
15743    0.006177
15778    0.006397
15809    0.007708
15820    0.002963
15847    0.006365
15922    0.006365
15939    0.004245
16060    0.003345
16061    0.005092
16116    0.002541
16117    0.003055
16207    0.003798
16220    0.005870
16299    0.004077
16321    0.003154
16375    0.008556
16396    0.003823
16432    0.003311
16486    0.004209
16490    0.003749
16509    0.002951
16567    0.006588
16585    0.001492
16657    0.007646
16687    0.013722
16921    0.003415
16923    0.014246
16944    0.002306
16955    0.006689
17008    0.005870
17032    0.004723
17037    0.002703
17056    0.005022
17066    0.003849
17067    0.003530
17072    0.013446
17074    0.003199
17075    0.019965
17079    0.021046
17099    0.006861
17144    0.001929
17359    0.006861
17366    0.003261
17373    0.004893
17439    0.005092
17445    0.003929
17484    0.001426
17566    0.007708
17576    0.008556
17643    0.002643
17797    0.005624
17814    0.002787
17870    0.002673
17871    0.008556
17922    0.003041
18015    0.008556
18138    0.003550
18167    0.005266
18182    0.003959
18203    0.002843
18288    0.006588
18319    0.002866
18366    0.005166
18383    0.005326
18384    0.005092
18390    0.008556
18411    0.003571
18440    0.015735
18441    0.006365
18443    0.008556
18579    0.004670
18652    0.002221
18700    0.006861
18736    0.005741
18774    0.005329
18904    0.012524
18951    0.008283
19043    0.002367
19054    0.007708
19092    0.006861
19115    0.007708
19143    0.005022
19261    0.005118
19266    0.002480
19271    0.003168
19278    0.001535
19329    0.005022
19366    0.002378
19460    0.001984
19464    0.002390
19523    0.004526
19535    0.003110
19663    0.005870
19693    0.004482
19708    0.006014
19736    0.010357
19750    0.014425
19773    0.004295
19820    0.002890
19889    0.007213
19894    0.004439
19905    0.008283
19917    0.006588
19931    0.008556
20090    0.005806
20128    0.008556
20137    0.008556
20210    0.007708
20236    0.008556
20367    0.006861
20452    0.003055
20505    0.005166
20519    0.008556
20557    0.002832
20559    0.004358
20601    0.002963
20605    0.005022
20688    0.004016
20714    0.002820
20717    0.019624
20734    0.005624
20755    0.011739
20768    0.008052
20770    0.021638
20803    0.003396
20844    0.001786
20869    0.008556
20894    0.002359
20900    0.007213
20927    0.002072
20946    0.006919
20993    0.003068
21057    0.002902
21115    0.002007
21129    0.001929
21146    0.003550
21150    0.004878
21243    0.001940
21247    0.003721
21306    0.003362
21307    0.016724
21338    0.008556
