311
75    0.012444
77    0.010646
246    0.010703
264    0.010646
267    0.006800
539    0.006714
604    0.007765
621    0.005444
677    0.016587
681    0.019332
686    0.006331
786    0.006066
927    0.008565
1165    0.008051
1423    0.006477
1435    0.008129
1439    0.007765
1443    0.010201
1451    0.003694
1487    0.013981
1500    0.013082
1608    0.011949
1665    0.008565
1701    0.011949
1747    0.006757
1801    0.012444
1910    0.008294
1919    0.005444
1946    0.007833
2084    0.010841
2113    0.006296
2114    0.006162
2126    0.010412
2188    0.008471
2332    0.009109
2344    0.029982
2591    0.015518
2678    0.007699
2723    0.004335
2744    0.004156
2745    0.004609
2819    0.004921
3029    0.006844
3188    0.013981
3201    0.015518
3249    0.010201
3326    0.011032
3441    0.007976
3447    0.011203
3583    0.003403
3671    0.008381
3672    0.015269
3675    0.006515
3747    0.008664
3881    0.006632
4007    0.013082
4084    0.006403
4316    0.010907
4429    0.025413
4467    0.006228
4522    0.006592
4678    0.006262
4737    0.008471
4817    0.008381
4845    0.013082
4858    0.011949
4899    0.004593
4910    0.010008
4926    0.022565
4927    0.007904
4929    0.007572
5044    0.006673
5075    0.002700
5082    0.007765
5116    0.009370
5212    0.010749
5347    0.008767
5408    0.007976
5501    0.003080
5548    0.006934
5556    0.005829
5645    0.013981
5763    0.026301
5769    0.008757
5876    0.010008
6248    0.011949
6269    0.010412
6358    0.007635
6372    0.003694
6460    0.007904
6492    0.008989
6501    0.008989
6598    0.004003
6738    0.012524
6783    0.010008
6841    0.008767
7087    0.012805
7088    0.014155
7166    0.006367
7330    0.004641
7531    0.004028
7595    0.005036
7619    0.014597
7782    0.020402
7985    0.007635
7987    0.006162
7989    0.016261
8005    0.011545
8107    0.003548
8116    0.006731
8164    0.010907
8275    0.005886
8381    0.008565
8476    0.004959
8500    0.003412
8505    0.006228
8601    0.014567
8852    0.015518
8862    0.007699
8942    0.038053
8973    0.010008
9062    0.008989
9118    0.004902
9177    0.007904
9361    0.005468
9411    0.014730
9518    0.003302
9576    0.012444
9604    0.011203
9664    0.010397
9910    0.013082
9947    0.003620
10013    0.009370
10044    0.011203
10074    0.004452
10115    0.008767
10116    0.030538
10140    0.014763
10282    0.013981
10389    0.008471
10534    0.010907
10605    0.004658
10637    0.007178
10659    0.008381
10714    0.010749
10783    0.008989
10807    0.013981
10827    0.013082
10837    0.014652
10838    0.010008
10892    0.003470
10978    0.015518
11093    0.005858
11095    0.007699
11117    0.007698
11149    0.013981
11183    0.005974
11184    0.028712
11218    0.006640
11445    0.006296
11474    0.010907
11531    0.005241
11569    0.004408
11664    0.012444
11701    0.015518
11755    0.031036
11875    0.015518
11889    0.006757
12003    0.008875
12004    0.009236
12005    0.009363
12122    0.019476
12158    0.010907
12202    0.007077
12245    0.004091
12273    0.004884
12415    0.014330
12480    0.008767
12519    0.011113
12522    0.010191
12615    0.010907
12630    0.049153
12684    0.006532
12735    0.007572
12749    0.008767
12904    0.004066
12907    0.012456
12911    0.004997
12974    0.005886
12976    0.010907
12990    0.008767
12999    0.002554
13175    0.014677
13231    0.007904
13348    0.006331
13353    0.024018
13388    0.005858
13434    0.004227
13510    0.010646
13580    0.003781
13730    0.010412
13871    0.029809
13872    0.010907
13917    0.020824
13964    0.006632
13968    0.009513
14014    0.007635
14282    0.015518
14406    0.004708
14425    0.010953
14426    0.009666
14523    0.006228
14726    0.007572
14815    0.028046
15133    0.010201
15318    0.011949
15319    0.013082
15368    0.007395
15376    0.008989
15391    0.011203
15494    0.010201
15556    0.006673
15983    0.006066
15996    0.011203
16007    0.008471
16176    0.007904
16205    0.008051
16246    0.010008
16284    0.008565
16313    0.010646
16314    0.010907
16317    0.013265
16355    0.009370
16543    0.021292
16585    0.010825
16649    0.006367
16705    0.004066
16725    0.013981
16729    0.002529
16834    0.015518
16941    0.002901
17051    0.004545
17092    0.011949
17111    0.006553
17129    0.004725
17141    0.007976
17155    0.009831
17201    0.008875
17263    0.011949
17345    0.006981
17347    0.006439
17348    0.010008
17366    0.005915
17531    0.004423
17561    0.015518
17589    0.011545
17873    0.007635
17877    0.009370
18017    0.015530
18167    0.009551
18308    0.009831
18331    0.020270
18420    0.011949
18567    0.006714
18587    0.009519
18619    0.003991
18696    0.009109
18702    0.016103
18725    0.006262
18756    0.022406
18841    0.006005
18987    0.005802
19131    0.011545
19151    0.043364
19262    0.005263
19278    0.008351
19309    0.006098
19366    0.002157
19383    0.014356
19386    0.009236
19408    0.013082
19426    0.003048
19464    0.004335
19552    0.010646
19553    0.011545
19572    0.008471
19580    0.008875
19582    0.019661
19734    0.037332
19751    0.007284
19785    0.025671
19820    0.010482
19830    0.006515
19844    0.002903
19921    0.013082
20088    0.007284
20275    0.003803
20339    0.017978
20688    0.007284
20714    0.005116
20824    0.025048
20848    0.008056
20900    0.013082
21101    0.009666
21111    0.012953
21120    0.004978
21146    0.006439
21150    0.003539
21154    0.010412
21195    0.007284
21266    0.004196
