241
5    0.018770
103    0.007716
460    0.009497
469    0.014570
568    0.009012
666    0.010004
728    0.023406
920    0.010256
921    0.023406
1000    0.019732
1066    0.012777
1245    0.008967
1423    0.009769
1664    0.010750
1759    0.013068
1923    0.023406
2047    0.006648
2084    0.016352
2107    0.015705
2113    0.018994
2114    0.009294
2188    0.012777
2284    0.012384
2344    0.005653
2396    0.006309
2468    0.015387
2684    0.007873
2710    0.008668
2723    0.006539
2744    0.006269
2904    0.023406
2992    0.019732
3343    0.014349
3415    0.019732
3601    0.023406
3647    0.006604
3675    0.019653
3703    0.021088
3704    0.023406
3733    0.009344
3743    0.007001
3747    0.013068
3944    0.014845
4007    0.039464
4289    0.012384
4316    0.016452
4340    0.017414
4429    0.063887
4440    0.018770
4456    0.009603
4910    0.015096
4925    0.018770
4926    0.008509
4929    0.057107
4932    0.014828
5043    0.003444
5082    0.011712
5132    0.014134
5347    0.013224
5440    0.009103
5515    0.006350
5532    0.005858
5851    0.012262
5877    0.014134
5879    0.009057
6452    0.012031
6462    0.013931
6490    0.021088
6497    0.012384
6535    0.021088
6547    0.017414
6572    0.023406
6650    0.023406
6663    0.011241
6840    0.015387
7060    0.017414
7087    0.009658
7090    0.012262
7123    0.023406
7173    0.009603
7325    0.010390
7423    0.014349
7456    0.007906
7595    0.007596
7619    0.014679
7637    0.021088
7704    0.011613
7736    0.006879
7744    0.009344
7753    0.019173
7990    0.017414
8116    0.010153
8131    0.010128
8162    0.014134
8233    0.008967
8270    0.011613
8342    0.011613
8367    0.015096
8369    0.017414
8381    0.012920
8395    0.010530
8476    0.007479
8500    0.005147
8503    0.033797
8505    0.009394
8533    0.007747
8568    0.005219
8596    0.006210
8907    0.014349
8973    0.015096
9062    0.013559
9118    0.007395
9127    0.011516
9177    0.011921
9280    0.010750
9517    0.005460
9664    0.007841
9966    0.016452
10074    0.006716
10116    0.011516
10140    0.014845
10222    0.013931
10245    0.014580
10534    0.032903
10637    0.010827
10691    0.016452
10839    0.016058
11019    0.023406
11087    0.008176
11095    0.011613
11117    0.005805
11118    0.019426
11218    0.005008
11334    0.007076
11355    0.004549
11453    0.010986
11468    0.008211
11534    0.013931
11570    0.014624
11841    0.003863
12110    0.006330
12202    0.010675
12245    0.018514
12272    0.014349
12273    0.007367
12415    0.007205
12509    0.023406
12519    0.005587
12548    0.007566
12591    0.013903
12735    0.011421
12900    0.010004
12967    0.015096
13175    0.011069
13353    0.009057
13388    0.008835
13434    0.002125
13871    0.011241
13873    0.016898
13930    0.013387
13968    0.014349
14047    0.014349
14065    0.005530
14131    0.011154
14138    0.019732
14425    0.055072
14815    0.007051
15080    0.011069
15484    0.010065
15549    0.018770
15551    0.008470
15818    0.007127
15912    0.006039
16037    0.017414
16150    0.014828
16231    0.016058
16237    0.006433
16246    0.015096
16284    0.012920
16355    0.014134
16436    0.012384
16501    0.006879
16543    0.032116
16724    0.008141
16729    0.011444
16880    0.008038
16944    0.006309
17117    0.005720
17129    0.014254
17249    0.018770
17263    0.018024
17349    0.016898
17438    0.010675
17524    0.009197
17689    0.013224
17716    0.023406
17814    0.007625
17951    0.013224
18043    0.029656
18159    0.008967
18167    0.003602
18282    0.003629
18331    0.010192
18476    0.013387
18587    0.007179
18619    0.012040
18698    0.021088
18701    0.021088
18705    0.027862
18726    0.026767
18756    0.016898
18887    0.010750
18941    0.013931
18987    0.008751
19047    0.016898
19151    0.024528
19177    0.006716
19266    0.006785
19278    0.008398
19366    0.003253
19383    0.010827
19386    0.013931
19410    0.004330
19437    0.021812
19453    0.023620
19558    0.016452
19639    0.019732
19734    0.018770
19844    0.008758
20275    0.005737
20339    0.040676
20438    0.018024
20671    0.011421
20776    0.010827
20803    0.004646
20824    0.028336
20901    0.007258
20902    0.007716
21264    0.009658
21265    0.015705
21315    0.021088
