175
469    0.008927
666    0.012259
1072    0.013884
1097    0.009609
1245    0.010988
1440    0.012041
1689    0.018261
1862    0.005846
1934    0.020160
1941    0.009200
1947    0.015832
2047    0.016294
2284    0.015175
2396    0.015463
2468    0.018855
2609    0.010934
2744    0.007683
2745    0.008519
2857    0.010934
2955    0.028682
2956    0.028682
3315    0.027128
3343    0.017584
3671    0.030981
3672    0.014111
3675    0.012041
3703    0.051683
3774    0.018498
3911    0.021145
4256    0.028682
4258    0.007960
4289    0.015175
4340    0.021339
4428    0.041415
4429    0.093946
4500    0.012732
4578    0.014743
4629    0.018855
4929    0.041988
4930    0.028682
5209    0.014111
5225    0.013996
5347    0.032410
5399    0.029764
5495    0.011004
5805    0.048360
5879    0.011099
5975    0.008797
6115    0.014882
6283    0.025842
6365    0.009456
6376    0.029486
6536    0.028682
6573    0.024180
6908    0.007093
6940    0.028957
7087    0.011835
7088    0.013081
7150    0.048360
7261    0.017867
7595    0.009308
7619    0.008994
7727    0.023001
7802    0.003802
7969    0.017071
7989    0.010019
8028    0.018855
8107    0.013118
8116    0.006221
8198    0.044173
8367    0.055495
8369    0.021339
8395    0.012903
8476    0.009165
8581    0.012719
8622    0.008609
8711    0.009934
8873    0.016205
8907    0.070335
9160    0.027767
9209    0.006540
9260    0.025842
9274    0.024180
9454    0.008314
9456    0.018170
9502    0.023276
9752    0.018498
10095    0.012732
10140    0.009096
10245    0.017867
10478    0.013463
10534    0.020160
10846    0.009609
10850    0.017319
10881    0.012334
10892    0.006413
11146    0.019140
11178    0.010427
11180    0.012862
11195    0.018170
11334    0.008671
11440    0.014479
11453    0.013463
11468    0.010062
11519    0.011638
11531    0.019375
11540    0.016205
11843    0.020707
11961    0.017867
12110    0.015513
12258    0.048043
12273    0.009028
12415    0.008829
12505    0.010380
12646    0.028682
12684    0.012074
12904    0.007515
12987    0.004117
13357    0.016064
13434    0.005209
13451    0.012732
13520    0.028682
13871    0.027549
14130    0.012185
14161    0.030659
14234    0.018498
14425    0.026994
15484    0.012334
15607    0.025842
15821    0.012411
15907    0.008640
15912    0.007400
16284    0.063328
16501    0.008430
16585    0.001667
16729    0.014023
16880    0.009850
17129    0.026201
17484    0.004781
17531    0.008174
17669    0.006807
18043    0.054511
18161    0.028682
18186    0.010775
18282    0.013340
18340    0.011702
18476    0.016405
18587    0.008797
18690    0.015490
18756    0.020707
18883    0.008797
18901    0.013268
18992    0.012489
19043    0.007934
19151    0.020038
19169    0.011512
19278    0.010291
19410    0.005306
19453    0.019296
19582    0.036341
19844    0.010732
20275    0.007030
20339    0.033230
20382    0.014743
20618    0.044173
20714    0.009456
20803    0.005693
20824    0.011574
20848    0.007446
20868    0.006325
20894    0.007908
21101    0.017867
21168    0.028682
21247    0.004158
21264    0.023669
