218
103    0.040194
273    0.018777
286    0.021970
894    0.018777
920    0.010685
930    0.014724
1032    0.018777
1261    0.018142
1372    0.020557
1451    0.005804
1490    0.013105
1634    0.021970
1689    0.007762
1746    0.007479
1747    0.021235
1862    0.004970
1919    0.025664
1922    0.014314
2255    0.021970
2375    0.015190
2396    0.006573
2440    0.012775
2468    0.016030
2539    0.010061
2684    0.008203
2710    0.009031
2711    0.010298
3315    0.011532
3318    0.014126
3491    0.020557
3563    0.030700
3593    0.007021
3610    0.017140
3635    0.010178
3671    0.026339
3672    0.011997
3674    0.018777
3745    0.043017
3944    0.007733
4025    0.014724
4132    0.014314
4137    0.005941
4324    0.016963
4461    0.009073
4926    0.008865
5043    0.003588
5075    0.008486
5209    0.023994
5214    0.014724
5440    0.018968
5487    0.010422
5501    0.004840
5803    0.016030
5823    0.018777
6056    0.012202
6816    0.021970
6940    0.012309
7088    0.011121
7168    0.004853
7188    0.008630
7287    0.017605
7459    0.013460
7571    0.009533
7595    0.015827
7598    0.014126
7613    0.032724
7649    0.016729
7711    0.018142
7802    0.006465
7833    0.012505
8083    0.020557
8099    0.015190
8107    0.005576
8116    0.010577
8135    0.018142
8223    0.010754
8269    0.022090
8270    0.072588
8367    0.015727
8500    0.005362
8533    0.008071
8534    0.007852
8622    0.007319
8640    0.012202
8872    0.015190
9209    0.016681
9213    0.018777
9282    0.014587
9307    0.018777
9418    0.013615
9488    0.014513
9692    0.009735
9739    0.011997
9887    0.018777
9987    0.018777
10222    0.014513
10478    0.011446
10491    0.010359
10826    0.015190
10837    0.003837
10892    0.010904
11103    0.002766
11117    0.006048
11146    0.008136
11213    0.007762
11279    0.008905
11284    0.024385
11355    0.004739
11468    0.017110
11521    0.024385
11528    0.008071
11531    0.008236
11540    0.013777
11591    0.011899
11782    0.006048
11841    0.008049
11921    0.021970
11922    0.019555
12005    0.004904
12166    0.009073
12613    0.011121
12736    0.016729
12741    0.021970
12820    0.011899
12864    0.007590
12865    0.013947
12898    0.021940
12900    0.010422
12911    0.007852
12927    0.008236
12978    0.020972
12987    0.003500
12999    0.008028
13302    0.016362
13347    0.011280
13357    0.003414
13361    0.010005
13388    0.009205
13434    0.006643
13487    0.021970
13939    0.007167
14065    0.002881
14160    0.023421
14200    0.010422
14305    0.011121
14353    0.015190
14425    0.017212
14718    0.017140
14811    0.012420
14815    0.007346
14891    0.020557
14906    0.014126
14917    0.023994
14919    0.028628
15029    0.026623
15140    0.006680
15299    0.009533
15417    0.024385
15591    0.010422
15912    0.006291
15952    0.008103
16009    0.021970
16323    0.016362
16509    0.016819
16729    0.011922
16944    0.006573
16962    0.021970
17093    0.011711
17105    0.007069
17129    0.007425
17253    0.014949
17366    0.009295
17374    0.012202
17484    0.012195
17519    0.013169
17531    0.006950
17808    0.013615
17811    0.010897
17821    0.008592
18003    0.009295
18023    0.015448
18167    0.007505
18190    0.011200
18282    0.003781
18327    0.024385
18382    0.009250
19043    0.006745
19065    0.022724
19151    0.025554
19156    0.024385
19204    0.009683
19366    0.003389
19386    0.014513
19453    0.016405
19557    0.012652
19707    0.007976
19820    0.008236
19830    0.010237
19844    0.002281
20202    0.013312
20260    0.008292
20281    0.008824
20382    0.012534
20460    0.017336
20483    0.024385
20484    0.018142
20713    0.006594
20714    0.048233
20768    0.005737
20844    0.015274
20910    0.010825
20994    0.020972
21126    0.013169
21182    0.016030
21230    0.024385
21243    0.005529
21247    0.003535
21279    0.008745
