397
77    0.007884
246    0.003963
333    0.002876
469    0.003577
621    0.004032
662    0.010354
666    0.004912
896    0.006939
930    0.006939
1052    0.008077
1120    0.009215
1272    0.004197
1439    0.005750
1456    0.005241
1699    0.002729
1707    0.004236
1712    0.004049
1747    0.005004
1759    0.006416
1762    0.002947
1862    0.002342
1873    0.006080
1918    0.004824
1984    0.018431
1989    0.006840
1990    0.006273
2047    0.006528
2102    0.002876
2107    0.007711
2126    0.007711
2188    0.006273
2217    0.007158
2222    0.006939
2230    0.007411
2287    0.005519
2290    0.012686
2292    0.004663
2297    0.004942
2326    0.009215
2344    0.013877
2380    0.005205
2396    0.006195
2482    0.008849
2644    0.005004
2745    0.003413
2787    0.011492
2847    0.009215
2848    0.011492
3074    0.008550
3141    0.011492
3198    0.007045
3338    0.005004
3412    0.010354
3419    0.011492
3448    0.008077
3510    0.007280
3671    0.006206
3733    0.004588
3734    0.005205
3747    0.012832
3765    0.011492
3942    0.009883
3944    0.003644
4007    0.009688
4023    0.002867
4071    0.007280
4080    0.013145
4084    0.004742
4104    0.010354
4168    0.010788
4195    0.003098
4316    0.032309
4354    0.012413
4416    0.007884
4429    0.025093
4450    0.003118
4461    0.004276
4536    0.004796
4577    0.005354
4584    0.010354
4678    0.009275
4720    0.011492
4833    0.006142
4845    0.009688
4910    0.014823
4913    0.008550
4919    0.009215
5043    0.006764
5347    0.006493
5487    0.004912
5495    0.002204
5501    0.002281
5532    0.002876
5548    0.005135
5763    0.012985
5879    0.004447
5975    0.003525
6129    0.005654
6334    0.011403
6340    0.007045
6358    0.005654
6372    0.002735
6376    0.005907
6461    0.007411
6462    0.006840
6495    0.006493
6501    0.006657
6598    0.002965
6743    0.006573
6918    0.004588
6940    0.005801
7087    0.004742
7097    0.004424
7166    0.004715
7168    0.002287
7178    0.004824
7188    0.004067
7199    0.003550
7334    0.009688
7423    0.007045
7438    0.006273
7446    0.007045
7543    0.009688
7570    0.009688
7595    0.003729
7619    0.003603
7650    0.004296
7704    0.005701
7802    0.003047
7824    0.013679
7987    0.004563
8107    0.015767
8116    0.002492
8131    0.004972
8211    0.006939
8220    0.005476
8270    0.022806
8381    0.006343
8395    0.005170
8417    0.007700
8476    0.003672
8500    0.002527
8524    0.011492
8568    0.002562
8594    0.004424
8601    0.005394
8777    0.004942
8781    0.003537
8844    0.011492
8848    0.006657
8862    0.005701
8942    0.007045
8972    0.009688
8973    0.007411
9062    0.019971
9153    0.004236
9210    0.004296
9279    0.009215
9280    0.005278
9314    0.007158
9390    0.010354
9411    0.013090
9517    0.002681
9668    0.007554
9747    0.004663
9947    0.005361
9965    0.007711
10074    0.003297
10140    0.007289
10156    0.007411
10172    0.011492
10290    0.003980
10335    0.006493
10338    0.009859
10389    0.006273
10534    0.008077
10578    0.005036
10605    0.003449
10637    0.005316
10659    0.006206
10667    0.036862
10794    0.004715
10820    0.008849
10829    0.006746
10837    0.001808
10840    0.003914
10881    0.004942
10892    0.002569
10897    0.006708
11087    0.004014
11089    0.005801
11095    0.005701
11103    0.002607
11117    0.002850
11146    0.003834
11183    0.008849
11203    0.004049
11213    0.003658
11218    0.002459
11444    0.004067
11445    0.009326
11453    0.005394
11468    0.008063
11503    0.002681
11540    0.006493
11570    0.007180
11576    0.007280
11591    0.005608
11683    0.002165
11757    0.003850
11782    0.002850
11788    0.005963
11880    0.009215
11889    0.010007
11922    0.009215
12022    0.011492
12122    0.043270
12127    0.011403
12158    0.040386
12202    0.005241
12245    0.003030
12272    0.007045
12273    0.003617
12335    0.009688
12505    0.004159
12519    0.008230
12591    0.003413
12615    0.024232
12630    0.043680
12660    0.004140
12684    0.009675
12749    0.006493
12751    0.051768
12759    0.014560
12785    0.007411
12904    0.006022
12907    0.004612
12946    0.007045
12951    0.012547
12983    0.003343
12990    0.006493
12999    0.003783
13014    0.002527
13050    0.002902
13183    0.008849
13185    0.006746
13323    0.010354
13348    0.004689
13351    0.005392
13352    0.003474
13353    0.004447
13361    0.009430
13394    0.007884
13434    0.005217
13580    0.002800
13647    0.006098
13743    0.006939
13775    0.005907
13871    0.049669
13872    0.016155
13873    0.008297
13874    0.008849
13942    0.010354
13964    0.004912
14065    0.001358
14085    0.007411
14212    0.007280
14238    0.008849
14339    0.004424
14343    0.004742
14425    0.002704
14523    0.004612
14536    0.009945
14815    0.006923
14857    0.004742
14874    0.004140
14906    0.006657
14917    0.005654
15037    0.006573
15110    0.007280
15218    0.007158
15322    0.008849
15376    0.013314
15488    0.004424
15541    0.011492
15549    0.009215
15568    0.009688
15705    0.007411
15729    0.009215
15781    0.007554
15782    0.006746
15807    0.018240
15820    0.003980
15830    0.005750
15983    0.008985
16037    0.017099
16176    0.005853
16237    0.003158
16284    0.012686
16318    0.008077
16355    0.006939
16436    0.006080
16485    0.003729
16501    0.003377
16543    0.007884
16585    0.018037
16641    0.011492
16724    0.007994
16726    0.008849
16880    0.003946
16944    0.003098
16955    0.004492
17111    0.004853
17116    0.008849
17125    0.006939
17129    0.013997
17144    0.005182
17320    0.006416
17323    0.009688
17347    0.004769
17349    0.008297
17402    0.008849
17669    0.008182
17814    0.003744
17829    0.011501
17873    0.005654
17875    0.004689
17922    0.004085
18017    0.005750
18043    0.007280
18186    0.004317
18203    0.003819
18204    0.005907
18282    0.003563
18331    0.015011
18333    0.014560
18404    0.020707
18537    0.008077
18619    0.005911
18695    0.006840
18702    0.005963
18725    0.004637
18733    0.007280
18883    0.007049
18898    0.004359
18900    0.011492
19023    0.010354
19043    0.003179
19086    0.006746
19151    0.032113
19212    0.004689
19226    0.005455
19266    0.009994
19278    0.016493
19327    0.002712
19366    0.004791
19416    0.003914
19426    0.002257
19437    0.005354
19543    0.004067
19560    0.009215
19582    0.021840
19649    0.006573
19772    0.003914
19785    0.022179
19844    0.007524
20017    0.008550
20208    0.007711
20226    0.005907
20260    0.001954
20275    0.005633
20289    0.012686
20339    0.019971
20382    0.005907
20383    0.006657
20438    0.017698
20557    0.003804
20563    0.006206
20691    0.007411
20714    0.003788
20778    0.005394
20824    0.013912
20845    0.004689
20848    0.005966
20894    0.003168
20902    0.003788
20923    0.007411
20924    0.006343
21000    0.011492
21058    0.003366
21101    0.028634
21115    0.002696
21118    0.004447
21120    0.003686
21150    0.006552
21247    0.001666
21264    0.004742
