337
100    0.010778
348    0.006570
429    0.009201
431    0.008006
440    0.008331
449    0.013444
451    0.004889
469    0.008713
481    0.005911
583    0.007726
595    0.007908
604    0.007004
786    0.005472
806    0.008216
1097    0.004689
1128    0.007262
1184    0.004143
1222    0.007262
1255    0.006570
1274    0.006775
1278    0.006255
1280    0.010414
1491    0.013997
1529    0.005389
1699    0.001662
1965    0.041654
2058    0.007004
2081    0.018784
2172    0.006570
2216    0.006619
2275    0.009603
2292    0.005679
2294    0.027994
2297    0.006019
2298    0.009838
2378    0.022449
2379    0.012611
2417    0.012611
2716    0.013997
2745    0.004157
2853    0.006944
2933    0.007262
2970    0.010414
3485    0.012038
3563    0.004405
3567    0.003293
3574    0.005679
3583    0.003069
3943    0.006213
3944    0.008878
3947    0.021556
4023    0.003492
4028    0.005648
4130    0.006429
4133    0.008216
4240    0.020076
4245    0.004787
4258    0.003885
4504    0.009201
4511    0.009603
4897    0.013997
4907    0.009027
4932    0.008867
5043    0.004119
5050    0.008331
5074    0.004651
5075    0.002436
5081    0.008108
5086    0.006830
5093    0.005775
5212    0.004848
5227    0.007559
5253    0.010778
5331    0.006722
5476    0.021556
5556    0.005258
5628    0.004003
5719    0.003976
5750    0.043595
5769    0.003949
6049    0.006619
6050    0.004767
6051    0.012611
6052    0.013997
6166    0.013997
6430    0.012189
6462    0.008331
6705    0.009494
6707    0.004747
6743    0.008006
6790    0.007481
6873    0.013997
6928    0.010414
6931    0.007481
6971    0.010414
7141    0.012509
7149    0.010414
7151    0.013997
7164    0.008867
7214    0.023600
7224    0.009603
7287    0.010105
7303    0.007333
7446    0.008581
7589    0.011224
7592    0.009201
7619    0.008778
7746    0.007815
7751    0.012611
7775    0.047199
7798    0.007129
7802    0.001856
7855    0.013997
7892    0.005444
7987    0.005558
8078    0.016890
8108    0.039353
8185    0.007815
8224    0.010414
8289    0.008719
8456    0.012611
8513    0.019205
8532    0.009027
8534    0.004507
8596    0.003714
8613    0.005775
8688    0.007262
8689    0.016216
8719    0.016661
8916    0.012611
8978    0.008867
9009    0.006830
9068    0.008452
9118    0.008844
9126    0.006340
9209    0.003192
9287    0.010105
9346    0.012611
9347    0.009838
9424    0.005982
9484    0.010832
9518    0.002978
9532    0.008719
9873    0.004356
9946    0.007908
9947    0.006530
10000    0.007726
10013    0.008452
10069    0.009838
10140    0.004439
10169    0.009201
10175    0.005444
10215    0.009534
10334    0.004071
10354    0.009995
10363    0.008581
10411    0.011175
10413    0.014131
10418    0.042905
10422    0.006056
10457    0.009027
10460    0.008108
10569    0.009027
10570    0.010778
10611    0.005911
10626    0.009027
10714    0.004848
10717    0.010778
10759    0.011224
10849    0.013997
11023    0.013997
11103    0.003176
11107    0.009392
11146    0.004670
11149    0.012611
11160    0.011893
11161    0.043575
11183    0.005389
11207    0.005020
11213    0.004456
11218    0.002995
11283    0.016763
11285    0.054163
11415    0.005842
11440    0.007066
11531    0.009455
11683    0.002637
11750    0.003749
11753    0.006670
11782    0.003472
11791    0.010414
11809    0.018784
11841    0.004620
11853    0.013997
11854    0.023178
12008    0.014389
12009    0.013997
12093    0.023600
12122    0.010541
12132    0.008719
12199    0.010778
12345    0.003822
12519    0.003341
12548    0.004525
12551    0.003645
12591    0.004157
12610    0.027994
12756    0.010105
12934    0.013997
12940    0.008331
12943    0.010778
12952    0.006722
12987    0.002009
13195    0.026887
13294    0.015630
13351    0.003284
13357    0.005879
13375    0.013997
13434    0.002542
13541    0.006133
13543    0.009027
13553    0.008867
13580    0.003410
13862    0.051977
13863    0.007004
13865    0.012679
13886    0.006985
13906    0.013773
13910    0.003847
13956    0.012611
14065    0.004961
14130    0.005946
14141    0.010105
14169    0.008719
14191    0.011800
14193    0.011224
14194    0.027994
14266    0.011800
14280    0.013997
14442    0.007559
14742    0.005715
14745    0.003210
14824    0.006619
14831    0.011800
14942    0.008108
14994    0.008108
14997    0.025535
15210    0.004975
15225    0.036805
15283    0.009201
15468    0.005529
15538    0.013997
15539    0.010778
15551    0.015196
15659    0.018402
15693    0.011224
15721    0.013997
15918    0.009838
15939    0.006944
15940    0.008452
15952    0.004651
15973    0.011224
15996    0.020210
16003    0.007262
16116    0.004157
16117    0.004997
16205    0.130724
16213    0.034876
16321    0.005159
16436    0.007405
16463    0.025221
16471    0.013997
16472    0.009392
16585    0.006509
16657    0.006255
16705    0.011002
16734    0.005615
16921    0.011175
16952    0.005911
17051    0.004099
17144    0.003156
17160    0.012611
17162    0.013997
17225    0.027994
17302    0.013997
17304    0.008719
17480    0.006340
17484    0.004667
17669    0.003322
17761    0.007262
17892    0.009027
17922    0.004975
18005    0.007134
18098    0.005588
18182    0.004318
18371    0.008108
18476    0.008006
18549    0.007908
18569    0.007641
18619    0.003600
18652    0.010900
18653    0.007129
18690    0.007559
18799    0.007908
18972    0.007129
18988    0.013997
19033    0.022449
19169    0.005618
19261    0.004186
19278    0.002511
19370    0.004456
19564    0.009201
19567    0.008216
19785    0.003859
19844    0.002619
20057    0.009603
20090    0.004749
20113    0.008719
20142    0.012611
20260    0.004759
20288    0.008331
20452    0.004997
20530    0.010105
20544    0.010778
20768    0.003293
20803    0.002778
20946    0.003773
20963    0.008719
21079    0.013997
21111    0.005842
21126    0.015119
21185    0.010414
21195    0.045989
21221    0.013997
21247    0.004058
21327    0.012611
21350    0.013997
