359
5    0.010772
77    0.009216
88    0.010344
115    0.005741
191    0.010841
219    0.003728
246    0.004633
288    0.005362
539    0.005812
604    0.006722
621    0.009425
666    0.005741
677    0.007179
681    0.016735
687    0.010772
1066    0.007333
1245    0.005146
1275    0.006781
1439    0.006722
1443    0.008830
1699    0.004785
1747    0.005849
1759    0.007500
1762    0.003444
1910    0.007179
1919    0.004713
1941    0.004309
2047    0.007631
2084    0.004692
2102    0.003362
2103    0.013433
2114    0.005334
2188    0.014666
2290    0.014829
2326    0.010772
2344    0.016221
2396    0.003621
2468    0.008830
2670    0.009994
2678    0.006664
2703    0.013433
2744    0.003598
2745    0.007979
2847    0.021544
2861    0.006401
2867    0.005481
2992    0.011324
3166    0.009013
3238    0.004928
3326    0.009550
3415    0.022648
3447    0.009698
3672    0.006609
3733    0.005362
3747    0.007500
3942    0.005776
3944    0.008520
3978    0.017019
4080    0.015366
4316    0.018883
4340    0.009994
4354    0.007255
4428    0.009698
4429    0.029332
4522    0.005707
4836    0.009442
4858    0.010344
4910    0.008663
4925    0.010772
4926    0.004883
4927    0.006842
4929    0.039328
5043    0.001977
5082    0.006722
5145    0.010772
5152    0.005511
5212    0.004652
5347    0.007589
5434    0.009994
5495    0.007730
5501    0.002666
5532    0.006724
5548    0.006003
5610    0.007415
5751    0.013433
5763    0.007589
5769    0.007580
6102    0.009013
6117    0.009216
6144    0.009698
6171    0.007255
6248    0.010344
6358    0.006609
6376    0.006905
6410    0.012102
6429    0.005421
6482    0.009994
6535    0.012102
6573    0.022648
6574    0.013433
6908    0.003322
6918    0.005362
6984    0.004004
7070    0.013433
7088    0.006126
7168    0.002673
7194    0.005095
7334    0.011324
7456    0.004537
7524    0.007683
7595    0.004359
7613    0.009013
7619    0.008424
7650    0.005022
7704    0.006664
7782    0.008830
7833    0.006889
8107    0.009215
8116    0.005827
8210    0.011324
8223    0.005924
8270    0.019993
8275    0.005095
8381    0.014829
8476    0.004292
8568    0.005990
8571    0.026866
8574    0.013433
8601    0.018915
8781    0.008270
8783    0.004428
8787    0.016222
8862    0.006664
8907    0.032940
8942    0.008235
9062    0.023344
9137    0.006970
9162    0.012102
9274    0.011324
9361    0.004733
9396    0.018883
9411    0.012751
9503    0.009216
9576    0.010772
9604    0.009698
9736    0.007255
9811    0.006502
9885    0.009994
9910    0.011324
9947    0.003133
10044    0.009698
10074    0.003854
10121    0.015178
10122    0.013433
10140    0.012780
10338    0.003841
10389    0.007333
10434    0.013433
10445    0.005707
10637    0.006214
10659    0.007255
10667    0.010772
10714    0.004652
10783    0.007781
10794    0.016534
10802    0.009994
10827    0.011324
10837    0.006342
10838    0.008663
10863    0.012102
10895    0.008235
11087    0.004692
11095    0.006664
11117    0.003332
11146    0.004482
11183    0.005172
11184    0.006214
11201    0.009537
11207    0.004817
11218    0.002874
11355    0.002611
11440    0.006781
11444    0.004754
11453    0.006305
11478    0.008663
11528    0.013338
11570    0.004196
11576    0.008510
11750    0.003598
11811    0.011324
11844    0.013433
11889    0.005849
12004    0.007995
12005    0.002702
12071    0.004883
12106    0.013433
12110    0.003633
12122    0.023603
12158    0.018883
12202    0.012253
12245    0.003542
12415    0.004135
12464    0.008830
12519    0.003207
12522    0.004411
12613    0.006126
12615    0.018883
12630    0.034039
12735    0.006555
12738    0.009442
12749    0.007589
12759    0.025529
12765    0.004196
12904    0.003520
12907    0.005391
12951    0.007333
12974    0.005095
12983    0.003907
12987    0.003856
12990    0.007589
13014    0.002954
13052    0.011324
13145    0.006305
13175    0.006352
13348    0.005481
13353    0.020791
13434    0.002439
13519    0.009216
13535    0.008111
13580    0.006546
13871    0.038705
13872    0.009442
13873    0.009698
13939    0.003948
13964    0.005741
13968    0.008235
14014    0.006609
14015    0.007589
14047    0.008235
14093    0.005707
14130    0.005707
14131    0.006401
14256    0.009994
14303    0.003867
14340    0.010783
14425    0.006321
14426    0.008367
14654    0.009216
14726    0.006555
14815    0.012139
15111    0.009698
15131    0.008830
15133    0.008830
15302    0.012102
15376    0.007781
15396    0.008830
15410    0.005481
15484    0.005776
15488    0.005172
15507    0.006970
15549    0.010772
15556    0.011553
15807    0.014214
15820    0.004652
15983    0.015753
16176    0.006842
16231    0.009216
16232    0.013433
16246    0.008663
16284    0.014829
16314    0.009442
16355    0.016222
16436    0.007107
16501    0.007896
16543    0.046078
16575    0.005886
16585    0.010151
16649    0.005511
16705    0.003520
16724    0.004672
16729    0.002189
16791    0.006214
16794    0.007683
16852    0.013433
16959    0.012139
17111    0.005673
17116    0.010344
17129    0.012270
17144    0.009086
17155    0.008510
17159    0.010344
17197    0.013433
17320    0.007500
17331    0.004975
17347    0.005574
17349    0.009698
17484    0.004478
17531    0.003828
17613    0.008663
17669    0.003188
17873    0.006609
17880    0.011324
17945    0.018027
18017    0.020165
18043    0.017019
18167    0.006201
18308    0.008510
18331    0.023396
18462    0.006259
18467    0.017327
18613    0.026866
18621    0.012102
18690    0.007255
18695    0.007995
18696    0.007885
18702    0.006970
18725    0.005421
18731    0.007255
18883    0.004120
19047    0.009698
19151    0.023461
19177    0.003854
19223    0.004861
19262    0.004556
19266    0.007788
19278    0.004820
19366    0.005601
19370    0.012828
19383    0.006214
19384    0.010772
19426    0.002638
19543    0.009508
19553    0.009994
19608    0.008510
19734    0.010772
19785    0.014815
19820    0.004537
19831    0.013433
19844    0.005026
19864    0.010772
19995    0.012102
19999    0.009216
20275    0.003292
20339    0.031125
20438    0.020687
20560    0.007589
20691    0.008663
20714    0.004428
20771    0.005741
20803    0.002666
20824    0.010841
20848    0.003487
20872    0.013433
21058    0.003934
21101    0.016735
21111    0.005606
21114    0.007500
21120    0.004309
21247    0.001947
