271
190    0.011253
191    0.007168
219    0.009859
267    0.007783
314    0.007414
370    0.021387
460    0.007207
464    0.010427
568    0.006839
616    0.009805
689    0.008966
690    0.013215
691    0.012485
773    0.007091
777    0.024372
778    0.011677
779    0.013678
781    0.013678
822    0.008813
834    0.010889
852    0.009493
853    0.009130
855    0.016091
859    0.013215
860    0.011253
923    0.009216
979    0.023353
1018    0.012824
1210    0.011065
1326    0.009917
1384    0.010427
1418    0.013215
1430    0.007991
1715    0.010572
1804    0.007937
1862    0.003620
1940    0.006074
2173    0.005294
2334    0.006944
2499    0.009593
2678    0.008813
2684    0.005975
2706    0.009892
2723    0.004962
2784    0.011253
2819    0.005633
2855    0.010889
2861    0.008464
3245    0.009805
3326    0.018941
3641    0.012485
3659    0.008888
3788    0.008045
3842    0.005764
3896    0.012186
3897    0.007885
3903    0.006705
3914    0.013678
4258    0.004930
4260    0.006428
4351    0.064354
4500    0.023655
4571    0.008966
4576    0.008888
4650    0.008400
4762    0.018795
4854    0.012485
5079    0.005810
5096    0.004654
5188    0.014244
5352    0.006487
5485    0.008158
5501    0.003525
5614    0.006100
5626    0.015092
5639    0.011919
5678    0.010572
5856    0.005698
5910    0.011919
5975    0.005448
6105    0.014244
6351    0.010726
6372    0.004228
6399    0.023837
6452    0.009130
6460    0.009047
6596    0.004472
6663    0.008530
6719    0.005975
6891    0.008966
6908    0.004393
7071    0.012485
7077    0.054781
7097    0.006839
7194    0.006738
7343    0.008337
7402    0.010427
7527    0.013678
7562    0.011677
7642    0.007168
7736    0.015661
7802    0.014129
8101    0.007638
8105    0.008101
8116    0.007705
8362    0.030184
8568    0.003960
8581    0.003939
8622    0.005332
8674    0.014494
8749    0.014244
8779    0.011677
8909    0.013678
8918    0.011758
9336    0.033600
9364    0.011901
9366    0.011919
9392    0.008739
9398    0.005570
9510    0.006342
9517    0.004143
9534    0.010726
9933    0.012824
10019    0.013678
10545    0.008217
10723    0.009216
10773    0.006049
10897    0.005184
11103    0.002015
11112    0.004930
11184    0.008217
11282    0.008337
11355    0.006904
11383    0.008337
11528    0.005879
11562    0.016929
11569    0.015136
11683    0.003346
11841    0.002931
11849    0.013215
11928    0.008400
11966    0.022915
11970    0.013678
12086    0.008966
12127    0.017625
12365    0.006641
12406    0.014244
12434    0.009917
12660    0.006399
12674    0.010726
12684    0.003739
12932    0.007638
13050    0.008972
13357    0.002487
13434    0.004839
13466    0.008311
13669    0.012485
13683    0.022505
13788    0.014244
13964    0.007592
14222    0.009917
14339    0.027355
14341    0.008045
14343    0.007329
14406    0.010778
14412    0.021273
14469    0.013678
14579    0.008400
14769    0.008276
15192    0.010036
15216    0.006771
15309    0.018795
15314    0.013215
15343    0.009493
15466    0.006259
15468    0.007016
15497    0.011901
15551    0.006428
15723    0.014244
15801    0.007207
15821    0.007686
15857    0.012485
16101    0.011456
16282    0.012186
16391    0.020071
16437    0.007414
16584    0.013678
16585    0.004130
16907    0.024729
16946    0.025794
17017    0.010290
17019    0.019835
17080    0.009047
17101    0.026190
17103    0.006487
17104    0.010290
17117    0.021704
17144    0.004005
17354    0.012485
17358    0.010290
17368    0.011456
17370    0.013678
17403    0.012824
17519    0.009593
17529    0.006805
17547    0.017933
17588    0.015567
17649    0.013678
17654    0.009493
17677    0.012186
17686    0.012485
17817    0.008276
17818    0.012186
17870    0.005549
17999    0.012186
18158    0.019922
18203    0.005903
18310    0.013215
18396    0.010889
18432    0.011919
18452    0.009398
18689    0.009697
18907    0.014244
18912    0.013678
19232    0.016709
19238    0.012186
19278    0.003187
19288    0.012485
19327    0.004191
19328    0.008813
19366    0.007406
19370    0.005654
19394    0.017196
19397    0.009493
19410    0.003286
19460    0.004120
19467    0.021144
19529    0.048607
19535    0.006457
19581    0.023837
19587    0.011456
19664    0.008813
19785    0.004897
19844    0.004984
20056    0.022912
20233    0.008739
20260    0.001510
20409    0.052005
20462    0.010427
20464    0.015995
20671    0.008667
20678    0.009493
20713    0.004803
20714    0.005856
20827    0.009130
20841    0.004683
20962    0.014244
20969    0.008158
20986    0.010290
20994    0.114576
21003    0.009805
21005    0.005676
21016    0.013476
21019    0.014258
21086    0.008337
21087    0.015500
21134    0.012485
21150    0.002025
21243    0.004028
21247    0.002575
21269    0.009493
