287
190    0.010432
191    0.006645
219    0.009140
267    0.007216
314    0.006873
370    0.019827
460    0.006681
464    0.009666
568    0.006340
616    0.009089
689    0.008312
690    0.012251
691    0.011574
773    0.006574
777    0.022594
778    0.010825
779    0.012680
781    0.012680
822    0.008170
834    0.010095
852    0.008801
853    0.008464
855    0.014917
859    0.012251
860    0.010432
923    0.008544
979    0.021650
1018    0.011888
1210    0.010258
1326    0.009194
1384    0.009666
1418    0.012251
1430    0.007408
1699    0.001955
1715    0.009801
1804    0.007358
1862    0.003356
1940    0.005631
2173    0.004908
2334    0.006437
2499    0.008893
2678    0.008170
2684    0.005539
2706    0.009170
2723    0.004600
2784    0.010432
2806    0.005802
2819    0.005222
2855    0.010095
2861    0.007847
3245    0.009089
3326    0.017560
3641    0.011574
3659    0.008240
3788    0.007459
3842    0.005344
3896    0.011297
3897    0.007310
3903    0.006216
3914    0.012680
4258    0.004570
4260    0.005959
4351    0.059660
4452    0.010095
4500    0.021930
4571    0.008312
4576    0.008240
4650    0.007787
4762    0.017424
4854    0.011574
5079    0.005386
5096    0.004315
5188    0.013205
5352    0.006014
5485    0.007563
5501    0.003268
5614    0.005655
5626    0.013991
5639    0.011049
5678    0.009801
5856    0.005282
5910    0.011049
5975    0.005051
6105    0.013205
6351    0.009943
6372    0.003920
6399    0.022098
6452    0.008464
6460    0.008387
6596    0.004146
6663    0.007908
6705    0.005585
6719    0.005539
6891    0.008312
6908    0.004072
7071    0.011574
7077    0.050786
7097    0.006340
7194    0.006246
7343    0.007729
7402    0.009666
7527    0.012680
7562    0.010825
7632    0.007729
7642    0.006645
7736    0.019359
7802    0.013098
8101    0.007081
8105    0.007510
8116    0.007143
8362    0.027983
8363    0.009539
8568    0.007343
8581    0.003651
8622    0.004943
8674    0.013437
8711    0.017109
8749    0.013205
8779    0.010825
8909    0.012680
8918    0.010901
8991    0.009943
9336    0.062299
9364    0.011033
9366    0.011049
9392    0.008102
9398    0.005164
9510    0.005879
9517    0.003841
9534    0.009943
9933    0.011888
10019    0.012680
10545    0.007617
10723    0.008544
10773    0.005608
10897    0.004806
11103    0.001868
11112    0.004570
11184    0.007617
11282    0.007729
11355    0.006401
11383    0.007729
11528    0.005450
11562    0.015694
11569    0.014032
11622    0.009418
11683    0.003102
11841    0.002718
11849    0.012251
11928    0.007787
11966    0.021244
11970    0.012680
12086    0.008312
12127    0.016340
12365    0.006156
12406    0.013205
12434    0.009194
12660    0.005932
12674    0.009943
12684    0.003466
12928    0.006014
12932    0.007081
12952    0.007908
13050    0.008317
13357    0.002306
13434    0.007476
13466    0.007705
13669    0.011574
13683    0.020864
13788    0.013205
13964    0.007038
14222    0.009194
14339    0.025359
14340    0.006609
14341    0.007459
14342    0.009194
14343    0.006794
14406    0.009992
14412    0.019721
14469    0.012680
14579    0.007787
14769    0.007673
15192    0.009303
15216    0.006277
15309    0.017424
15314    0.012251
15343    0.008801
15466    0.005802
15468    0.006504
15497    0.011033
15551    0.005959
15723    0.013205
15801    0.006681
15821    0.007125
15857    0.011574
16101    0.010620
16282    0.011297
16391    0.018607
16437    0.006873
16584    0.012680
16585    0.005744
16907    0.022925
16937    0.009666
16946    0.023912
17017    0.009539
17019    0.018388
17080    0.008387
17101    0.024279
17103    0.006014
17104    0.009539
17117    0.020121
17144    0.003713
17354    0.011574
17358    0.009539
17368    0.010620
17370    0.012680
17403    0.011888
17519    0.008893
17529    0.006308
17547    0.016625
17588    0.014431
17649    0.012680
17654    0.008801
17677    0.011297
17686    0.011574
17817    0.007673
17818    0.011297
17870    0.005144
17999    0.011297
18158    0.018469
18203    0.005472
18310    0.012251
18396    0.010095
18432    0.011049
18452    0.008712
18689    0.008989
18907    0.013205
18912    0.012680
19084    0.007847
19232    0.015491
19238    0.011297
19278    0.002954
19288    0.011574
19327    0.003886
19328    0.008170
19366    0.006866
19370    0.005242
19394    0.015942
19397    0.008801
19410    0.003046
19467    0.019601
19529    0.045061
19535    0.005986
19581    0.022098
19587    0.010620
19664    0.008170
19773    0.004134
19785    0.004540
19844    0.004621
20056    0.021240
20233    0.008102
20260    0.002800
20409    0.048212
20462    0.009666
20464    0.014828
20671    0.008035
20678    0.008801
20713    0.004453
20714    0.005429
20771    0.007038
20827    0.008464
20841    0.004342
20962    0.013205
20969    0.007563
20986    0.009539
20994    0.120381
21003    0.009089
21005    0.005262
21016    0.012493
21019    0.013218
21086    0.007729
21087    0.014369
21134    0.011574
21150    0.001878
21243    0.003734
21247    0.002387
21269    0.008801
