138
103    0.014330
1097    0.014562
1278    0.019424
1451    0.010347
1455    0.023232
1618    0.034858
1699    0.005161
1941    0.013944
2737    0.029856
3238    0.015948
3396    0.029125
3571    0.016023
3632    0.017835
3647    0.012265
3733    0.017353
3743    0.013001
3825    0.025516
3858    0.019296
3892    0.026248
3894    0.043469
3978    0.027538
4137    0.010591
4301    0.019424
4620    0.022998
4711    0.029822
4724    0.025871
4840    0.031383
4861    0.039164
4899    0.012865
5056    0.024559
5075    0.015128
5481    0.039164
5495    0.008339
5578    0.016489
5614    0.014928
5678    0.025871
5739    0.020557
5805    0.073291
5815    0.036645
6203    0.029167
6756    0.016409
6758    0.009480
7176    0.022140
7228    0.021041
7446    0.026649
7619    0.013630
7902    0.021752
8395    0.019555
8684    0.028035
9004    0.025516
9200    0.011831
9242    0.021211
9388    0.014804
9517    0.010140
9518    0.009249
9980    0.018249
10942    0.058727
11103    0.004931
11117    0.010781
11118    0.018038
11196    0.021041
11218    0.009300
11334    0.013141
11628    0.043469
11799    0.043469
12084    0.017735
12085    0.030238
12166    0.016174
12307    0.039423
12309    0.016098
12551    0.011319
12591    0.012910
12605    0.016736
12765    0.013580
12978    0.018693
12987    0.006239
12995    0.021566
13283    0.023476
13355    0.010111
13610    0.029822
13877    0.054747
14237    0.022344
14263    0.028575
14303    0.012515
14406    0.026377
14439    0.010468
14718    0.030553
14742    0.013311
14745    0.009968
14865    0.016820
14938    0.034858
14952    0.020557
15019    0.018357
15023    0.020875
15695    0.016251
16060    0.016993
16119    0.021752
16504    0.028035
16585    0.002527
16734    0.017438
16772    0.017637
16892    0.021386
17061    0.028035
17643    0.013430
17821    0.015316
18054    0.034858
18173    0.023476
18336    0.024270
18340    0.017735
18763    0.033472
18882    0.028129
18993    0.020557
19042    0.027538
19043    0.012024
19266    0.012601
19327    0.010257
19410    0.016084
19460    0.010082
19464    0.012143
19844    0.008132
19945    0.022998
19997    0.039650
20082    0.018693
20227    0.030553
20464    0.013048
20515    0.034858
20601    0.015055
20627    0.017446
20803    0.008628
20859    0.022344
20916    0.021566
20977    0.025516
21016    0.016489
21191    0.019555
21264    0.035871
21306    0.034162
21307    0.014162
21309    0.039164
