303
190    0.009701
191    0.006180
219    0.008500
267    0.006710
314    0.006392
370    0.018439
455    0.005130
457    0.012427
460    0.006214
464    0.008989
568    0.005896
616    0.008453
689    0.007730
690    0.011393
691    0.010764
773    0.006113
777    0.021012
778    0.010067
779    0.011792
781    0.011792
822    0.007598
834    0.009388
852    0.008185
853    0.007872
855    0.013873
859    0.011393
860    0.009701
923    0.007946
979    0.020134
1018    0.011056
1210    0.009539
1326    0.008550
1384    0.008989
1418    0.011393
1430    0.006889
1689    0.004875
1699    0.001818
1715    0.009114
1804    0.006843
1862    0.003121
1940    0.005237
2023    0.012910
2173    0.004564
2334    0.005986
2499    0.008271
2675    0.006392
2676    0.007800
2678    0.007598
2684    0.005151
2706    0.008528
2723    0.004278
2784    0.009701
2806    0.005396
2819    0.004856
2855    0.009388
2861    0.007297
3245    0.008453
3326    0.016330
3641    0.010764
3659    0.007663
3788    0.006936
3842    0.004970
3896    0.010506
3897    0.006798
3903    0.005781
3914    0.011792
4258    0.004250
4260    0.005542
4351    0.055483
4352    0.013797
4452    0.009388
4500    0.020394
4571    0.007730
4576    0.007663
4650    0.007242
4762    0.016204
4854    0.010764
5079    0.005009
5096    0.004013
5188    0.012281
5352    0.005593
5485    0.007034
5501    0.003039
5614    0.005259
5615    0.006506
5626    0.013012
5639    0.010276
5678    0.009114
5856    0.004912
5910    0.010276
5975    0.004697
6105    0.012281
6351    0.009247
6372    0.003645
6399    0.020551
6452    0.007872
6460    0.007800
6596    0.003856
6663    0.007354
6705    0.005194
6719    0.005151
6891    0.007730
6908    0.003787
7071    0.010764
7077    0.047229
7097    0.005896
7176    0.007800
7194    0.005809
7343    0.007188
7402    0.008989
7527    0.011792
7562    0.010067
7632    0.007188
7642    0.006180
7736    0.022504
7802    0.012181
8101    0.006585
8105    0.006984
8116    0.006643
8362    0.026023
8363    0.008871
8568    0.006829
8581    0.003396
8622    0.004597
8674    0.012496
8711    0.015911
8749    0.012281
8779    0.010067
8909    0.011792
8918    0.010137
8991    0.009247
9336    0.065179
9364    0.010261
9366    0.010276
9392    0.007534
9398    0.004802
9510    0.005468
9517    0.003572
9534    0.009247
9933    0.011056
10019    0.011792
10545    0.007084
10723    0.007946
10773    0.005215
10897    0.004470
11103    0.001737
11112    0.004250
11184    0.007084
11282    0.007188
11355    0.005953
11383    0.007188
11528    0.005069
11562    0.014595
11569    0.017399
11622    0.008759
11683    0.002885
11841    0.002527
11849    0.011393
11928    0.007242
11966    0.019756
11970    0.011792
12086    0.007730
12127    0.015195
12365    0.005725
12406    0.012281
12434    0.008550
12526    0.007730
12660    0.005517
12674    0.009247
12684    0.003223
12928    0.005593
12932    0.006585
12952    0.007354
13050    0.007735
13357    0.002144
13434    0.008343
13466    0.010748
13669    0.010764
13683    0.019403
13788    0.012281
13964    0.006545
14222    0.008550
14339    0.023584
14340    0.006146
14341    0.013873
14342    0.008550
14343    0.006319
14406    0.009292
14412    0.018340
14469    0.011792
14579    0.007242
14769    0.007135
15192    0.008652
15216    0.005838
15309    0.016204
15314    0.011393
15343    0.008185
15466    0.005396
15468    0.006049
15497    0.010261
15551    0.005542
15556    0.006585
15723    0.012281
15801    0.006214
15821    0.006626
15857    0.010764
16101    0.009877
16282    0.010506
16391    0.017304
16437    0.006392
16584    0.011792
16585    0.005341
16653    0.012910
16907    0.021320
16937    0.008989
16946    0.022238
16988    0.007872
17017    0.017742
17019    0.017101
17080    0.015600
17101    0.022579
17103    0.005593
17104    0.008871
17117    0.018712
17144    0.003453
17354    0.010764
17358    0.008871
17368    0.009877
17370    0.011792
17403    0.011056
17519    0.016541
17521    0.008102
17529    0.005867
17547    0.015461
17588    0.013421
17649    0.011792
17654    0.008185
17677    0.010506
17686    0.010764
17817    0.007135
17818    0.010506
17870    0.004784
17999    0.010506
18158    0.017176
18203    0.005089
18310    0.011393
18396    0.009388
18432    0.010276
18452    0.008102
18689    0.008360
18810    0.020551
18907    0.012281
18912    0.011792
19084    0.007297
19232    0.014406
19238    0.010506
19278    0.005495
19288    0.010764
19327    0.003614
19328    0.007598
19366    0.006385
19370    0.009750
19394    0.014825
19397    0.008185
19410    0.002833
19467    0.018229
19529    0.048890
19535    0.005567
19581    0.020551
19587    0.009877
19664    0.007598
19773    0.003844
19785    0.004222
19836    0.007135
19844    0.004297
20056    0.019753
20233    0.007534
20260    0.003905
20409    0.044836
20462    0.008989
20464    0.013790
20671    0.007473
20678    0.008185
20713    0.004141
20714    0.005048
20771    0.006545
20827    0.007872
20841    0.004038
20962    0.012281
20969    0.007034
20986    0.008871
20994    0.118537
21003    0.008453
21005    0.004894
21016    0.011618
21019    0.012293
21086    0.007188
21087    0.013363
21134    0.010764
21150    0.001746
21243    0.003472
21247    0.002220
21269    0.008185
