315
190    0.009179
191    0.005847
219    0.008043
267    0.006349
314    0.006048
370    0.017446
455    0.004854
457    0.011758
460    0.005879
464    0.008505
568    0.005579
604    0.007251
616    0.007998
689    0.007314
690    0.010780
691    0.010184
773    0.005784
777    0.019881
778    0.009525
779    0.011157
781    0.011157
822    0.007189
834    0.008883
852    0.007744
853    0.007448
855    0.013126
859    0.010780
860    0.009179
923    0.007518
979    0.019050
1018    0.010461
1210    0.009026
1326    0.008090
1384    0.008505
1418    0.010780
1430    0.006518
1689    0.004612
1715    0.008624
1804    0.006475
1862    0.002953
1925    0.007314
1940    0.004955
2023    0.012215
2173    0.004319
2334    0.005664
2499    0.007825
2675    0.006048
2676    0.007380
2678    0.007189
2684    0.004874
2706    0.008069
2723    0.004048
2784    0.009179
2806    0.010211
2819    0.004595
2855    0.008883
2861    0.006905
2935    0.011619
3175    0.012215
3245    0.007998
3326    0.015451
3641    0.010184
3659    0.007251
3788    0.006563
3842    0.004702
3896    0.009941
3897    0.006432
3903    0.005470
3914    0.011157
4258    0.004021
4260    0.005243
4351    0.052496
4352    0.013055
4452    0.008883
4500    0.019296
4576    0.007251
4650    0.006852
4762    0.015332
4778    0.007666
4828    0.011157
4854    0.010184
4890    0.009026
5079    0.004739
5096    0.003797
5188    0.011619
5352    0.005292
5485    0.006655
5501    0.005752
5614    0.004976
5615    0.006156
5617    0.011619
5626    0.012311
5639    0.009722
5678    0.008624
5856    0.004648
5910    0.009722
5975    0.004444
6076    0.008749
6105    0.011619
6351    0.008749
6372    0.003449
6399    0.019445
6452    0.007448
6460    0.007380
6596    0.003648
6634    0.013055
6663    0.006958
6705    0.004914
6719    0.004874
6891    0.007314
6908    0.003583
7071    0.010184
7077    0.044687
7097    0.005579
7176    0.007380
7194    0.005496
7343    0.006801
7402    0.008505
7527    0.011157
7562    0.009525
7632    0.013602
7642    0.005847
7736    0.025551
7802    0.013446
7996    0.006156
8101    0.006231
8105    0.006608
8116    0.006285
8362    0.024622
8568    0.006461
8581    0.003213
8622    0.004349
8674    0.011823
8711    0.015055
8749    0.011619
8779    0.009525
8909    0.011157
8918    0.009592
8991    0.008749
9106    0.007314
9143    0.005635
9336    0.061670
9364    0.009708
9366    0.009722
9392    0.007129
9398    0.004543
9510    0.005173
9517    0.003380
9534    0.008749
9798    0.004061
9933    0.010461
10019    0.011157
10545    0.006703
10723    0.007518
10773    0.004935
10897    0.004229
11103    0.001644
11112    0.004021
11118    0.006013
11184    0.006703
11282    0.006801
11355    0.005632
11383    0.006801
11528    0.004796
11562    0.013809
11567    0.006309
11569    0.016463
11622    0.008287
11683    0.002729
11841    0.002391
11849    0.010780
11928    0.006852
11966    0.018693
11970    0.011157
12086    0.007314
12127    0.014377
12365    0.005417
12406    0.011619
12434    0.008090
12526    0.007314
12660    0.005220
12674    0.008749
12684    0.003050
12928    0.005292
12932    0.006231
13050    0.007318
13357    0.002029
13361    0.005945
13434    0.007894
13466    0.010169
13669    0.010184
13683    0.018358
13788    0.011619
13964    0.006193
14222    0.008090
14234    0.009345
14339    0.022314
14341    0.013126
14343    0.005979
14406    0.008792
14412    0.017353
14417    0.011619
14469    0.011157
14579    0.006852
14769    0.013502
14865    0.005607
15192    0.008186
15216    0.005523
15309    0.015332
15314    0.010780
15343    0.007744
15466    0.005105
15468    0.005723
15497    0.009708
15556    0.006231
15723    0.011619
15801    0.005879
15821    0.006270
15857    0.010184
16101    0.009345
16282    0.009941
16391    0.016373
16437    0.006048
16584    0.011157
16585    0.006738
16653    0.012215
16907    0.020172
16937    0.008505
16946    0.021041
16988    0.007448
17017    0.016787
17019    0.016180
17080    0.022140
17101    0.021364
17103    0.005292
17104    0.008394
17117    0.024786
17144    0.003267
17269    0.008624
17354    0.010184
17358    0.008394
17368    0.009345
17370    0.011157
17403    0.010461
17519    0.015651
17521    0.007666
17529    0.005551
17547    0.014628
17588    0.012698
17649    0.022315
17654    0.007744
17677    0.009941
17686    0.010184
17818    0.009941
17870    0.004527
17999    0.009941
18158    0.016251
18179    0.005173
18203    0.004815
18396    0.008883
18432    0.009722
18452    0.007666
18689    0.007910
18810    0.019445
18907    0.011619
18912    0.011157
19232    0.009087
19238    0.009941
19278    0.005199
19288    0.010184
19327    0.003419
19328    0.007189
19366    0.006041
19370    0.009225
19394    0.014027
19397    0.007744
19405    0.013055
19410    0.002681
19467    0.017248
19529    0.046259
19535    0.005267
19581    0.019445
19587    0.009345
19773    0.003637
19785    0.003995
19836    0.006751
19844    0.005421
20056    0.018690
20260    0.003695
20409    0.042422
20462    0.008505
20464    0.013048
20671    0.007070
20678    0.007744
20713    0.003918
20714    0.004777
20771    0.012386
20827    0.007448
20841    0.003820
20868    0.003195
20962    0.011619
20969    0.006655
20986    0.008394
20994    0.118387
21003    0.007998
21005    0.004630
21016    0.010993
21019    0.011631
21086    0.006801
21087    0.012644
21134    0.010184
21150    0.001652
21243    0.003285
21247    0.002101
21269    0.007744
