162
103    0.033929
219    0.009521
863    0.017167
1097    0.011493
1276    0.015985
1456    0.015646
1699    0.004073
1919    0.012035
2084    0.011983
2102    0.008586
2114    0.027245
2172    0.016103
2255    0.030909
2284    0.018150
2344    0.024856
2380    0.015539
2432    0.005924
2819    0.010879
2988    0.019154
3635    0.014318
3672    0.016878
3903    0.012950
4080    0.019621
4099    0.016348
4429    0.037455
4500    0.015229
4571    0.017318
4577    0.015985
4666    0.015130
4701    0.016878
4918    0.021370
4926    0.024943
4929    0.033480
5043    0.020192
5093    0.014155
5110    0.019873
5202    0.011047
5209    0.016878
5347    0.038765
5408    0.017634
5532    0.008586
5567    0.009647
6358    0.016878
6598    0.008851
6811    0.023536
6841    0.019382
6908    0.008484
7192    0.014663
7423    0.042063
7531    0.008906
7595    0.011133
7736    0.010083
7833    0.008797
8019    0.008261
8107    0.015690
8116    0.014881
8222    0.020715
8270    0.051061
8505    0.013769
8534    0.011047
8596    0.009102
8622    0.010297
8822    0.021032
8862    0.034041
8918    0.011355
9009    0.016740
9399    0.022126
9502    0.041759
9510    0.012249
9747    0.013920
9798    0.009615
9811    0.016606
10175    0.013342
10334    0.009979
10471    0.034306
10659    0.018528
10717    0.026417
10759    0.027511
10784    0.019154
11225    0.014318
11344    0.016224
11355    0.006667
11468    0.024071
11570    0.010717
11782    0.017018
12086    0.017318
12122    0.008612
12365    0.012826
12591    0.030567
12749    0.038765
12940    0.020418
12944    0.018335
12950    0.026417
12990    0.038765
12995    0.017020
13295    0.017800
13357    0.004804
13382    0.024113
13434    0.003115
13553    0.021733
13873    0.024768
13886    0.008560
13921    0.016878
13964    0.014663
14014    0.016878
14015    0.019382
14047    0.021032
14049    0.022552
14200    0.014663
14314    0.014488
14425    0.024215
14818    0.022552
14872    0.022126
14997    0.015646
15216    0.013077
15396    0.022552
15545    0.030909
15601    0.025057
15909    0.021032
16001    0.021733
16116    0.010189
16317    0.014663
16396    0.030660
16729    0.033546
16880    0.023563
16950    0.016475
17129    0.010446
17234    0.023019
17531    0.009777
17913    0.016475
18043    0.021733
18340    0.013997
18382    0.013013
18587    0.010522
18696    0.040276
18702    0.017800
18882    0.007400
19106    0.015229
19151    0.035950
19383    0.015869
19410    0.006347
19416    0.011683
19464    0.009584
19652    0.018528
19773    0.017223
19817    0.013411
19830    0.014402
19844    0.006418
19917    0.026417
20260    0.002916
20281    0.012415
20339    0.019873
20674    0.027511
20751    0.048226
20824    0.013844
20841    0.009045
20844    0.007163
20848    0.008906
21115    0.008049
21118    0.013275
21261    0.018528
21264    0.014155
