50
979    0.161425
1346    0.117927
1381    0.084233
1416    0.056392
1655    0.122781
1715    0.073075
2334    0.047997
2396    0.033097
3706    0.063706
4301    0.054865
4351    0.074139
5566    0.086299
7802    0.016277
8769    0.073075
8998    0.122781
9129    0.072073
9336    0.058064
10720    0.098460
11928    0.058064
12127    0.060915
12670    0.082385
13393    0.084233
13466    0.028723
13600    0.122781
14343    0.050660
14412    0.049014
15081    0.043837
15342    0.065621
16899    0.074139
17017    0.071124
17024    0.164769
17080    0.062535
17117    0.030004
17122    0.059431
17407    0.039536
17519    0.066309
17870    0.038357
17893    0.086299
17998    0.103507
18018    0.063706
18347    0.067772
19232    0.077000
19288    0.086299
19467    0.073075
19519    0.122781
19844    0.011485
20409    0.119824
20464    0.036854
20994    0.158396
21005    0.039234
