49
1272    0.051117
3463    0.087189
3473    0.049318
3558    0.104135
3559    0.071290
3924    0.139970
4240    0.028680
4429    0.076409
4831    0.117998
4929    0.068300
5220    0.060191
5556    0.052581
6769    0.071946
6937    0.075593
7088    0.063837
7404    0.117998
7559    0.078149
7753    0.038218
8837    0.065699
9155    0.064746
9388    0.047668
9411    0.026573
9502    0.056793
11103    0.015879
11279    0.051117
12005    0.028150
12522    0.091921
13533    0.070655
13862    0.057753
14015    0.079080
14349    0.101052
14425    0.032933
14604    0.029945
14754    0.055876
14815    0.042163
15147    0.078149
16396    0.062546
16729    0.022812
17025    0.058419
17027    0.046514
17129    0.042620
17797    0.092012
18203    0.046514
18666    0.139970
18695    0.083306
19010    0.070040
19151    0.048893
19844    0.013093
20946    0.037730
