357
77    0.009545
115    0.005947
147    0.004089
161    0.005876
191    0.005615
246    0.004798
288    0.005554
453    0.006682
469    0.004330
539    0.006020
604    0.006962
621    0.004881
664    0.010714
677    0.007436
681    0.008667
682    0.011157
687    0.011157
731    0.008281
786    0.005439
990    0.008973
1052    0.009779
1066    0.007595
1439    0.006962
1440    0.005841
1443    0.027439
1490    0.003739
1503    0.011157
1699    0.001652
1716    0.012536
1747    0.006058
1797    0.011729
1910    0.007436
1921    0.008814
2047    0.003952
2092    0.013470
2102    0.003482
2114    0.016575
2116    0.007958
2120    0.008825
2126    0.009336
2188    0.015191
2224    0.005774
2284    0.007361
2311    0.008060
2344    0.016802
2396    0.003751
2432    0.002403
2565    0.007436
2678    0.006903
2688    0.004860
2696    0.010351
2706    0.003874
2744    0.007453
2978    0.010714
2988    0.007768
3018    0.012536
3246    0.009545
3326    0.014837
3341    0.004463
3483    0.005615
3559    0.007087
3734    0.006302
3743    0.004162
3842    0.004515
3915    0.007680
3916    0.008281
4013    0.012536
4080    0.007958
4084    0.005741
4258    0.003861
4260    0.010070
4316    0.009779
4340    0.010351
4428    0.010045
4429    0.037977
4497    0.007861
4522    0.005911
4534    0.011729
4910    0.017947
4923    0.012536
4926    0.005058
4927    0.007087
4929    0.006789
4981    0.011157
5018    0.008060
5043    0.002047
5082    0.013924
5145    0.011157
5212    0.004819
5495    0.002669
5501    0.002762
5521    0.006020
5532    0.003482
5548    0.006217
5556    0.005227
5763    0.007861
5769    0.011777
5889    0.009545
5976    0.006845
6248    0.010714
6358    0.006845
6376    0.014303
6422    0.011729
6429    0.005615
6486    0.013160
6598    0.003590
6738    0.005615
6891    0.007023
6908    0.003441
7043    0.012536
7060    0.010351
7090    0.014578
7166    0.005708
7180    0.006580
7441    0.006682
7595    0.009030
7607    0.007289
7650    0.005202
7704    0.006903
7709    0.006346
7742    0.013914
7744    0.005554
7833    0.003568
7838    0.012536
7985    0.006845
7987    0.005525
8021    0.005278
8107    0.003182
8116    0.009053
8222    0.008401
8253    0.010714
8270    0.013806
8381    0.007680
8476    0.004446
8500    0.006119
8581    0.003085
8601    0.006531
8907    0.008530
8942    0.008530
8969    0.011729
8984    0.005467
9062    0.008060
9114    0.015028
9193    0.007219
9200    0.003787
9361    0.004902
9364    0.004661
9399    0.008973
9402    0.022543
9411    0.010566
9454    0.004033
9502    0.022582
9517    0.006491
9576    0.011157
9604    0.010045
9669    0.008530
9736    0.007514
9811    0.006735
10044    0.010045
10074    0.003992
10117    0.032142
10140    0.004412
10181    0.008060
10290    0.014456
10389    0.015191
10478    0.006531
10495    0.006483
10519    0.010714
10620    0.010045
10637    0.006436
10659    0.007514
10676    0.007768
10714    0.004819
10774    0.006962
10783    0.008060
10829    0.008167
10837    0.004379
10838    0.008973
10869    0.011157
11093    0.005252
11095    0.006903
11103    0.004735
11183    0.005357
11213    0.004429
11289    0.010504
11334    0.004206
11427    0.009146
11453    0.006531
11570    0.008693
11586    0.011729
11613    0.006020
11750    0.003727
11788    0.007219
11841    0.002296
11889    0.006058
12003    0.007958
12005    0.002798
12006    0.006630
12122    0.010478
12158    0.009779
12162    0.006531
12202    0.006346
12245    0.003668
12273    0.013137
12417    0.012536
12519    0.006643
12522    0.009137
12615    0.019559
12618    0.005841
12630    0.035257
12732    0.013914
12738    0.009779
12749    0.055026
12907    0.005584
12944    0.014872
12950    0.010714
12951    0.007595
12974    0.005278
12990    0.055026
13014    0.003059
13162    0.008281
13294    0.007768
13348    0.005677
13352    0.004206
13353    0.016151
13361    0.005708
13434    0.001263
13466    0.003255
13472    0.006390
13580    0.003390
13617    0.010351
13871    0.033409
13873    0.020090
13884    0.016803
13917    0.009336
13964    0.005947
13968    0.008530
14015    0.015722
14045    0.022315
14065    0.001644
14222    0.007768
14391    0.005876
14425    0.016368
14749    0.004758
14815    0.012574
14952    0.006580
15075    0.012536
15140    0.003811
15375    0.010351
15376    0.008060
15396    0.009146
15497    0.004661
15551    0.005035
15868    0.012536
15907    0.004191
15983    0.005439
16176    0.007087
16237    0.003824
16246    0.008973
16284    0.007680
16313    0.009545
16314    0.009779
16317    0.005947
16318    0.009779
16355    0.008401
16374    0.009146
16396    0.018652
16437    0.005807
16501    0.004089
16543    0.028636
16585    0.006471
16649    0.005708
16726    0.010714
16729    0.002268
16882    0.007958
16941    0.002601
17052    0.006217
17053    0.005615
17059    0.006630
17111    0.017627
17117    0.003400
17129    0.008473
17144    0.003137
17155    0.017628
17297    0.012536
17347    0.011547
17348    0.008973
17366    0.010607
17369    0.011050
17484    0.004639
17492    0.010351
17573    0.011157
17661    0.007436
17735    0.009779
17814    0.009066
17821    0.004902
17870    0.004347
17873    0.006845
17880    0.011729
17889    0.008401
17964    0.007289
17994    0.007861
18017    0.006962
18043    0.026443
18179    0.009935
18186    0.005227
18287    0.011729
18308    0.008814
18331    0.018175
18335    0.008401
18340    0.005677
18695    0.008281
18696    0.016335
18697    0.011157
18702    0.014438
18715    0.008167
18725    0.005615
18841    0.021535
18883    0.004267
19037    0.017222
19043    0.003849
19047    0.010045
19151    0.043741
19225    0.004680
19226    0.003302
19278    0.002496
19366    0.005801
19370    0.004429
19383    0.006436
19386    0.008281
19426    0.005465
19609    0.008973
19766    0.016562
19830    0.005841
19844    0.003904
20088    0.006531
20260    0.001183
20320    0.010351
20339    0.008060
20382    0.007152
20383    0.008060
20448    0.010351
20688    0.006531
20714    0.013760
20803    0.005523
20822    0.007958
20824    0.016844
20841    0.007337
20844    0.002905
20845    0.011353
20868    0.003068
21058    0.004075
21083    0.005807
21101    0.026001
21111    0.005807
21150    0.001586
21247    0.004034
