349
115    0.010440
119    0.010297
147    0.003590
219    0.003390
267    0.005352
281    0.012214
288    0.004876
301    0.008029
314    0.005098
371    0.012214
384    0.009405
431    0.006986
455    0.004092
457    0.014867
464    0.007170
465    0.010297
477    0.008195
590    0.007608
604    0.006112
610    0.009221
616    0.013483
691    0.008585
697    0.011004
773    0.004876
777    0.008379
778    0.008029
780    0.008029
781    0.009405
822    0.006060
834    0.007488
853    0.031390
855    0.011064
858    0.010636
859    0.009087
861    0.012214
924    0.018834
974    0.005865
979    0.016058
1018    0.008818
1097    0.004092
1210    0.007608
1272    0.013381
1345    0.006819
1384    0.007170
1430    0.005495
1648    0.011004
1689    0.003888
1698    0.003314
1715    0.007269
1804    0.005458
1820    0.018174
1839    0.006901
1862    0.004979
1917    0.016758
1919    0.008570
2023    0.010297
2050    0.006819
2096    0.007269
2334    0.019098
2432    0.008437
2447    0.022824
2558    0.006667
2675    0.025488
2676    0.012442
2678    0.006060
2689    0.008029
2744    0.003271
2806    0.004304
2819    0.007747
3238    0.004481
3295    0.010297
3326    0.013024
3341    0.003918
3635    0.010195
3651    0.012214
3659    0.006112
3688    0.005610
3706    0.006337
3788    0.005532
3821    0.007375
3897    0.016265
3901    0.009087
3911    0.004502
4207    0.020225
4258    0.006779
4260    0.008840
4351    0.029500
4461    0.004545
4755    0.010297
4774    0.005733
4777    0.004850
5043    0.001797
5044    0.010504
5055    0.005912
5096    0.003200
5196    0.009087
5252    0.012214
5260    0.004956
5485    0.011219
5501    0.004848
5615    0.005189
5626    0.005189
5646    0.006528
5678    0.007269
5856    0.003918
5975    0.011238
6260    0.012214
6285    0.012214
6401    0.014339
6474    0.009087
6495    0.006901
6633    0.007877
6634    0.011004
6719    0.004108
6908    0.003020
6918    0.004876
6920    0.006060
7054    0.009794
7075    0.006901
7077    0.031390
7097    0.004702
7178    0.005128
7331    0.009087
7465    0.006742
7527    0.009405
7583    0.006528
7632    0.005733
7636    0.005040
7736    0.021538
7740    0.009405
7770    0.012331
7802    0.014572
7822    0.008818
7826    0.009794
7833    0.003132
7996    0.005189
8036    0.015475
8068    0.004876
8078    0.004913
8101    0.005252
8116    0.002649
8134    0.012214
8200    0.004956
8362    0.015566
8363    0.021226
8417    0.004092
8500    0.005371
8568    0.002723
8581    0.010833
8585    0.007608
8622    0.003666
8674    0.014950
8711    0.004230
8769    0.014539
8907    0.007488
8909    0.009405
8918    0.004043
9160    0.005912
9200    0.003324
9210    0.004566
9263    0.008818
9336    0.098191
9364    0.004092
9510    0.008721
9533    0.003801
9787    0.009794
9900    0.008818
9995    0.009794
10108    0.006986
10545    0.005650
10723    0.012674
10773    0.004159
10897    0.003565
10946    0.006819
11103    0.005542
11112    0.003390
11117    0.009088
11141    0.008029
11178    0.004440
11282    0.005733
11355    0.004747
11361    0.011004
11383    0.005733
11386    0.004142
11448    0.008818
11460    0.009405
11479    0.012214
11503    0.002849
11562    0.005820
11566    0.005691
11569    0.017346
11570    0.003816
11622    0.006986
11640    0.010297
11715    0.007608
11856    0.011004
11928    0.005776
11966    0.047270
11968    0.006221
12061    0.008585
12074    0.007737
12086    0.006165
12127    0.006060
12411    0.007269
12526    0.006165
12659    0.004125
12668    0.005252
12670    0.016391
12911    0.003933
12932    0.005252
12974    0.009266
12976    0.008585
13014    0.005371
13050    0.003084
13152    0.007075
13180    0.008195
13331    0.012214
13409    0.017170
13434    0.004436
13466    0.020001
13683    0.023212
13695    0.008585
13886    0.003048
13964    0.005220
14269    0.009794
14339    0.009405
14340    0.004902
14341    0.005532
14342    0.006819
14343    0.005040
14345    0.007608
14406    0.014822
14412    0.009752
14417    0.009794
14469    0.009405
14944    0.004956
14953    0.010297
15081    0.004361
15090    0.010297
15140    0.010037
15190    0.008585
15278    0.008195
15309    0.006462
15325    0.006742
15344    0.004460
15345    0.008585
15466    0.004304
15494    0.008029
15497    0.004092
15556    0.005252
15591    0.005220
15600    0.005532
16117    0.004361
16251    0.011004
16349    0.006901
16391    0.013801
16396    0.010916
16443    0.008585
16501    0.007179
16508    0.007737
16509    0.004212
16585    0.007810
16653    0.010297
16778    0.010297
16899    0.007375
16907    0.006802
16915    0.011004
16952    0.005158
16988    0.018834
17017    0.021226
17019    0.013639
17051    0.007154
17080    0.068429
17101    0.004502
17105    0.003540
17111    0.005158
17117    0.032832
17142    0.012214
17248    0.008379
17269    0.007269
17296    0.008029
17311    0.007488
17357    0.010297
17403    0.008818
17407    0.003933
17484    0.004072
17500    0.015754
17519    0.013192
17521    0.006462
17547    0.006165
17588    0.016056
17999    0.008379
18020    0.007170
18035    0.009405
18158    0.004566
18239    0.012214
18469    0.009087
18614    0.006819
18715    0.007170
18793    0.007375
18810    0.008195
18898    0.004633
19084    0.005820
19112    0.006596
19173    0.011640
19232    0.003830
19278    0.004382
19313    0.008818
19327    0.005764
19370    0.007776
19394    0.005912
19405    0.011004
19410    0.002260
19444    0.005820
19467    0.007269
19529    0.027852
19587    0.015754
19772    0.004159
19817    0.004775
19844    0.006855
19863    0.008585
20260    0.004153
20275    0.002994
20409    0.065558
20464    0.010998
20564    0.012214
20609    0.008029
20678    0.006528
20714    0.004026
20740    0.009794
20776    0.005650
20841    0.003220
20894    0.003368
20955    0.009087
20994    0.021009
21003    0.006742
21005    0.007806
21016    0.004633
21019    0.004902
21087    0.017763
21111    0.005098
21134    0.008585
21150    0.002785
21152    0.005458
21191    0.005495
21243    0.002769
21247    0.001771
21266    0.003303
21269    0.006528
