152
86    0.036238
103    0.013260
731    0.023938
1052    0.056541
1097    0.013474
1326    0.022457
1681    0.016502
1794    0.030972
1941    0.025804
2114    0.015971
2344    0.029142
4429    0.043913
4450    0.010912
4571    0.020303
4650    0.019021
4871    0.016787
4910    0.025940
4929    0.039253
4981    0.032254
5043    0.005918
5171    0.023299
5212    0.013930
5495    0.007716
5523    0.016056
5532    0.010066
5988    0.016320
6046    0.023004
6358    0.019788
6598    0.010377
6808    0.019955
7060    0.029924
7090    0.021071
7168    0.008004
7194    0.030514
7199    0.012427
7833    0.010313
8269    0.018218
8270    0.059865
8381    0.022201
8417    0.013474
8446    0.010912
8476    0.012853
8534    0.012952
8581    0.008918
8594    0.015485
8848    0.023299
8918    0.013313
8942    0.024658
9062    0.023299
9242    0.019626
9411    0.015272
9502    0.016320
9510    0.014360
10074    0.011541
10105    0.011463
10140    0.012755
10295    0.023938
10637    0.018605
10676    0.022457
10714    0.013930
10846    0.013474
11095    0.019955
11103    0.004563
11146    0.013420
11445    0.016320
11468    0.014110
11531    0.013585
11750    0.010773
11810    0.021722
12122    0.020193
12202    0.018344
12365    0.015037
12519    0.009601
12630    0.025480
12749    0.022724
12936    0.026988
12944    0.021497
12990    0.022724
12999    0.006621
13097    0.033907
13871    0.019316
13964    0.017191
14012    0.015805
14015    0.022724
14093    0.017087
14200    0.017191
14224    0.020869
14289    0.036238
14425    0.009464
14812    0.040221
14815    0.012116
14959    0.026440
14996    0.022457
15210    0.014297
15376    0.023299
15381    0.040221
15497    0.013474
15551    0.014555
15554    0.023610
15810    0.080443
15831    0.025480
16284    0.022201
16317    0.034381
16355    0.024287
16396    0.017973
17117    0.009829
17129    0.012247
17144    0.009069
17345    0.018094
17347    0.016691
17492    0.029924
17529    0.015408
17530    0.026440
17536    0.036238
17810    0.024287
17913    0.019316
18043    0.025480
18140    0.028271
18167    0.006189
18179    0.014360
18229    0.033907
18331    0.017513
18340    0.016410
18696    0.070830
18841    0.031127
18878    0.026988
18882    0.008676
18898    0.015257
19151    0.056198
19169    0.016143
19366    0.005590
19410    0.007441
19448    0.024287
19464    0.011236
19685    0.014966
19830    0.016885
19844    0.003762
20147    0.036238
20275    0.009858
20535    0.020674
20714    0.013260
20771    0.017191
20803    0.015966
20868    0.008869
20956    0.015971
21063    0.022724
21101    0.025054
21141    0.021071
21150    0.004586
21152    0.035946
21247    0.011662
21266    0.010877
