65
103    0.063210
616    0.052918
691    0.067384
780    0.063022
855    0.043423
858    0.041743
924    0.098557
979    0.063022
1715    0.057059
1873    0.050722
1919    0.033633
2096    0.057059
2328    0.069214
2396    0.025843
2675    0.040013
2806    0.067559
3726    0.033488
3903    0.036189
4207    0.052918
4301    0.042840
4351    0.057889
4777    0.038069
5044    0.041226
5975    0.029404
7139    0.071325
7168    0.019078
7181    0.063975
7704    0.047564
7736    0.028176
7802    0.012709
7964    0.048394
8622    0.028776
9129    0.056276
9336    0.045337
10445    0.040728
10491    0.040728
10723    0.049743
10776    0.063022
10892    0.021435
11017    0.076880
11178    0.034852
11503    0.022363
11928    0.045337
12411    0.057059
13466    0.022428
14340    0.076955
16945    0.147835
17017    0.055535
17080    0.048829
17117    0.046856
17311    0.058773
17347    0.039783
17403    0.069214
17999    0.065771
18018    0.049743
18319    0.032117
18476    0.054833
19084    0.045684
19226    0.022753
19464    0.026782
20409    0.046781
20894    0.026433
20994    0.041226
21005    0.030635
21269    0.051239
