334
77    0.009879
86    0.012974
115    0.006155
191    0.005811
246    0.004966
469    0.004482
621    0.005052
662    0.012974
666    0.006155
732    0.014400
786    0.005629
793    0.024279
1052    0.010122
1184    0.004262
1443    0.028399
1456    0.006568
1458    0.006568
1681    0.005908
1691    0.004584
1699    0.003420
1747    0.006270
1759    0.008040
1762    0.003692
1862    0.002935
1873    0.007619
1918    0.006045
1984    0.023096
2102    0.003604
2110    0.011089
2188    0.031444
2236    0.008236
2284    0.007619
2287    0.006915
2290    0.007949
2297    0.006192
2326    0.011548
2344    0.013911
2675    0.006010
3245    0.007949
3412    0.012974
3448    0.010122
3451    0.005462
3533    0.011089
3567    0.003388
3647    0.004063
3671    0.007777
3672    0.014169
3734    0.006522
3747    0.008040
3912    0.006970
3916    0.008571
3944    0.009133
4026    0.006661
4071    0.009123
4080    0.008236
4099    0.006862
4132    0.008453
4316    0.020243
4416    0.009879
4428    0.010396
4429    0.047166
4450    0.003907
4522    0.006118
4571    0.007269
4650    0.006810
4678    0.005811
4737    0.007861
4910    0.009287
4913    0.010713
4929    0.007027
5043    0.002119
5082    0.007206
5347    0.008136
5487    0.006155
5501    0.002858
5521    0.012462
5548    0.006435
5645    0.012974
5763    0.008136
5820    0.006478
5879    0.005572
5886    0.012974
6334    0.007144
6358    0.007085
6372    0.003428
6376    0.007402
6422    0.012140
6495    0.008136
6501    0.008342
6598    0.003715
6738    0.005811
6743    0.008236
6811    0.009879
6920    0.007144
6940    0.007269
7087    0.017825
7088    0.006568
7089    0.012974
7090    0.007544
7334    0.012140
7423    0.017656
7456    0.004864
7619    0.004515
7802    0.001909
7833    0.011077
7984    0.012140
8019    0.003468
8021    0.005462
8107    0.003293
8116    0.003123
8131    0.006231
8211    0.008695
8222    0.008695
8270    0.021433
8381    0.015897
8417    0.004824
8476    0.004602
8500    0.003167
8536    0.006392
8568    0.003211
8594    0.011088
8601    0.006759
8688    0.007472
8781    0.004433
8839    0.012140
8907    0.008828
8942    0.017656
8973    0.009287
9062    0.025025
9209    0.003284
9210    0.005384
9279    0.011548
9402    0.007777
9411    0.016403
9517    0.006718
9947    0.003359
10044    0.010396
10105    0.004104
10108    0.008236
10116    0.014169
10117    0.011089
10140    0.004567
10222    0.008571
10290    0.009974
10333    0.006270
10338    0.004118
10389    0.023583
10478    0.006759
10495    0.006710
10637    0.006661
10659    0.007777
10676    0.008040
10783    0.008342
10829    0.008453
10832    0.010713
10837    0.004532
10840    0.004904
10869    0.011548
10897    0.004203
11095    0.007144
11103    0.004901
11117    0.007143
11146    0.004805
11334    0.013060
11344    0.006810
11355    0.002799
11444    0.005096
11445    0.011686
11453    0.006759
11468    0.005052
11750    0.003857
11811    0.012140
11880    0.011548
12003    0.008236
12086    0.007269
12122    0.021688
12202    0.006568
12273    0.004532
12365    0.005384
12464    0.009466
12519    0.003438
12522    0.009457
12591    0.004277
12615    0.020243
12630    0.045613
12684    0.003031
12735    0.014053
12749    0.032543
12751    0.025948
12759    0.009123
12785    0.009287
12864    0.004482
12865    0.008236
12941    0.008342
12950    0.011089
12983    0.004189
12990    0.024407
12999    0.002371
13014    0.003167
13097    0.012140
13162    0.008571
13185    0.008453
13352    0.017413
13353    0.005572
13357    0.004033
13434    0.002615
13647    0.003821
13871    0.027662
13872    0.010122
13886    0.003593
13917    0.009662
13921    0.007085
13964    0.006155
14015    0.008136
14045    0.011548
14065    0.001701
14238    0.011089
14289    0.012974
14339    0.005544
14425    0.016941
14629    0.008342
14811    0.007334
14815    0.013013
14917    0.007085
15063    0.008236
15110    0.009123
15127    0.008828
15376    0.008342
15497    0.004824
15503    0.005749
15549    0.011548
15551    0.005211
15554    0.008453
15555    0.004966
15736    0.012140
15764    0.006710
15807    0.015237
15909    0.008828
15983    0.005629
16034    0.005384
16176    0.007334
16284    0.015897
16298    0.012974
16317    0.018464
16355    0.017391
16436    0.007619
16501    0.004232
16543    0.009879
16585    0.013394
16712    0.014400
16724    0.005009
16726    0.011089
16880    0.004945
16941    0.002692
16944    0.007763
17052    0.025739
17059    0.006862
17111    0.006081
17129    0.017539
17144    0.003247
17155    0.009123
17349    0.010396
17484    0.002400
17613    0.009287
17669    0.003418
17829    0.014412
17913    0.006915
18017    0.007206
18041    0.008695
18043    0.027368
18106    0.008571
18167    0.004432
18179    0.005141
18180    0.007777
18282    0.002233
18331    0.012540
18333    0.009123
18404    0.012974
18445    0.014400
18537    0.010122
18619    0.003704
18695    0.017141
18697    0.011548
18726    0.005489
18841    0.033433
18883    0.004417
18898    0.005462
19020    0.010713
19043    0.007967
19106    0.006392
19151    0.060361
19212    0.005875
19225    0.004844
19266    0.008349
19278    0.010333
19366    0.002001
19386    0.008571
19416    0.004904
19426    0.002828
19437    0.006710
19558    0.010122
19649    0.008236
19652    0.007777
19707    0.004710
19773    0.003615
19785    0.007941
19790    0.031189
19844    0.002694
20017    0.010713
20088    0.006759
20260    0.002448
20382    0.007402
20438    0.011089
20460    0.010237
20688    0.006759
20691    0.009287
20714    0.004747
20778    0.006759
20822    0.016472
20824    0.011622
20841    0.003797
20848    0.007476
20923    0.009287
20924    0.007949
20927    0.003488
21057    0.004884
21101    0.017940
21115    0.006757
21118    0.005572
21126    0.007777
21150    0.003284
21191    0.006478
21247    0.010438
21266    0.003894
