432
348    0.004867
455    0.003473
552    0.003914
590    0.006458
835    0.007485
1099    0.003653
1101    0.009341
1243    0.012712
1250    0.005281
1477    0.003735
1508    0.008741
1597    0.014226
1612    0.007714
1677    0.008460
1686    0.005101
1689    0.003300
1690    0.004941
1699    0.006156
1700    0.008741
1730    0.007984
1919    0.003637
2093    0.003101
2107    0.006957
2173    0.003090
2289    0.009341
2345    0.004903
2440    0.005432
2571    0.007984
2684    0.003488
2710    0.007679
2725    0.008741
2737    0.014242
2738    0.009341
3059    0.010368
3192    0.006171
3238    0.003804
3297    0.003952
3396    0.006947
3431    0.007714
3460    0.006261
3461    0.008741
3508    0.008741
3583    0.002274
3593    0.002985
3618    0.007182
3632    0.004254
3816    0.008741
3842    0.003365
3858    0.004603
3881    0.004431
3890    0.006687
3903    0.003914
3926    0.007485
3944    0.003288
4004    0.009341
4023    0.002587
4055    0.005234
4072    0.006458
4137    0.002526
4319    0.025720
4450    0.002813
4463    0.004431
4467    0.004161
4539    0.009341
4620    0.005485
4678    0.004184
4697    0.003804
4713    0.010368
4724    0.006171
4743    0.005059
4801    0.013914
4811    0.004486
4816    0.009341
4870    0.003203
4899    0.006137
4949    0.004431
5043    0.009154
5047    0.004831
5079    0.003391
5224    0.008741
5417    0.007113
5480    0.004796
5483    0.007714
5501    0.002058
5523    0.004139
5563    0.004161
5614    0.003561
5628    0.002965
5692    0.009341
5719    0.002945
5844    0.006458
5856    0.003326
5879    0.004012
5992    0.007288
6178    0.008314
6412    0.009341
6421    0.006006
6433    0.009341
6588    0.006171
6598    0.002675
6632    0.005188
6673    0.006687
6756    0.003914
6758    0.004522
6761    0.008520
6841    0.005858
6908    0.002564
6938    0.007288
7053    0.004796
7097    0.003992
7109    0.013914
7141    0.013899
7168    0.006190
7173    0.004254
7181    0.003459
7228    0.005019
7351    0.003576
7423    0.006356
7441    0.004979
7456    0.007004
7460    0.004514
7524    0.002965
7618    0.006356
7619    0.016255
7623    0.005930
7624    0.009341
7748    0.004831
7779    0.004139
7802    0.001374
7902    0.005188
7909    0.015303
7948    0.004762
8040    0.007879
8051    0.010368
8078    0.002085
8181    0.003391
8218    0.010075
8279    0.008741
8307    0.007714
8323    0.003735
8407    0.008972
8442    0.003933
8446    0.002813
8476    0.003313
8500    0.002280
8533    0.003432
8547    0.009341
8568    0.004623
8569    0.006568
8622    0.003112
8630    0.012470
8684    0.006687
8718    0.017481
8827    0.007714
8899    0.005188
8924    0.009341
8991    0.006261
9002    0.004796
9007    0.008741
9009    0.015178
9082    0.008314
9153    0.003822
9209    0.002364
9256    0.003718
9434    0.007984
9510    0.003702
9736    0.005599
9737    0.009341
9768    0.005541
9873    0.003227
9919    0.011860
9944    0.004696
9979    0.005485
9991    0.004903
10074    0.002975
10162    0.006458
10181    0.012012
10185    0.009341
10247    0.013899
10252    0.005789
10254    0.009341
10261    0.002595
10285    0.007288
10290    0.007182
10442    0.005930
10445    0.004405
10610    0.005059
10773    0.007062
10774    0.005188
10932    0.009328
10942    0.052528
10943    0.004941
10948    0.008314
11089    0.005234
11090    0.005281
11103    0.002352
11146    0.006919
11160    0.004405
11180    0.004649
11181    0.005736
11182    0.005144
11218    0.002218
11225    0.008655
11238    0.013631
11239    0.012172
11279    0.007573
11289    0.003914
11342    0.005789
11355    0.004030
11471    0.018683
11503    0.004837
11519    0.004207
11540    0.005858
11683    0.003906
11729    0.003404
11735    0.006171
11747    0.003858
11753    0.009881
11804    0.007485
11841    0.001711
11897    0.027263
11898    0.006957
12005    0.004170
12084    0.012691
12085    0.003606
12110    0.005608
12122    0.005205
12148    0.009341
12166    0.003858
12275    0.009341
12283    0.004083
12307    0.056419
12309    0.026878
12345    0.014155
12346    0.006171
12347    0.008741
12374    0.007113
12448    0.009341
12480    0.005858
12519    0.007425
12540    0.007485
12542    0.017169
12591    0.003079
12605    0.003992
12660    0.003735
12668    0.004459
12765    0.009717
12853    0.003300
12864    0.003227
12916    0.006356
12940    0.006171
12941    0.006006
12974    0.003933
12975    0.006356
12983    0.003016
12987    0.013394
12995    0.005144
13014    0.002280
13050    0.005237
13066    0.009341
13068    0.009341
13151    0.011199
13167    0.004796
13177    0.005660
13192    0.009341
13320    0.003992
13348    0.004230
13354    0.006171
13434    0.002824
13451    0.004603
13488    0.005858
13501    0.013172
13529    0.004378
13535    0.006261
13794    0.005723
13835    0.018683
13847    0.009341
13855    0.008741
13860    0.009341
13861    0.009341
13877    0.030469
13899    0.016645
13910    0.017096
13926    0.005599
13927    0.008314
13997    0.021339
14065    0.001225
14066    0.006006
14130    0.004405
14316    0.003391
14439    0.009987
14440    0.006687
14445    0.004431
14485    0.003822
14490    0.004941
14539    0.004603
14607    0.003516
14741    0.003702
14742    0.003175
14745    0.004755
14747    0.009341
14754    0.004139
14863    0.004941
14865    0.004012
14944    0.008414
14965    0.008314
15063    0.002965
15080    0.004903
15183    0.009341
15210    0.003685
15551    0.003752
15570    0.005541
15778    0.003876
15780    0.007714
15808    0.007288
15818    0.003157
15822    0.009238
15895    0.005660
15912    0.002675
15919    0.012521
15927    0.004327
15989    0.008917
16034    0.003876
16043    0.008741
16060    0.004053
16117    0.003702
16165    0.006458
16167    0.016295
16170    0.006957
16485    0.006729
16501    0.006094
16527    0.006947
16585    0.009041
16657    0.004633
16705    0.021733
16716    0.009341
16734    0.002080
16766    0.008065
16772    0.004207
16892    0.005101
17066    0.004664
17067    0.004278
17074    0.011629
17075    0.008065
17079    0.005101
17309    0.009341
17366    0.003952
17374    0.005188
17643    0.003203
17669    0.002461
17757    0.010202
17758    0.006816
17816    0.007288
17821    0.010960
17830    0.003637
17922    0.003685
17949    0.008972
17963    0.005380
18005    0.002642
18068    0.005930
18098    0.004139
18138    0.004302
18151    0.009341
18167    0.001595
18175    0.007288
18182    0.001599
18265    0.008741
18302    0.008741
18421    0.008741
18435    0.003669
18478    0.009341
18536    0.006816
18653    0.015842
18668    0.009328
18763    0.007984
18785    0.013631
18786    0.007984
18807    0.005380
18901    0.004796
18962    0.004867
19043    0.002868
19087    0.006687
19261    0.003101
19271    0.003840
19301    0.009341
19358    0.034962
19366    0.001441
19535    0.003769
19664    0.005144
19707    0.006782
19772    0.003531
19773    0.002603
19844    0.002909
19933    0.006458
20030    0.007485
20090    0.003518
20095    0.005723
20116    0.005599
20280    0.009341
20431    0.009341
20464    0.003112
20584    0.008314
20601    0.003591
20620    0.003090
20686    0.005858
20691    0.006687
20713    0.002804
20714    0.003418
20716    0.004095
20718    0.008314
20803    0.002058
20844    0.002165
20847    0.006957
20860    0.006261
20901    0.003215
20964    0.015842
20983    0.016195
21005    0.003313
21026    0.006687
21065    0.004486
21087    0.006032
21115    0.002432
21122    0.003404
21129    0.002338
21150    0.004729
21152    0.004633
21161    0.020736
21243    0.002351
21302    0.009341
21306    0.020370
21307    0.010133
21308    0.032841
