203
147    0.007346
184    0.019247
206    0.019247
246    0.008620
288    0.009978
664    0.019247
682    0.020044
687    0.020044
735    0.017147
1388    0.022519
1439    0.012507
1455    0.013359
1490    0.006716
1680    0.021110
1713    0.021071
1762    0.006409
1794    0.038493
1798    0.022519
1863    0.013955
1924    0.014296
1941    0.008018
2114    0.009925
2173    0.007449
2344    0.006037
2512    0.018596
2684    0.008408
2806    0.008807
2988    0.013955
3245    0.013796
3268    0.015323
3315    0.011820
3318    0.014479
3326    0.008884
3328    0.018596
3522    0.020044
3804    0.020044
3862    0.010618
3917    0.032240
4071    0.015834
4195    0.006738
4260    0.009045
4416    0.017147
4421    0.022519
4429    0.013644
5043    0.003678
5523    0.009978
5548    0.011169
5563    0.020063
5567    0.007029
5966    0.017147
6050    0.008512
6217    0.021071
6358    0.012297
6466    0.018045
6734    0.020744
6908    0.006181
7060    0.018596
7158    0.024995
7173    0.010255
7181    0.016679
7225    0.024995
7520    0.020044
7595    0.008111
7704    0.012401
7833    0.012818
7853    0.015569
8107    0.005716
8116    0.005421
8135    0.018596
8269    0.011321
8270    0.062003
8536    0.011095
8783    0.008240
9209    0.005699
9399    0.032240
9402    0.013499
9502    0.010142
9517    0.005830
9581    0.024995
9804    0.019247
9873    0.015559
9979    0.013224
9980    0.010493
10074    0.007172
10116    0.012297
10117    0.019247
10179    0.014296
10246    0.016771
10290    0.034626
10291    0.015093
10295    0.029752
10445    0.010618
10478    0.011732
10589    0.009300
10659    0.013499
10783    0.014479
10837    0.003933
10869    0.040087
10870    0.049989
10871    0.024995
10892    0.011177
11095    0.012401
11196    0.012099
11279    0.009128
11282    0.011732
11334    0.007556
11355    0.004858
11439    0.010198
11567    0.010883
11683    0.004708
11750    0.020084
11824    0.015323
12004    0.014876
12005    0.005027
12064    0.019850
12065    0.022519
12122    0.006274
12127    0.012401
12245    0.013180
12365    0.028034
12519    0.005967
12749    0.042364
12855    0.005781
12907    0.010032
12941    0.014479
12942    0.015569
12944    0.013359
12945    0.120262
12974    0.009481
12983    0.007270
12990    0.042364
12999    0.024687
13004    0.020044
13332    0.024995
13353    0.009672
13647    0.006632
13787    0.015093
13871    0.012003
13886    0.031183
13964    0.010683
14065    0.002953
14139    0.016771
14163    0.017568
14200    0.010683
14339    0.009623
14391    0.021110
14425    0.011762
14523    0.010032
14613    0.024995
14815    0.015058
14918    0.021071
15210    0.026653
15285    0.024995
15335    0.014876
15396    0.016431
15820    0.008656
15939    0.012401
15959    0.021071
16237    0.006869
16314    0.017568
16371    0.010432
16396    0.011169
16585    0.014530
16692    0.012969
17117    0.006108
17129    0.007611
17492    0.148764
17529    0.009575
17634    0.024995
17669    0.005932
18005    0.006370
18043    0.015834
18082    0.010683
18105    0.013094
18140    0.017568
18179    0.017848
18186    0.037558
18340    0.030593
18579    0.013644
18695    0.014876
18841    0.009672
18987    0.009345
19043    0.006914
19151    0.026192
19226    0.005932
19278    0.004484
19367    0.024995
19370    0.007957
19412    0.028243
19426    0.009818
19460    0.005797
19785    0.006891
19844    0.002338
19984    0.022519
20217    0.022519
20339    0.014479
20688    0.011732
20714    0.008240
20782    0.027289
20841    0.006590
20988    0.024995
21101    0.015569
21150    0.005700
