312
147    0.004685
219    0.004424
295    0.014363
314    0.006654
370    0.006398
384    0.012276
457    0.012937
460    0.006468
464    0.009358
610    0.012036
616    0.008800
691    0.011205
697    0.014363
773    0.006364
778    0.010480
779    0.012276
780    0.010480
822    0.007909
853    0.016389
855    0.014441
858    0.013883
924    0.016389
979    0.020960
1097    0.005341
1173    0.008272
1235    0.015942
1240    0.005056
1346    0.007656
1430    0.007172
1647    0.015942
1715    0.009488
1804    0.007124
1862    0.003249
1917    0.010937
1956    0.011205
2050    0.008901
2096    0.009488
2170    0.008272
2254    0.012784
2333    0.009235
2334    0.012464
2432    0.002753
2447    0.009930
2448    0.015942
2499    0.025829
2527    0.015942
2567    0.009235
2675    0.013307
2688    0.005569
2806    0.016851
2909    0.014966
2934    0.009358
3114    0.015942
3223    0.014363
3238    0.011698
3583    0.003496
3635    0.006654
3706    0.008272
3821    0.009626
3842    0.005173
3897    0.007077
3903    0.006018
3943    0.007077
4027    0.012784
4207    0.035198
4271    0.016869
4340    0.011860
4351    0.009626
4572    0.011860
4980    0.018014
5044    0.006855
5055    0.007717
5096    0.004177
5251    0.012784
5260    0.012937
5501    0.006328
5614    0.010949
5626    0.006773
5639    0.010697
5646    0.008520
5652    0.013439
5815    0.013439
5910    0.010697
6076    0.009626
6325    0.014363
6344    0.011205
6365    0.005255
6401    0.009358
6429    0.006433
6452    0.008194
6460    0.008120
6525    0.015942
6623    0.014363
6633    0.010282
6790    0.008520
6905    0.015942
6908    0.003942
6918    0.006364
7077    0.008194
7079    0.014363
7097    0.012275
7168    0.006345
7261    0.009930
7325    0.007077
7355    0.009626
7632    0.007483
7698    0.012276
7736    0.009371
7769    0.018976
7802    0.004227
7833    0.004088
7996    0.013545
8021    0.006047
8036    0.020198
8105    0.007271
8167    0.009626
8205    0.011205
8218    0.003873
8222    0.009626
8223    0.007031
8362    0.006773
8400    0.015942
8417    0.010681
8596    0.004230
8674    0.006504
8711    0.005521
8737    0.009235
8769    0.018976
8779    0.020960
8822    0.009773
8888    0.015942
8984    0.006264
9118    0.005036
9143    0.006200
9218    0.010937
9336    0.120624
9364    0.010681
9517    0.003719
9798    0.004468
9944    0.007221
10508    0.008901
10723    0.008272
10860    0.013439
10892    0.003564
11053    0.012276
11103    0.003617
11117    0.003954
11141    0.010480
11183    0.006138
11201    0.003773
11355    0.006197
11386    0.005407
11434    0.008762
11460    0.036827
11486    0.014363
11530    0.007656
11531    0.005384
11562    0.007597
11565    0.011509
11566    0.007428
11567    0.006941
11569    0.009056
11570    0.004980
11640    0.013439
11683    0.006006
11928    0.007539
11966    0.047988
12098    0.008351
12127    0.007909
12365    0.005960
12548    0.005153
12618    0.006693
12670    0.010697
12876    0.008520
12974    0.024189
12983    0.004637
13050    0.004026
13125    0.007322
13434    0.001448
13466    0.011188
13616    0.015942
13683    0.010099
13695    0.011205
13939    0.004685
13946    0.010480
13960    0.015942
14128    0.014363
14303    0.004590
14339    0.006138
14340    0.006398
14343    0.006578
14406    0.029020
14412    0.006364
14417    0.025568
14769    0.007428
14900    0.010480
15081    0.005692
15141    0.015942
15147    0.008901
15282    0.009773
15309    0.008434
15331    0.014363
15342    0.008520
15343    0.008520
15466    0.005617
15468    0.006297
15497    0.005341
15779    0.007779
15836    0.010697
15944    0.007428
16101    0.010282
16106    0.014363
16176    0.008120
16282    0.010937
16308    0.012276
16349    0.009007
16391    0.018014
16432    0.006169
16585    0.006487
16713    0.007597
16732    0.003966
16828    0.011509
16899    0.009626
16907    0.008878
16946    0.015433
17017    0.018470
17019    0.017802
17024    0.010697
17080    0.008120
17081    0.013439
17111    0.013465
17117    0.007792
17122    0.007717
17144    0.003594
17210    0.009118
17296    0.010480
17311    0.009773
17313    0.007221
17347    0.006615
17351    0.008901
17409    0.013439
17484    0.007972
17496    0.007843
17500    0.010282
17519    0.008610
17521    0.008434
17547    0.008047
17548    0.013439
17588    0.006986
17595    0.015942
17668    0.012784
17685    0.018716
17763    0.014363
17814    0.005194
17817    0.014856
18083    0.013439
18105    0.008351
18203    0.005298
18256    0.007909
18317    0.006398
18432    0.010697
18689    0.008703
18692    0.011205
18824    0.011509
18888    0.005341
19046    0.006138
19084    0.007597
19226    0.003784
19232    0.014997
19278    0.005720
19313    0.011509
19323    0.015942
19327    0.007523
19366    0.006647
19370    0.005075
19397    0.008520
19410    0.002949
19416    0.010858
19426    0.003131
19467    0.009488
19500    0.015942
19529    0.007271
19741    0.007483
19840    0.012784
19844    0.007456
19925    0.011860
20047    0.013439
20056    0.010282
20233    0.007843
20260    0.002710
20409    0.023337
20464    0.014355
20673    0.007031
20771    0.013627
20776    0.007374
20811    0.009118
20829    0.011860
20841    0.012610
20855    0.009930
20894    0.004395
20910    0.007077
20913    0.015942
20921    0.015942
20990    0.011860
20994    0.102831
21005    0.010188
21016    0.012094
21087    0.013911
21114    0.008901
21269    0.008520
21292    0.009118
21295    0.014363
