374
77    0.008761
115    0.005458
147    0.007507
161    0.005393
191    0.005154
246    0.004404
314    0.005330
453    0.006133
469    0.007950
539    0.005526
604    0.006391
621    0.004480
664    0.009834
677    0.006826
681    0.007955
682    0.010241
687    0.010241
731    0.007601
786    0.004992
1052    0.008976
1066    0.006972
1177    0.010766
1423    0.005330
1439    0.006391
1443    0.025186
1490    0.003432
1503    0.010241
1699    0.001516
1716    0.011506
1747    0.005561
1759    0.007130
1797    0.010766
1864    0.007304
1921    0.008090
2047    0.007255
2102    0.003196
2114    0.010142
2116    0.007304
2120    0.008100
2126    0.008569
2188    0.013943
2224    0.005300
2283    0.005126
2284    0.006757
2311    0.007398
2344    0.021591
2396    0.003443
2432    0.002205
2565    0.006826
2678    0.006336
2688    0.004461
2744    0.006841
2978    0.009834
2988    0.007130
3018    0.011506
3246    0.008761
3326    0.013619
3341    0.004097
3451    0.004844
3483    0.005154
3559    0.006505
3567    0.003005
3647    0.003603
3672    0.006283
3734    0.005784
3743    0.003820
3842    0.004144
3915    0.007049
3916    0.007601
3939    0.010766
3944    0.004050
4013    0.011506
4023    0.006373
4080    0.007304
4084    0.010539
4260    0.004622
4316    0.008976
4340    0.009501
4428    0.009220
4429    0.027887
4497    0.007215
4534    0.010766
4910    0.016473
4926    0.004643
4927    0.006505
4929    0.006232
4981    0.010241
5018    0.007398
5043    0.001879
5082    0.006391
5145    0.010241
5212    0.008846
5408    0.006564
5487    0.005458
5501    0.002535
5521    0.005526
5532    0.003196
5548    0.005707
5556    0.004798
5763    0.007215
5769    0.007207
5806    0.005907
5887    0.012771
5889    0.008761
5976    0.006283
6248    0.009834
6358    0.006283
6372    0.006080
6376    0.013129
6422    0.010766
6429    0.005154
6486    0.012079
6596    0.003215
6598    0.006590
6880    0.007497
6891    0.006447
6908    0.006316
7060    0.009501
7087    0.005269
7090    0.013381
7166    0.010479
7180    0.006039
7441    0.006133
7456    0.004313
7595    0.004144
7607    0.006690
7704    0.006336
7709    0.005825
7744    0.005098
7782    0.008395
7833    0.003275
7838    0.011506
8021    0.004844
8107    0.002920
8116    0.005540
8222    0.007712
8253    0.009834
8270    0.012672
8381    0.007049
8476    0.004081
8500    0.005617
8581    0.002832
8601    0.005994
8622    0.007667
8873    0.007215
8907    0.007829
8942    0.007829
8969    0.010766
8972    0.010766
8973    0.008237
8984    0.005018
9062    0.007398
9114    0.027589
9193    0.006626
9200    0.003476
9361    0.004500
9364    0.004278
9399    0.008237
9402    0.020691
9411    0.009698
9454    0.003702
9502    0.036273
9517    0.005958
9576    0.010241
9604    0.009220
9669    0.007829
9736    0.006897
9811    0.006182
10044    0.009220
10074    0.003664
10116    0.006283
10117    0.029502
10140    0.004050
10181    0.007398
10290    0.013269
10389    0.020915
10495    0.005950
10519    0.009834
10620    0.009220
10637    0.005907
10659    0.006897
10676    0.007130
10714    0.008846
10774    0.006391
10783    0.007398
10794    0.005240
10829    0.007497
10837    0.004020
10838    0.008237
10869    0.010241
10892    0.002855
11093    0.004821
11095    0.006336
11103    0.004346
11112    0.003544
11183    0.004917
11213    0.004065
11334    0.003861
11355    0.002482
11427    0.008395
11453    0.017983
11570    0.007979
11586    0.010766
11629    0.008976
11750    0.003421
11788    0.006626
11841    0.002108
11889    0.005561
12003    0.007304
12006    0.006086
12122    0.009617
12158    0.017953
12202    0.005825
12245    0.003367
12273    0.012059
12417    0.011506
12519    0.003049
12522    0.008387
12615    0.017953
12618    0.005361
12630    0.032362
12735    0.006232
12738    0.008976
12749    0.057722
12904    0.003346
12944    0.020477
12950    0.009834
12951    0.006972
12974    0.004844
12990    0.043292
13294    0.007130
13348    0.005211
13352    0.015443
13353    0.009883
13361    0.005240
13434    0.001160
13466    0.002988
13472    0.005866
13580    0.003112
13617    0.009501
13871    0.024532
13873    0.018440
13884    0.015423
13964    0.005458
13968    0.007829
14014    0.006283
14015    0.014431
14045    0.020483
14065    0.001509
14222    0.007130
14391    0.010786
14425    0.021034
14536    0.005526
14749    0.004367
14815    0.011541
14944    0.005182
15075    0.011506
15140    0.003498
15237    0.009834
15375    0.009501
15376    0.007398
15396    0.008395
15497    0.004278
15551    0.009243
15598    0.010766
15601    0.009328
15764    0.005950
15868    0.011506
16176    0.006505
16237    0.003510
16246    0.008237
16284    0.007049
16313    0.008761
16314    0.008976
16317    0.010917
16318    0.008976
16355    0.007712
16374    0.008395
16396    0.028534
16437    0.005330
16501    0.003753
16543    0.026284
16585    0.008166
16726    0.009834
16729    0.002081
16882    0.007304
16941    0.002387
16944    0.003443
17052    0.005707
17053    0.005154
17059    0.006086
17111    0.016180
17117    0.003121
17129    0.007777
17155    0.016181
17297    0.011506
17304    0.007955
17347    0.010599
17348    0.008237
17349    0.009220
17366    0.004868
17492    0.009501
17587    0.008569
17613    0.008237
17661    0.006826
17735    0.008976
17814    0.008321
17821    0.004500
17870    0.003990
17880    0.010766
17889    0.007712
17964    0.006690
17994    0.007215
18005    0.003255
18017    0.006391
18043    0.016181
18140    0.008976
18179    0.009119
18186    0.004798
18214    0.007712
18242    0.008569
18287    0.010766
18330    0.010766
18331    0.016682
18335    0.007712
18690    0.006897
18695    0.007601
18696    0.014993
18697    0.010241
18702    0.013253
18715    0.007497
18725    0.005154
18841    0.024708
19037    0.015808
19043    0.003533
19047    0.009220
19065    0.005950
19151    0.040149
19225    0.004296
19278    0.002291
19366    0.005325
19370    0.004065
19383    0.005907
19384    0.010241
19386    0.007601
19426    0.005016
19785    0.007042
19790    0.009220
19830    0.005361
19844    0.005973
20088    0.005994
20260    0.003257
20320    0.009501
20339    0.007398
20382    0.006564
20389    0.025542
20448    0.009501
20458    0.016473
20460    0.009079
20688    0.005994
20714    0.008420
20803    0.005069
20822    0.007304
20824    0.015461
20841    0.006734
20844    0.002666
20845    0.010421
20868    0.002816
21058    0.003740
21083    0.005330
21101    0.015910
21111    0.005330
21150    0.001456
21247    0.003703
