259
99    0.015209
103    0.018757
621    0.006654
734    0.018966
1066    0.010354
1069    0.026707
1072    0.009180
1797    0.015989
1817    0.011814
1864    0.010848
1916    0.011814
2047    0.005387
2229    0.010354
2283    0.007612
2284    0.010034
2311    0.021973
2344    0.004581
2601    0.011627
2710    0.007024
2723    0.005298
2857    0.007230
2978    0.014605
2988    0.010589
2999    0.034175
3003    0.013012
3282    0.009180
3341    0.006084
3343    0.011627
3451    0.007194
3567    0.004462
3575    0.009331
3578    0.018966
3694    0.011288
3895    0.018966
3980    0.013331
4023    0.004732
4084    0.007826
4198    0.010469
4332    0.017088
4429    0.051768
4450    0.005145
4500    0.008419
4522    0.008057
4636    0.008773
4929    0.046274
4980    0.010715
5043    0.008372
5440    0.007376
5495    0.007277
5501    0.003764
5532    0.004747
5562    0.009660
5820    0.017064
5975    0.011634
6358    0.037324
6365    0.006252
6372    0.013543
6376    0.009749
6378    0.011133
6486    0.017938
6598    0.004893
6880    0.011133
6918    0.007571
7088    0.008650
7147    0.011627
7166    0.007782
7173    0.007782
7181    0.012656
7228    0.009180
7261    0.011814
7353    0.017088
7423    0.011627
7456    0.006406
7466    0.006683
7497    0.011452
7600    0.008532
7709    0.008650
7744    0.007571
7753    0.005179
7802    0.002514
7833    0.009726
7998    0.018966
8028    0.012468
8073    0.011452
8107    0.004337
8198    0.029209
8222    0.011452
8270    0.009410
8402    0.012468
8465    0.014110
8533    0.012555
8534    0.006107
8568    0.004229
8581    0.004205
8596    0.010064
8622    0.017079
8711    0.006569
8825    0.014110
8873    0.021431
8882    0.030419
8918    0.006277
8973    0.012232
9002    0.017546
9114    0.020486
9200    0.005162
9267    0.029209
9276    0.011814
9364    0.006354
9402    0.010243
9411    0.003601
9443    0.015209
9447    0.014605
9502    0.038477
9503    0.013012
9517    0.017697
9687    0.009331
9777    0.008773
9798    0.005316
9812    0.006625
10075    0.012726
10117    0.014605
10140    0.006015
10175    0.007376
10290    0.006569
10295    0.011288
10389    0.010354
10547    0.017088
10668    0.008902
10714    0.006569
10773    0.006459
10892    0.008481
10898    0.009841
11103    0.006455
11112    0.010527
11355    0.007372
11386    0.012865
11417    0.012468
11427    0.012468
11439    0.007738
11453    0.017805
11468    0.006654
11472    0.013331
11531    0.006406
11587    0.010469
11607    0.011452
11683    0.003573
12064    0.007531
12110    0.010258
12122    0.004761
12258    0.052947
12365    0.014181
12684    0.003992
12736    0.013012
12749    0.021431
12765    0.005925
12927    0.006406
12945    0.015209
12950    0.014605
12951    0.020707
12990    0.010715
13000    0.018966
13001    0.017088
13014    0.008341
13019    0.017088
13050    0.009579
13352    0.005734
13353    0.007339
13434    0.003444
13451    0.008419
13466    0.004437
13647    0.005032
13964    0.016212
14015    0.021431
14047    0.011627
14049    0.012468
14130    0.008057
14161    0.010137
14202    0.014605
14222    0.010589
14353    0.011814
14391    0.016019
14425    0.017850
14505    0.012726
14513    0.013693
14537    0.010667
14662    0.018966
14719    0.010034
14863    0.009038
14943    0.022266
15127    0.011627
15237    0.014605
15375    0.014110
15503    0.007571
15818    0.011550
15821    0.008207
15825    0.012015
15998    0.013331
16003    0.009841
16117    0.006772
16237    0.010425
16241    0.008057
16269    0.009038
16396    0.016950
16501    0.005574
16729    0.003091
16944    0.005113
17103    0.006926
17129    0.023100
17144    0.008553
17349    0.013693
17457    0.012015
17484    0.003162
17529    0.007266
17531    0.010811
17739    0.017088
17783    0.014110
17814    0.006179
17913    0.009108
18159    0.007266
18167    0.005837
18254    0.022266
18587    0.005817
18695    0.011288
18696    0.011133
18702    0.009841
18715    0.011133
18756    0.013693
18883    0.005817
18903    0.008969
18992    0.008258
19043    0.015739
19065    0.008837
19151    0.053000
19173    0.009038
19212    0.007738
19213    0.009410
19366    0.005272
19370    0.006037
19410    0.010526
19453    0.006380
19460    0.008798
19707    0.012406
19772    0.006459
19844    0.014193
20260    0.003225
20339    0.021973
20458    0.024464
20460    0.013483
20593    0.010848
20618    0.029209
20782    0.010354
20848    0.004923
20868    0.004182
20910    0.008419
21058    0.011110
21129    0.008553
21261    0.020486
21264    0.007826
21296    0.018981
