186
341    0.020188
370    0.010104
450    0.011249
451    0.008794
457    0.010214
485    0.017694
1184    0.007451
1456    0.022963
1458    0.011481
1689    0.008014
1699    0.005978
1762    0.006455
1859    0.010507
2297    0.010826
2382    0.017694
2570    0.060563
3574    0.010214
3743    0.007530
3745    0.011102
3943    0.011175
3944    0.023950
4102    0.054383
4135    0.021262
4179    0.012284
4197    0.050349
4206    0.012822
4240    0.015475
4245    0.017218
4480    0.011562
4500    0.011175
4613    0.033784
4672    0.014777
4738    0.018729
4774    0.011816
5043    0.007409
5096    0.026385
5209    0.012385
5211    0.011175
5212    0.017437
5223    0.022681
5495    0.009658
5556    0.009457
5584    0.012940
5622    0.016892
5628    0.014398
5769    0.014206
5770    0.015201
5806    0.011645
5820    0.011325
5912    0.194639
5913    0.038770
5988    0.010214
6049    0.011905
6050    0.025720
6319    0.011996
6596    0.006338
6697    0.012597
6940    0.012708
7168    0.005010
7275    0.025174
7524    0.007199
7619    0.015788
7719    0.084459
7720    0.041228
7721    0.017271
8028    0.016549
8068    0.010050
8078    0.010126
8107    0.005757
8218    0.024463
8417    0.008434
8446    0.006830
8476    0.008044
8623    0.016549
8630    0.004325
8674    0.010271
8689    0.029166
8837    0.023633
9084    0.022681
9311    0.012186
9411    0.009558
9517    0.005872
9664    0.008434
9794    0.025174
9925    0.022681
10011    0.014398
10074    0.036116
10156    0.016236
10179    0.014398
10259    0.013188
10263    0.029966
10334    0.007323
10421    0.010104
10495    0.011730
10605    0.007556
10711    0.016236
10714    0.026156
10774    0.012597
11103    0.011424
11107    0.016892
11112    0.006987
11146    0.008400
11218    0.005386
11399    0.011816
11434    0.006918
11661    0.012090
11948    0.020188
11973    0.013062
12005    0.010126
12047    0.015681
12110    0.006808
12388    0.035389
12398    0.019385
12519    0.006009
12876    0.013455
12904    0.006596
13014    0.005536
13087    0.015201
13330    0.021223
13343    0.017694
13344    0.060563
13351    0.005906
13355    0.005856
13357    0.014100
13862    0.051936
13863    0.025194
13864    0.015681
13865    0.022805
14063    0.015671
14065    0.002974
14130    0.010695
14348    0.067567
14349    0.036350
14604    0.005386
14615    0.018175
14677    0.021223
14742    0.007709
14745    0.011546
14746    0.010050
14809    0.015681
14815    0.007583
14875    0.020188
14903    0.012708
14997    0.022963
15105    0.014583
15468    0.009944
15503    0.010050
15791    0.009692
15793    0.021223
15941    0.021223
16050    0.018175
16116    0.007477
16237    0.006918
16241    0.010695
16585    0.007317
16705    0.013192
16729    0.004103
16743    0.010893
16923    0.006987
16929    0.027791
16941    0.004706
16952    0.010631
17053    0.010159
17105    0.007297
17445    0.011562
17471    0.011402
18182    0.003884
18282    0.003903
18332    0.018729
18425    0.016892
18883    0.007721
19010    0.012597
19081    0.022681
19111    0.016236
19329    0.014777
19366    0.006997
19373    0.015948
20136    0.020188
20165    0.020188
20275    0.012340
20614    0.022681
20675    0.022681
20788    0.025174
20841    0.013275
21150    0.005741
21243    0.005708
