377
246    0.003950
348    0.005376
370    0.004597
444    0.006060
447    0.005085
461    0.008820
611    0.008820
613    0.009656
685    0.010320
735    0.007858
776    0.008820
840    0.007387
853    0.011775
857    0.005376
858    0.004987
1044    0.011454
1097    0.003837
1210    0.007135
1213    0.007256
1351    0.006471
1423    0.004781
1433    0.006253
1448    0.011454
1451    0.002726
1699    0.001360
1712    0.004036
1723    0.007858
1741    0.002147
1762    0.002937
1796    0.010320
1820    0.008522
1862    0.002334
1919    0.008037
2050    0.006395
2117    0.006395
2267    0.009656
2334    0.004478
2396    0.003088
2432    0.007912
2447    0.007135
2474    0.010320
2499    0.012372
2675    0.004781
2684    0.003853
2711    0.004837
2826    0.005544
2857    0.008732
2918    0.007686
2947    0.004126
2948    0.007686
2995    0.005834
3155    0.009185
3170    0.011454
3173    0.010320
3187    0.008051
3189    0.011454
3197    0.009185
3238    0.016810
3355    0.009656
3583    0.005023
3638    0.009656
3659    0.126095
3660    0.015716
3688    0.015782
3842    0.003717
3897    0.005085
3903    0.008647
3905    0.006060
3913    0.009185
3942    0.004926
4109    0.007387
4258    0.003179
4313    0.022162
4447    0.010320
4450    0.012430
4456    0.004699
4461    0.008524
4500    0.005085
4577    0.005337
4999    0.011454
5043    0.001685
5096    0.006002
5132    0.006916
5392    0.010320
5458    0.006551
5485    0.099954
5486    0.017640
5495    0.006592
5602    0.005337
5614    0.003934
5615    0.004866
5626    0.004866
5851    0.006000
5899    0.005019
5975    0.024591
6046    0.006551
6076    0.006916
6093    0.008820
6099    0.008269
6165    0.008820
6394    0.014512
6449    0.009185
6495    0.012943
6582    0.011454
6588    0.006817
6706    0.011454
6747    0.011454
6783    0.007387
6793    0.008522
6908    0.005665
6918    0.004573
6934    0.009185
6936    0.010320
7075    0.006471
7076    0.011454
7077    0.017663
7140    0.011454
7168    0.009118
7176    0.005834
7181    0.007643
7192    0.009791
7194    0.004345
7241    0.005458
7244    0.010320
7329    0.024808
7456    0.003869
7486    0.004145
7531    0.002973
7571    0.013433
7579    0.007135
7693    0.005589
7704    0.005683
7708    0.011454
7736    0.010099
7753    0.003128
7769    0.006817
7787    0.005052
7802    0.013666
7824    0.006817
7826    0.009185
7844    0.011454
7878    0.011454
7955    0.009185
7967    0.005888
7989    0.004001
8021    0.004345
8036    0.036281
8037    0.009656
8101    0.004926
8105    0.005224
8116    0.004968
8213    0.011454
8281    0.005544
8304    0.011454
8362    0.019464
8363    0.006635
8417    0.003837
8500    0.010075
8528    0.006395
8533    0.003791
8542    0.008820
8568    0.007662
8585    0.014270
8596    0.009117
8622    0.006876
8644    0.016102
8674    0.009347
8700    0.011454
8711    0.023802
8774    0.019702
8893    0.008269
8964    0.004524
8984    0.004501
9004    0.006724
9009    0.011178
9060    0.007135
9118    0.003619
9168    0.006122
9179    0.009732
9200    0.003117
9270    0.011454
9307    0.008820
9336    0.016250
9364    0.007674
9499    0.007256
9653    0.011454
9736    0.012372
9887    0.008820
10445    0.009732
10545    0.010597
10773    0.003901
10794    0.009399
10822    0.008269
10846    0.003837
10892    0.005122
11103    0.003898
11141    0.007530
11178    0.008328
11218    0.002450
11274    0.009185
11279    0.004183
11289    0.004324
11355    0.006678
11383    0.010753
11386    0.003885
11434    0.006296
11439    0.004673
11503    0.002672
11519    0.004648
11531    0.003869
11536    0.009656
11569    0.006507
11736    0.006635
11744    0.006852
11750    0.006136
11770    0.011454
11928    0.005417
11966    0.029553
12006    0.010916
12061    0.008051
12365    0.004282
12434    0.006395
12498    0.011454
12526    0.005782
12659    0.003869
12684    0.002411
12755    0.011454
12974    0.030414
13334    0.010320
13361    0.004699
13409    0.008051
13434    0.002080
13466    0.005359
13492    0.005544
13897    0.005376
13939    0.006733
13955    0.007022
14073    0.003967
14122    0.010320
14339    0.004410
14340    0.009194
14341    0.020752
14342    0.012790
14343    0.009452
14406    0.017376
14412    0.004573
14414    0.008820
14523    0.009194
14539    0.005085
14589    0.011454
14611    0.006186
14668    0.008522
14754    0.013718
14835    0.007686
14900    0.007530
15095    0.008051
15102    0.007256
15140    0.006275
15215    0.009656
15216    0.004366
15229    0.005224
15273    0.008522
15282    0.014044
15344    0.004183
15410    0.004673
15466    0.004036
15497    0.015349
15604    0.005153
15638    0.011454
15726    0.010320
15816    0.009656
15994    0.009185
16072    0.011454
16112    0.007686
16116    0.003402
16216    0.011454
16338    0.007858
16349    0.006471
16509    0.007900
16585    0.004661
16808    0.011454
16907    0.019136
16944    0.006175
16988    0.005888
17017    0.013270
17019    0.019186
17024    0.007686
17101    0.029554
17103    0.008366
17117    0.011196
17141    0.005888
17201    0.006551
17248    0.007858
17311    0.007022
17331    0.004242
17347    0.019013
17351    0.006395
17373    0.006551
17496    0.005635
17521    0.006060
17530    0.007530
17588    0.010038
17619    0.011454
17630    0.008522
17664    0.009185
17668    0.018371
17686    0.008051
17795    0.022908
17814    0.003732
17951    0.006471
17994    0.006471
18021    0.007135
18138    0.004753
18158    0.004282
18159    0.004388
18211    0.009185
18233    0.008820
18278    0.011454
18280    0.010320
18282    0.001776
18304    0.011454
18317    0.004597
18432    0.015371
18435    0.008107
18452    0.006060
18476    0.006551
18660    0.006817
18690    0.006186
18713    0.004781
18832    0.011454
18877    0.010320
18882    0.002471
18883    0.003513
18987    0.004282
19019    0.010320
19084    0.005458
19225    0.003853
19226    0.005437
19232    0.003592
19261    0.006852
19288    0.008051
19327    0.010811
19366    0.004776
19464    0.003200
19467    0.006817
19518    0.005782
19529    0.010448
19698    0.008820
19773    0.005750
19820    0.003869
19844    0.003214
19964    0.011454
19974    0.010320
20038    0.007858
20047    0.009656
20056    0.022162
20260    0.000974
20275    0.002807
20409    0.005589
20462    0.006724
20671    0.005589
20713    0.003097
20714    0.011328
20771    0.014687
20778    0.005376
20803    0.004547
20822    0.006551
20868    0.010103
20933    0.009656
20986    0.006635
20994    0.014777
21016    0.008690
21019    0.004597
21087    0.003332
21213    0.011454
21243    0.007791
21247    0.001661
