277
443    0.010613
568    0.007402
1087    0.019227
1127    0.011787
1138    0.012901
1163    0.009092
1170    0.019227
1250    0.009793
1351    0.010863
1382    0.009025
1451    0.004576
1477    0.006926
1677    0.007844
1699    0.002283
1816    0.009705
1863    0.010735
1951    0.008769
2177    0.012901
2188    0.010496
2292    0.007801
2297    0.008268
2299    0.014805
2440    0.010072
2545    0.015418
2826    0.009307
2867    0.007844
3322    0.013190
3338    0.008372
3473    0.006774
3593    0.005535
3693    0.010863
3732    0.008479
3743    0.005751
3944    0.006097
4023    0.004797
4140    0.030836
4195    0.010366
4240    0.035456
4245    0.046026
4258    0.005336
4337    0.013514
4503    0.013514
4504    0.012639
4524    0.027762
4525    0.039571
4526    0.014304
4636    0.008894
4687    0.014805
4729    0.006264
4730    0.009233
4774    0.009025
4807    0.016209
4811    0.008319
4826    0.014805
4895    0.015418
5000    0.014304
5091    0.016209
5093    0.007933
5230    0.009025
5469    0.012639
5525    0.012639
5556    0.007223
5566    0.013514
5567    0.016220
5659    0.016209
5718    0.007978
5719    0.005461
5725    0.008319
5746    0.025278
5769    0.005425
6130    0.010735
6185    0.019227
6240    0.019227
6419    0.019227
6598    0.004960
6675    0.011610
6692    0.014304
6700    0.012180
7168    0.003826
7241    0.009162
7287    0.013881
7380    0.007293
7404    0.016209
7472    0.011286
7524    0.005498
7619    0.006029
7685    0.016209
7714    0.016743
7736    0.005651
7760    0.013514
7985    0.009459
8078    0.003867
8102    0.016209
8116    0.004170
8218    0.004671
8223    0.016959
8265    0.014805
8266    0.019227
8269    0.008708
8292    0.013881
8311    0.017322
8323    0.013853
8342    0.019078
8532    0.012400
8596    0.005101
8630    0.006607
8688    0.009976
8689    0.044550
8837    0.009025
9076    0.016209
9209    0.013152
9320    0.008025
9518    0.008182
9873    0.005984
9947    0.004485
10074    0.005517
10110    0.019227
10141    0.015418
10170    0.014805
10222    0.011443
10244    0.009162
10325    0.016209
10478    0.009025
10495    0.008958
10555    0.019227
10586    0.013190
10659    0.010384
10674    0.013514
10714    0.006659
10893    0.012180
11103    0.004362
11107    0.012901
11112    0.005336
11160    0.008168
11180    0.004311
11196    0.018613
11213    0.006120
11255    0.013190
11256    0.015418
11415    0.008025
11528    0.006364
11753    0.009162
11809    0.012901
11854    0.010613
11938    0.010496
11984    0.007844
12008    0.009883
12028    0.012400
12046    0.010735
12085    0.006687
12109    0.008592
12122    0.009653
12151    0.013190
12166    0.007154
12245    0.005069
12304    0.010496
12364    0.011977
12475    0.012639
12647    0.012901
12677    0.030517
12799    0.038453
12927    0.012988
12987    0.011039
13232    0.010863
13241    0.010735
13257    0.028609
13351    0.009022
13361    0.007888
13497    0.020767
13639    0.013190
13732    0.017322
13770    0.011787
13862    0.071398
13864    0.023953
13865    0.034834
13897    0.009025
14065    0.002271
14088    0.012901
14106    0.014304
14350    0.010496
14439    0.013890
14440    0.012400
14442    0.010384
14445    0.008218
14523    0.007717
14604    0.012340
14726    0.009382
14742    0.005888
14745    0.008818
14746    0.023026
14815    0.005792
14826    0.011443
14858    0.014805
14871    0.013514
14874    0.020779
14942    0.011138
14968    0.012400
14969    0.015418
14997    0.017538
15210    0.006834
15410    0.007844
15697    0.010384
15715    0.014304
15807    0.010172
15874    0.009092
15939    0.009539
16029    0.015189
16047    0.010496
16148    0.018613
16176    0.009793
16205    0.029928
16353    0.008649
16362    0.008894
16371    0.016049
16410    0.013190
16472    0.012901
16585    0.002235
16734    0.003857
16791    0.008894
16930    0.017322
16958    0.008168
17025    0.016049
17027    0.012778
17052    0.008592
17053    0.007759
17054    0.010172
17103    0.014043
17111    0.008119
17144    0.004335
17439    0.011443
17473    0.014805
17854    0.008479
17922    0.006834
18068    0.010997
18279    0.016209
18550    0.012901
18579    0.010496
18655    0.006144
18672    0.013190
18719    0.018918
19327    0.004537
19366    0.002672
19370    0.006120
19437    0.008958
19460    0.004459
19564    0.012639
19567    0.011286
19569    0.010384
19742    0.011610
19766    0.011443
19978    0.014304
19990    0.016209
20015    0.019227
20076    0.019227
20123    0.015418
20124    0.014304
20260    0.001634
20281    0.006958
20387    0.019227
20463    0.013190
20493    0.019227
20824    0.007759
20830    0.008649
20841    0.005069
20854    0.015418
20868    0.008479
20894    0.005301
20946    0.015548
20947    0.044415
20950    0.011138
20964    0.005876
20983    0.006006
20993    0.006895
21058    0.005631
21150    0.002192
21247    0.002787
21279    0.020686
