342
191    0.005752
460    0.005783
464    0.008367
773    0.005690
855    0.006456
857    0.006690
860    0.009030
862    0.014254
923    0.007396
927    0.007868
1095    0.007327
1213    0.009030
1321    0.014254
1346    0.006845
1351    0.008053
1396    0.011430
1430    0.083358
1431    0.029336
1446    0.008257
1490    0.003830
1648    0.012842
1689    0.004537
1707    0.005254
1741    0.002671
1804    0.006369
1949    0.004775
1980    0.012842
2050    0.015916
2096    0.008483
2265    0.009564
2277    0.002992
2329    0.025684
2334    0.005572
2432    0.002461
2447    0.017757
2610    0.008607
2611    0.014254
2684    0.004795
2706    0.003969
2710    0.005279
2758    0.010976
2768    0.007260
2819    0.004520
2857    0.005433
2861    0.006792
3053    0.006019
3238    0.010459
3295    0.012016
3545    0.011430
3571    0.005254
3635    0.005949
3821    0.008607
3897    0.006327
3903    0.005380
3914    0.010976
3922    0.008879
3959    0.010018
3987    0.012016
4199    0.011430
4207    0.007868
4378    0.006593
4500    0.006327
4665    0.010290
4888    0.010976
4899    0.004218
4942    0.010976
5043    0.004195
5146    0.024032
5168    0.012016
5196    0.010604
5260    0.005783
5466    0.014254
5495    0.002734
5626    0.006055
5767    0.010018
5916    0.007467
5975    0.004372
5991    0.005230
5995    0.007781
6077    0.010604
6130    0.007958
6163    0.012016
6423    0.014254
6598    0.003677
6602    0.011430
6603    0.010018
6707    0.004834
6734    0.005915
6891    0.007195
6908    0.010574
7055    0.011430
7077    0.007327
7078    0.008607
7097    0.005488
7168    0.005673
7180    0.006741
7188    0.005044
7265    0.011430
7311    0.007958
7472    0.008367
7508    0.006369
7530    0.010976
7631    0.005660
7634    0.016734
7704    0.007072
7709    0.006501
7736    0.004189
7753    0.003892
7757    0.015916
7769    0.008483
7886    0.012842
7952    0.012842
8021    0.005407
8131    0.024670
8219    0.006845
8220    0.006792
8253    0.021951
8362    0.024221
8407    0.006167
8533    0.014153
8568    0.009534
8581    0.015802
8711    0.019746
8769    0.008483
8774    0.012259
8872    0.017757
8918    0.004718
8977    0.009030
9003    0.005230
9009    0.006955
9023    0.010709
9044    0.008738
9142    0.011430
9146    0.009779
9160    0.006899
9183    0.009030
9209    0.003250
9216    0.014254
9412    0.012842
9454    0.004132
9499    0.009030
9510    0.005089
9517    0.003325
9652    0.012842
9716    0.014254
9728    0.012842
9806    0.014254
9820    0.012842
10140    0.009040
10175    0.005543
10227    0.010604
10794    0.011696
10893    0.009030
10898    0.007396
11103    0.003234
11117    0.003535
11129    0.008879
11141    0.009370
11191    0.012842
11207    0.005112
11218    0.003049
11244    0.032609
11279    0.010411
11355    0.002770
11378    0.012016
11386    0.004834
11434    0.003917
11503    0.006650
11530    0.006845
11569    0.008097
11570    0.004453
11573    0.014254
11588    0.007698
11591    0.006955
11744    0.004263
11750    0.011453
11966    0.049035
12005    0.005733
12160    0.014254
12166    0.005304
12183    0.012842
12245    0.003758
12505    0.005158
12684    0.003000
12754    0.012842
12817    0.004854
12911    0.009180
12974    0.021627
12983    0.004146
13050    0.007199
13060    0.016514
13343    0.010018
13418    0.012842
13434    0.005177
13466    0.003334
13491    0.006741
13492    0.006899
13664    0.014254
13760    0.008152
13778    0.019557
13886    0.003556
13930    0.008152
13939    0.004189
13964    0.006092
14073    0.004936
14093    0.006055
14217    0.008607
14218    0.009564
14339    0.032926
14341    0.006456
14342    0.007958
14343    0.017643
14406    0.017298
14412    0.017070
14436    0.011430
14530    0.014254
14538    0.005815
14604    0.003049
14611    0.007698
14680    0.014254
14863    0.006792
15063    0.004076
15139    0.008607
15229    0.006501
15309    0.135740
15310    0.012842
15344    0.005205
15431    0.011430
15466    0.005022
15497    0.004775
15671    0.014254
15784    0.024032
15820    0.004936
16093    0.009193
16116    0.008467
16120    0.007698
16230    0.014254
16237    0.003917
16335    0.014254
16349    0.008053
16432    0.005515
16437    0.005949
16501    0.008378
16585    0.005800
16766    0.005543
16887    0.008607
16899    0.008607
16907    0.003969
16944    0.003842
16975    0.021951
17017    0.024770
17101    0.010508
17102    0.010976
17117    0.017416
17122    0.020698
17296    0.009370
17331    0.010557
17351    0.007958
17480    0.006456
17529    0.005460
17548    0.012016
17572    0.010290
17624    0.012016
17714    0.012842
17722    0.014254
17817    0.006641
17846    0.006412
17857    0.007618
18074    0.010290
18077    0.014254
18108    0.009779
18142    0.016106
18146    0.015236
18163    0.010018
18341    0.014254
18432    0.019128
18454    0.008738
18459    0.009779
18602    0.014254
18652    0.003700
18668    0.006412
18703    0.007396
18768    0.012842
18864    0.012842
18866    0.009370
18882    0.009223
18888    0.004775
19177    0.008180
19221    0.012842
19225    0.009589
19226    0.003383
19232    0.013408
19239    0.012016
19261    0.008526
19278    0.002557
19283    0.011430
19311    0.012842
19327    0.006727
19346    0.010018
19366    0.001981
19453    0.004795
19464    0.003982
19512    0.007868
19518    0.014390
19535    0.005182
19587    0.009193
19773    0.003578
19803    0.012016
19820    0.004814
19844    0.006666
19958    0.014254
20002    0.009370
20097    0.014254
20146    0.014254
20281    0.005158
20464    0.004278
20559    0.007260
20611    0.022860
20686    0.008053
20688    0.006690
20713    0.015418
20716    0.005630
20771    0.006092
20776    0.006593
20778    0.006690
20797    0.008483
20803    0.008487
20844    0.002976
20868    0.006286
20915    0.007541
20927    0.003453
20942    0.014254
20969    0.006546
21005    0.004555
21009    0.008738
21016    0.010813
21018    0.008152
21019    0.005721
21020    0.008053
21087    0.004146
21094    0.006593
21150    0.003251
