116
246    0.015775
483    0.026497
630    0.024703
944    0.041212
1662    0.023090
1699    0.010863
1919    0.016047
2047    0.025985
2102    0.011448
2173    0.027266
2933    0.023733
2981    0.021967
3400    0.024200
3470    0.030692
3647    0.012906
3706    0.023733
3726    0.015978
3789    0.037963
3790    0.036136
4198    0.025248
4385    0.075745
4389    0.047926
4576    0.022889
4729    0.029804
4817    0.074110
4871    0.019091
5043    0.006731
5096    0.023970
5657    0.070445
5745    0.018663
5865    0.020578
5916    0.023963
5975    0.014029
6613    0.060079
6618    0.031381
6694    0.041212
6738    0.036917
7030    0.038561
7115    0.041212
7199    0.014132
8107    0.010460
8403    0.041212
8473    0.030069
8474    0.041212
8812    0.025248
9061    0.045742
9324    0.028042
9533    0.014237
10491    0.019432
10495    0.021313
10837    0.014397
11062    0.065900
11063    0.088502
11098    0.071888
11103    0.005189
11683    0.008617
11712    0.033024
11753    0.021797
11831    0.036681
11841    0.007549
12110    0.012370
12231    0.032151
12345    0.012490
12645    0.034031
12729    0.027620
12904    0.011985
12928    0.016705
12947    0.060915
13179    0.017020
13357    0.025619
13580    0.011145
14065    0.016212
14169    0.028493
14451    0.045742
14474    0.041212
14537    0.012863
14774    0.026162
14800    0.035223
15063    0.013080
15160    0.016404
15332    0.032151
15530    0.028042
15555    0.015775
15578    0.028042
15792    0.016188
15859    0.034031
15906    0.015775
15983    0.017881
16023    0.025843
16119    0.022889
16585    0.007977
16628    0.020718
16632    0.027620
16732    0.022758
16887    0.027620
17144    0.010314
17531    0.013036
18464    0.030069
18467    0.029501
18536    0.030069
18668    0.041155
18706    0.026497
18788    0.036681
19226    0.010856
19503    0.019792
19670    0.028978
19844    0.004279
20214    0.030692
20260    0.007777
20328    0.045742
20639    0.045742
20642    0.023512
20671    0.022320
20841    0.024120
21126    0.024703
21243    0.010372
