201
1    0.012133
218    0.017758
426    0.020261
428    0.012133
431    0.014450
448    0.012230
451    0.008825
1128    0.013109
1255    0.011859
1272    0.009227
1309    0.008296
1311    0.016953
1480    0.011772
1699    0.003000
1762    0.006478
1965    0.018797
1990    0.013792
1993    0.016006
2058    0.012643
2062    0.017333
2297    0.021729
2432    0.004363
2609    0.019262
3341    0.016209
3473    0.008902
3483    0.020391
3503    0.015037
3507    0.045526
3615    0.011523
3743    0.030227
3745    0.011143
3915    0.013946
3943    0.011215
3944    0.016024
3947    0.019455
4141    0.010733
4206    0.012868
4240    0.025884
4245    0.017280
4486    0.012643
4729    0.008231
4776    0.014831
4777    0.010032
4918    0.015738
5043    0.003718
5050    0.015037
5075    0.004396
5096    0.006620
5212    0.008750
5220    0.010865
5227    0.013645
5480    0.011687
5482    0.016006
5567    0.014210
5622    0.016953
5725    0.021864
5750    0.047214
5769    0.007129
5962    0.012328
5977    0.006832
6231    0.022763
6251    0.012230
6364    0.017758
6462    0.015037
6672    0.019455
6940    0.012754
7011    0.017333
7168    0.005028
7188    0.008941
7224    0.017333
7619    0.015845
7750    0.027290
7802    0.006699
7892    0.019652
7967    0.038960
8078    0.015244
8170    0.010032
8269    0.011444
8291    0.020261
8332    0.025265
8446    0.006854
8532    0.016295
8533    0.008362
8534    0.008136
8623    0.016609
8688    0.013109
8689    0.014636
8702    0.015738
8964    0.009980
8978    0.016006
9023    0.009491
9490    0.015489
9510    0.009021
9517    0.005894
9518    0.010752
9532    0.015738
9692    0.010086
9783    0.013503
9991    0.011948
9999    0.038960
10363    0.015489
10420    0.010140
10421    0.010140
10457    0.016295
10460    0.014636
10586    0.017333
10706    0.022763
10714    0.008750
10794    0.010366
11018    0.013236
11103    0.002866
11146    0.016860
11161    0.026218
11225    0.010545
11445    0.010251
11528    0.008362
11683    0.004759
11757    0.008464
11809    0.033906
11854    0.041838
11938    0.013792
11984    0.010308
11987    0.015489
12122    0.006342
12151    0.017333
12300    0.006478
12987    0.007253
13145    0.011859
13179    0.018802
13256    0.017333
13351    0.017783
13355    0.005877
13357    0.007075
13370    0.011687
13434    0.002294
13495    0.014274
13586    0.016006
13862    0.072973
13863    0.012643
13865    0.011444
13906    0.024860
14170    0.025265
14439    0.012168
14728    0.025265
14742    0.005158
14746    0.020172
14874    0.009102
14996    0.014106
15063    0.007225
15067    0.025265
15172    0.025265
15225    0.049826
15226    0.025265
15271    0.009313
15458    0.022763
15486    0.018240
15706    0.015738
15734    0.025265
16205    0.117982
16210    0.025265
16213    0.031476
16463    0.022763
16585    0.010281
16921    0.010086
16949    0.013367
16952    0.010670
17027    0.008396
17103    0.009227
17144    0.005697
17345    0.011366
17471    0.011444
17484    0.004212
17875    0.010308
18005    0.006439
18179    0.018041
18407    0.018240
18435    0.008941
18799    0.014274
18972    0.012868
19253    0.050531
19328    0.012535
19366    0.007023
19370    0.016085
19426    0.009924
19507    0.014831
19662    0.014106
19844    0.002363
19921    0.021299
20145    0.020261
20251    0.010366
20256    0.013503
20260    0.002148
20557    0.008362
20841    0.006661
20844    0.005275
20927    0.006120
20946    0.027242
20947    0.038910
21052    0.015256
21111    0.010545
21279    0.018122
