565
162    0.009160
166    0.005114
246    0.003159
460    0.003717
484    0.006284
552    0.003458
610    0.003458
773    0.003657
831    0.006439
866    0.009160
972    0.007346
1184    0.005422
1204    0.003173
1278    0.008187
1423    0.003823
1677    0.007475
1686    0.004507
1690    0.004365
1699    0.002175
1762    0.002349
1824    0.004846
1859    0.003823
1862    0.007468
1900    0.007054
1925    0.009248
1949    0.003069
2084    0.003200
2093    0.005480
2170    0.004753
2196    0.009160
2281    0.003563
2283    0.003677
2290    0.005056
2352    0.010113
2396    0.004939
2458    0.004365
2460    0.004365
2496    0.005706
2509    0.006146
2548    0.007054
2588    0.008253
2637    0.007722
2673    0.006815
2675    0.003823
2676    0.004666
2688    0.003200
2707    0.009160
2723    0.005118
2733    0.007722
2737    0.006292
2759    0.007722
2806    0.006455
2811    0.007722
2909    0.004300
2984    0.005908
2999    0.008253
3089    0.002187
3238    0.003361
3296    0.009160
3302    0.009160
3318    0.005306
3326    0.003256
3333    0.008253
3396    0.009206
3402    0.007722
3524    0.019316
3567    0.004311
3571    0.006753
3583    0.002009
3647    0.002585
3716    0.009160
3726    0.003200
3732    0.004040
3743    0.005480
3825    0.005377
3861    0.004470
3911    0.003377
3942    0.003939
3944    0.002905
3972    0.007054
4023    0.006857
4058    0.007722
4092    0.008253
4141    0.003892
4195    0.002469
4236    0.007054
4254    0.009160
4258    0.005084
4267    0.004624
4426    0.007722
4492    0.003300
4532    0.005452
4620    0.004846
4621    0.005175
4662    0.003242
4689    0.004947
4889    0.005803
4969    0.006439
5020    0.003737
5072    0.005452
5075    0.003188
5081    0.005306
5115    0.004507
5131    0.006146
5207    0.006284
5212    0.003173
5220    0.003939
5239    0.005531
5260    0.022301
5344    0.009160
5399    0.009506
5443    0.008253
5495    0.001757
5518    0.005803
5532    0.002293
5597    0.021161
5614    0.006292
5706    0.004846
5739    0.004332
5828    0.006022
5850    0.006815
5975    0.002810
5976    0.004507
6083    0.008253
6171    0.004947
6174    0.005706
6184    0.008253
6251    0.004434
6313    0.004237
6372    0.002180
6378    0.016131
6425    0.004753
6464    0.009160
6486    0.004332
6501    0.010613
6555    0.009160
6598    0.002363
6677    0.007054
6697    0.004584
6758    0.003995
6761    0.005019
6762    0.003545
6931    0.004896
6984    0.005460
7020    0.006613
7097    0.003527
7168    0.005469
7180    0.004332
7194    0.003475
7228    0.004434
7267    0.009160
7297    0.006613
7351    0.003159
7393    0.004093
7441    0.004399
7524    0.002619
7605    0.006439
7607    0.004799
7619    0.002872
7623    0.005239
7629    0.007346
7632    0.004300
7720    0.005001
7744    0.003657
7747    0.005908
7770    0.004624
7779    0.003657
7793    0.005706
7892    0.007125
7973    0.005908
8019    0.004412
8056    0.016506
8078    0.005527
8101    0.003939
8116    0.003973
8218    0.004451
8233    0.007018
8234    0.014108
8236    0.008253
8254    0.005306
8317    0.007054
8323    0.003300
8342    0.004545
8371    0.009160
8395    0.008242
8407    0.003964
8442    0.003475
8533    0.006064
8568    0.004085
8581    0.002031
8594    0.003527
8601    0.004300
8645    0.008253
8684    0.005908
8687    0.009160
8735    0.006146
8781    0.002820
8991    0.005531
9009    0.004470
9068    0.005531
9136    0.007927
9168    0.004896
9172    0.009160
9177    0.004666
9209    0.004178
9210    0.006849
9256    0.003285
9276    0.005706
9280    0.004207
9361    0.006455
9364    0.003069
9476    0.007346
9518    0.001949
9631    0.003492
9680    0.009160
9710    0.008253
9722    0.009160
9773    0.024759
9945    0.007830
9947    0.004274
10025    0.006439
10059    0.009160
10104    0.007346
10140    0.005810
10219    0.006439
10288    0.005803
10440    0.007346
10507    0.009160
10666    0.007346
10718    0.006815
10745    0.009160
10881    0.003939
10891    0.009160
10892    0.002048
10897    0.002674
10942    0.012376
11007    0.004624
11101    0.008253
11103    0.001039
11106    0.007722
11112    0.002542
11117    0.002272
11129    0.005706
11130    0.004507
11146    0.003056
11180    0.002054
11181    0.005068
11218    0.001960
11279    0.003345
11334    0.002769
11355    0.003561
11358    0.003094
11386    0.003107
11420    0.006022
11427    0.006022
11453    0.004300
11454    0.014108
11468    0.003214
11502    0.006439
11528    0.003032
11530    0.008798
11548    0.007346
11578    0.007054
11655    0.005239
11729    0.003008
11750    0.004907
11782    0.004544
11841    0.003023
11858    0.005001
11897    0.006022
11898    0.024586
11937    0.006022
11958    0.003696
11974    0.009160
11984    0.003737
12008    0.004709
12085    0.006372
12110    0.002477
12122    0.002299
12141    0.009160
12147    0.009160
12165    0.009160
12307    0.069231
12308    0.006613
12309    0.013570
12365    0.003425
12366    0.007722
12374    0.006284
12377    0.008253
12402    0.009160
12462    0.005908
12472    0.007722
12505    0.006630
12542    0.010113
12591    0.002721
12766    0.009160
12774    0.008253
12818    0.004178
12853    0.002916
12867    0.004207
12916    0.005616
12949    0.004014
12961    0.006613
12987    0.001315
12999    0.001508
13008    0.007977
13050    0.002313
13064    0.007722
13175    0.004332
13179    0.003408
13202    0.008253
13228    0.002938
13297    0.005908
13319    0.005969
13351    0.002149
13353    0.003545
13354    0.005452
13357    0.001283
13429    0.008253
13434    0.004991
13461    0.009160
13462    0.004040
13492    0.013302
13501    0.011637
13530    0.003717
13644    0.005175
13730    0.006146
13760    0.005239
13794    0.005056
13825    0.005616
13867    0.007054
13877    0.023074
13879    0.006815
13886    0.002286
13906    0.004507
13910    0.010070
13939    0.002692
13997    0.006284
14000    0.009160
14065    0.003247
14071    0.006284
14099    0.004434
14207    0.005803
14233    0.010001
14256    0.006815
14314    0.011605
14320    0.003107
14349    0.006613
14372    0.008253
14391    0.003868
14425    0.012932
14427    0.011412
14446    0.014108
14448    0.005306
14452    0.005452
14453    0.004066
14454    0.008253
14478    0.006815
14537    0.002576
14604    0.003920
14683    0.005001
14716    0.004753
14742    0.001870
14745    0.004201
14746    0.003657
14826    0.005452
14903    0.004624
14961    0.010613
15003    0.005056
15007    0.006284
15019    0.007737
15063    0.007858
15137    0.005175
15140    0.002509
15291    0.008253
15297    0.006613
15312    0.006815
15343    0.004896
15344    0.010036
15359    0.008253
15427    0.007722
15472    0.009160
15478    0.004470
15484    0.003939
15492    0.005452
15623    0.003509
15643    0.005803
15680    0.009160
15695    0.006849
15725    0.008253
15910    0.003315
15925    0.006815
15978    0.005531
16034    0.003425
16063    0.007237
16116    0.002721
16131    0.007054
16143    0.006439
16225    0.006284
16252    0.004947
16259    0.004365
16299    0.008730
16301    0.005706
16379    0.006815
16432    0.003545
16485    0.005945
16504    0.005908
16521    0.004178
16585    0.004260
16594    0.016506
16659    0.006146
16724    0.003186
16732    0.009115
16907    0.002551
16921    0.003657
16989    0.006815
17058    0.007722
17066    0.004121
17067    0.007559
17075    0.003563
17077    0.004584
17079    0.004507
17105    0.002655
17117    0.002239
17144    0.004131
17147    0.005452
17167    0.005616
17224    0.009160
17272    0.007346
17343    0.008253
17358    0.005306
17413    0.004268
17476    0.008253
17643    0.002830
17670    0.004947
17757    0.009014
17814    0.002984
17830    0.003214
17867    0.009506
17868    0.014627
17870    0.002862
17963    0.004753
18003    0.003492
18005    0.002335
18037    0.004268
18098    0.003657
18131    0.007346
18138    0.003801
18145    0.009160
18167    0.001410
18178    0.009160
18196    0.009160
18212    0.005908
18240    0.007722
18247    0.006785
18253    0.005056
18256    0.009089
18279    0.007722
18282    0.002840
18289    0.006815
18300    0.009160
18317    0.003677
18328    0.005908
18377    0.006613
18397    0.006815
18416    0.004545
18435    0.003242
18438    0.005175
18460    0.005531
18474    0.006613
18475    0.007722
18589    0.010478
18611    0.007054
18655    0.002927
18678    0.006284
18683    0.006613
18690    0.004947
18695    0.005452
18703    0.004753
18780    0.006146
18795    0.006022
18814    0.005908
18885    0.005616
18993    0.008664
19042    0.011606
19046    0.003527
19048    0.005114
19202    0.008253
19296    0.005531
19309    0.003599
19327    0.002162
19341    0.006815
19366    0.003819
19426    0.001799
19460    0.004249
19464    0.002559
19481    0.007054
19499    0.005908
19535    0.003330
19557    0.009506
19583    0.005531
19597    0.009160
19602    0.009160
19644    0.007054
19698    0.007054
19707    0.002996
19710    0.005706
19756    0.004947
19772    0.003120
19820    0.006188
19830    0.007691
19857    0.009160
20116    0.004947
20129    0.009160
20167    0.008253
20228    0.004365
20229    0.006815
20251    0.003758
20260    0.000779
20274    0.003186
20275    0.002245
20281    0.003315
20288    0.005452
20373    0.008253
20390    0.008253
20399    0.008253
20412    0.007722
20426    0.005531
20464    0.005499
20545    0.005239
20601    0.003173
20620    0.002730
20627    0.007353
20717    0.002335
20748    0.009160
20758    0.004799
20776    0.004237
20782    0.005001
20801    0.005908
20803    0.001818
20830    0.004121
20868    0.006060
20881    0.005908
20894    0.005051
20899    0.010001
20901    0.002841
20902    0.003020
20946    0.002469
20969    0.004207
20977    0.005377
20983    0.011447
21006    0.006146
21011    0.004709
21016    0.003475
21020    0.005175
21023    0.007346
21057    0.006213
21094    0.008475
21141    0.004799
21150    0.002089
21178    0.009160
21247    0.003984
21306    0.010798
21307    0.005969
21310    0.003717
