52
1176    0.110620
1451    0.029224
1948    0.084233
2344    0.029653
2386    0.098460
2432    0.021203
2710    0.045470
3647    0.034643
3672    0.060406
3944    0.038937
4084    0.050660
4429    0.067026
4500    0.054503
4743    0.059912
5043    0.018067
5096    0.032171
5347    0.069368
5532    0.061456
6358    0.060406
7088    0.055997
7090    0.064321
7166    0.050375
7456    0.082940
9502    0.049818
11502    0.086299
12004    0.073075
12122    0.030820
12519    0.029309
12735    0.059912
12749    0.069368
12990    0.069368
13352    0.037118
13580    0.029916
13964    0.052477
14047    0.075271
14425    0.028889
14815    0.073971
16317    0.052477
16729    0.020010
16959    0.036985
17141    0.063111
17531    0.069985
18043    0.077782
18146    0.065621
18167    0.018894
18587    0.037658
18883    0.037658
19151    0.085777
19410    0.022715
19608    0.077782
20848    0.031872
21264    0.050660
