97
464    0.033952
853    0.059460
855    0.026197
857    0.054296
858    0.025184
860    0.036641
923    0.030010
1345    0.032293
1430    0.052039
1446    0.067009
1804    0.025846
1873    0.030601
2328    0.041757
2460    0.027562
2676    0.029459
2678    0.028695
2706    0.016105
2909    0.027148
3659    0.028942
3742    0.048759
3896    0.039680
4301    0.025846
5043    0.017022
5144    0.057839
5331    0.027776
5485    0.026565
5626    0.024572
6596    0.014563
6895    0.052110
6908    0.014303
7181    0.019298
7736    0.033998
7802    0.015335
7888    0.052110
8568    0.012896
8674    0.023598
8711    0.020031
9044    0.035458
9129    0.033952
9183    0.036641
9336    0.054705
9361    0.020379
9510    0.020650
9798    0.016211
10298    0.052110
10491    0.024572
10545    0.026755
10776    0.038022
10846    0.019376
10887    0.044538
10892    0.012932
11103    0.019685
11213    0.018412
11244    0.033081
11271    0.020379
11383    0.027148
11434    0.015895
11896    0.041757
11928    0.027352
12006    0.027562
12505    0.020931
12548    0.018697
12928    0.021123
13434    0.010504
13466    0.013531
13964    0.049441
14140    0.033081
14340    0.046427
15228    0.034925
15309    0.091802
16093    0.037303
16501    0.016999
16585    0.006725
16734    0.011602
16887    0.034925
16945    0.089190
17122    0.027997
17521    0.030601
17588    0.025344
18018    0.030010
18282    0.008967
19084    0.055123
19232    0.018136
19366    0.032154
19464    0.016158
19529    0.052758
19772    0.019697
19844    0.005410
20409    0.028223
20545    0.033081
20771    0.024720
20868    0.012754
20956    0.022967
20994    0.049744
21150    0.006595
21242    0.036641
21243    0.013115
