163
1    0.015853
22    0.029742
333    0.008262
1069    0.015495
1072    0.015979
1157    0.011734
1161    0.021291
1163    0.031223
1243    0.020238
1451    0.007858
1699    0.007840
1941    0.010589
1945    0.019123
1947    0.018222
2051    0.019934
2058    0.016519
2713    0.018881
2874    0.022648
3559    0.016814
3645    0.040476
3654    0.017294
3743    0.019747
3842    0.010713
3883    0.025420
3944    0.020938
4240    0.033821
4245    0.067736
4285    0.033012
4828    0.025420
4905    0.018222
4907    0.021291
4932    0.020913
5227    0.017828
5242    0.029742
5501    0.006552
5524    0.017465
5719    0.009377
5750    0.061690
5769    0.009314
5986    0.036444
6076    0.019934
6202    0.019934
6319    0.015731
6371    0.023203
6372    0.007858
6734    0.013699
6819    0.016968
6826    0.033012
6904    0.021291
6926    0.019123
7164    0.020913
7168    0.006569
7224    0.022648
7456    0.011150
7465    0.018222
7466    0.011632
7522    0.019648
7559    0.018431
7619    0.010351
7750    0.017828
7833    0.008465
7892    0.012839
8066    0.025420
8078    0.033196
8170    0.013108
8220    0.015731
8223    0.014559
8269    0.029904
8282    0.033012
8417    0.011059
8513    0.067943
8532    0.021291
8594    0.012710
9319    0.017643
9518    0.014048
9798    0.009253
9947    0.007701
10357    0.024560
10363    0.020238
10388    0.033012
10445    0.014024
10460    0.019123
10464    0.055659
10667    0.052945
10714    0.022866
11107    0.022151
11160    0.014024
11218    0.007063
11355    0.006416
11587    0.018222
11683    0.012437
11725    0.021291
11750    0.008842
11867    0.026473
11889    0.028748
12110    0.008927
12151    0.022648
12300    0.008465
12659    0.011150
12675    0.040797
12677    0.017465
12911    0.010630
12983    0.019204
12999    0.005434
13255    0.047666
13351    0.007745
13639    0.022648
13862    0.068105
13864    0.020563
13910    0.018145
14131    0.015731
14303    0.009504
14742    0.013479
14996    0.018431
14997    0.015056
15151    0.033012
15204    0.010970
15225    0.043402
15283    0.021701
15410    0.013469
15554    0.019378
15931    0.013178
15941    0.027830
15942    0.020563
16149    0.026473
16205    0.085642
16237    0.009072
16275    0.024560
16472    0.022151
16520    0.025420
16729    0.005380
16959    0.009944
17029    0.014559
17094    0.015731
17145    0.018881
17194    0.025420
17304    0.020563
17814    0.010755
17868    0.013178
18182    0.005093
18282    0.005118
18435    0.011683
18852    0.023833
18972    0.016814
19046    0.012710
19097    0.012972
19158    0.033012
19226    0.007835
19410    0.006107
19562    0.014654
19907    0.018021
19997    0.015056
20090    0.005601
20260    0.002806
20768    0.007767
20868    0.007279
20946    0.008899
20964    0.010088
20983    0.010313
21147    0.017643
21150    0.007528
21191    0.014851
21247    0.004786
