29
3647    0.065821
3672    0.114772
3944    0.073980
4084    0.096255
5096    0.061124
5532    0.058383
7091    0.156531
7166    0.095713
7281    0.125988
7325    0.103556
7456    0.078793
7787    0.102883
8476    0.074545
10837    0.036712
11180    0.052305
12735    0.113833
13008    0.101576
13352    0.141047
14425    0.054888
14815    0.070272
16245    0.163969
16284    0.128767
16585    0.013561
17002    0.210179
17351    0.130249
19151    0.081488
19278    0.041850
19410    0.043158
19426    0.045816
