284
2    0.012248
72    0.010258
191    0.006418
333    0.003981
457    0.006454
621    0.005580
814    0.019816
1021    0.009214
1116    0.006926
1128    0.008253
1221    0.010258
1222    0.008253
1224    0.011483
1255    0.007466
1259    0.014330
1260    0.008415
1451    0.003786
1688    0.031811
1699    0.001889
1712    0.005604
1945    0.009214
1965    0.011834
1981    0.013409
2141    0.014330
2173    0.014222
2224    0.006600
2378    0.025510
2379    0.014330
2394    0.009604
2417    0.028661
2432    0.002747
2857    0.006063
2909    0.007466
3110    0.009214
3282    0.007699
3468    0.012248
3483    0.006418
3493    0.010456
3508    0.013409
3563    0.005006
3567    0.007485
3635    0.013277
3842    0.005162
3881    0.006798
3919    0.012248
3947    0.012248
3948    0.012755
3949    0.014330
4135    0.006717
4137    0.003875
4240    0.016295
4258    0.004414
4400    0.010456
4480    0.007305
4501    0.006063
4539    0.014330
4573    0.023667
4695    0.009214
4743    0.007761
4744    0.010258
4777    0.006316
4982    0.010456
5043    0.007021
5047    0.007411
5050    0.009467
5075    0.002768
5211    0.007061
5227    0.008590
5230    0.007466
5426    0.009337
5476    0.012248
5548    0.007108
5750    0.019816
5769    0.004488
5820    0.007155
5975    0.004878
6049    0.007522
6180    0.009467
6319    0.007579
6363    0.012248
6370    0.013409
6372    0.003786
6707    0.005394
7008    0.011483
7173    0.006526
7181    0.005307
7192    0.006798
7228    0.007699
7286    0.007761
7396    0.010673
7446    0.009751
7456    0.005372
7493    0.007411
7514    0.008333
7627    0.013409
7634    0.009337
7716    0.015398
7719    0.010673
7750    0.008590
7775    0.013409
7802    0.002109
8078    0.009597
8102    0.013409
8108    0.078258
8109    0.015906
8170    0.006316
8220    0.007579
8252    0.009751
8269    0.007204
8306    0.010258
8504    0.008986
8513    0.021824
8518    0.015906
8538    0.010456
8568    0.003546
8581    0.003527
8622    0.009548
8630    0.005466
8688    0.008253
8916    0.085982
9118    0.015075
9152    0.007699
9209    0.003627
9210    0.005947
9411    0.006039
9442    0.007254
9518    0.010153
9665    0.010258
9798    0.008916
9873    0.004951
9976    0.008501
10149    0.009467
10413    0.016058
10418    0.009751
10460    0.009214
10560    0.042690
10626    0.010258
10714    0.005509
10881    0.034199
10892    0.003556
10910    0.063623
11092    0.015906
11103    0.001804
11161    0.016506
11225    0.013277
11283    0.050797
11285    0.051291
11434    0.004371
11440    0.008029
11468    0.005580
11502    0.011180
11512    0.015906
11570    0.004969
11683    0.005992
11782    0.003945
11841    0.007875
11854    0.017559
12008    0.008176
12071    0.005782
12166    0.005918
12242    0.015906
12245    0.004194
12300    0.008157
12404    0.014330
12551    0.004142
12684    0.006696
12910    0.014330
12919    0.011180
12983    0.013880
13050    0.008034
13127    0.010912
13145    0.014932
13177    0.008683
13179    0.023673
13188    0.011180
13195    0.007638
13198    0.007891
13264    0.024496
13294    0.008881
13351    0.003732
13361    0.006526
13434    0.008666
13775    0.008176
13862    0.072191
13863    0.007959
13886    0.007937
13905    0.021345
14065    0.001879
14131    0.007579
14140    0.009097
14169    0.029724
14200    0.006798
14353    0.009908
14527    0.008253
14537    0.004473
14594    0.008333
14719    0.008415
14742    0.006494
14749    0.005439
14857    0.006563
14865    0.006155
14942    0.009214
14997    0.007254
15032    0.007061
15127    0.009751
15140    0.004357
15218    0.009908
15225    0.031368
15251    0.013409
15378    0.009214
15409    0.011834
15410    0.006489
15468    0.012565
15503    0.006350
15660    0.008333
15672    0.008501
15695    0.005947
15716    0.008415
15830    0.015918
15874    0.007522
15888    0.018673
15907    0.004791
15924    0.015906
15940    0.009604
15942    0.009908
16034    0.005947
16205    0.107286
16213    0.049539
16321    0.005863
16585    0.014794
16595    0.012755
16637    0.015906
16729    0.002592
16952    0.006717
17051    0.009317
17052    0.007108
17144    0.003586
17160    0.014330
17443    0.011180
17531    0.004533
17669    0.003775
17811    0.014215
17868    0.006350
18005    0.004054
18175    0.011180
18182    0.002454
18652    0.004129
18654    0.010456
18660    0.009467
18972    0.008101
19016    0.015906
19033    0.025510
19046    0.006124
19141    0.031811
19172    0.014330
19226    0.007550
19262    0.005394
19327    0.022519
19426    0.006248
19507    0.009337
19685    0.005918
19844    0.001488
20035    0.014330
20090    0.002699
20275    0.007797
20281    0.005756
20868    0.007014
20946    0.008575
20964    0.004861
20969    0.007305
20972    0.008683
20983    0.004969
21005    0.005083
21057    0.005394
21075    0.015906
21126    0.017180
21129    0.007173
21150    0.007255
21185    0.011834
21187    0.010258
21195    0.022397
21247    0.002306
21266    0.004301
21327    0.014330
