105
219    0.015791
828    0.034882
929    0.039035
1010    0.042331
1039    0.039035
1343    0.039992
1614    0.023748
1699    0.006756
2064    0.043814
2065    0.056898
2277    0.011944
2768    0.028980
3050    0.015791
3083    0.043814
3397    0.023086
3647    0.032108
4026    0.026320
4137    0.027727
4390    0.022714
5495    0.010915
5684    0.067728
5977    0.015387
6613    0.018683
6628    0.017579
6630    0.026908
7006    0.047967
7039    0.028980
7600    0.025596
7650    0.042544
7672    0.045628
7748    0.026511
8107    0.013011
8218    0.013823
8534    0.018322
8774    0.024468
8840    0.027113
9331    0.042331
9364    0.019061
9424    0.024319
9518    0.012107
9708    0.047967
9751    0.034357
9812    0.019875
9984    0.023345
9985    0.025596
9989    0.081340
10739    0.095933
10897    0.016607
10970    0.047967
11201    0.013465
11474    0.039992
11709    0.026908
11719    0.056898
11958    0.022960
12096    0.047967
12176    0.056898
12273    0.035817
12300    0.014589
12304    0.031061
12364    0.035443
12477    0.030729
12987    0.016334
13163    0.047967
13791    0.119229
13825    0.034882
13841    0.034882
14065    0.020166
14253    0.051263
14425    0.013387
14537    0.016001
14623    0.045628
14701    0.031061
15140    0.015586
15160    0.061216
15338    0.045628
15428    0.043814
15912    0.014679
15927    0.023748
15955    0.025258
15983    0.022243
16117    0.020315
16461    0.023345
16521    0.025950
16585    0.003308
16885    0.026133
17034    0.029246
17185    0.070885
17431    0.042331
17487    0.051263
17617    0.034357
17782    0.019961
17870    0.017775
17875    0.023214
18182    0.008777
18326    0.022594
18383    0.017709
18757    0.039035
19095    0.030103
19127    0.014862
19266    0.016493
19844    0.005322
19860    0.051263
20295    0.045628
20460    0.040450
20902    0.018757
