87
23    0.051263
98    0.051263
457    0.023086
464    0.033399
524    0.047967
611    0.043814
853    0.058493
855    0.025771
858    0.024775
2334    0.022243
2371    0.051263
2678    0.028229
3245    0.031407
3688    0.052265
4577    0.026511
4787    0.043814
4975    0.045628
5485    0.078398
5486    0.043814
5614    0.019540
5615    0.024172
6401    0.100198
6596    0.014326
6727    0.034882
6790    0.030410
6928    0.042331
7736    0.033445
7806    0.034357
8200    0.023086
8218    0.013823
8362    0.048344
8585    0.035443
8674    0.046429
9336    0.053815
9947    0.026545
10693    0.037403
11103    0.019365
11118    0.023611
11178    0.020684
11383    0.026707
11551    0.045628
11567    0.049549
11569    0.016162
11928    0.026908
12063    0.051263
12455    0.032543
12526    0.028722
12548    0.018393
12578    0.091256
13031    0.038178
13410    0.039992
13466    0.039932
14340    0.022836
14341    0.025771
14835    0.038178
15192    0.032146
15551    0.020590
16907    0.015843
16988    0.029246
17019    0.063536
17080    0.086940
17101    0.041946
17117    0.013904
17141    0.029246
17500    0.036696
17521    0.120412
17588    0.049865
17712    0.042331
18374    0.034882
18810    0.076356
19278    0.010207
19327    0.026852
19394    0.082624
19416    0.019377
19530    0.032543
19836    0.026511
19844    0.005322
20166    0.036696
20260    0.004837
20409    0.083292
20994    0.048935
20995    0.051263
21003    0.031407
21019    0.022836
21086    0.053414
21087    0.049650
21243    0.025803
