99
23    0.045038
98    0.045038
457    0.020283
464    0.029344
524    0.042142
611    0.038493
853    0.051390
855    0.022642
858    0.021766
1918    0.020986
2334    0.019542
2371    0.045038
2678    0.024801
3245    0.027593
3583    0.010962
3635    0.020864
3688    0.045919
4577    0.023292
4787    0.038493
4975    0.040087
5485    0.068878
5486    0.038493
5614    0.017167
5615    0.021237
5988    0.020283
6401    0.088032
6596    0.012586
6727    0.030646
6790    0.026717
6808    0.024801
6928    0.037191
7176    0.025461
7736    0.029384
7806    0.030185
8200    0.020283
8218    0.012144
8362    0.042474
8585    0.031139
8674    0.040791
9336    0.047280
9803    0.027910
9947    0.023322
10693    0.032862
11103    0.017013
11118    0.020744
11178    0.018173
11383    0.023464
11551    0.040087
11567    0.043532
11569    0.014199
11587    0.027593
11928    0.023640
12063    0.045038
12455    0.028591
12526    0.025234
12548    0.016159
12578    0.080175
13410    0.035136
13466    0.035083
14339    0.019246
14340    0.020063
14341    0.022642
14342    0.027910
14343    0.020626
15192    0.028243
15497    0.016747
15551    0.018090
16585    0.005812
16907    0.013919
16988    0.025695
17019    0.055821
17080    0.101843
17101    0.036852
17117    0.012216
17141    0.025695
17500    0.064480
17521    0.105791
17588    0.043810
17712    0.037191
18374    0.030646
18810    0.067085
19278    0.008968
19327    0.023591
19394    0.072591
19416    0.034048
19530    0.028591
19836    0.023292
19844    0.004676
20166    0.032240
20260    0.004250
20409    0.097571
20868    0.011023
20994    0.042993
20995    0.045038
21003    0.027593
21019    0.020063
21086    0.046928
21087    0.043621
21243    0.022669
