149
219    0.010116
231    0.021115
348    0.017109
374    0.030729
469    0.011345
828    0.022346
842    0.036451
917    0.026316
918    0.036451
1010    0.027118
1039    0.025007
1343    0.025620
2015    0.016741
2064    0.028068
2217    0.022705
2290    0.020120
2768    0.018565
3050    0.020232
3083    0.028068
3126    0.017933
3397    0.044369
3575    0.017933
3647    0.020569
3845    0.039796
4026    0.016861
4137    0.026644
4198    0.020120
4229    0.023508
4324    0.012678
4390    0.014551
4494    0.022346
5043    0.005364
5206    0.017505
5322    0.036451
5495    0.006992
5532    0.009122
5684    0.043389
5826    0.022705
6596    0.009177
6613    0.011969
6628    0.011262
6630    0.034475
6844    0.014176
7006    0.030729
7509    0.019285
7650    0.027255
7672    0.029230
7748    0.016984
7892    0.014176
8107    0.008335
8218    0.008855
8534    0.011737
8630    0.006263
8774    0.015675
8840    0.017370
9331    0.027118
9364    0.012211
9424    0.015579
9518    0.007756
9523    0.014955
9708    0.030729
9751    0.022010
9984    0.044865
9985    0.032795
9989    0.086848
10179    0.020848
10739    0.061457
10840    0.012413
10889    0.029230
10970    0.030729
10980    0.030729
11181    0.010083
11201    0.008626
11579    0.029230
11689    0.029230
11709    0.034475
11958    0.014709
12011    0.036451
12096    0.030729
12175    0.029230
12177    0.032840
12273    0.045890
12283    0.007178
12300    0.009346
12304    0.019898
12987    0.010464
13357    0.010207
13791    0.076381
13792    0.025620
13793    0.027118
13825    0.044692
13827    0.026316
13841    0.044692
14065    0.008613
14156    0.036451
14233    0.019898
14253    0.032840
14333    0.030729
14425    0.008576
14467    0.032840
14623    0.029230
14701    0.019898
15081    0.013014
15140    0.009985
15160    0.052289
15166    0.023508
15338    0.029230
15388    0.036451
15712    0.011648
15907    0.010980
15912    0.009404
15927    0.015213
15955    0.016181
15983    0.042747
16117    0.013014
16337    0.019898
16461    0.029910
16521    0.016624
16585    0.010595
16862    0.012788
16885    0.016741
17185    0.022705
17313    0.016510
17431    0.027118
17487    0.032840
17524    0.014323
17617    0.022010
17870    0.022774
17873    0.017933
18182    0.005623
18326    0.014474
18435    0.012900
18446    0.016624
18669    0.061457
18757    0.025007
18905    0.025620
19037    0.015040
19095    0.019285
19148    0.036451
19433    0.013759
19464    0.010183
19844    0.003410
19860    0.032840
20251    0.014955
20295    0.029230
20460    0.025913
20901    0.011303
20902    0.012016
21172    0.019898
