48
164    0.066617
796    0.072361
974    0.062239
1614    0.054092
2093    0.038764
2203    0.072361
3397    0.105171
3521    0.066010
3567    0.060987
5043    0.019070
5414    0.046272
5515    0.035160
5532    0.032435
5535    0.062733
5995    0.070749
6613    0.042556
6844    0.050405
8019    0.031209
8840    0.061758
9209    0.029552
9411    0.024604
9984    0.053174
9985    0.058303
9989    0.061758
11201    0.030670
11709    0.061289
11841    0.021388
12085    0.045077
12345    0.070775
12949    0.056790
12962    0.091094
13791    0.067895
14065    0.015311
14796    0.041414
15160    0.092958
15393    0.099798
15907    0.078080
16265    0.062239
16461    0.053174
16734    0.025996
17313    0.058701
18167    0.019943
18282    0.020093
19262    0.043954
19433    0.048922
19474    0.082103
19640    0.053475
20902    0.085450
