871
875

845
887
890
960

179
424

535
542
571
573
574
575
576
578
581
582
583
584
586
588
589
598
599
600
601
602
603
604
605
606
607
608
609
610
611
612
613
614
615
616
619
621
622
626
629
633
636
637
639
640
643
644
687
736
737
739
741
743
748
792
796
827
854
860
1034
1036
1076

995
998
1007
1013
1014

31
44
70
83
86
92
100
102
305
309
315
320
326
327
328
331
334
340
344
345
351
355
358
360
362
365
370
371
375
376
380
382
391
392
393
394
395
398
403
404
408
421
433
436
439
440
441
519
528
591

240
241
245
248
250
254
255
258
260
275
279
295
297
300
306
339
346
347
350
353
363
406
413
416
438
442
454
472
473
481
483
487
490
491
492
493
495
496
497
498
499
500
501
502
503
504
505
506
507
508
509
512
514
515
516
517
652
715
749
753
809
816
883

910
915
931
941
942
978
991
1001
1004

11
19
29
113
115
169
278
301
316
317
321
324
325
338
341
357
369
372
377
381
383
384
386
388
389
396
400
402
405
419
422
423
425
426
429
431
435
444
451
460
464
467
468
476
477
479
482
489
494
524
543
550
625
745
810
811

873
999
1003
1005
1006
1011
1012
1015
1016
1019
1020
1023
1028
1030
1033
1039
1040
1041
1042
1043
1046
1047
1048
1052
1055
1056
1058
1063
1066
1068
1071
1072
1075
1077
1080
1081
1082
1083
1084
1085
1087
1088
1089
1090
1091
1093
1094

1
2
3
4
5
6
7
8
9
10
12
13
14
15
16
17
18
21
22
23
24
25
27
28
30
32
33
34
35
36
38
40
45
47
50
59
60
64
66
69
72
73
74
75
76
77
78
79
81
82
84
85
88
89
90
93
94
95
96
98
99
101
103
105
106
108
109
110
112
114
116
117
118
119
124
125
126
127
128
226
232
259
631
632
649
664
689
729

20
26
37
39
41
43
46
48
49
51
52
53
54
55
56
57
58
61
62
63
65
67
71
80
87
97
107
111
120
121
122
712

42
68
91
104
123
129
130
131
132
133
134
135
136
137
138
139
140
141
142
143
144
145
146
147
148
149
150
151
152
153
154
155
156
157
158
159
160
161
162
163
164
165
166
167
168
170
171
172
173
174
175
176
177
178
180
181
182
183
184
185
186
187
188
189
190
191
192
193
194
195
196
197
198
199
200
201
202
203
204
205
206
207
208
209
210
211
212
213
214
215
216
217
218
219
220
221
222
223
224
225
227
228
229
230
231
233
234
235
236
237
238
239
242
243
244
246
247
249
251
252
253
256
257
261
262
263
264
265
266
267
268
269
270
271
272
273
274
276
277
280
281
282
283
284
285
286
287
288
289
290
291
292
293
294
296
298
299
302
303
304
307
308
310
311
312
313
314
318
319
322
323
329
330
332
333
335
336
337
342
343
348
349
352
354
356
359
361
364
366
367
368
373
374
378
379
385
387
390
397
399
401
407
409
410
411
412
414
415
417
418
420
427
428
430
432
434
437
443
445
446
447
448
449
450
452
453
455
456
457
458
459
461
462
463
465
466
469
470
471
474
475
478
480
484
485
486
488
510
511
513
518
520
521
522
523
525
526
527
529
530
531
532
533
534
536
537
538
539
540
541
544
545
546
547
548
549
551
552
553
554
555
556
557
558
559
560
561
562
563
564
565
566
567
568
569
570
572
577
579
580
585
587
590
592
593
594
595
596
597
617
618
620
623
624
627
628
630
634
635
638
641
642
645
646
647
648
650
651
653
654
655
656
657
658
659
660
661
662
663
665
666
667
668
669
670
671
672
673
674
675
676
677
678
679
680
681
682
683
684
685
686
688
690
691
692
693
694
695
696
697
698
699
700
701
702
703
704
705
706
707
708
709
710
711
713
714
716
717
718
719
720
721
722
723
724
725
726
727
728
730
731
732
733
734
735
738
740
742
744
746
747
750
751
752
754
755
756
757
758
759
760
761
762
763
764
765
766
767
768
769
770
771
772
773
774
775
776
777
778
779
780
781
782
783
784
785
786
787
788
789
790
791
793
794
795
797
798
799
800
801
802
803
804
805
806
807
808
812
813
814
815
817
818
819
820
821
822
823
824
825
826
828
829
830
831
832
833
834
835
836
837
838
839
840
841
842
843
844
846
847
848
849
850
851
852
853
855
856
857
858
859
861
862
863
864
865
866
867
868
869
870
872
874
876
877
878
879
880
881
882
884
885
886
888
889
891
892
893
894
895
896
897
898
899
900
901
902
903
904
905
906
907
908
909
911
912
913
914
916
917
918
919
920
921
922
923
924
925
926
927
928
929
930
932
933
934
935
936
937
938
939
940
943
944
945
946
947
948
949
950
951
952
953
954
955
956
957
958
959
961
962
963
964
965
966
967
968
969
970
971
972
973
974
975
976
977
979
980
981
982
983
984
985
986
987
988
989
990
992
993
994
996
997
1000
1002
1008
1009
1010
1017
1018
1021
1022
1024
1025
1026
1027
1029
1031
1032
1035
1037
1038
1044
1045
1049
1050
1051
1053
1054
1057
1059
1060
1061
1062
1064
1065
1067
1069
1070
1073
1074
1078
1079
1086
1092
1095

