871
875

845
887
890
960

179
424

535
542
571
573
574
575
576
578
581
582
583
584
586
588
589
598
599
600
601
602
603
604
605
606
607
608
609
610
611
612
613
614
615
616
619
621
622
626
629
633
636
637
639
640
643
644
687
736
737
739
741
743
748
792
796
827
854
860
1034
1036
1076

995
998
1007
1013
1014

31
44
70
83
86
92
100
102
305
309
315
320
326
327
328
331
334
340
344
345
351
355
358
360
362
365
370
371
375
376
380
382
391
392
393
394
395
398
403
404
408
421
433
436
439
440
441
519
528
591

240
241
245
248
250
254
255
258
260
275
279
295
297
300
306
339
346
347
350
353
363
406
413
416
438
442
454
472
473
481
483
487
490
491
492
493
495
496
497
498
499
500
501
502
503
504
505
506
507
508
509
512
514
515
516
517
652
715
749
753
809
816
883

910
915
931
941
942
978
991
1001
1004

11
19
29
113
115
169
278
301
316
317
321
324
325
338
341
357
369
372
377
381
383
384
386
388
389
396
400
402
405
419
422
423
425
426
429
431
435
444
451
460
464
467
468
476
477
479
482
489
494
524
543
550
625
745
810
811

873
999
1003
1005
1006
1011
1012
1015
1016
1019
1020
1023
1028
1030
1033
1039
1040
1041
1042
1043
1046
1047
1048
1052
1055
1056
1058
1063
1066
1068
1071
1072
1075
1077
1080
1081
1082
1083
1084
1085
1087
1088
1089
1090
1091
1093
1094

1
2
3
4
5
6
7
8
9
10
12
13
14
15
16
17
18
21
22
23
24
25
27
28
30
32
33
34
35
36
38
40
45
47
50
59
60
64
66
69
72
73
74
75
76
77
78
79
81
82
84
85
88
89
90
93
94
95
96
98
99
101
103
105
106
108
109
110
112
114
116
117
118
119
124
125
126
127
128
226
232
259
631
632
649
664
689
729

20
26
37
39
41
43
46
48
49
51
52
53
54
55
56
57
58
61
62
63
65
67
71
80
87
97
107
111
120
121
122
712

237
238
239
310
688
789
878

135
136
138
146
155
158
164
165
167
168
174
178
185
186
187
188
191
192
196
197
199
201
202
203
207
208
227
231
235
242
251
265
276
283
285
287
288
298
299
302
307
313
314
387
390
399
410
411
412
414
437
446
447
448
452
453
457
458
462
679
692
778
782
892

752
754
755
756
757
759
760
764
766
767
770
771
774
780
784
786
791
795
797
800
802
803
804
805
806
807
884
945
947
949
952
953
958
961
962
963
964
965
967
972
974
975
977
979
980
982
983
990
993
1009
1051

356
700
730
731
732
733
735
740
744
855
856
869
903
951
1095

170
171
172
175
177
180
193
198
200
204
205
209
211
212
213
214
216
218
220
221
222
228
234
253
264
266
268
269
294
319
322
332
469
470
475

130
131
132
133
134
137
139
140
141
142
143
144
145
147
148
151
152
154
157
159
160
161
162
163
166
173
182
184
190
194
206
210
215
217
219
223
224
225
233
236
246
247
249
252
257
261
263
267
270
272
273
274
277
280
281
282
284
286
289
290
291
292
293
303
311
312
318
323
329
330
333
335
336
342
343
348
349
352
354
359
361
364
366
367
368
373
374
378
379
385
407
409
415
417
418
427
432
434
449
455
456
459
461
463
465
471
474
478
484
486
488
510
511
518
521
522
525
549
551
552
560
561
562
617
618
620
623
628
630
634
645
647
650
655
656
666
672
686
690
691
693
694
711
714
716
717
728
742
746
747
750
758
761
762
763
765
768
769
772
773
775
776
777
779
783
785
787
788
790
808
899
901
902
904
906
1079

42
68
91
104
123
129
149
153
156
176
183
189
243
244
256
271
585
648
721
725
852
865
916
925
984
1067

150
181
195
229
230
262
296
304
308
337
397
401
420
428
430
443
445
450
466
480
485
513
520
523
526
527
529
530
531
532
533
534
536
537
538
539
540
541
544
545
546
547
548
553
554
555
556
557
558
559
563
564
565
566
567
568
569
570
572
577
579
580
587
590
592
593
594
595
596
597
624
627
635
638
641
642
646
651
653
654
657
658
659
660
661
662
663
665
667
668
669
670
671
673
674
675
676
677
678
680
681
682
683
684
685
695
696
697
698
699
701
702
703
704
705
706
707
708
709
710
713
718
719
720
722
723
724
726
727
734
738
751
781
793
794
798
799
801
812
813
814
815
817
818
819
820
821
822
823
824
825
826
828
829
830
831
832
833
834
835
836
837
838
839
840
841
842
843
844
846
847
848
849
850
851
853
857
858
859
861
862
863
864
866
867
868
870
872
874
876
877
879
880
881
882
885
886
888
889
891
893
894
895
896
897
898
900
905
907
908
909
911
912
913
914
917
918
919
920
921
922
923
924
926
927
928
929
930
932
933
934
935
936
937
938
939
940
943
944
946
948
950
954
955
956
957
959
966
968
969
970
971
973
976
981
985
986
987
988
989
992
994
996
997
1000
1002
1008
1010
1017
1018
1021
1022
1024
1025
1026
1027
1029
1031
1032
1035
1037
1038
1044
1045
1049
1050
1053
1054
1057
1059
1060
1061
1062
1064
1065
1069
1070
1073
1074
1078
1086
1092

